# power spectrum of delta
# redshift z=10.000000
# k              Pk             sigma(k)       sigma(Pk)      count
  1.570796e-02   4.183145e-05   0.000000e+00   1.688624e-05   6
  2.221441e-02   7.488778e-05   0.000000e+00   1.497076e-05   12
  2.720699e-02   1.021960e-04   2.980232e-10   2.095515e-05   8
  3.141593e-02   5.181859e-04   0.000000e+00   5.584662e-05   6
  3.512407e-02   4.830110e-04   5.619580e-10   1.541657e-04   24
  3.847649e-02   8.754903e-04   5.619580e-10   1.486870e-04   24
  4.442883e-02   5.740807e-04   0.000000e+00   2.578879e-04   12
  4.712389e-02   7.875554e-04   6.357829e-10   1.429638e-04   30
  4.967294e-02   1.184247e-03   0.000000e+00   2.604687e-04   24
  5.209742e-02   1.232009e-03   9.733398e-10   3.069181e-04   24
  5.441398e-02   1.606834e-03   5.960464e-10   3.235408e-04   8
  5.663587e-02   1.573263e-03   7.947286e-10   1.984543e-04   24
  5.877382e-02   1.661246e-03   0.000000e+00   2.351828e-04   48
  6.283185e-02   2.558786e-03   0.000000e+00   1.127350e-03   6
  6.476559e-02   2.188110e-03   7.947286e-10   3.079421e-04   48
  6.664324e-02   2.251261e-03   7.492773e-10   2.377648e-04   36
  6.846942e-02   3.425941e-03   7.947286e-10   7.228293e-04   24
  7.024815e-02   2.235654e-03   1.123916e-09   3.777647e-04   24
  7.198293e-02   2.136949e-03   0.000000e+00   2.877760e-04   48
  7.367688e-02   3.375473e-03   1.123916e-09   4.803940e-04   24
  7.695299e-02   3.187096e-03   1.123916e-09   4.964944e-04   24
  7.853982e-02   2.257947e-03   0.000000e+00   3.730812e-04   30
  8.009521e-02   2.604772e-03   0.000000e+00   2.836491e-04   72
  8.162097e-02   2.762444e-03   1.192093e-09   5.713179e-04   32
  8.458997e-02   3.808074e-03   0.000000e+00   4.390563e-04   72
  8.603606e-02   2.515746e-03   0.000000e+00   3.692311e-04   48
  8.885766e-02   1.372518e-03   0.000000e+00   4.054573e-04   12
  9.023538e-02   2.853315e-03   0.000000e+00   4.247052e-04   48
  9.159238e-02   2.582068e-03   0.000000e+00   2.495812e-04   48
  9.292956e-02   3.551985e-03   1.123916e-09   4.540664e-04   48
  9.424778e-02   4.438375e-03   1.271566e-09   7.783307e-04   30
  9.554781e-02   4.504297e-03   0.000000e+00   1.007940e-03   24
  9.683039e-02   4.540631e-03   2.369423e-09   4.725534e-04   72
  9.934588e-02   2.868451e-03   0.000000e+00   5.517769e-04   24
  1.005800e-01   4.285346e-03   0.000000e+00   4.151811e-04   96
  1.017992e-01   3.371528e-03   0.000000e+00   4.617966e-04   48
  1.030040e-01   2.859770e-03   1.946680e-09   6.923434e-04   24
  1.041948e-01   2.241823e-03   1.946680e-09   4.678833e-04   24
  1.053722e-01   5.373411e-03   0.000000e+00   6.485431e-04   72
  1.065366e-01   4.344017e-03   0.000000e+00   6.664932e-04   48
  1.088280e-01   3.624207e-03   1.192093e-09   1.045933e-03   8
  1.099557e-01   6.075072e-03   1.412851e-09   7.545855e-04   54
  1.110721e-01   3.983895e-03   0.000000e+00   6.655880e-04   84
  1.121773e-01   4.942721e-03   0.000000e+00   7.179390e-04   48
  1.132717e-01   3.022857e-03   1.589457e-09   5.288140e-04   24
  1.143557e-01   4.203450e-03   2.119276e-09   4.870331e-04   72
  1.154295e-01   5.645851e-03   0.000000e+00   6.472500e-04   96
  1.175476e-01   7.689682e-03   0.000000e+00   8.425575e-04   48
  1.185925e-01   4.493970e-03   0.000000e+00   4.365446e-04   48
  1.196283e-01   4.233973e-03   0.000000e+00   8.307081e-04   24
  1.206552e-01   4.718850e-03   0.000000e+00   5.197560e-04   72
  1.226831e-01   4.904530e-03   0.000000e+00   5.813588e-04   72
  1.236846e-01   5.072898e-03   0.000000e+00   5.776579e-04   96
  1.256637e-01   8.855853e-03   0.000000e+00   3.857766e-03   6
  1.266416e-01   6.282731e-03   0.000000e+00   6.433953e-04   96
  1.276121e-01   6.651399e-03   1.589457e-09   7.138880e-04   96
  1.285752e-01   4.159599e-03   0.000000e+00   1.000434e-03   24
  1.295312e-01   5.098085e-03   1.589457e-09   5.863768e-04   48
  1.304801e-01   5.394124e-03   0.000000e+00   5.440044e-04   96
  1.314222e-01   5.585122e-03   0.000000e+00   7.788783e-04   48
  1.332865e-01   5.647692e-03   1.498555e-09   9.716383e-04   36
  1.342089e-01   5.788868e-03   2.753021e-09   7.248433e-04   48
  1.351250e-01   6.437017e-03   3.114687e-09   5.728845e-04   120
  1.360350e-01   5.694123e-03   0.000000e+00   7.576088e-04   56
  1.369388e-01   3.125034e-03   1.589457e-09   5.604623e-04   24
  1.378368e-01   4.739470e-03   0.000000e+00   4.251002e-04   96
  1.387290e-01   5.028709e-03   0.000000e+00   6.383992e-04   48
  1.404963e-01   6.989642e-03   2.247832e-09   1.292789e-03   24
  1.413717e-01   7.104636e-03   0.000000e+00   7.243311e-04   102
  1.422417e-01   8.378900e-03   1.589457e-09   1.289363e-03   48
  1.431064e-01   7.111221e-03   0.000000e+00   7.255994e-04   72
  1.439659e-01   6.482511e-03   0.000000e+00   6.471502e-04   48
  1.448203e-01   7.681917e-03   0.000000e+00   1.403975e-03   48
  1.456697e-01   6.278513e-03   3.596531e-09   5.922186e-04   120
  1.473538e-01   8.298661e-03   2.247832e-09   1.335433e-03   24
  1.481886e-01   5.534957e-03   2.119276e-09   4.683711e-04   144
  1.490188e-01   5.615247e-03   2.543132e-09   5.688663e-04   120
  1.498444e-01   5.198691e-03   2.247832e-09   7.398229e-04   48
  1.514821e-01   6.793262e-03   2.247832e-09   9.201769e-04   48
  1.522944e-01   5.579149e-03   2.247832e-09   5.485917e-04   96
  1.544390e-01   7.002192e-03   3.768959e-04   8.169902e-04   72
  1.555009e-01   5.755132e-03   1.998073e-09   4.383637e-04   108
  1.562923e-01   6.454586e-03   0.000000e+00   6.784978e-04   72
  1.570796e-01   4.386849e-03   0.000000e+00   9.425785e-04   30
  1.578631e-01   6.959130e-03   0.000000e+00   5.297392e-04   168
  1.586427e-01   8.056256e-03   0.000000e+00   9.615799e-04   48
  1.601904e-01   5.063604e-03   0.000000e+00   6.171016e-04   72
  1.609587e-01   7.028655e-03   0.000000e+00   6.939975e-04   96
  1.617234e-01   6.472593e-03   4.238553e-09   1.002560e-03   72
  1.624844e-01   7.354241e-03   0.000000e+00   7.919289e-04   72
  1.637639e-01   7.261745e-03   3.480039e-04   5.728888e-04   104
  1.647465e-01   6.636352e-03   2.997109e-09   4.971308e-04   144
  1.669779e-01   4.872467e-03   5.026305e-09   4.731360e-04   96
  1.677152e-01   4.702126e-03   0.000000e+00   4.950076e-04   96
  1.688876e-01   6.929029e-03   3.580185e-04   6.374066e-04   120
  1.699076e-01   5.995281e-03   0.000000e+00   5.264271e-04   120
  1.706322e-01   7.518439e-03   0.000000e+00   8.287265e-04   72
  1.720721e-01   8.207962e-03   0.000000e+00   1.091598e-03   48
  1.727876e-01   7.880316e-03   3.912510e-09   9.723962e-04   78
  1.737029e-01   8.423446e-03   3.205713e-04   6.717332e-04   168
  1.756204e-01   7.912162e-03   3.670694e-09   6.736907e-04   144
  1.763215e-01   9.247903e-03   2.997109e-09   6.719724e-04   144
  1.783549e-01   7.770629e-03   1.846233e-04   7.115779e-04   156
  1.790983e-01   6.519994e-03   3.893359e-09   1.325123e-03   48
  1.797859e-01   7.285028e-03   2.543132e-09   6.701079e-04   120
  1.804708e-01   4.990509e-03   0.000000e+00   5.312897e-04   48
  1.816818e-01   7.897942e-03   2.825996e-04   5.724586e-04   216
  1.831848e-01   5.829392e-03   0.000000e+00   6.900294e-04   48
  1.838570e-01   6.323753e-03   2.247832e-09   5.337761e-04   96
  1.848128e-01   7.363246e-03   3.302618e-04   6.632898e-04   168
  1.858591e-01   5.870531e-03   2.247832e-09   8.505989e-04   48
  1.865217e-01   8.628669e-03   0.000000e+00   8.738083e-04   96
  1.871820e-01   7.058708e-03   0.000000e+00   1.279038e-03   48
  1.884956e-01   9.277268e-03   2.543132e-09   1.031728e-03   30
  1.891489e-01   6.451802e-03   0.000000e+00   5.357757e-04   96
  1.899298e-01   7.826887e-03   2.595564e-04   5.635353e-04   240
  1.909339e-01   1.326050e-02   2.800239e-04   1.970895e-03   32
  1.917401e-01   5.965190e-03   0.000000e+00   4.371431e-04   168
  1.923825e-01   6.873797e-03   0.000000e+00   6.698326e-04   120
  1.936608e-01   6.317839e-03   4.738846e-09   7.829077e-04   72
  1.942968e-01   9.105846e-03   2.119276e-09   8.546847e-04   144
  1.949307e-01   6.995060e-03   0.000000e+00   6.729396e-04   96
  1.955626e-01   8.564658e-03   0.000000e+00   6.894649e-04   96
  1.968202e-01   1.125769e-02   0.000000e+00   1.407530e-03   72
  1.974460e-01   7.326345e-03   3.178914e-09   7.404475e-04   96
  1.986918e-01   9.659743e-03   0.000000e+00   1.754137e-03   24
  1.993117e-01   8.571980e-03   0.000000e+00   5.971482e-04   192
  2.000418e-01   8.057274e-03   2.376333e-04   6.276822e-04   132
  2.011601e-01   9.010581e-03   0.000000e+00   7.528689e-04   96
  2.017724e-01   5.736310e-03   0.000000e+00   5.814664e-04   96
  2.023829e-01   7.612528e-03   2.543132e-09   6.023593e-04   120
  2.035985e-01   8.249028e-03   0.000000e+00   1.083406e-03   48
  2.045948e-01   6.611138e-03   2.879924e-04   4.023492e-04   222
  2.054083e-01   8.317523e-03   0.000000e+00   7.528928e-04   120
  2.060080e-01   6.916546e-03   3.893359e-09   1.446818e-03   24
  2.068812e-01   9.952622e-03   2.972500e-04   5.872619e-04   312
  2.087838e-01   1.091018e-02   2.786838e-04   1.157816e-03   72
  2.095704e-01   7.513892e-03   3.893359e-09   8.586508e-04   96
  2.103781e-01   9.427293e-03   2.838009e-04   7.809401e-04   192
  2.113290e-01   8.088815e-03   3.596531e-09   8.848915e-04   120
  2.119120e-01   8.248600e-03   0.000000e+00   7.830010e-04   144
  2.130732e-01   8.034367e-03   0.000000e+00   1.125594e-03   48
  2.138985e-01   7.471536e-03   2.853717e-04   4.732780e-04   336
  2.148032e-01   8.264582e-03   0.000000e+00   9.808796e-04   48
  2.159488e-01   8.011519e-03   0.000000e+00   7.704618e-04   192
  2.165193e-01   6.875008e-03   0.000000e+00   8.136605e-04   48
  2.181411e-01   7.354085e-03   1.980854e-04   8.902404e-04   56
  2.189475e-01   8.042217e-03   2.544090e-04   4.518310e-04   336
  2.199115e-01   8.152567e-03   2.825702e-09   1.302098e-03   54
  2.207512e-01   7.830238e-03   2.794324e-04   5.091416e-04   240
  2.224945e-01   8.203052e-03   2.675587e-04   6.839306e-04   228
  2.232521e-01   8.547147e-03   2.997109e-09   1.102303e-03   72
  2.239875e-01   9.179554e-03   2.595385e-04   6.879363e-04   144
  2.249038e-01   8.283372e-03   0.000000e+00   7.872358e-04   96
  2.254517e-01   7.926267e-03   3.596531e-09   5.547930e-04   240
  2.265435e-01   6.185326e-03   3.178914e-09   1.048692e-03   24
  2.272424e-01   8.362082e-03   2.451321e-04   4.748549e-04   336
  2.281713e-01   6.170386e-03   0.000000e+00   7.080841e-04   72
  2.290193e-01   9.822230e-03   2.666265e-04   7.483799e-04   168
  2.297877e-01   7.454482e-03   0.000000e+00   7.637717e-04   72
  2.308590e-01   1.126203e-02   0.000000e+00   1.148102e-03   96
  2.316886e-01   7.211861e-03   2.646263e-04   5.149244e-04   216
  2.324566e-01   6.205073e-03   0.000000e+00   4.801308e-04   96
  2.335157e-01   7.852712e-03   3.178914e-09   5.134012e-04   192
  2.340434e-01   8.006093e-03   2.997109e-09   6.170016e-04   144
  2.350953e-01   6.678208e-03   0.000000e+00   8.320775e-04   48
  2.358236e-01   8.642473e-03   2.551309e-04   6.355505e-04   246
  2.368131e-01   1.052096e-02   2.352347e-04   8.344607e-04   168
  2.377046e-01   8.705405e-03   6.229375e-09   1.111718e-03   120
  2.382231e-01   7.258128e-03   0.000000e+00   5.390256e-04   240
  2.392566e-01   6.349315e-03   0.000000e+00   1.317259e-03   24
  2.400800e-01   8.077493e-03   2.517980e-04   4.789899e-04   360
  2.411056e-01   9.851146e-03   2.507265e-04   8.215476e-04   120
  2.418210e-01   8.724657e-03   0.000000e+00   7.389612e-04   144
  2.423307e-01   1.061151e-02   0.000000e+00   9.380876e-04   96
  2.438532e-01   8.902343e-03   0.000000e+00   6.720068e-04   144
  2.443586e-01   1.041521e-02   0.000000e+00   9.442361e-04   132
  2.450688e-01   7.949664e-03   2.474633e-04   6.082629e-04   176
  2.460999e-01   8.477770e-03   2.498881e-04   4.830970e-04   312
  2.473693e-01   1.069722e-02   0.000000e+00   1.504848e-03   96
  2.478675e-01   7.216366e-03   0.000000e+00   6.643148e-04   144
  2.486319e-01   8.948955e-03   2.473817e-04   5.661387e-04   312
  2.498505e-01   8.676689e-03   0.000000e+00   8.986560e-04   48
  2.503437e-01   7.830865e-03   3.178914e-09   5.677447e-04   192
  2.513274e-01   4.962399e-03   0.000000e+00   1.501850e-03   6
  2.519810e-01   7.641125e-03   2.307253e-04   4.338115e-04   288
  2.530395e-01   8.312113e-03   2.437763e-04   6.508635e-04   192
  2.537699e-01   7.737628e-03   7.476104e-09   5.222755e-04   216
  2.542556e-01   9.191346e-03   0.000000e+00   1.299438e-03   72
  2.554657e-01   8.883621e-03   2.414611e-04   8.249778e-04   192
  2.562693e-01   1.007584e-02   1.792979e-04   6.757050e-04   288
  2.571504e-01   7.915893e-03   0.000000e+00   1.611243e-03   24
  2.578312e-01   9.065190e-03   2.362101e-04   4.987794e-04   456
  2.590624e-01   6.836059e-03   0.000000e+00   1.145553e-03   48
  2.598231e-01   8.966024e-03   2.326575e-04   6.507777e-04   240
  2.606974e-01   1.073228e-02   2.351266e-04   7.437661e-04   216
  2.614326e-01   8.023660e-03   0.000000e+00   9.604860e-04   72
  2.619041e-01   7.338230e-03   8.123736e-09   6.294807e-04   168
  2.632353e-01   9.042336e-03   1.747662e-04   6.091156e-04   288
  2.639818e-01   9.644541e-03   2.312456e-04   7.293409e-04   168
  2.651809e-01   1.001368e-02   0.000000e+00   8.427300e-04   192
  2.656458e-01   7.636249e-03   2.997109e-09   5.487038e-04   144
  2.665730e-01   1.268454e-02   2.997109e-09   1.659438e-03   36
  2.673593e-01   7.324548e-03   2.111764e-04   4.128429e-04   342
  2.681111e-01   8.572031e-03   2.168525e-04   8.521021e-04   144
  2.690776e-01   8.970028e-03   2.274240e-04   5.524295e-04   384
  2.702500e-01   1.046184e-02   6.229375e-09   1.055041e-03   120
  2.708303e-01   1.033345e-02   2.027960e-04   6.175640e-04   264
  2.716161e-01   8.549516e-03   1.005261e-08   6.586607e-04   192
  2.723561e-01   8.459191e-03   2.185515e-04   6.826051e-04   152
  2.729753e-01   8.419554e-03   5.994218e-09   8.374457e-04   144
  2.742778e-01   6.641207e-03   1.414487e-04   5.083234e-04   216
  2.748807e-01   1.004319e-02   1.890132e-04   5.848182e-04   312
  2.759419e-01   8.513259e-03   2.190625e-04   5.359680e-04   240
  2.765672e-01   9.118392e-03   3.178914e-09   8.998753e-04   96
  2.777541e-01   6.836826e-03   2.094396e-04   5.649682e-04   144
  2.784857e-01   8.740619e-03   2.058607e-04   4.615305e-04   456
  2.796723e-01   6.039334e-03   0.000000e+00   4.153015e-04   120
  2.801131e-01   7.678022e-03   0.000000e+00   7.406315e-04   144
  2.809926e-01   6.477674e-03   4.495664e-09   1.018793e-03   24
  2.815564e-01   8.022560e-03   1.978798e-04   4.247992e-04   336
  2.825316e-01   8.041832e-03   2.182345e-04   6.158718e-04   198
  2.834454e-01   9.263014e-03   2.122205e-04   6.097831e-04   432
  2.844833e-01   1.301540e-02   6.357829e-09   1.487322e-03   48
  2.850248e-01   1.085234e-02   1.873540e-04   6.228341e-04   384
  2.859970e-01   8.798766e-03   2.156842e-04   8.324580e-04   144
  2.868780e-01   1.192046e-02   2.141460e-04   9.699252e-04   264
  2.879317e-01   7.645895e-03   0.000000e+00   7.489351e-04   48
  2.886387e-01   8.714752e-03   2.036179e-04   5.733867e-04   276
  2.893208e-01   8.563902e-03   1.845741e-04   7.850106e-04   192
  2.902325e-01   8.380222e-03   2.074207e-04   3.802450e-04   552
  2.913393e-01   6.153937e-03   5.086263e-09   6.713137e-04   120
  2.919972e-01   7.193232e-03   2.099609e-04   5.233255e-04   216
  2.926069e-01   7.633263e-03   5.086263e-09   6.231836e-04   120
  2.936961e-01   9.879699e-03   2.067600e-04   5.208237e-04   408
  2.947075e-01   4.459785e-03   4.495664e-09   5.607057e-04   24
  2.953347e-01   8.205900e-03   2.088648e-04   5.778890e-04   384
  2.962106e-01   6.580723e-03   2.040684e-04   4.225195e-04   240
  2.969712e-01   8.359324e-03   2.055628e-04   5.977795e-04   168
  2.980376e-01   5.972226e-03   0.000000e+00   6.164641e-04   120
  2.987251e-01   9.020022e-03   2.142884e-04   5.639410e-04   350
  2.998430e-01   9.673361e-03   3.527601e-04   6.344892e-04   384
  3.005110e-01   1.105785e-02   0.000000e+00   1.312327e-03   144
  3.017401e-01   7.885509e-03   4.238553e-09   5.860828e-04   288
  3.023819e-01   8.343441e-03   2.019242e-04   5.507780e-04   336
  3.032549e-01   7.896171e-03   1.838353e-04   6.602804e-04   168
  3.037776e-01   9.698135e-03   1.204945e-08   7.311269e-04   336
  3.048586e-01   7.064958e-03   1.908100e-04   4.277621e-04   288
  3.055078e-01   8.318515e-03   1.797918e-04   5.251683e-04   264
  3.066072e-01   8.021386e-03   0.000000e+00   5.779733e-04   240
  3.070093e-01   7.786796e-03   0.000000e+00   7.161951e-04   96
  3.084525e-01   9.499657e-03   2.445048e-04   6.244079e-04   360
  3.091260e-01   8.509650e-03   1.802420e-04   9.615730e-04   168
  3.099770e-01   8.415844e-03   1.964825e-04   4.381109e-04   456
  3.110018e-01   7.506149e-03   5.651403e-09   6.852321e-04   108
  3.115782e-01   6.176256e-03   1.971449e-04   4.008583e-04   264
  3.122973e-01   7.588673e-03   1.758853e-04   6.218698e-04   264
  3.132820e-01   8.969199e-03   1.659735e-04   4.948165e-04   312
  3.145081e-01   9.317182e-03   1.233364e-04   7.963394e-04   270
  3.150220e-01   9.309988e-03   1.565911e-04   8.486682e-04   240
  3.159458e-01   9.600330e-03   1.937229e-04   6.707927e-04   384
  3.165067e-01   7.213905e-03   6.357829e-09   5.238039e-04   192
  3.175962e-01   9.938955e-03   1.554368e-04   8.740774e-04   240
  3.182281e-01   9.821490e-03   1.918342e-04   6.523826e-04   336
  3.194167e-01   8.969460e-03   1.931178e-04   4.399493e-04   480
  3.203808e-01   9.430024e-03   4.238553e-09   1.125727e-03   72
  3.209194e-01   9.588118e-03   1.883074e-04   9.052740e-04   240
  3.216520e-01   7.595904e-03   1.769831e-04   4.431253e-04   312
  3.224917e-01   6.880378e-03   1.912763e-04   4.699419e-04   240
  3.237607e-01   8.619761e-03   1.453205e-04   5.109115e-04   408
  3.242630e-01   7.866196e-03   1.330785e-04   4.909257e-04   336
  3.252448e-01   8.420973e-03   1.689770e-04   6.869525e-04   264
  3.257273e-01   7.136012e-03   0.000000e+00   6.141039e-04   144
  3.270696e-01   8.314247e-03   2.342121e-04   5.166309e-04   464
  3.277768e-01   6.417314e-03   1.862466e-04   4.915665e-04   168
  3.284751e-01   8.691604e-03   1.696301e-04   6.078860e-04   336
  3.297371e-01   8.408275e-03   1.782296e-04   5.737836e-04   414
  3.304484e-01   1.244085e-02   1.855264e-04   1.137196e-03   216
  3.313598e-01   1.476775e-02   4.495664e-09   1.675181e-03   96
  3.317320e-01   8.318067e-03   1.101208e-08   6.057548e-04   384
  3.330355e-01   9.074420e-03   1.851680e-04   4.962346e-04   492
  3.337341e-01   8.777545e-03   1.810784e-04   6.003378e-04   240
  3.345237e-01   7.685516e-03   1.838580e-04   4.758695e-04   312
  3.356141e-01   5.866042e-03   1.837975e-04   4.537638e-04   192
  3.363048e-01   8.746529e-03   1.781220e-04   5.105418e-04   504
  3.372212e-01   8.867989e-03   1.179198e-04   6.693432e-04   408
  3.379427e-01   8.010632e-03   3.612619e-04   6.770819e-04   168
  3.388456e-01   9.787629e-03   1.716026e-04   6.948935e-04   288
  3.396033e-01   7.501621e-03   1.790820e-04   5.568619e-04   288
  3.403794e-01   6.958493e-03   1.801128e-04   3.993328e-04   432
  3.415052e-01   8.866015e-03   1.703267e-04   6.401736e-04   216
  3.421068e-01   7.795499e-03   1.699674e-04   5.046863e-04   360
  3.431777e-01   8.939708e-03   1.658865e-04   6.050860e-04   312
  3.441442e-01   1.188737e-02   0.000000e+00   1.951122e-03   48
  3.447014e-01   7.767698e-03   1.778543e-04   4.578681e-04   432
  3.456992e-01   7.257053e-03   2.966627e-04   4.523427e-04   414
  3.462885e-01   8.281114e-03   6.776666e-09   6.343181e-04   312
  3.473878e-01   9.088211e-03   2.603051e-04   6.115574e-04   528
  3.481296e-01   9.729385e-03   1.366381e-04   9.718234e-04   264
  3.490209e-01   8.842893e-03   1.620153e-04   6.262160e-04   480
  3.501854e-01   8.574036e-03   0.000000e+00   6.041666e-04   288
  3.506883e-01   8.495177e-03   1.740804e-04   8.393706e-04   168
  3.516084e-01   9.506432e-03   2.755688e-04   5.307705e-04   504
  3.526429e-01   1.301490e-02   4.238553e-09   1.276840e-03   144
  3.532937e-01   6.805958e-03   1.769812e-04   3.664720e-04   464
  3.542716e-01   6.804880e-03   2.597299e-04   4.080081e-04   432
  3.547358e-01   9.258893e-03   4.495664e-09   7.954375e-04   192
  3.559351e-01   6.894767e-03   1.925466e-04   3.916085e-04   396
  3.566434e-01   7.194172e-03   1.729600e-04   4.853523e-04   288
  3.573592e-01   7.154433e-03   1.708549e-04   5.014043e-04   336
  3.585027e-01   7.284529e-03   1.081887e-04   4.477545e-04   432
  3.592283e-01   8.181950e-03   2.804101e-04   5.598111e-04   360
  3.600431e-01   7.518069e-03   1.658667e-04   3.932374e-04   384
  3.612003e-01   6.818101e-03   1.464092e-04   5.768683e-04   198
  3.617579e-01   8.071645e-03   1.664197e-04   4.955121e-04   552
  3.627976e-01   9.207953e-03   2.329761e-04   8.223429e-04   432
  3.636656e-01   8.482694e-03   8.899106e-09   7.730217e-04   168
  3.643942e-01   9.893688e-03   2.888052e-04   6.679786e-04   480
  3.653579e-01   5.830709e-03   0.000000e+00   5.911447e-04   120
  3.657917e-01   8.444973e-03   2.358836e-04   6.727071e-04   336
  3.668502e-01   7.940569e-03   1.664122e-04   4.357130e-04   672
  3.678969e-01   9.141312e-03   2.420693e-04   4.852330e-04   528
  3.683844e-01   5.669268e-03   7.266090e-09   4.253455e-04   168
  3.695106e-01   8.604208e-03   2.700266e-04   5.269766e-04   456
  3.701979e-01   1.101015e-02   1.649075e-04   1.644714e-03   168
  3.709113e-01   8.239716e-03   1.646115e-04   5.166784e-04   504
  3.720973e-01   6.382746e-03   2.118297e-04   5.345615e-04   336
  3.728144e-01   9.075176e-03   1.527042e-04   6.422069e-04   312
  3.736099e-01   8.280234e-03   1.492023e-04   5.551186e-04   504
  3.746568e-01   7.158935e-03   1.035207e-04   3.751102e-04   432
  3.751490e-01   6.124990e-03   1.599738e-04   3.526110e-04   312
  3.761721e-01   6.751118e-03   1.639809e-04   3.969665e-04   384
  3.772403e-01   1.022500e-02   1.393208e-04   1.570446e-03   126
  3.778999e-01   8.219754e-03   2.446141e-04   5.237781e-04   492
  3.787423e-01   9.126222e-03   1.566756e-04   6.006334e-04   528
  3.797950e-01   7.685882e-03   1.591488e-04   5.211807e-04   480
  3.804477e-01   9.736017e-03   2.198632e-04   7.045687e-04   432
  3.813922e-01   8.996408e-03   1.728933e-04   6.362966e-04   440
  3.824891e-01   9.384469e-03   8.597912e-05   6.923597e-04   312
  3.829007e-01   7.961304e-03   1.288469e-04   7.340239e-04   480
  3.837450e-01   8.224896e-03   2.522797e-04   6.455275e-04   408
  3.849786e-01   9.811027e-03   1.510870e-04   6.877770e-04   360
  3.854998e-01   7.805680e-03   1.457935e-04   5.657883e-04   408
  3.864656e-01   6.204503e-03   1.483633e-04   4.252054e-04   456
  3.875531e-01   8.367293e-03   1.417988e-04   5.672829e-04   264
  3.881567e-01   7.981029e-03   1.538873e-04   6.039501e-04   384
  3.890354e-01   7.540426e-03   2.590801e-04   4.262675e-04   672
  3.900512e-01   9.533149e-03   1.549634e-04   9.781009e-04   240
  3.906373e-01   6.712832e-03   1.572490e-04   4.162484e-04   264
  3.914646e-01   5.093532e-03   1.939407e-04   2.773323e-04   624
  3.926991e-01   6.255869e-03   0.000000e+00   8.177941e-04   150
  3.931386e-01   1.001567e-02   2.173259e-04   6.393539e-04   600
  3.940655e-01   7.855728e-03   1.499928e-04   4.541729e-04   672
  3.951151e-01   7.382928e-03   1.410788e-04   7.464993e-04   336
  3.956998e-01   1.054727e-02   1.534526e-04   8.067338e-04   408
  3.966340e-01   8.598202e-03   1.530911e-04   7.690808e-04   408
  3.976732e-01   7.593616e-03   7.741108e-05   5.165462e-04   360
  3.983137e-01   9.117068e-03   2.842286e-04   6.957154e-04   456
  3.990874e-01   7.684708e-03   1.545652e-04   5.980736e-04   384
  4.000722e-01   6.144798e-03   1.426833e-04   3.762607e-04   348
  4.006044e-01   9.222586e-03   1.759003e-04   5.983811e-04   576
  4.016040e-01   6.885464e-03   1.448308e-04   4.080167e-04   504
  4.026266e-01   7.364027e-03   2.042754e-04   5.239556e-04   432
  4.035193e-01   6.647909e-03   2.779157e-04   3.413119e-04   576
  4.041559e-01   6.850896e-03   0.000000e+00   6.817915e-04   264
  4.051657e-01   7.181356e-03   2.211515e-04   3.526414e-04   768
  4.060439e-01   4.983357e-03   2.977401e-04   3.534539e-04   240
  4.067421e-01   6.737024e-03   2.625786e-04   8.450054e-04   192
  4.077592e-01   6.008385e-03   1.932899e-04   3.097546e-04   504
  4.085134e-01   8.196694e-03   2.604655e-04   7.032541e-04   590
  4.092368e-01   8.649814e-03   2.918373e-04   7.484717e-04   384
  4.101438e-01   7.353062e-03   2.438900e-04   5.332785e-04   504
  4.112389e-01   9.583969e-03   2.347064e-04   6.181351e-04   648
  4.123011e-01   6.911666e-03   6.374317e-05   5.200886e-04   504
  4.127294e-01   6.863677e-03   1.454101e-04   4.950864e-04   312
  4.134855e-01   8.389498e-03   2.095003e-04   5.279634e-04   576
  4.145236e-01   9.249381e-03   1.457924e-04   1.012711e-03   240
  4.151287e-01   6.218242e-03   1.473162e-04   3.620734e-04   552
  4.159853e-01   9.060249e-03   1.383265e-04   6.944354e-04   600
  4.172054e-01   7.365954e-03   1.689549e-04   4.759054e-04   600
  4.179389e-01   6.783400e-03   2.705679e-04   5.080860e-04   312
  4.186695e-01   8.479435e-03   2.356379e-04   5.620359e-04   480
  4.195820e-01   6.928007e-03   1.470154e-04   5.112471e-04   576
  4.203854e-01   9.561318e-03   2.367268e-04   8.058193e-04   408
  4.210983e-01   3.487010e-03   2.761527e-04   2.358465e-04   216
  4.220194e-01   6.303523e-03   2.115019e-04   4.143597e-04   516
  4.230063e-01   7.016681e-03   2.017943e-04   3.705844e-04   744
  4.240243e-01   7.556018e-03   1.347808e-04   5.065426e-04   462
  4.245995e-01   7.638048e-03   1.369852e-04   7.275721e-04   432
  4.254918e-01   8.926003e-03   1.270838e-04   5.498669e-04   648
  4.265409e-01   8.293027e-03   1.859472e-04   6.858885e-04   528
  4.273836e-01   7.229593e-03   2.239269e-04   4.518161e-04   600
  4.282256e-01   1.240141e-02   2.823132e-04   1.748236e-03   240
  4.290411e-01   7.115242e-03   2.162492e-04   4.592473e-04   720
  4.299890e-01   7.428964e-03   1.710922e-04   4.311695e-04   720
  4.310398e-01   3.088465e-03   0.000000e+00   2.516345e-04   144
  4.315927e-01   7.737177e-03   2.205891e-04   4.382908e-04   720
  4.323793e-01   8.425441e-03   1.322696e-04   5.835553e-04   384
  4.333641e-01   6.458860e-03   1.466278e-04   3.498332e-04   672
  4.342984e-01   9.297832e-03   2.567292e-04   8.586782e-04   336
  4.347447e-01   8.693520e-03   0.000000e+00   8.728897e-04   288
  4.358374e-01   6.135163e-03   2.031840e-04   3.373033e-04   776
  4.368489e-01   6.054375e-03   1.738547e-04   3.084896e-04   720
  4.376985e-01   5.444039e-03   1.400528e-04   3.639112e-04   432
  4.383780e-01   8.297993e-03   1.996629e-04   7.872656e-04   504
  4.391339e-01   6.113941e-03   1.398922e-04   4.096228e-04   528
  4.401917e-01   7.402661e-03   1.905949e-04   6.548347e-04   438
  4.410618e-01   8.337546e-03   2.218350e-04   6.802269e-04   624
  4.417176e-01   8.577442e-03   2.717180e-04   8.016869e-04   312
  4.426191e-01   9.498296e-03   1.463948e-04   5.321322e-04   696
  4.435512e-01   7.752752e-03   1.324608e-04   6.088587e-04   552
  4.445207e-01   7.172435e-03   1.024805e-04   5.354942e-04   516
  4.451205e-01   9.029953e-03   2.046970e-04   7.152953e-04   528
  4.458506e-01   4.135881e-03   1.331200e-04   2.271794e-04   528
  4.468878e-01   7.732866e-03   1.755583e-04   5.045584e-04   864
  4.475918e-01   7.345240e-03   2.404788e-04   6.181223e-04   408
  4.482965e-01   9.961073e-03   2.382549e-04   7.875153e-04   192
  4.492953e-01   6.026556e-03   1.971674e-04   3.851141e-04   720
  4.501385e-01   5.834202e-03   1.817980e-04   3.534432e-04   696
  4.511404e-01   6.719487e-03   1.963435e-04   3.719934e-04   720
  4.520570e-01   6.512176e-03   2.661201e-04   4.487810e-04   432
  4.525916e-01   4.846029e-03   1.566487e-04   4.080042e-04   264
  4.535534e-01   6.376986e-03   2.163249e-04   3.577430e-04   672
  4.544137e-01   7.023627e-03   2.214835e-04   4.427179e-04   600
  4.554346e-01   4.179823e-03   1.296784e-04   4.443712e-04   270
  4.559493e-01   7.494648e-03   1.952021e-04   6.691041e-04   528
  4.567673e-01   8.141266e-03   1.336675e-04   4.567836e-04   840
  4.578890e-01   8.980623e-03   2.555961e-04   5.422047e-04   888
  4.589254e-01   6.253746e-03   1.904380e-04   3.907331e-04   744
  4.598014e-01   7.631695e-03   9.785730e-05   5.345550e-04   456
  4.602370e-01   1.097161e-02   1.337280e-04   7.504059e-04   360
  4.609825e-01   6.526353e-03   1.158678e-04   7.193041e-04   384
  4.621264e-01   6.857333e-03   1.858509e-04   3.637277e-04   816
  4.629847e-01   7.194318e-03   2.696437e-04   3.970691e-04   824
  4.640279e-01   6.400353e-03   1.253432e-04   6.408227e-04   360
  4.645865e-01   7.865339e-03   1.849595e-04   4.394533e-04   624
  4.653553e-01   7.643854e-03   1.249856e-04   6.471183e-04   360
  4.663795e-01   6.406361e-03   1.700172e-04   3.883245e-04   876
  4.673045e-01   5.957890e-03   2.019296e-04   3.802609e-04   696
  4.682373e-01   5.097269e-03   1.303928e-04   4.122989e-04   336
  4.687264e-01   8.201839e-03   1.302463e-04   7.419972e-04   504
  4.695341e-01   6.300137e-03   1.313750e-04   5.015889e-04   672
  4.707324e-01   5.074660e-03   2.615370e-04   2.904908e-04   720
  4.715635e-01   6.976674e-03   1.975633e-04   4.990564e-04   774
  4.724808e-01   1.170252e-02   1.130801e-04   1.257914e-03   384
  4.729612e-01   9.342446e-03   2.176147e-04   7.689472e-04   528
  4.737068e-01   7.737556e-03   2.073989e-04   4.883751e-04   744
  4.749062e-01   8.871285e-03   1.710601e-04   5.574123e-04   768
  4.757025e-01   8.084752e-03   1.920278e-04   7.457850e-04   552
  4.766960e-01   6.223566e-03   2.092886e-04   3.965337e-04   696
  4.774351e-01   9.333637e-03   2.543221e-04   7.956009e-04   408
  4.780218e-01   8.094614e-03   1.098692e-04   5.851453e-04   504
  4.789519e-01   6.483789e-03   1.973758e-04   4.000448e-04   888
  4.798671e-01   6.083201e-03   2.051305e-04   4.754843e-04   648
  4.808184e-01   6.002298e-03   2.033722e-04   4.057256e-04   648
  4.817134e-01   6.294194e-03   2.192851e-04   4.093848e-04   792
  4.826614e-01   5.497979e-03   3.208291e-04   3.751383e-04   600
  4.833600e-01   4.263402e-03   2.174285e-04   2.685364e-04   456
  4.840953e-01   6.478577e-03   1.059654e-04   4.333258e-04   648
  4.850397e-01   5.397340e-03   2.066479e-04   2.933740e-04   936
  4.860593e-01   7.778370e-03   1.269084e-04   5.371977e-04   384
  4.869469e-01   1.540880e-04   0.000000e+00   1.166964e-05   198
  4.876318e-01   1.583486e-04   3.219776e-04   5.053481e-06   1224
  4.883707e-01   1.514756e-04   2.344988e-04   8.018963e-06   420
  4.892446e-01   1.450797e-04   2.269458e-04   5.888319e-06   792
  4.900991e-01   1.521794e-04   1.876648e-04   5.991173e-06   680
  4.910742e-01   1.552517e-04   1.723226e-04   7.236097e-06   600
  4.918588e-01   1.532699e-04   2.499151e-04   5.372887e-06   840
  4.929064e-01   1.785603e-04   1.179983e-04   9.291157e-06   432
  4.933067e-01   1.516316e-04   1.105800e-04   6.076839e-06   720
  4.941771e-01   1.632041e-04   2.214723e-04   5.395151e-06   960
  4.952596e-01   1.691753e-04   1.974263e-04   8.343051e-06   528
  4.960507e-01   1.491347e-04   2.018074e-04   6.028518e-06   624
  4.969923e-01   1.620234e-04   1.586192e-04   6.061635e-06   816
  4.979269e-01   1.375183e-04   2.608527e-04   5.450208e-06   696
  4.989597e-01   1.695321e-04   1.438612e-08   1.119656e-05   240
  4.993481e-01   1.667829e-04   1.538310e-04   6.641764e-06   672
  5.002149e-01   1.448961e-04   2.749181e-04   5.006850e-06   864
  5.011872e-01   1.525120e-04   2.109550e-04   5.598556e-06   816
  5.020636e-01   1.495066e-04   1.207434e-04   6.218590e-06   648
  5.030076e-01   1.543926e-04   1.234217e-04   5.079573e-06   843
  5.038089e-01   1.422750e-04   2.220660e-04   5.912691e-06   780
  5.047639e-01   1.433512e-04   1.191565e-04   9.341031e-06   216
  5.053529e-01   1.425455e-04   2.873328e-04   4.295691e-06   1056
  5.062588e-01   1.791241e-04   2.350705e-04   1.117283e-05   228
  5.070976e-01   1.508481e-04   2.926687e-04   5.151076e-06   924
  5.079587e-01   1.528388e-04   1.085637e-04   5.390593e-06   696
  5.088706e-01   1.368185e-04   1.932122e-04   4.563430e-06   996
  5.098035e-01   1.465680e-04   1.140687e-04   6.163218e-06   576
  5.107740e-01   1.491947e-04   1.760574e-04   6.807299e-06   552
  5.114815e-01   1.561265e-04   2.102064e-04   7.117044e-06   516
  5.121995e-01   1.453240e-04   3.056837e-04   5.061212e-06   744
  5.130199e-01   1.591295e-04   1.499561e-04   7.333524e-06   576
  5.137336e-01   1.338099e-04   1.543428e-04   4.604690e-06   792
  5.147477e-01   1.475937e-04   1.764424e-04   5.251100e-06   792
  5.154909e-01   1.447843e-04   1.902913e-04   5.308938e-06   720
  5.164960e-01   1.336790e-04   2.168883e-04   4.882118e-06   656
  5.174379e-01   1.399133e-04   2.368308e-04   4.945178e-06   816
  5.184034e-01   1.385556e-04   1.276952e-04   6.116224e-06   492
  5.189522e-01   1.466266e-04   1.836985e-04   6.033456e-06   552
  5.199822e-01   1.347864e-04   3.194294e-04   5.947479e-06   780
  5.206511e-01   1.416603e-04   1.962217e-04   6.682914e-06   528
  5.213718e-01   1.387048e-04   2.290504e-04   5.688397e-06   600
  5.224340e-01   1.471945e-04   1.903590e-04   4.540889e-06   900
  5.231662e-01   1.400311e-04   1.053860e-04   5.671607e-06   696
  5.241734e-01   1.387480e-04   2.664725e-04   5.101111e-06   696
  5.251479e-01   1.499816e-04   1.081054e-04   6.326659e-06   552
  5.259673e-01   1.161784e-04   1.257166e-04   4.563467e-06   708
  5.268258e-01   1.437006e-04   2.075652e-04   5.340909e-06   876
  5.277190e-01   1.443060e-04   1.102130e-04   1.146233e-05   216
  5.283184e-01   1.319276e-04   3.014475e-04   4.050694e-06   1032
  5.292161e-01   1.320446e-04   3.356286e-04   5.485823e-06   600
  5.301478e-01   1.313935e-04   1.601495e-04   5.016987e-06   600
  5.308585e-01   1.327280e-04   2.828090e-04   6.551957e-06   528
  5.316987e-01   1.329601e-04   1.552497e-04   4.896440e-06   732
  5.325837e-01   1.210721e-04   1.146378e-04   6.070231e-06   336
  5.336024e-01   1.331305e-04   1.633817e-04   4.360819e-06   912
  5.343638e-01   1.208185e-04   1.639857e-04   4.731810e-06   624
  5.351957e-01   1.309892e-04   1.381873e-04   4.973608e-06   768
  5.361666e-01   1.486574e-04   2.493171e-04   5.586884e-06   792
  5.371196e-01   1.276103e-04   1.236011e-04   5.467741e-06   660
  5.377977e-01   1.224241e-04   1.821461e-04   6.019461e-06   504
  5.384990e-01   1.317405e-04   2.975919e-04   6.466150e-06   480
  5.395501e-01   1.038328e-04   2.752337e-04   3.578917e-06   912
  5.403731e-01   1.461494e-04   3.065154e-04   8.234966e-06   432
  5.411504e-01   1.225254e-04   1.820016e-04   5.422701e-06   564
  5.418405e-01   1.277957e-04   1.742006e-04   5.488414e-06   600
  5.428119e-01   1.349692e-04   2.428192e-04   4.722061e-06   876
  5.435417e-01   1.364228e-04   1.091788e-04   7.892330e-06   264
  5.445477e-01   1.343096e-04   2.118499e-04   5.813561e-06   560
  5.453563e-01   1.203357e-04   1.439565e-04   4.083416e-06   840
  5.463378e-01   1.183241e-04   2.219395e-04   4.137397e-06   1008
  5.472454e-01   1.319388e-04   9.928084e-05   6.106360e-06   456
  5.480744e-01   1.400587e-04   1.286043e-04   5.929680e-06   576
  5.488407e-01   1.298657e-04   1.976142e-04   5.358641e-06   612
  5.498512e-01   1.225961e-04   1.765015e-04   4.743558e-06   780
  5.506755e-01   1.298744e-04   2.022627e-04   5.169303e-06   648
  5.515194e-01   1.438530e-04   9.425702e-05   9.798654e-06   312
  5.520587e-01   1.189964e-04   2.394916e-04   5.279066e-06   528
  5.529931e-01   1.134051e-04   3.127641e-04   4.691841e-06   720
  5.538866e-01   1.205245e-04   3.137436e-04   6.076213e-06   576
  5.549699e-01   1.191021e-04   2.706443e-04   5.465436e-06   444
  5.556439e-01   1.269872e-04   2.654148e-04   4.157973e-06   996
  5.564699e-01   1.120632e-04   2.217012e-04   6.016425e-06   432
  5.572506e-01   1.254594e-04   2.427192e-04   6.029452e-06   504
  5.579250e-01   1.217917e-04   1.094306e-04   5.848612e-06   504
  5.588852e-01   1.349704e-04   2.153608e-04   5.418200e-06   876
  5.597541e-01   1.178185e-04   2.478597e-04   5.637271e-06   504
  5.606589e-01   1.087811e-04   1.580720e-04   4.650006e-06   696
  5.614066e-01   1.369602e-04   1.351349e-04   6.561275e-06   492
  5.624240e-01   1.076084e-04   1.934522e-04   5.407840e-06   432
  5.631776e-01   1.246175e-04   1.811468e-04   4.586389e-06   768
  5.640708e-01   1.107061e-04   2.256427e-04   5.172727e-06   648
  5.649237e-01   1.025295e-04   1.472076e-04   4.867756e-06   456
  5.659038e-01   1.050225e-04   2.024344e-04   4.742271e-06   552
  5.665845e-01   1.101761e-04   1.387487e-04   5.321168e-06   648
  5.675213e-01   1.075262e-04   2.261525e-04   3.754011e-06   840
  5.684363e-01   1.257920e-04   1.078474e-04   6.484642e-06   432
  5.693524e-01   1.055334e-04   1.320946e-04   4.858492e-06   600
  5.699896e-01   1.215785e-04   1.407382e-04   6.889679e-06   432
  5.710598e-01   1.148961e-04   1.401185e-04   5.256015e-06   560
  5.717846e-01   1.063247e-04   2.217929e-04   4.292428e-06   840
  5.726922e-01   1.250483e-04   1.313712e-04   6.066029e-06   504
  5.734129e-01   1.030592e-04   2.681208e-04   4.451845e-06   696
  5.744289e-01   1.214716e-04   1.464380e-04   6.746104e-06   384
  5.752203e-01   9.747055e-05   2.145144e-04   4.522649e-06   576
  5.761776e-01   1.044745e-04   1.323876e-04   6.683100e-06   360
  5.769491e-01   1.030206e-04   1.971572e-04   4.553491e-06   828
  5.777814e-01   1.044546e-04   1.756051e-04   5.392209e-06   372
  5.785440e-01   1.061730e-04   2.681827e-04   4.622784e-06   576
  5.795542e-01   1.086017e-04   1.123146e-04   4.642234e-06   636
  5.802740e-01   1.032413e-04   2.165136e-04   4.501691e-06   648
  5.812477e-01   1.059973e-04   1.760019e-04   5.004439e-06   576
  5.819467e-01   1.030865e-04   2.839096e-04   5.105873e-06   528
  5.828762e-01   1.008980e-04   1.213831e-04   5.892935e-06   360
  5.836457e-01   9.302241e-05   2.792266e-04   3.808156e-06   672
  5.846504e-01   1.026403e-04   1.430245e-04   4.356218e-06   804
  5.854866e-01   1.079634e-04   1.577731e-04   5.530016e-06   408
  5.864116e-01   9.742447e-05   9.752092e-05   4.862441e-06   384
  5.870345e-01   8.574297e-05   2.231653e-04   4.822530e-06   480
  5.879130e-01   9.605108e-05   1.441975e-04   4.890764e-06   432
  5.887557e-01   1.149112e-04   2.657252e-04   4.964058e-06   648
  5.897530e-01   1.028096e-04   1.648813e-04   4.754324e-06   624
  5.904826e-01   1.055645e-04   1.499734e-04   6.102820e-06   456
  5.914788e-01   9.132077e-05   2.048770e-04   5.269938e-06   588
  5.921465e-01   8.767727e-05   1.307107e-04   4.101398e-06   600
  5.931212e-01   9.163680e-05   2.038766e-04   3.470950e-06   708
  5.938912e-01   8.585327e-05   1.284383e-04   4.460630e-06   360
  5.947420e-01   1.012711e-04   1.476433e-04   5.098552e-06   552
  5.955576e-01   9.457974e-05   1.035752e-04   7.385580e-06   288
  5.963856e-01   8.333191e-05   1.947498e-04   4.003498e-06   528
  5.971636e-01   9.112547e-05   1.313872e-04   4.277189e-06   456
  5.980328e-01   9.682294e-05   2.329780e-04   4.578833e-06   608
  5.989070e-01   8.196135e-05   1.127174e-04   3.702899e-06   504
  5.998623e-01   7.235893e-05   2.419978e-04   3.594646e-06   540
  6.006113e-01   1.051594e-04   2.597778e-04   6.454318e-06   360
  6.014188e-01   1.061888e-04   1.176407e-04   4.887450e-06   540
  6.021329e-01   9.084943e-05   1.010085e-04   4.362816e-06   576
  6.031714e-01   9.063552e-05   2.342044e-04   4.027141e-06   588
  6.041588e-01   9.340038e-05   3.231314e-04   4.313920e-06   672
  6.050070e-01   1.025438e-04   2.469721e-04   4.788973e-06   552
  6.056908e-01   6.815074e-05   2.470970e-04   5.345148e-06   144
  6.065633e-01   9.482821e-05   2.099342e-04   4.341676e-06   600
  6.073906e-01   7.764507e-05   2.630934e-04   3.867674e-06   504
  6.083088e-01   8.510915e-05   2.702501e-04   6.078109e-06   336
  6.092745e-01   8.665422e-05   3.037623e-04   3.836155e-06   600
  6.101395e-01   8.027499e-05   1.960382e-04   3.959697e-06   636
  6.110731e-01   9.161695e-05   1.576165e-04   7.039834e-06   384
  6.117276e-01   8.989387e-05   2.198564e-04   5.503393e-06   504
  6.126710e-01   7.817993e-05   9.227064e-05   5.176265e-06   240
  6.134155e-01   8.673637e-05   2.167569e-04   3.320360e-06   744
  6.143088e-01   7.928971e-05   1.480120e-04   3.710697e-06   648
  6.151027e-01   1.268845e-04   9.825476e-05   1.077778e-05   120
  6.160331e-01   7.275869e-05   1.543455e-04   3.014605e-06   564
  6.167362e-01   9.745762e-05   2.424089e-04   5.291263e-06   432
  6.176746e-01   7.501448e-05   1.881572e-04   4.593653e-06   480
  6.183811e-01   6.304290e-05   1.384885e-04   3.452396e-06   456
  6.192152e-01   8.160241e-05   2.291780e-04   4.715568e-06   444
  6.201616e-01   7.644340e-05   3.506544e-04   4.181334e-06   528
  6.209930e-01   8.766384e-05   2.604238e-04   7.209958e-06   264
  6.217998e-01   7.470262e-05   2.668956e-04   3.965153e-06   444
  6.228852e-01   8.005592e-05   2.923449e-04   3.388508e-06   696
  6.237861e-01   8.505984e-05   1.563558e-04   5.332836e-06   384
  6.244450e-01   7.484903e-05   1.975687e-04   3.823876e-06   432
  6.254698e-01   9.544944e-05   1.365107e-04   5.273130e-06   488
  6.261352e-01   8.711242e-05   2.057386e-04   4.217307e-06   480
  6.270999e-01   7.436669e-05   2.294412e-04   4.410916e-06   480
  6.278471e-01   6.884354e-05   9.626648e-05   4.456187e-06   240
  6.286954e-01   7.992962e-05   2.248709e-04   3.927274e-06   600
  6.294955e-01   6.590998e-05   1.959519e-04   4.252935e-06   288
  6.303474e-01   7.700264e-05   1.884914e-04   4.360656e-06   480
  6.312103e-01   6.576636e-05   3.352926e-04   3.717038e-06   504
  6.320598e-01   8.653404e-05   1.438614e-04   5.963246e-06   216
  6.331433e-01   7.722548e-05   2.355240e-04   4.417089e-06   504
  6.339871e-01   6.352411e-05   1.894329e-04   3.512087e-06   456
  6.349107e-01   9.542640e-05   1.086430e-04   5.621420e-06   384
  6.355225e-01   9.552128e-05   2.205061e-04   5.561881e-06   480
  6.363918e-01   6.230350e-05   1.936290e-04   3.690895e-06   504
  6.371972e-01   7.566698e-05   1.228262e-04   4.456044e-06   312
  6.380652e-01   7.639435e-05   1.979302e-04   4.526157e-06   492
  6.388334e-01   8.692428e-05   1.855135e-04   5.567421e-06   312
  6.398223e-01   6.968591e-05   3.013519e-04   3.121862e-06   576
  6.406929e-01   8.450348e-05   2.781722e-04   6.370808e-06   336
  6.414159e-01   5.161740e-05   2.141797e-04   3.826831e-06   240
  6.424183e-01   7.429301e-05   2.839481e-04   4.205350e-06   468
  6.432837e-01   6.961454e-05   1.777925e-04   6.110171e-06   192
  6.441896e-01   5.981481e-05   1.783224e-04   4.218502e-06   324
  6.448535e-01   6.979174e-05   1.294235e-04   3.485759e-06   600
  6.457583e-01   6.809425e-05   2.099764e-04   3.723813e-06   456
  6.464302e-01   7.334335e-05   9.444737e-05   5.041048e-06   336
  6.475438e-01   7.598176e-05   2.828021e-04   4.087302e-06   612
  6.483539e-01   5.641625e-05   2.373399e-04   8.703808e-06   144
  6.491201e-01   7.677443e-05   2.770366e-04   4.069742e-06   552
  6.501620e-01   4.663017e-05   1.091004e-04   2.854274e-06   264
  6.507507e-01   6.231657e-05   2.525953e-04   4.777285e-06   336
  6.516793e-01   5.879960e-05   1.669063e-04   3.234998e-06   384
  6.524847e-01   6.129685e-05   9.395175e-05   5.158038e-06   216
  6.533762e-01   5.070746e-05   1.991971e-04   3.279384e-06   344
  6.541891e-01   5.241762e-05   2.972114e-04   3.085093e-06   408
  6.551797e-01   6.014623e-05   2.283876e-04   5.250183e-06   264
  6.560575e-01   5.980447e-05   3.183837e-04   3.313600e-06   612
  6.569345e-01   8.004236e-05   1.638646e-04   5.220590e-06   408
  6.578364e-01   5.756998e-05   1.641001e-04   4.294322e-06   444
  6.584991e-01   1.022391e-04   9.177996e-05   8.698624e-06   120
  6.593870e-01   6.822022e-05   2.535712e-04   5.415693e-06   336
  6.600460e-01   5.614359e-05   8.811499e-05   3.841809e-06   288
  6.609366e-01   6.060128e-05   2.742154e-04   3.138117e-06   552
  6.621610e-01   7.495536e-05   0.000000e+00   1.022730e-05   72
  6.627906e-01   6.009291e-05   2.723657e-04   3.391032e-06   504
  6.635259e-01   3.484914e-05   8.764464e-05   2.832656e-06   216
  6.644787e-01   4.895679e-05   1.564835e-04   3.567872e-06   312
  6.653340e-01   4.247688e-05   1.781811e-04   2.942196e-06   336
  6.661492e-01   4.178572e-05   2.469789e-04   3.536504e-06   204
  6.669611e-01   8.337724e-05   2.870270e-04   5.984658e-06   504
  6.678221e-01   7.317496e-05   2.733322e-04   4.557746e-06   396
  6.686501e-01   5.601766e-05   2.506599e-04   4.410667e-06   312
  6.696540e-01   8.399867e-05   1.531800e-04   7.815159e-06   216
  6.703613e-01   5.670742e-05   8.313373e-05   5.637675e-06   168
  6.712208e-01   5.608502e-05   2.099173e-04   3.168481e-06   588
  6.722017e-01   4.254021e-05   2.849381e-04   4.209152e-06   240
  6.729637e-01   4.108564e-05   2.516481e-04   3.447481e-06   264
  6.738575e-01   5.062858e-05   3.112147e-04   4.044090e-06   288
  6.746505e-01   5.533575e-05   1.554077e-04   4.547094e-06   288
  6.756555e-01   4.292578e-05   1.459525e-04   3.207268e-06   288
  6.763322e-01   4.835122e-05   1.690738e-04   4.042413e-06   192
  6.771836e-01   3.394752e-05   1.799115e-04   2.731982e-06   264
  6.779946e-01   7.825720e-05   2.959295e-04   5.294828e-06   372
  6.788675e-01   8.360546e-05   3.196167e-04   7.007724e-06   360
  6.799329e-01   7.663510e-05   1.352648e-04   1.009961e-05   144
  6.804835e-01   4.535325e-05   1.878769e-04   3.968677e-06   296
  6.813527e-01   4.827255e-05   2.024276e-04   4.329539e-06   288
  6.823478e-01   5.293905e-05   3.025230e-04   3.421170e-06   480
  6.832061e-01   4.503043e-05   2.513677e-04   6.693461e-06   192
  6.840407e-01   6.222150e-05   2.696262e-04   5.623419e-06   192
  6.847993e-01   4.439011e-05   1.718359e-04   3.657691e-06   288
  6.858544e-01   2.385965e-05   1.495808e-04   2.846502e-06   108
  6.863859e-01   4.473673e-05   1.438036e-04   4.120914e-06   240
  6.873243e-01   3.646847e-05   2.682690e-04   3.239418e-06   384
  6.882884e-01   5.075282e-05   3.272578e-04   5.230235e-06   108
  6.891409e-01   6.285414e-05   1.918773e-04   4.197875e-06   348
  6.900373e-01   4.193029e-05   2.002507e-04   4.799495e-06   312
  6.908379e-01   4.285048e-05   1.945855e-04   8.683383e-06   96
  6.915741e-01   4.367340e-05   2.590555e-04   3.150414e-06   384
  6.923987e-01   4.826530e-05   1.781778e-04   4.269896e-06   144
  6.932053e-01   4.912889e-05   2.737780e-04   3.546309e-06   408
  6.942079e-01   2.553039e-05   1.221243e-04   3.797370e-06   144
  6.951550e-01   4.376255e-05   2.347853e-04   4.723225e-06   192
  6.957167e-01   5.602269e-05   2.642552e-04   5.381300e-06   144
  6.966323e-01   3.169261e-05   2.148492e-04   3.335639e-06   144
  6.974962e-01   4.762924e-05   2.625805e-04   4.219522e-06   336
  6.985541e-01   2.593639e-05   1.942763e-04   1.942180e-06   240
  6.992249e-01   3.298527e-05   8.821915e-05   4.347641e-06   96
  7.001605e-01   5.164799e-05   2.587043e-04   4.514975e-06   372
  7.011070e-01   3.851222e-05   3.077232e-04   5.446925e-06   132
  7.019384e-01   2.885168e-05   1.904154e-04   2.168820e-06   264
  7.026821e-01   6.090172e-05   1.462304e-04   7.087634e-06   168
  7.034759e-01   4.617430e-05   2.337943e-04   3.772170e-06   216
  7.041771e-01   3.587804e-05   1.430383e-04   4.164200e-06   216
  7.051983e-01   1.695172e-05   2.624157e-04   1.660765e-06   96
  7.061249e-01   5.046343e-05   1.712023e-04   6.974643e-06   120
  7.069747e-01   3.413438e-05   2.176463e-04   3.497989e-06   216
  7.076747e-01   2.768240e-05   9.511215e-05   2.672352e-06   200
  7.086015e-01   3.858308e-05   2.462045e-04   4.681343e-06   288
  7.097902e-01   1.444580e-05   6.478119e-05   1.075252e-06   144
  7.102908e-01   4.185135e-05   2.015951e-04   6.322376e-06   168
  7.113130e-01   4.027615e-05   2.268765e-04   6.693126e-06   159
  7.121109e-01   2.596323e-05   2.380480e-04   2.072637e-06   174
  7.128831e-01   2.449952e-05   2.158536e-04   2.210361e-06   144
  7.138943e-01   3.934286e-05   1.246398e-04   3.535052e-06   222
  7.145705e-01   2.753970e-05   1.257726e-04   2.829666e-06   168
  7.157386e-01   4.372432e-05   2.758677e-04   8.818104e-06   30
  7.162211e-01   1.092744e-05   2.435709e-04   1.420048e-06   72
  7.171298e-01   2.574771e-05   2.173841e-04   2.594711e-06   258
  7.181290e-01   2.408139e-05   1.361533e-04   2.166911e-06   264
  7.186286e-01   2.950068e-05   1.468278e-08   4.607191e-06   72
  7.196697e-01   1.541678e-05   2.698616e-04   1.409353e-06   174
  7.206123e-01   3.069615e-05   2.873527e-04   4.012179e-06   168
  7.213701e-01   9.815446e-06   8.991328e-09   1.359133e-06   48
  7.221837e-01   1.773681e-05   1.622748e-04   1.907135e-06   150
  7.231270e-01   3.508825e-05   2.985162e-04   3.081559e-06   168
  7.240729e-01   1.931380e-05   1.818422e-04   2.019708e-06   144
  7.249427e-01   3.477102e-05   1.698820e-04   5.332563e-06   102
  7.255906e-01   9.947043e-06   2.514545e-04   9.467172e-07   96
  7.266185e-01   7.800550e-06   2.495518e-04   6.677067e-07   120
  7.273797e-01   8.292327e-06   2.676508e-04   6.219095e-07   168
  7.282031e-01   3.407946e-05   1.976389e-04   3.044465e-06   126
  7.289046e-01   2.155604e-05   1.490593e-04   2.798795e-06   168
  7.298711e-01   1.419171e-05   2.390167e-04   1.771095e-06   72
  7.307158e-01   1.113718e-05   2.993022e-04   9.185128e-07   168
  7.314557e-01   3.012324e-05   8.205344e-05   6.510189e-06   78
  7.324696e-01   1.137637e-05   1.347256e-04   1.657904e-06   60
  7.332860e-01   3.458625e-05   2.185468e-04   5.956441e-06   96
  7.341327e-01   1.489832e-05   2.651884e-04   1.175494e-06   168
  7.349284e-01   1.186939e-05   1.678009e-04   1.775662e-06   86
  7.357634e-01   9.950235e-06   1.499742e-04   1.021874e-06   120
  7.369601e-01   8.955851e-06   1.069515e-04   8.038911e-07   168
  7.376055e-01   6.018438e-06   0.000000e+00   8.411513e-07   48
  7.384747e-01   2.155301e-05   1.948541e-04   2.228651e-06   120
  7.389742e-01   1.511854e-05   1.421539e-04   2.121470e-06   126
  7.401935e-01   1.242486e-05   2.500091e-04   1.557388e-06   96
  7.409848e-01   1.299427e-05   7.209028e-05   1.260582e-06   96
  7.416089e-01   9.233185e-06   8.477105e-09   8.622274e-07   72
  7.429385e-01   1.123299e-05   8.991328e-09   1.948147e-06   24
  7.437683e-01   1.414189e-05   1.483601e-04   1.371961e-06   120
  7.444157e-01   1.364001e-05   2.164118e-04   1.759893e-06   126
  7.451355e-01   1.024892e-05   1.804085e-04   1.087919e-06   96
  7.459766e-01   6.730908e-06   3.117986e-04   7.643141e-07   72
  7.469132e-01   9.353313e-06   1.348634e-04   8.144839e-07   144
  7.476836e-01   7.102553e-06   7.778603e-05   9.067023e-07   72
  7.484533e-01   1.396449e-05   1.553665e-04   2.473937e-06   54
  7.491306e-01   1.335381e-05   1.369149e-04   1.270826e-06   108
  7.505382e-01   1.522475e-05   1.342120e-04   1.553853e-06   72
  7.509765e-01   9.200400e-06   7.744493e-05   8.836843e-07   72
  7.520162e-01   5.336662e-06   1.557344e-08   1.066278e-06   24
  7.529998e-01   3.946382e-06   1.638381e-04   7.526693e-07   48
  7.535971e-01   1.151490e-05   1.248023e-04   1.396592e-06   102
  7.544963e-01   7.586460e-06   2.822510e-04   6.785162e-07   168
  7.556711e-01   6.706916e-06   1.539331e-04   7.983938e-07   72
  7.561064e-01   7.550524e-06   0.000000e+00   8.997991e-07   48
  7.570195e-01   8.811888e-06   2.647743e-04   1.128649e-06   120
  7.582245e-01   8.213189e-06   1.627091e-04   9.031298e-07   96
  7.593627e-01   2.204061e-05   1.438612e-08   6.723710e-06   30
  7.607153e-01   1.043310e-05   7.644796e-05   1.459694e-06   72
  7.613097e-01   7.593978e-06   8.991328e-09   1.243866e-06   24
  7.620733e-01   5.207249e-06   1.133148e-04   6.020214e-07   56
  7.629285e-01   5.299539e-06   1.617059e-04   4.990017e-07   96
  7.639519e-01   7.242088e-06   1.785629e-04   6.722575e-07   144
  7.647411e-01   1.032367e-05   1.013810e-04   1.670587e-06   54
  7.658874e-01   6.778348e-06   1.518795e-04   7.026054e-07   108
  7.670409e-01   1.630884e-05   8.041947e-05   2.847603e-06   48
  7.681392e-01   6.693071e-06   3.028050e-04   7.953571e-07   72
  7.707744e-01   1.376857e-05   2.000642e-04   1.439853e-06   78
  7.715046e-01   4.695161e-06   1.507735e-04   4.489168e-07   72
  7.723570e-01   5.978864e-06   1.505863e-04   7.803858e-07   72
  7.732482e-01   6.516243e-06   3.633813e-04   6.842549e-07   96
  7.739527e-01   6.869235e-06   1.502759e-04   5.966449e-07   72
  7.748024e-01   1.060474e-05   0.000000e+00   2.002308e-06   24
  7.756510e-01   6.276950e-06   2.998733e-04   6.729822e-07   72
  7.775680e-01   7.845030e-06   1.904287e-04   1.002815e-06   30
  7.779804e-01   9.580983e-06   0.000000e+00   2.067664e-06   24
  7.801973e-01   4.482326e-06   1.581267e-04   6.855716e-07   48
  7.808927e-01   5.621481e-06   3.402886e-04   4.473377e-07   120
  7.818296e-01   6.134264e-06   1.487821e-04   5.747298e-07   72
  7.827758e-01   5.752369e-06   1.486022e-04   9.576230e-07   36
  7.834261e-01   5.688254e-06   2.937071e-04   6.282131e-07   78
  7.852411e-01   7.100210e-06   1.571111e-04   9.478099e-07   48
  7.875942e-01   9.282834e-06   1.271566e-08   1.521097e-06   24
  7.892707e-01   3.427001e-06   1.094089e-04   4.147026e-07   56
  7.901149e-01   3.696225e-06   1.683597e-04   2.927165e-07   102
  7.911888e-01   5.668086e-06   1.198844e-08   6.881474e-07   72
  7.918122e-01   5.243058e-06   8.991328e-09   8.542041e-07   24
  7.929021e-01   4.413202e-06   1.555930e-04   6.540563e-07   48
  7.949223e-01   7.573437e-06   0.000000e+00   1.173742e-06   24
  7.974016e-01   2.645323e-06   0.000000e+00   2.826752e-07   6
  7.981748e-01   2.718376e-06   0.000000e+00   3.617840e-07   24
  7.986898e-01   3.767961e-06   1.456409e-04   5.016338e-07   72
  7.996307e-01   5.127015e-06   2.717068e-04   4.963949e-07   84
  8.006440e-01   3.939404e-06   0.000000e+00   6.383715e-07   24
  8.009521e-01   4.806568e-06   1.271566e-08   6.146673e-07   24
  8.024909e-01   4.465038e-06   1.557344e-08   7.522707e-07   24
  8.046403e-01   4.007030e-06   0.000000e+00   1.679366e-06   6
  8.073954e-01   3.718762e-06   1.528000e-04   6.000264e-07   48
  8.080572e-01   3.809671e-06   2.878503e-04   4.983950e-07   72
  8.089220e-01   4.049734e-06   1.525117e-04   5.562386e-07   48
  8.102934e-01   4.996535e-06   0.000000e+00   1.751966e-06   24
  8.121184e-01   1.688962e-06   0.000000e+00   3.088461e-07   6
  8.162097e-01   5.741116e-06   0.000000e+00   1.877350e-06   8
  8.165120e-01   4.372348e-06   8.991328e-09   5.761368e-07   48
  8.172369e-01   4.631637e-06   1.479045e-04   5.079229e-07   60
  8.183231e-01   6.349759e-06   0.000000e+00   1.137022e-06   24
  8.198293e-01   2.411281e-06   0.000000e+00   4.349136e-07   6
  8.253784e-01   5.242355e-06   0.000000e+00   1.184092e-06   24
  8.258266e-01   4.208764e-06   1.493898e-04   6.321804e-07   48
  8.265733e-01   2.960430e-06   0.000000e+00   7.720391e-07   24
  8.277664e-01   2.768628e-06   0.000000e+00   7.085112e-08   6
  8.345448e-01   4.266098e-06   1.393664e-04   6.397780e-07   36
  8.350375e-01   4.320638e-06   0.000000e+00   1.030133e-06   24
  8.359234e-01   4.343715e-06   0.000000e+00   1.479664e-06   6
  8.436361e-01   4.952443e-06   1.266552e-04   7.965550e-07   32
  8.442939e-01   6.051528e-06   0.000000e+00   2.651534e-06   6
  8.525822e-01   8.137390e-06   0.000000e+00   2.201472e-06   12
  8.528715e-01   5.819136e-06   0.000000e+00   9.651520e-07   6
  8.616502e-01   3.644721e-06   0.000000e+00   6.871700e-07   6
