# power spectrum of phi
# redshift z=10.000000
# k              Pk             sigma(k)       sigma(Pk)      count
  1.570796e-02   1.688305e-10   0.000000e+00   6.806443e-11   6
  2.221441e-02   7.580467e-11   0.000000e+00   1.513429e-11   12
  2.720699e-02   4.600153e-11   2.980232e-10   9.419809e-12   8
  3.141593e-02   1.318248e-10   0.000000e+00   1.418885e-11   6
  3.512407e-02   7.853382e-11   5.619580e-10   2.503368e-11   24
  3.847649e-02   9.873654e-11   5.619580e-10   1.674722e-11   24
  4.442883e-02   3.643022e-11   0.000000e+00   1.634360e-11   12
  4.712389e-02   3.947569e-11   6.357829e-10   7.147980e-12   30
  4.967294e-02   4.835410e-11   0.000000e+00   1.062136e-11   24
  5.209742e-02   4.150025e-11   9.733398e-10   1.032534e-11   24
  5.441398e-02   4.518961e-11   5.960464e-10   9.087098e-12   8
  5.663587e-02   3.788099e-11   7.947286e-10   4.772311e-12   24
  5.877382e-02   3.443827e-11   0.000000e+00   4.869105e-12   48
  6.283185e-02   4.113956e-11   0.000000e+00   1.810167e-11   6
  6.476559e-02   3.089616e-11   7.947286e-10   4.337106e-12   48
  6.664324e-02   2.841460e-11   7.492773e-10   3.003155e-12   36
  6.846942e-02   3.850924e-11   7.947286e-10   8.114534e-12   24
  7.024815e-02   2.284492e-11   1.123916e-09   3.855016e-12   24
  7.198293e-02   1.977155e-11   0.000000e+00   2.659094e-12   48
  7.367688e-02   2.821057e-11   1.123916e-09   4.009637e-12   24
  7.695299e-02   2.248730e-11   1.123916e-09   3.498542e-12   24
  7.853982e-02   1.470969e-11   0.000000e+00   2.425965e-12   30
  8.009521e-02   1.572634e-11   0.000000e+00   1.705580e-12   72
  8.162097e-02   1.561748e-11   1.192093e-09   3.232180e-12   32
  8.458997e-02   1.839539e-11   0.000000e+00   2.111829e-12   72
  8.603606e-02   1.147833e-11   0.000000e+00   1.682456e-12   48
  8.885766e-02   5.447771e-12   0.000000e+00   1.607193e-12   12
  9.023538e-02   1.066642e-11   0.000000e+00   1.585398e-12   48
  9.159238e-02   9.071382e-12   0.000000e+00   8.747883e-13   48
  9.292956e-02   1.183633e-11   1.123916e-09   1.511115e-12   48
  9.424778e-02   1.394573e-11   1.271566e-09   2.444399e-12   30
  9.554781e-02   1.373445e-11   0.000000e+00   3.069376e-12   24
  9.683039e-02   1.292461e-11   2.369423e-09   1.356058e-12   72
  9.934588e-02   7.438192e-12   0.000000e+00   1.428998e-12   24
  1.005800e-01   1.040285e-11   0.000000e+00   1.001782e-12   96
  1.017992e-01   7.768714e-12   0.000000e+00   1.062702e-12   48
  1.030040e-01   6.254298e-12   1.946680e-09   1.512173e-12   24
  1.041948e-01   4.768941e-12   1.946680e-09   9.940274e-13   24
  1.053722e-01   1.081026e-11   0.000000e+00   1.304359e-12   72
  1.065366e-01   8.438146e-12   0.000000e+00   1.292966e-12   48
  1.088280e-01   6.312111e-12   1.192093e-09   1.819256e-12   8
  1.099557e-01   1.041484e-11   1.412851e-09   1.303757e-12   54
  1.110721e-01   6.487866e-12   0.000000e+00   1.074548e-12   84
  1.121773e-01   7.847259e-12   0.000000e+00   1.142711e-12   48
  1.132717e-01   4.572133e-12   1.589457e-09   7.988069e-13   24
  1.143557e-01   6.168750e-12   2.119276e-09   7.135009e-13   72
  1.154295e-01   7.956028e-12   0.000000e+00   9.081258e-13   96
  1.175476e-01   9.966821e-12   0.000000e+00   1.090646e-12   48
  1.185925e-01   5.658358e-12   0.000000e+00   5.503313e-13   48
  1.196283e-01   5.230663e-12   0.000000e+00   1.024941e-12   24
  1.206552e-01   5.570803e-12   0.000000e+00   6.155881e-13   72
  1.226831e-01   5.335900e-12   0.000000e+00   6.304673e-13   72
  1.236846e-01   5.404877e-12   0.000000e+00   6.150791e-13   96
  1.256637e-01   9.254938e-12   0.000000e+00   4.026449e-12   6
  1.266416e-01   6.133542e-12   0.000000e+00   6.352053e-13   96
  1.276121e-01   6.293780e-12   1.589457e-09   6.739675e-13   96
  1.285752e-01   3.795067e-12   0.000000e+00   9.115697e-13   24
  1.295312e-01   4.554232e-12   1.589457e-09   5.151882e-13   48
  1.304801e-01   4.711575e-12   0.000000e+00   4.740436e-13   96
  1.314222e-01   4.585787e-12   0.000000e+00   6.386850e-13   48
  1.332865e-01   4.496795e-12   1.498555e-09   7.664369e-13   36
  1.342089e-01   4.487412e-12   2.753021e-09   5.582958e-13   48
  1.351250e-01   4.838400e-12   3.114687e-09   4.299359e-13   120
  1.360350e-01   4.116212e-12   0.000000e+00   5.455887e-13   56
  1.369388e-01   2.186271e-12   1.589457e-09   3.915977e-13   24
  1.378368e-01   3.271359e-12   0.000000e+00   2.945601e-13   96
  1.387290e-01   3.359658e-12   0.000000e+00   4.259556e-13   48
  1.404963e-01   4.542992e-12   2.247832e-09   8.391683e-13   24
  1.413717e-01   4.443219e-12   0.000000e+00   4.524010e-13   102
  1.422417e-01   5.274729e-12   1.589457e-09   8.146559e-13   48
  1.431064e-01   4.284489e-12   0.000000e+00   4.442514e-13   72
  1.439659e-01   3.794514e-12   0.000000e+00   3.783126e-13   48
  1.448203e-01   4.501456e-12   0.000000e+00   8.204117e-13   48
  1.456697e-01   3.538488e-12   3.596531e-09   3.396644e-13   120
  1.473538e-01   4.275318e-12   2.247832e-09   6.871027e-13   24
  1.481886e-01   2.876243e-12   2.119276e-09   2.439754e-13   144
  1.490188e-01   2.841914e-12   2.543132e-09   2.899611e-13   120
  1.498444e-01   2.667231e-12   2.247832e-09   3.790792e-13   48
  1.514821e-01   3.215197e-12   2.247832e-09   4.349411e-13   48
  1.522944e-01   2.604083e-12   2.247832e-09   2.540658e-13   96
  1.544390e-01   3.038271e-12   3.768959e-04   3.501485e-13   72
  1.555009e-01   2.471011e-12   1.998073e-09   1.872554e-13   108
  1.562923e-01   2.686433e-12   0.000000e+00   2.834886e-13   72
  1.570796e-01   1.853320e-12   0.000000e+00   4.121083e-13   30
  1.578631e-01   2.810152e-12   0.000000e+00   2.128045e-13   168
  1.586427e-01   3.305203e-12   0.000000e+00   4.057466e-13   48
  1.601904e-01   1.954375e-12   0.000000e+00   2.412565e-13   72
  1.609587e-01   2.697210e-12   0.000000e+00   2.668638e-13   96
  1.617234e-01   2.390473e-12   4.238553e-09   3.696931e-13   72
  1.624844e-01   2.646116e-12   0.000000e+00   2.861086e-13   72
  1.637639e-01   2.577726e-12   3.480039e-04   2.082719e-13   104
  1.647465e-01   2.278152e-12   2.997109e-09   1.724641e-13   144
  1.669779e-01   1.596425e-12   5.026305e-09   1.562008e-13   96
  1.677152e-01   1.458366e-12   0.000000e+00   1.533787e-13   96
  1.688876e-01   2.129867e-12   3.580185e-04   1.963852e-13   120
  1.699076e-01   1.814580e-12   0.000000e+00   1.590342e-13   120
  1.706322e-01   2.242734e-12   0.000000e+00   2.470889e-13   72
  1.720721e-01   2.413803e-12   0.000000e+00   3.206006e-13   48
  1.727876e-01   2.219329e-12   3.912510e-09   2.792352e-13   78
  1.737029e-01   2.353401e-12   3.205713e-04   1.904225e-13   168
  1.756204e-01   2.106640e-12   3.670694e-09   1.796172e-13   144
  1.763215e-01   2.481193e-12   2.997109e-09   1.823305e-13   144
  1.783549e-01   1.952049e-12   1.846233e-04   1.823510e-13   156
  1.790983e-01   1.661514e-12   3.893359e-09   3.430831e-13   48
  1.797859e-01   1.779190e-12   2.543132e-09   1.621493e-13   120
  1.804708e-01   1.171009e-12   0.000000e+00   1.237236e-13   48
  1.816818e-01   1.838767e-12   2.825996e-04   1.359743e-13   216
  1.831848e-01   1.266533e-12   0.000000e+00   1.474697e-13   48
  1.838570e-01   1.397873e-12   2.247832e-09   1.176535e-13   96
  1.848128e-01   1.595975e-12   3.302618e-04   1.451232e-13   168
  1.858591e-01   1.238447e-12   2.247832e-09   1.792060e-13   48
  1.865217e-01   1.834002e-12   0.000000e+00   1.866026e-13   96
  1.871820e-01   1.397036e-12   0.000000e+00   2.528145e-13   48
  1.884956e-01   1.867316e-12   2.543132e-09   2.202394e-13   30
  1.891489e-01   1.297002e-12   0.000000e+00   1.101600e-13   96
  1.899298e-01   1.550045e-12   2.595564e-04   1.126843e-13   240
  1.909339e-01   2.686316e-12   2.800239e-04   4.091750e-13   32
  1.917401e-01   1.125878e-12   0.000000e+00   8.439948e-14   168
  1.923825e-01   1.269037e-12   0.000000e+00   1.229809e-13   120
  1.936608e-01   1.173144e-12   4.738846e-09   1.509129e-13   72
  1.942968e-01   1.612933e-12   2.119276e-09   1.542608e-13   144
  1.949307e-01   1.244565e-12   0.000000e+00   1.195693e-13   96
  1.955626e-01   1.456755e-12   0.000000e+00   1.182039e-13   96
  1.968202e-01   2.010512e-12   0.000000e+00   2.533502e-13   72
  1.974460e-01   1.217669e-12   3.178914e-09   1.237272e-13   96
  1.986918e-01   1.665590e-12   0.000000e+00   3.020617e-13   24
  1.993117e-01   1.376200e-12   0.000000e+00   9.476253e-14   192
  2.000418e-01   1.272569e-12   2.376333e-04   1.012349e-13   132
  2.011601e-01   1.415260e-12   0.000000e+00   1.184991e-13   96
  2.017724e-01   8.552959e-13   0.000000e+00   8.675347e-14   96
  2.023829e-01   1.111074e-12   2.543132e-09   8.724650e-14   120
  2.035985e-01   1.187902e-12   0.000000e+00   1.558106e-13   48
  2.045948e-01   9.903229e-13   2.879924e-04   6.061296e-14   222
  2.054083e-01   1.210175e-12   0.000000e+00   1.108142e-13   120
  2.060080e-01   9.305215e-13   3.893359e-09   1.943924e-13   24
  2.068812e-01   1.418347e-12   2.972500e-04   8.721792e-14   312
  2.087838e-01   1.497746e-12   2.786838e-04   1.619527e-13   72
  2.095704e-01   1.000735e-12   3.893359e-09   1.114198e-13   96
  2.103781e-01   1.260044e-12   2.838009e-04   1.085206e-13   192
  2.113290e-01   1.022012e-12   3.596531e-09   1.143463e-13   120
  2.119120e-01   1.050344e-12   0.000000e+00   9.879257e-14   144
  2.130732e-01   1.008122e-12   0.000000e+00   1.410488e-13   48
  2.138985e-01   9.161783e-13   2.853717e-04   5.941428e-14   336
  2.148032e-01   9.974372e-13   0.000000e+00   1.193467e-13   48
  2.159488e-01   9.518965e-13   0.000000e+00   9.459952e-14   192
  2.165193e-01   7.648395e-13   0.000000e+00   9.039815e-14   48
  2.181411e-01   8.113063e-13   1.980854e-04   9.876904e-14   56
  2.189475e-01   8.950739e-13   2.544090e-04   5.065270e-14   336
  2.199115e-01   9.064162e-13   2.825702e-09   1.505390e-13   54
  2.207512e-01   8.630522e-13   2.794324e-04   5.815634e-14   240
  2.224945e-01   8.857409e-13   2.675587e-04   7.669254e-14   228
  2.232521e-01   8.667771e-13   2.997109e-09   1.120431e-13   72
  2.239875e-01   9.515501e-13   2.595385e-04   7.285202e-14   144
  2.249038e-01   8.591559e-13   0.000000e+00   8.237796e-14   96
  2.254517e-01   7.997187e-13   3.596531e-09   5.839809e-14   240
  2.265435e-01   5.954612e-13   3.178914e-09   1.008231e-13   24
  2.272424e-01   8.080905e-13   2.451321e-04   4.579927e-14   336
  2.281713e-01   5.528176e-13   0.000000e+00   6.350837e-14   72
  2.290193e-01   9.388893e-13   2.666265e-04   7.384397e-14   168
  2.297877e-01   7.235260e-13   0.000000e+00   7.632506e-14   72
  2.308590e-01   1.064314e-12   0.000000e+00   1.119930e-13   96
  2.316886e-01   6.169087e-13   2.646263e-04   4.410379e-14   216
  2.324566e-01   5.449607e-13   0.000000e+00   4.258657e-14   96
  2.335157e-01   6.842786e-13   3.178914e-09   4.460226e-14   192
  2.340434e-01   6.991973e-13   2.997109e-09   5.454661e-14   144
  2.350953e-01   5.405055e-13   0.000000e+00   6.725569e-14   48
  2.358236e-01   7.304284e-13   2.551309e-04   5.586629e-14   246
  2.368131e-01   8.738380e-13   2.352347e-04   7.293969e-14   168
  2.377046e-01   7.262580e-13   6.229375e-09   1.001637e-13   120
  2.382231e-01   5.956118e-13   0.000000e+00   4.667692e-14   240
  2.392566e-01   5.236942e-13   0.000000e+00   1.085072e-13   24
  2.400800e-01   6.322859e-13   2.517980e-04   3.767067e-14   360
  2.411056e-01   8.067916e-13   2.507265e-04   7.010658e-14   120
  2.418210e-01   6.547110e-13   0.000000e+00   5.637691e-14   144
  2.423307e-01   8.430304e-13   0.000000e+00   7.796688e-14   96
  2.438532e-01   6.619973e-13   0.000000e+00   5.009516e-14   144
  2.443586e-01   7.801695e-13   0.000000e+00   7.357328e-14   132
  2.450688e-01   5.660351e-13   2.474633e-04   4.481976e-14   176
  2.460999e-01   6.026470e-13   2.498881e-04   3.604479e-14   312
  2.473693e-01   7.239404e-13   0.000000e+00   1.001503e-13   96
  2.478675e-01   4.808383e-13   0.000000e+00   4.493871e-14   144
  2.486319e-01   6.204752e-13   2.473817e-04   4.097751e-14   312
  2.498505e-01   5.466346e-13   0.000000e+00   5.654114e-14   48
  2.503437e-01   5.185366e-13   3.178914e-09   3.741954e-14   192
  2.513274e-01   3.797555e-13   0.000000e+00   1.147752e-13   6
  2.519810e-01   5.012214e-13   2.307253e-04   3.005019e-14   288
  2.530395e-01   5.486225e-13   2.437763e-04   4.499064e-14   192
  2.537699e-01   5.015923e-13   7.476104e-09   3.487277e-14   216
  2.542556e-01   5.815551e-13   0.000000e+00   8.402293e-14   72
  2.554657e-01   5.725655e-13   2.414611e-04   5.578408e-14   192
  2.562693e-01   6.226979e-13   1.792979e-04   4.441148e-14   288
  2.571504e-01   4.608640e-13   0.000000e+00   9.368594e-14   24
  2.578312e-01   5.411222e-13   2.362101e-04   3.233917e-14   456
  2.590624e-01   4.152563e-13   0.000000e+00   7.394859e-14   48
  2.598231e-01   5.291664e-13   2.326575e-04   3.957290e-14   240
  2.606974e-01   6.261421e-13   2.351266e-04   4.437362e-14   216
  2.614326e-01   4.529130e-13   0.000000e+00   5.400595e-14   72
  2.619041e-01   4.006363e-13   8.123736e-09   3.511195e-14   168
  2.632353e-01   4.937438e-13   1.747662e-04   3.500320e-14   288
  2.639818e-01   5.322532e-13   2.312456e-04   4.229820e-14   168
  2.651809e-01   5.296936e-13   0.000000e+00   4.751023e-14   192
  2.656458e-01   3.902384e-13   2.997109e-09   2.834624e-14   144
  2.665730e-01   6.942908e-13   2.997109e-09   9.373779e-14   36
  2.673593e-01   3.848028e-13   2.111764e-04   2.323189e-14   342
  2.681111e-01   4.519016e-13   2.168525e-04   5.019174e-14   144
  2.690776e-01   4.716649e-13   2.274240e-04   3.159279e-14   384
  2.702500e-01   5.283849e-13   6.229375e-09   5.495420e-14   120
  2.708303e-01   5.165612e-13   2.027960e-04   3.135873e-14   264
  2.716161e-01   4.218736e-13   1.005261e-08   3.438240e-14   192
  2.723561e-01   3.966681e-13   2.185515e-04   3.244016e-14   152
  2.729753e-01   4.080555e-13   5.994218e-09   4.360095e-14   144
  2.742778e-01   3.071668e-13   1.414487e-04   2.462256e-14   216
  2.748807e-01   4.817779e-13   1.890132e-04   2.948360e-14   312
  2.759419e-01   3.994842e-13   2.190625e-04   2.673583e-14   240
  2.765672e-01   3.997610e-13   3.178914e-09   3.935402e-14   96
  2.777541e-01   2.816046e-13   2.094396e-04   2.333474e-14   144
  2.784857e-01   3.910150e-13   2.058607e-04   2.175346e-14   456
  2.796723e-01   2.548232e-13   0.000000e+00   1.794606e-14   120
  2.801131e-01   3.340770e-13   0.000000e+00   3.306288e-14   144
  2.809926e-01   2.816351e-13   4.495664e-09   4.423647e-14   24
  2.815564e-01   3.302508e-13   1.978798e-04   1.782971e-14   336
  2.825316e-01   3.336733e-13   2.182345e-04   2.628815e-14   198
  2.834454e-01   4.018741e-13   2.122205e-04   2.901915e-14   432
  2.844833e-01   5.940983e-13   6.357829e-09   7.247105e-14   48
  2.850248e-01   4.579207e-13   1.873540e-04   2.793629e-14   384
  2.859970e-01   3.532858e-13   2.156842e-04   3.704070e-14   144
  2.868780e-01   5.103180e-13   2.141460e-04   4.501029e-14   264
  2.879317e-01   2.927009e-13   0.000000e+00   2.863322e-14   48
  2.886387e-01   3.430681e-13   2.036179e-04   2.375753e-14   276
  2.893208e-01   3.384883e-13   1.845741e-04   3.216109e-14   192
  2.902325e-01   3.214669e-13   2.074207e-04   1.543361e-14   552
  2.913393e-01   2.396550e-13   5.086263e-09   2.845820e-14   120
  2.919972e-01   2.474245e-13   2.099609e-04   1.845645e-14   216
  2.926069e-01   2.750327e-13   5.086263e-09   2.284010e-14   120
  2.936961e-01   3.667245e-13   2.067600e-04   2.035498e-14   408
  2.947075e-01   1.356121e-13   4.495664e-09   1.702653e-14   24
  2.953347e-01   2.960076e-13   2.088648e-04   2.219139e-14   384
  2.962106e-01   2.176671e-13   2.040684e-04   1.403507e-14   240
  2.969712e-01   2.965040e-13   2.055628e-04   2.200227e-14   168
  2.980376e-01   2.000306e-13   0.000000e+00   2.120710e-14   120
  2.987251e-01   3.149633e-13   2.142884e-04   2.146257e-14   350
  2.998430e-01   3.430470e-13   3.527601e-04   2.468942e-14   384
  3.005110e-01   4.033442e-13   0.000000e+00   5.279197e-14   144
  3.017401e-01   2.664955e-13   4.238553e-09   2.209586e-14   288
  3.023819e-01   2.861970e-13   2.019242e-04   2.118076e-14   336
  3.032549e-01   2.442023e-13   1.838353e-04   2.147119e-14   168
  3.037776e-01   3.261032e-13   1.204945e-08   2.686752e-14   336
  3.048586e-01   2.216318e-13   1.908100e-04   1.420456e-14   288
  3.055078e-01   2.699290e-13   1.797918e-04   1.798944e-14   264
  3.066072e-01   2.505678e-13   0.000000e+00   1.978266e-14   240
  3.070093e-01   2.358034e-13   0.000000e+00   2.280080e-14   96
  3.084525e-01   2.946157e-13   2.445048e-04   2.115215e-14   360
  3.091260e-01   2.594533e-13   1.802420e-04   3.200492e-14   168
  3.099770e-01   2.487362e-13   1.964825e-04   1.396519e-14   456
  3.110018e-01   2.142892e-13   5.651403e-09   2.007416e-14   108
  3.115782e-01   1.655063e-13   1.971449e-04   1.072079e-14   264
  3.122973e-01   2.173673e-13   1.758853e-04   1.936908e-14   264
  3.132820e-01   2.542787e-13   1.659735e-04   1.408827e-14   312
  3.145081e-01   2.737501e-13   1.233364e-04   2.679712e-14   270
  3.150220e-01   2.756951e-13   1.565911e-04   2.834502e-14   240
  3.159458e-01   2.851749e-13   1.937229e-04   2.268318e-14   384
  3.165067e-01   1.959883e-13   6.357829e-09   1.503207e-14   192
  3.175962e-01   2.836652e-13   1.554368e-04   2.761103e-14   240
  3.182281e-01   2.803399e-13   1.918342e-04   2.050017e-14   336
  3.194167e-01   2.418198e-13   1.931178e-04   1.306496e-14   480
  3.203808e-01   2.622289e-13   4.238553e-09   3.449243e-14   72
  3.209194e-01   2.640196e-13   1.883074e-04   2.812868e-14   240
  3.216520e-01   1.956389e-13   1.769831e-04   1.222202e-14   312
  3.224917e-01   1.678025e-13   1.912763e-04   1.153661e-14   240
  3.237607e-01   2.207938e-13   1.453205e-04   1.434166e-14   408
  3.242630e-01   1.990774e-13   1.330785e-04   1.321220e-14   336
  3.252448e-01   2.108683e-13   1.689770e-04   1.832987e-14   264
  3.257273e-01   1.579462e-13   0.000000e+00   1.386973e-14   144
  3.270696e-01   2.029956e-13   2.342121e-04   1.381411e-14   464
  3.277768e-01   1.529676e-13   1.862466e-04   1.245770e-14   168
  3.284751e-01   1.988813e-13   1.696301e-04   1.570792e-14   336
  3.297371e-01   2.038110e-13   1.782296e-04   1.523407e-14   414
  3.304484e-01   3.269367e-13   1.855264e-04   3.374080e-14   216
  3.313598e-01   3.944139e-13   4.495664e-09   4.669749e-14   96
  3.317320e-01   2.011637e-13   1.101208e-08   1.733436e-14   384
  3.330355e-01   2.124185e-13   1.851680e-04   1.268081e-14   492
  3.337341e-01   2.148524e-13   1.810784e-04   1.596523e-14   240
  3.345237e-01   1.797455e-13   1.838580e-04   1.231894e-14   312
  3.356141e-01   1.205405e-13   1.837975e-04   1.065538e-14   192
  3.363048e-01   1.987502e-13   1.781220e-04   1.300288e-14   504
  3.372212e-01   1.984233e-13   1.179198e-04   1.698355e-14   408
  3.379427e-01   1.653082e-13   3.612619e-04   1.452367e-14   168
  3.388456e-01   2.251234e-13   1.716026e-04   1.669886e-14   288
  3.396033e-01   1.592754e-13   1.790820e-04   1.237434e-14   288
  3.403794e-01   1.394826e-13   1.801128e-04   8.952675e-15   432
  3.415052e-01   1.833019e-13   1.703267e-04   1.425812e-14   216
  3.421068e-01   1.594062e-13   1.699674e-04   1.172093e-14   360
  3.431777e-01   1.839689e-13   1.658865e-04   1.368412e-14   312
  3.441442e-01   2.459690e-13   0.000000e+00   4.031895e-14   48
  3.447014e-01   1.567531e-13   1.778543e-04   1.006484e-14   432
  3.456992e-01   1.451535e-13   2.966627e-04   1.065084e-14   414
  3.462885e-01   1.710816e-13   6.776666e-09   1.502796e-14   312
  3.473878e-01   1.871838e-13   2.603051e-04   1.496028e-14   528
  3.481296e-01   1.999378e-13   1.366381e-04   2.329742e-14   264
  3.490209e-01   1.826369e-13   1.620153e-04   1.482065e-14   480
  3.501854e-01   1.685619e-13   0.000000e+00   1.373910e-14   288
  3.506883e-01   1.603014e-13   1.740804e-04   1.688387e-14   168
  3.516084e-01   1.894816e-13   2.755688e-04   1.186668e-14   504
  3.526429e-01   2.705802e-13   4.238553e-09   2.910492e-14   144
  3.532937e-01   1.205166e-13   1.769812e-04   7.003313e-15   464
  3.542716e-01   1.256242e-13   2.597299e-04   8.517735e-15   432
  3.547358e-01   1.747717e-13   4.495664e-09   1.700726e-14   192
  3.559351e-01   1.236667e-13   1.925466e-04   7.962993e-15   396
  3.566434e-01   1.249886e-13   1.729600e-04   9.137363e-15   288
  3.573592e-01   1.230587e-13   1.708549e-04   9.776306e-15   336
  3.585027e-01   1.278410e-13   1.081887e-04   8.798485e-15   432
  3.592283e-01   1.432879e-13   2.804101e-04   1.097287e-14   360
  3.600431e-01   1.266008e-13   1.658667e-04   7.287342e-15   384
  3.612003e-01   1.184260e-13   1.464092e-04   1.125243e-14   198
  3.617579e-01   1.425118e-13   1.664197e-04   1.072823e-14   552
  3.627976e-01   1.787525e-13   2.329761e-04   1.805340e-14   432
  3.636656e-01   1.419130e-13   8.899106e-09   1.413170e-14   168
  3.643942e-01   1.801400e-13   2.888052e-04   1.406370e-14   480
  3.653579e-01   9.083077e-14   0.000000e+00   9.547468e-15   120
  3.657917e-01   1.467649e-13   2.358836e-04   1.283528e-14   336
  3.668502e-01   1.310504e-13   1.664122e-04   8.503760e-15   672
  3.678969e-01   1.530223e-13   2.420693e-04   8.905226e-15   528
  3.683844e-01   8.116882e-14   7.266090e-09   6.484226e-15   168
  3.695106e-01   1.420273e-13   2.700266e-04   9.982359e-15   456
  3.701979e-01   1.891894e-13   1.649075e-04   3.157154e-14   168
  3.709113e-01   1.295357e-13   1.646115e-04   9.030501e-15   504
  3.720973e-01   9.425459e-14   2.118297e-04   9.359854e-15   336
  3.728144e-01   1.425788e-13   1.527042e-04   1.136132e-14   312
  3.736099e-01   1.281908e-13   1.492023e-04   9.732876e-15   504
  3.746568e-01   1.048993e-13   1.035207e-04   6.008185e-15   432
  3.751490e-01   8.739487e-14   1.599738e-04   5.347261e-15   312
  3.761721e-01   9.768436e-14   1.639809e-04   6.329539e-15   384
  3.772403e-01   1.711590e-13   1.393208e-04   3.095808e-14   126
  3.778999e-01   1.279343e-13   2.446141e-04   9.726552e-15   492
  3.787423e-01   1.426270e-13   1.566756e-04   1.086427e-14   528
  3.797950e-01   1.145422e-13   1.591488e-04   9.439106e-15   480
  3.804477e-01   1.492988e-13   2.198632e-04   1.249865e-14   432
  3.813922e-01   1.331881e-13   1.728933e-04   1.121488e-14   440
  3.824891e-01   1.445906e-13   8.597912e-05   1.216188e-14   312
  3.829007e-01   1.133558e-13   1.288469e-04   1.226734e-14   480
  3.837450e-01   1.195251e-13   2.522797e-04   1.099142e-14   408
  3.849786e-01   1.450523e-13   1.510870e-04   1.159602e-14   360
  3.854998e-01   1.115012e-13   1.457935e-04   9.331222e-15   408
  3.864656e-01   8.163177e-14   1.483633e-04   6.846861e-15   456
  3.875531e-01   1.113197e-13   1.417988e-04   8.271295e-15   264
  3.881567e-01   1.091965e-13   1.538873e-04   9.333446e-15   384
  3.890354e-01   9.971253e-14   2.590801e-04   6.445565e-15   672
  3.900512e-01   1.384131e-13   1.549634e-04   1.548390e-14   240
  3.906373e-01   8.220405e-14   1.572490e-04   5.431856e-15   264
  3.914646e-01   5.987924e-14   1.939407e-04   3.819502e-15   624
  3.926991e-01   7.861081e-14   0.000000e+00   1.259427e-14   150
  3.931386e-01   1.412029e-13   2.173259e-04   1.036719e-14   600
  3.940655e-01   1.061041e-13   1.499928e-04   7.086069e-15   672
  3.951151e-01   9.465570e-14   1.410788e-04   1.215998e-14   336
  3.956998e-01   1.504631e-13   1.534526e-04   1.292270e-14   408
  3.966340e-01   1.166340e-13   1.530911e-04   1.233521e-14   408
  3.976732e-01   9.675571e-14   7.741108e-05   7.355430e-15   360
  3.983137e-01   1.205966e-13   2.842286e-04   1.069808e-14   456
  3.990874e-01   9.940541e-14   1.545652e-04   9.242271e-15   384
  4.000722e-01   6.773025e-14   1.426833e-04   4.808583e-15   348
  4.006044e-01   1.225544e-13   1.759003e-04   8.945505e-15   576
  4.016040e-01   8.054491e-14   1.448308e-04   5.632954e-15   504
  4.026266e-01   8.767233e-14   2.042754e-04   7.157714e-15   432
  4.035193e-01   7.845525e-14   2.779157e-04   4.638267e-15   576
  4.041559e-01   8.112291e-14   0.000000e+00   9.762358e-15   264
  4.051657e-01   8.268160e-14   2.211515e-04   4.673570e-15   768
  4.060439e-01   4.647609e-14   2.977401e-04   3.400634e-15   240
  4.067421e-01   7.885212e-14   2.625786e-04   1.148489e-14   192
  4.077592e-01   6.351058e-14   1.932899e-04   3.639052e-15   504
  4.085134e-01   1.002668e-13   2.604655e-04   1.073061e-14   590
  4.092368e-01   1.086257e-13   2.918373e-04   1.127401e-14   384
  4.101438e-01   8.612221e-14   2.438900e-04   7.334832e-15   504
  4.112389e-01   1.195404e-13   2.347064e-04   9.166634e-15   648
  4.123011e-01   7.755878e-14   6.374317e-05   7.154979e-15   504
  4.127294e-01   7.400320e-14   1.454101e-04   6.087758e-15   312
  4.134855e-01   1.001624e-13   2.095003e-04   7.408500e-15   576
  4.145236e-01   1.120036e-13   1.457924e-04   1.375082e-14   240
  4.151287e-01   6.334862e-14   1.473162e-04   4.142585e-15   552
  4.159853e-01   1.068361e-13   1.383265e-04   9.530642e-15   600
  4.172054e-01   7.977091e-14   1.689549e-04   6.129101e-15   600
  4.179389e-01   6.917130e-14   2.705679e-04   5.927931e-15   312
  4.186695e-01   9.261715e-14   2.356379e-04   7.013726e-15   480
  4.195820e-01   7.063842e-14   1.470154e-04   6.306090e-15   576
  4.203854e-01   1.071668e-13   2.367268e-04   9.930526e-15   408
  4.210983e-01   2.732728e-14   2.761527e-04   2.025022e-15   216
  4.220194e-01   6.272011e-14   2.115019e-04   4.658582e-15   516
  4.230063e-01   6.984248e-14   2.017943e-04   4.272570e-15   744
  4.240243e-01   7.766905e-14   1.347808e-04   6.029120e-15   462
  4.245995e-01   8.523306e-14   1.369852e-04   1.023935e-14   432
  4.254918e-01   9.866708e-14   1.270838e-04   7.310280e-15   648
  4.265409e-01   8.902262e-14   1.859472e-04   9.143501e-15   528
  4.273836e-01   7.638953e-14   2.239269e-04   5.708782e-15   600
  4.282256e-01   1.458686e-13   2.823132e-04   2.316822e-14   240
  4.290411e-01   7.339355e-14   2.162492e-04   5.850601e-15   720
  4.299890e-01   7.223909e-14   1.710922e-04   5.096078e-15   720
  4.310398e-01   2.281903e-14   0.000000e+00   2.123511e-15   144
  4.315927e-01   7.885001e-14   2.205891e-04   5.360765e-15   720
  4.323793e-01   8.291405e-14   1.322696e-04   6.660174e-15   384
  4.333641e-01   5.803663e-14   1.466278e-04   3.629121e-15   672
  4.342984e-01   9.647572e-14   2.567292e-04   1.010839e-14   336
  4.347447e-01   8.632391e-14   0.000000e+00   9.775279e-15   288
  4.358374e-01   5.617459e-14   2.031840e-04   3.763326e-15   776
  4.368489e-01   5.152961e-14   1.738547e-04   3.062080e-15   720
  4.376985e-01   4.479835e-14   1.400528e-04   3.392534e-15   432
  4.383780e-01   7.897998e-14   1.996629e-04   8.499738e-15   504
  4.391339e-01   5.429920e-14   1.398922e-04   4.283161e-15   528
  4.401917e-01   7.363517e-14   1.905949e-04   8.304367e-15   438
  4.410618e-01   8.680035e-14   2.218350e-04   8.542904e-15   624
  4.417176e-01   8.350945e-14   2.717180e-04   9.559479e-15   312
  4.426191e-01   9.309025e-14   1.463948e-04   6.155671e-15   696
  4.435512e-01   7.334210e-14   1.324608e-04   7.151887e-15   552
  4.445207e-01   6.803615e-14   1.024805e-04   6.162833e-15   516
  4.451205e-01   8.836046e-14   2.046970e-04   8.165014e-15   528
  4.458506e-01   2.902468e-14   1.331200e-04   1.760992e-15   528
  4.468878e-01   7.265234e-14   1.755583e-04   5.650566e-15   864
  4.475918e-01   6.809538e-14   2.404788e-04   6.653894e-15   408
  4.482965e-01   9.253282e-14   2.382549e-04   7.858485e-15   192
  4.492953e-01   4.993332e-14   1.971674e-04   3.967658e-15   720
  4.501385e-01   4.868941e-14   1.817980e-04   3.642960e-15   696
  4.511404e-01   5.577991e-14   1.963435e-04   3.716053e-15   720
  4.520570e-01   5.385892e-14   2.661201e-04   4.325285e-15   432
  4.525916e-01   3.573586e-14   1.566487e-04   3.438860e-15   264
  4.535534e-01   5.066595e-14   2.163249e-04   3.300320e-15   672
  4.544137e-01   5.801904e-14   2.214835e-04   4.258175e-15   600
  4.554346e-01   3.029381e-14   1.296784e-04   4.903248e-15   270
  4.559493e-01   7.022214e-14   1.952021e-04   7.698235e-15   528
  4.567673e-01   7.072667e-14   1.336675e-04   4.992366e-15   840
  4.578890e-01   8.229464e-14   2.555961e-04   5.941120e-15   888
  4.589254e-01   5.154623e-14   1.904380e-04   4.170606e-15   744
  4.598014e-01   6.135518e-14   9.785730e-05   4.911307e-15   456
  4.602370e-01   9.997483e-14   1.337280e-04   7.819139e-15   360
  4.609825e-01   5.631230e-14   1.158678e-04   7.735159e-15   384
  4.621264e-01   5.459646e-14   1.858509e-04   3.469721e-15   816
  4.629847e-01   5.828632e-14   2.696437e-04   3.942602e-15   824
  4.640279e-01   4.945780e-14   1.253432e-04   6.132541e-15   360
  4.645865e-01   5.995218e-14   1.849595e-04   4.021088e-15   624
  4.653553e-01   6.311445e-14   1.249856e-04   6.280022e-15   360
  4.663795e-01   4.902347e-14   1.700172e-04   3.633306e-15   876
  4.673045e-01   4.337802e-14   2.019296e-04   3.306149e-15   696
  4.682373e-01   3.302400e-14   1.303928e-04   3.109373e-15   336
  4.687264e-01   6.415635e-14   1.302463e-04   6.763836e-15   504
  4.695341e-01   4.725812e-14   1.313750e-04   4.500917e-15   672
  4.707324e-01   3.369631e-14   2.615370e-04   2.418895e-15   720
  4.715635e-01   5.784364e-14   1.975633e-04   5.267497e-15   774
  4.724808e-01   1.105670e-13   1.130801e-04   1.343438e-14   384
  4.729612e-01   7.692151e-14   2.176147e-04   7.449091e-15   528
  4.737068e-01   6.069927e-14   2.073989e-04   4.749191e-15   744
  4.749062e-01   6.857136e-14   1.710601e-04   5.143964e-15   768
  4.757025e-01   6.872255e-14   1.920278e-04   7.547269e-15   552
  4.766960e-01   4.553460e-14   2.092886e-04   3.638152e-15   696
  4.774351e-01   7.540672e-14   2.543221e-04   7.444824e-15   408
  4.780218e-01   6.173539e-14   1.098692e-04   5.337740e-15   504
  4.789519e-01   4.565281e-14   1.973758e-04   3.370408e-15   888
  4.798671e-01   4.331191e-14   2.051305e-04   4.246190e-15   648
  4.808184e-01   4.263656e-14   2.033722e-04   3.587292e-15   648
  4.817134e-01   4.407592e-14   2.192851e-04   3.487414e-15   792
  4.826614e-01   3.684247e-14   3.208291e-04   3.069606e-15   600
  4.833600e-01   2.432380e-14   2.174285e-04   1.735824e-15   456
  4.840953e-01   4.447573e-14   1.059654e-04   3.549061e-15   648
  4.850397e-01   3.520229e-14   2.066479e-04   2.355192e-15   936
  4.860593e-01   5.241768e-14   1.269084e-04   4.136907e-15   384
  4.869469e-01   7.605610e-16   0.000000e+00   5.351490e-17   198
  4.876318e-01   7.808711e-16   3.219776e-04   2.494846e-17   1224
  4.883707e-01   8.247387e-16   2.344988e-04   4.289907e-17   420
  4.892446e-01   7.065879e-16   2.269458e-04   2.846277e-17   792
  4.900991e-01   7.354761e-16   1.876648e-04   2.797674e-17   680
  4.910742e-01   7.452743e-16   1.723226e-04   3.559127e-17   600
  4.918588e-01   7.359774e-16   2.499151e-04   2.507384e-17   840
  4.929064e-01   8.707117e-16   1.179983e-04   4.688983e-17   432
  4.933067e-01   7.384475e-16   1.105800e-04   2.967695e-17   720
  4.941771e-01   7.949202e-16   2.214723e-04   2.718788e-17   960
  4.952596e-01   7.598214e-16   1.974263e-04   3.559313e-17   528
  4.960507e-01   6.965499e-16   2.018074e-04   3.002850e-17   624
  4.969923e-01   7.827537e-16   1.586192e-04   2.906666e-17   816
  4.979269e-01   6.426733e-16   2.608527e-04   2.520907e-17   696
  4.989597e-01   7.919896e-16   1.438612e-08   5.295668e-17   240
  4.993481e-01   7.873536e-16   1.538310e-04   3.347553e-17   672
  5.002149e-01   6.767391e-16   2.749181e-04   2.551830e-17   864
  5.011872e-01   6.639100e-16   2.109550e-04   2.522079e-17   816
  5.020636e-01   6.586119e-16   1.207434e-04   2.876656e-17   648
  5.030076e-01   7.127363e-16   1.234217e-04   2.382253e-17   843
  5.038089e-01   5.969125e-16   2.220660e-04   2.387875e-17   780
  5.047639e-01   5.682704e-16   1.191565e-04   3.692889e-17   216
  5.053529e-01   6.298947e-16   2.873328e-04   1.959264e-17   1056
  5.062588e-01   7.388564e-16   2.350705e-04   4.450249e-17   228
  5.070976e-01   6.743789e-16   2.926687e-04   2.375501e-17   924
  5.079587e-01   6.989284e-16   1.085637e-04   2.639600e-17   696
  5.088706e-01   5.660161e-16   1.932122e-04   1.951268e-17   996
  5.098035e-01   5.987792e-16   1.140687e-04   2.578902e-17   576
  5.107740e-01   6.156648e-16   1.760574e-04   3.098330e-17   552
  5.114815e-01   6.979607e-16   2.102064e-04   3.359648e-17   516
  5.121995e-01   6.213840e-16   3.056837e-04   2.187641e-17   744
  5.130199e-01   6.055053e-16   1.499561e-04   2.905985e-17   576
  5.137336e-01   5.446473e-16   1.543428e-04   2.056898e-17   792
  5.147477e-01   5.983165e-16   1.764424e-04   2.188020e-17   792
  5.154909e-01   5.816931e-16   1.902913e-04   2.266304e-17   720
  5.164960e-01   5.287414e-16   2.168883e-04   1.930709e-17   656
  5.174379e-01   5.649112e-16   2.368308e-04   2.145477e-17   816
  5.184034e-01   5.324676e-16   1.276952e-04   2.427729e-17   492
  5.189522e-01   5.793548e-16   1.836985e-04   2.435928e-17   552
  5.199822e-01   5.003452e-16   3.194294e-04   2.300415e-17   780
  5.206511e-01   5.519838e-16   1.962217e-04   2.842919e-17   528
  5.213718e-01   5.099870e-16   2.290504e-04   2.156005e-17   600
  5.224340e-01   5.846015e-16   1.903590e-04   1.948336e-17   900
  5.231662e-01   5.298847e-16   1.053860e-04   2.458527e-17   696
  5.241734e-01   5.017171e-16   2.664725e-04   1.966215e-17   696
  5.251479e-01   5.113009e-16   1.081054e-04   2.110905e-17   552
  5.259673e-01   4.167048e-16   1.257166e-04   1.791310e-17   708
  5.268258e-01   5.044490e-16   2.075652e-04   1.939271e-17   876
  5.277190e-01   5.698320e-16   1.102130e-04   5.428224e-17   216
  5.283184e-01   4.927464e-16   3.014475e-04   1.636742e-17   1032
  5.292161e-01   4.532492e-16   3.356286e-04   2.038710e-17   600
  5.301478e-01   4.158833e-16   1.601495e-04   1.690284e-17   600
  5.308585e-01   4.736007e-16   2.828090e-04   2.463531e-17   528
  5.316987e-01   4.610904e-16   1.552497e-04   1.852764e-17   732
  5.325837e-01   4.452312e-16   1.146378e-04   2.543791e-17   336
  5.336024e-01   4.420658e-16   1.633817e-04   1.561180e-17   912
  5.343638e-01   3.881152e-16   1.639857e-04   1.631550e-17   624
  5.351957e-01   4.392998e-16   1.381873e-04   1.816053e-17   768
  5.361666e-01   4.915608e-16   2.493171e-04   1.943257e-17   792
  5.371196e-01   4.147539e-16   1.236011e-04   1.901995e-17   660
  5.377977e-01   3.958048e-16   1.821461e-04   2.231207e-17   504
  5.384990e-01   4.094090e-16   2.975919e-04   2.086830e-17   480
  5.395501e-01   3.099746e-16   2.752337e-04   1.134429e-17   912
  5.403731e-01   4.684688e-16   3.065154e-04   2.795157e-17   432
  5.411504e-01   3.967981e-16   1.820016e-04   1.969096e-17   564
  5.418405e-01   4.041763e-16   1.742006e-04   1.884802e-17   600
  5.428119e-01   4.410813e-16   2.428192e-04   1.694694e-17   876
  5.435417e-01   4.133344e-16   1.091788e-04   2.616825e-17   264
  5.445477e-01   4.031020e-16   2.118499e-04   1.820348e-17   560
  5.453563e-01   3.575995e-16   1.439565e-04   1.280388e-17   840
  5.463378e-01   3.360642e-16   2.219395e-04   1.318196e-17   1008
  5.472454e-01   3.591136e-16   9.928084e-05   1.789593e-17   456
  5.480744e-01   4.230784e-16   1.286043e-04   2.027486e-17   576
  5.488407e-01   3.845148e-16   1.976142e-04   1.766382e-17   612
  5.498512e-01   3.608326e-16   1.765015e-04   1.546896e-17   780
  5.506755e-01   3.729324e-16   2.022627e-04   1.625820e-17   648
  5.515194e-01   4.227227e-16   9.425702e-05   3.200756e-17   312
  5.520587e-01   3.126115e-16   2.394916e-04   1.371074e-17   528
  5.529931e-01   3.058972e-16   3.127641e-04   1.345287e-17   720
  5.538866e-01   3.438959e-16   3.137436e-04   2.011443e-17   576
  5.549699e-01   3.184635e-16   2.706443e-04   1.659812e-17   444
  5.556439e-01   3.488014e-16   2.654148e-04   1.236057e-17   996
  5.564699e-01   2.901498e-16   2.217012e-04   1.745783e-17   432
  5.572506e-01   3.496082e-16   2.427192e-04   1.836427e-17   504
  5.579250e-01   3.024943e-16   1.094306e-04   1.602758e-17   504
  5.588852e-01   3.672406e-16   2.153608e-04   1.627886e-17   876
  5.597541e-01   2.995191e-16   2.478597e-04   1.525650e-17   504
  5.606589e-01   2.720644e-16   1.580720e-04   1.318122e-17   696
  5.614066e-01   3.490873e-16   1.351349e-04   1.774097e-17   492
  5.624240e-01   2.691300e-16   1.934522e-04   1.497399e-17   432
  5.631776e-01   3.247760e-16   1.811468e-04   1.343851e-17   768
  5.640708e-01   2.767391e-16   2.256427e-04   1.462264e-17   648
  5.649237e-01   2.474038e-16   1.472076e-04   1.321512e-17   456
  5.659038e-01   2.609504e-16   2.024344e-04   1.309087e-17   552
  5.665845e-01   2.657856e-16   1.387487e-04   1.413376e-17   648
  5.675213e-01   2.508531e-16   2.261525e-04   9.170299e-18   840
  5.684363e-01   3.040743e-16   1.078474e-04   1.652582e-17   432
  5.693524e-01   2.555948e-16   1.320946e-04   1.332658e-17   600
  5.699896e-01   2.957611e-16   1.407382e-04   1.761949e-17   432
  5.710598e-01   2.767182e-16   1.401185e-04   1.329922e-17   560
  5.717846e-01   2.394287e-16   2.217929e-04   1.027224e-17   840
  5.726922e-01   2.917562e-16   1.313712e-04   1.614812e-17   504
  5.734129e-01   2.299098e-16   2.681208e-04   1.085092e-17   696
  5.744289e-01   2.873747e-16   1.464380e-04   1.701946e-17   384
  5.752203e-01   2.112979e-16   2.145144e-04   1.083447e-17   576
  5.761776e-01   2.285485e-16   1.323876e-04   1.547661e-17   360
  5.769491e-01   2.291412e-16   1.971572e-04   1.074718e-17   828
  5.777814e-01   2.195643e-16   1.756051e-04   1.207198e-17   372
  5.785440e-01   2.298460e-16   2.681827e-04   1.077661e-17   576
  5.795542e-01   2.419743e-16   1.123146e-04   1.108452e-17   636
  5.802740e-01   2.219321e-16   2.165136e-04   1.031517e-17   648
  5.812477e-01   2.155355e-16   1.760019e-04   1.061045e-17   576
  5.819467e-01   2.164845e-16   2.839096e-04   1.162537e-17   528
  5.828762e-01   2.154518e-16   1.213831e-04   1.364190e-17   360
  5.836457e-01   1.823063e-16   2.792266e-04   7.873673e-18   672
  5.846504e-01   2.168427e-16   1.430245e-04   9.906372e-18   804
  5.854866e-01   2.243771e-16   1.577731e-04   1.214186e-17   408
  5.864116e-01   2.014786e-16   9.752092e-05   1.125447e-17   384
  5.870345e-01   1.646223e-16   2.231653e-04   1.040937e-17   480
  5.879130e-01   1.890030e-16   1.441975e-04   1.073286e-17   432
  5.887557e-01   2.343122e-16   2.657252e-04   1.068790e-17   648
  5.897530e-01   2.045896e-16   1.648813e-04   1.006977e-17   624
  5.904826e-01   2.017947e-16   1.499734e-04   1.221180e-17   456
  5.914788e-01   1.759667e-16   2.048770e-04   1.102112e-17   588
  5.921465e-01   1.668241e-16   1.307107e-04   8.363163e-18   600
  5.931212e-01   1.721192e-16   2.038766e-04   7.086366e-18   708
  5.938912e-01   1.658119e-16   1.284383e-04   9.298895e-18   360
  5.947420e-01   1.943889e-16   1.476433e-04   1.052057e-17   552
  5.955576e-01   1.744697e-16   1.035752e-04   1.504097e-17   288
  5.963856e-01   1.505815e-16   1.947498e-04   7.532809e-18   528
  5.971636e-01   1.680066e-16   1.313872e-04   8.113475e-18   456
  5.980328e-01   1.800259e-16   2.329780e-04   9.331536e-18   608
  5.989070e-01   1.424738e-16   1.127174e-04   6.732737e-18   504
  5.998623e-01   1.210914e-16   2.419978e-04   6.486325e-18   540
  6.006113e-01   1.934597e-16   2.597778e-04   1.232282e-17   360
  6.014188e-01   1.956541e-16   1.176407e-04   9.526498e-18   540
  6.021329e-01   1.591254e-16   1.010085e-04   8.300919e-18   576
  6.031714e-01   1.578669e-16   2.342044e-04   7.590500e-18   588
  6.041588e-01   1.614248e-16   3.231314e-04   8.064388e-18   672
  6.050070e-01   1.775356e-16   2.469721e-04   8.551422e-18   552
  6.056908e-01   1.112841e-16   2.470970e-04   8.895444e-18   144
  6.065633e-01   1.647933e-16   2.099342e-04   8.177098e-18   600
  6.073906e-01   1.281565e-16   2.630934e-04   7.200458e-18   504
  6.083088e-01   1.450695e-16   2.702501e-04   1.113905e-17   336
  6.092745e-01   1.418296e-16   3.037623e-04   6.770925e-18   600
  6.101395e-01   1.286305e-16   1.960382e-04   7.181743e-18   636
  6.110731e-01   1.556148e-16   1.576165e-04   1.278573e-17   384
  6.117276e-01   1.516389e-16   2.198564e-04   9.868508e-18   504
  6.126710e-01   1.257922e-16   9.227064e-05   9.013834e-18   240
  6.134155e-01   1.396630e-16   2.167569e-04   5.736455e-18   744
  6.143088e-01   1.216045e-16   1.480120e-04   6.169556e-18   648
  6.151027e-01   2.221545e-16   9.825476e-05   1.899488e-17   120
  6.160331e-01   1.130213e-16   1.543455e-04   5.130534e-18   564
  6.167362e-01   1.566479e-16   2.424089e-04   9.044764e-18   432
  6.176746e-01   1.150059e-16   1.881572e-04   7.790544e-18   480
  6.183811e-01   9.063744e-17   1.384885e-04   5.442619e-18   456
  6.192152e-01   1.249367e-16   2.291780e-04   7.788283e-18   444
  6.201616e-01   1.127991e-16   3.506544e-04   7.050270e-18   528
  6.209930e-01   1.372941e-16   2.604238e-04   1.224144e-17   264
  6.217998e-01   1.095923e-16   2.668956e-04   6.306997e-18   444
  6.228852e-01   1.192310e-16   2.923449e-04   5.414522e-18   696
  6.237861e-01   1.287537e-16   1.563558e-04   8.639814e-18   384
  6.244450e-01   1.058045e-16   1.975687e-04   5.796852e-18   432
  6.254698e-01   1.411825e-16   1.365107e-04   8.383958e-18   488
  6.261352e-01   1.295691e-16   2.057386e-04   6.630266e-18   480
  6.270999e-01   1.076866e-16   2.294412e-04   6.931144e-18   480
  6.278471e-01   9.130401e-17   9.626648e-05   6.100037e-18   240
  6.286954e-01   1.157613e-16   2.248709e-04   6.170358e-18   600
  6.294955e-01   8.777124e-17   1.959519e-04   6.115162e-18   288
  6.303474e-01   1.065939e-16   1.884914e-04   6.528028e-18   480
  6.312103e-01   8.686994e-17   3.352926e-04   5.364306e-18   504
  6.320598e-01   1.167351e-16   1.438614e-04   8.332953e-18   216
  6.331433e-01   1.076033e-16   2.355240e-04   6.805209e-18   504
  6.339871e-01   8.556556e-17   1.894329e-04   5.269154e-18   456
  6.349107e-01   1.327985e-16   1.086430e-04   8.363144e-18   384
  6.355225e-01   1.344496e-16   2.205061e-04   8.414956e-18   480
  6.363918e-01   8.155167e-17   1.936290e-04   5.323369e-18   504
  6.371972e-01   1.006905e-16   1.228262e-04   6.456483e-18   312
  6.380652e-01   1.017594e-16   1.979302e-04   6.510146e-18   492
  6.388334e-01   1.184105e-16   1.855135e-04   8.181693e-18   312
  6.398223e-01   8.666982e-17   3.013519e-04   4.384822e-18   576
  6.406929e-01   1.142752e-16   2.781722e-04   9.343814e-18   336
  6.414159e-01   6.014528e-17   2.141797e-04   4.780485e-18   240
  6.424183e-01   9.267002e-17   2.839481e-04   5.534049e-18   468
  6.432837e-01   8.573978e-17   1.777925e-04   8.003650e-18   192
  6.441896e-01   7.270664e-17   1.783224e-04   5.635558e-18   324
  6.448535e-01   8.634946e-17   1.294235e-04   4.724533e-18   600
  6.457583e-01   8.765813e-17   2.099764e-04   5.200808e-18   456
  6.464302e-01   9.344091e-17   9.444737e-05   7.059612e-18   336
  6.475438e-01   9.714973e-17   2.828021e-04   5.774620e-18   612
  6.483539e-01   7.182338e-17   2.373399e-04   1.267136e-17   144
  6.491201e-01   9.528024e-17   2.770366e-04   5.476572e-18   552
  6.501620e-01   4.988452e-17   1.091004e-04   3.168285e-18   264
  6.507507e-01   7.598076e-17   2.525953e-04   6.380147e-18   336
  6.516793e-01   6.459485e-17   1.669063e-04   3.855159e-18   384
  6.524847e-01   7.369943e-17   9.395175e-05   6.718544e-18   216
  6.533762e-01   5.503511e-17   1.991971e-04   3.815592e-18   344
  6.541891e-01   5.770290e-17   2.972114e-04   3.722529e-18   408
  6.551797e-01   6.994654e-17   2.283876e-04   6.777814e-18   264
  6.560575e-01   7.143567e-17   3.183837e-04   4.371478e-18   612
  6.569345e-01   9.569189e-17   1.638646e-04   6.693265e-18   408
  6.578364e-01   6.763550e-17   1.641001e-04   5.667142e-18   444
  6.584991e-01   1.282089e-16   9.177996e-05   1.136390e-17   120
  6.593870e-01   7.842466e-17   2.535712e-04   6.830589e-18   336
  6.600460e-01   6.052872e-17   8.811499e-05   4.606121e-18   288
  6.609366e-01   6.570159e-17   2.742154e-04   3.787141e-18   552
  6.621610e-01   8.785731e-17   0.000000e+00   1.240525e-17   72
  6.627906e-01   6.341077e-17   2.723657e-04   3.895098e-18   504
  6.635259e-01   3.316656e-17   8.764464e-05   3.009843e-18   216
  6.644787e-01   5.036053e-17   1.564835e-04   3.923377e-18   312
  6.653340e-01   4.203917e-17   1.781811e-04   3.167331e-18   336
  6.661492e-01   4.172589e-17   2.469789e-04   3.793643e-18   204
  6.669611e-01   9.482892e-17   2.870270e-04   7.377369e-18   504
  6.678221e-01   8.144299e-17   2.733322e-04   5.506197e-18   396
  6.686501e-01   5.945318e-17   2.506599e-04   5.123535e-18   312
  6.696540e-01   9.581908e-17   1.531800e-04   9.403914e-18   216
  6.703613e-01   5.585082e-17   8.313373e-05   5.771023e-18   168
  6.712208e-01   5.703999e-17   2.099173e-04   3.641952e-18   588
  6.722017e-01   4.034565e-17   2.849381e-04   4.819074e-18   240
  6.729637e-01   3.929963e-17   2.516481e-04   3.646668e-18   264
  6.738575e-01   4.958607e-17   3.112147e-04   4.340797e-18   288
  6.746505e-01   5.320335e-17   1.554077e-04   4.830679e-18   288
  6.756555e-01   4.070529e-17   1.459525e-04   3.433093e-18   288
  6.763322e-01   4.343002e-17   1.690738e-04   3.920789e-18   192
  6.771836e-01   2.970768e-17   1.799115e-04   2.703558e-18   264
  6.779946e-01   8.382411e-17   2.959295e-04   6.095188e-18   372
  6.788675e-01   8.851580e-17   3.196167e-04   7.985361e-18   360
  6.799329e-01   7.790392e-17   1.352648e-04   1.095700e-17   144
  6.804835e-01   4.381617e-17   1.878769e-04   4.435862e-18   296
  6.813527e-01   4.560536e-17   2.024276e-04   4.343109e-18   288
  6.823478e-01   4.858375e-17   3.025230e-04   3.490686e-18   480
  6.832061e-01   4.252581e-17   2.513677e-04   7.272126e-18   192
  6.840407e-01   5.848187e-17   2.696262e-04   5.870957e-18   192
  6.847993e-01   4.003404e-17   1.718359e-04   3.708079e-18   288
  6.858544e-01   1.809743e-17   1.495808e-04   2.243034e-18   108
  6.863859e-01   4.093026e-17   1.438036e-04   4.167709e-18   240
  6.873243e-01   3.058108e-17   2.682690e-04   3.191796e-18   384
  6.882884e-01   4.519720e-17   3.272578e-04   5.067100e-18   108
  6.891409e-01   6.102637e-17   1.918773e-04   4.451545e-18   348
  6.900373e-01   3.927346e-17   2.002507e-04   5.154006e-18   312
  6.908379e-01   4.217581e-17   1.945855e-04   9.404481e-18   96
  6.915741e-01   3.746476e-17   2.590555e-04   3.157411e-18   384
  6.923987e-01   4.124767e-17   1.781778e-04   3.972077e-18   144
  6.932053e-01   4.231239e-17   2.737780e-04   3.466300e-18   408
  6.942079e-01   1.903782e-17   1.221243e-04   3.164437e-18   144
  6.951550e-01   3.892309e-17   2.347853e-04   4.709912e-18   192
  6.957167e-01   4.631224e-17   2.642552e-04   4.731218e-18   144
  6.966323e-01   2.296818e-17   2.148492e-04   2.487828e-18   144
  6.974962e-01   3.950462e-17   2.625805e-04   3.887969e-18   336
  6.985541e-01   1.813509e-17   1.942763e-04   1.432861e-18   240
  6.992249e-01   2.558871e-17   8.821915e-05   3.626015e-18   96
  7.001605e-01   4.602622e-17   2.587043e-04   4.357140e-18   372
  7.011070e-01   3.276845e-17   3.077232e-04   5.448865e-18   132
  7.019384e-01   2.003677e-17   1.904154e-04   1.579862e-18   264
  7.026821e-01   5.268603e-17   1.462304e-04   6.968533e-18   168
  7.034759e-01   3.519950e-17   2.337943e-04   3.126498e-18   216
  7.041771e-01   2.891232e-17   1.430383e-04   3.902732e-18   216
  7.051983e-01   1.062747e-17   2.624157e-04   1.036470e-18   96
  7.061249e-01   4.237908e-17   1.712023e-04   6.286149e-18   120
  7.069747e-01   2.451480e-17   2.176463e-04   2.797252e-18   216
  7.076747e-01   1.891604e-17   9.511215e-05   1.944020e-18   200
  7.086015e-01   2.917813e-17   2.462045e-04   4.087974e-18   288
  7.097902e-01   8.596248e-18   6.478119e-05   6.623000e-19   144
  7.102908e-01   3.076432e-17   2.015951e-04   4.939206e-18   168
  7.113130e-01   3.301505e-17   2.268765e-04   5.890278e-18   159
  7.121109e-01   1.737688e-17   2.380480e-04   1.576546e-18   174
  7.128831e-01   1.579163e-17   2.158536e-04   1.480425e-18   144
  7.138943e-01   2.867561e-17   1.246398e-04   2.927647e-18   222
  7.145705e-01   1.779396e-17   1.257726e-04   2.031499e-18   168
  7.157386e-01   3.020076e-17   2.758677e-04   6.971871e-18   30
  7.162211e-01   6.095914e-18   2.435709e-04   8.028961e-19   72
  7.171298e-01   1.681843e-17   2.173841e-04   1.956070e-18   258
  7.181290e-01   1.495586e-17   1.361533e-04   1.430877e-18   264
  7.186286e-01   1.931378e-17   1.468278e-08   3.229383e-18   72
  7.196697e-01   9.284537e-18   2.698616e-04   1.002616e-18   174
  7.206123e-01   1.985558e-17   2.873527e-04   2.893133e-18   168
  7.213701e-01   5.141688e-18   8.991328e-09   7.110950e-19   48
  7.221837e-01   1.060081e-17   1.622748e-04   1.421340e-18   150
  7.231270e-01   2.173492e-17   2.985162e-04   1.973199e-18   168
  7.240729e-01   1.075359e-17   1.818422e-04   1.144488e-18   144
  7.249427e-01   2.318207e-17   1.698820e-04   3.984855e-18   102
  7.255906e-01   5.227340e-18   2.514545e-04   5.063078e-19   96
  7.266185e-01   4.024445e-18   2.495518e-04   3.493056e-19   120
  7.273797e-01   4.198494e-18   2.676508e-04   3.195328e-19   168
  7.282031e-01   2.026808e-17   1.976389e-04   1.852962e-18   126
  7.289046e-01   1.261512e-17   1.490593e-04   1.795945e-18   168
  7.298711e-01   7.317019e-18   2.390167e-04   9.418738e-19   72
  7.307158e-01   5.662550e-18   2.993022e-04   4.787736e-19   168
  7.314557e-01   1.835104e-17   8.205344e-05   4.461278e-18   78
  7.324696e-01   5.603217e-18   1.347256e-04   8.153757e-19   60
  7.332860e-01   2.011419e-17   2.185468e-04   3.602632e-18   96
  7.341327e-01   7.561542e-18   2.651884e-04   5.984638e-19   168
  7.349284e-01   6.415295e-18   1.678009e-04   1.096754e-18   86
  7.357634e-01   4.686900e-18   1.499742e-04   4.918668e-19   120
  7.369601e-01   4.337990e-18   1.069515e-04   3.971006e-19   168
  7.376055e-01   2.755773e-18   0.000000e+00   3.846748e-19   48
  7.384747e-01   1.130973e-17   1.948541e-04   1.223234e-18   120
  7.389742e-01   7.841099e-18   1.421539e-04   1.169684e-18   126
  7.401935e-01   6.059125e-18   2.500091e-04   7.748842e-19   96
  7.409848e-01   6.133971e-18   7.209028e-05   5.943191e-19   96
  7.416089e-01   4.257937e-18   8.477105e-09   3.970156e-19   72
  7.429385e-01   5.193769e-18   8.991328e-09   8.996308e-19   24
  7.437683e-01   6.902109e-18   1.483601e-04   6.944552e-19   120
  7.444157e-01   6.725786e-18   2.164118e-04   9.567576e-19   126
  7.451355e-01   4.551314e-18   1.804085e-04   4.988451e-19   96
  7.459766e-01   2.882125e-18   3.117986e-04   3.268394e-19   72
  7.469132e-01   4.141461e-18   1.348634e-04   3.636310e-19   144
  7.476836e-01   3.195773e-18   7.778603e-05   4.184456e-19   72
  7.484533e-01   6.447589e-18   1.553665e-04   1.254636e-18   54
  7.491306e-01   6.143509e-18   1.369149e-04   6.212205e-19   108
  7.505382e-01   6.848116e-18   1.342120e-04   7.195974e-19   72
  7.509765e-01   4.093675e-18   7.744493e-05   3.938234e-19   72
  7.520162e-01   2.309768e-18   1.557344e-08   4.609339e-19   24
  7.529998e-01   1.576907e-18   1.638381e-04   3.003517e-19   48
  7.535971e-01   5.066245e-18   1.248023e-04   6.553629e-19   102
  7.544963e-01   3.265520e-18   2.822510e-04   3.066410e-19   168
  7.556711e-01   2.694212e-18   1.539331e-04   3.203322e-19   72
  7.561064e-01   3.034007e-18   0.000000e+00   3.611152e-19   48
  7.570195e-01   3.701820e-18   2.647743e-04   4.782662e-19   120
  7.582245e-01   3.313409e-18   1.627091e-04   3.639259e-19   96
  7.593627e-01   9.835665e-18   1.438612e-08   3.173337e-18   30
  7.607153e-01   4.448996e-18   7.644796e-05   6.377707e-19   72
  7.613097e-01   3.079396e-18   8.991328e-09   5.037655e-19   24
  7.620733e-01   1.949593e-18   1.133148e-04   2.251058e-19   56
  7.629285e-01   1.987666e-18   1.617059e-04   1.869583e-19   96
  7.639519e-01   2.828379e-18   1.785629e-04   2.653055e-19   144
  7.647411e-01   4.131153e-18   1.013810e-04   7.222320e-19   54
  7.658874e-01   2.556195e-18   1.518795e-04   2.646268e-19   108
  7.670409e-01   6.523258e-18   8.041947e-05   1.163830e-18   48
  7.681392e-01   2.533804e-18   3.028050e-04   3.007430e-19   72
  7.707744e-01   5.207010e-18   2.000642e-04   5.556058e-19   78
  7.715046e-01   1.648778e-18   1.507735e-04   1.574701e-19   72
  7.723570e-01   2.103031e-18   1.505863e-04   2.741146e-19   72
  7.732482e-01   2.381608e-18   3.633813e-04   2.579265e-19   96
  7.739527e-01   2.423718e-18   1.502759e-04   2.103022e-19   72
  7.748024e-01   3.747740e-18   0.000000e+00   7.067624e-19   24
  7.756510e-01   2.221401e-18   2.998733e-04   2.379291e-19   72
  7.775680e-01   2.834222e-18   1.904287e-04   3.603269e-19   30
  7.779804e-01   3.404457e-18   0.000000e+00   7.337970e-19   24
  7.801973e-01   1.474857e-18   1.581267e-04   2.253371e-19   48
  7.808927e-01   1.905180e-18   3.402886e-04   1.559758e-19   120
  7.818296e-01   2.024444e-18   1.487821e-04   1.894539e-19   72
  7.827758e-01   1.901734e-18   1.486022e-04   3.161405e-19   36
  7.834261e-01   1.892906e-18   2.937071e-04   2.077385e-19   78
  7.852411e-01   2.357934e-18   1.571111e-04   3.143956e-19   48
  7.875942e-01   3.095659e-18   1.271566e-08   5.066247e-19   24
  7.892707e-01   1.057163e-18   1.094089e-04   1.277386e-19   56
  7.901149e-01   1.151032e-18   1.683597e-04   9.134274e-20   102
  7.911888e-01   1.755087e-18   1.198844e-08   2.128243e-19   72
  7.918122e-01   1.625389e-18   8.991328e-09   2.644849e-19   24
  7.929021e-01   1.371019e-18   1.555930e-04   2.029637e-19   48
  7.949223e-01   2.361272e-18   0.000000e+00   3.655081e-19   24
  7.974016e-01   8.284555e-19   0.000000e+00   8.842058e-20   6
  7.981748e-01   7.864440e-19   0.000000e+00   1.045411e-19   24
  7.986898e-01   1.091149e-18   1.456409e-04   1.451062e-19   72
  7.996307e-01   1.487261e-18   2.717068e-04   1.438449e-19   84
  8.006440e-01   1.144990e-18   0.000000e+00   1.853257e-19   24
  8.009521e-01   1.397817e-18   1.271566e-08   1.785448e-19   24
  8.024909e-01   1.302251e-18   1.557344e-08   2.191396e-19   24
  8.046403e-01   1.173362e-18   0.000000e+00   4.911531e-19   6
  8.073954e-01   1.009572e-18   1.528000e-04   1.626780e-19   48
  8.080572e-01   1.035592e-18   2.878503e-04   1.353357e-19   72
  8.089220e-01   1.102687e-18   1.525117e-04   1.512954e-19   48
  8.102934e-01   1.363949e-18   0.000000e+00   4.776768e-19   24
  8.121184e-01   4.626835e-19   0.000000e+00   8.450302e-20   6
  8.162097e-01   1.462048e-18   0.000000e+00   4.775273e-19   8
  8.165120e-01   1.114093e-18   8.991328e-09   1.466276e-19   48
  8.172369e-01   1.181770e-18   1.479045e-04   1.294525e-19   60
  8.183231e-01   1.623327e-18   0.000000e+00   2.903377e-19   24
  8.198293e-01   6.181649e-19   0.000000e+00   1.113656e-19   6
  8.253784e-01   1.253299e-18   0.000000e+00   2.827498e-19   24
  8.258266e-01   1.006948e-18   1.493898e-04   1.510696e-19   48
  8.265733e-01   7.092755e-19   0.000000e+00   1.847468e-19   24
  8.277664e-01   6.647660e-19   0.000000e+00   1.698293e-20   6
  8.345448e-01   9.577214e-19   1.393664e-04   1.434781e-19   36
  8.350375e-01   9.706736e-19   0.000000e+00   2.311567e-19   24
  8.359234e-01   9.774901e-19   0.000000e+00   3.325815e-19   6
  8.436361e-01   1.043875e-18   1.266552e-04   1.676918e-19   32
  8.442939e-01   1.276901e-18   0.000000e+00   5.588191e-19   6
  8.525822e-01   1.610399e-18   0.000000e+00   4.351623e-19   12
  8.528715e-01   1.152174e-18   0.000000e+00   1.908619e-19   6
  8.616502e-01   6.774803e-19   0.000000e+00   1.275811e-19   6
