# power spectrum of phi
# redshift z=30.000000
# k              Pk             sigma(k)       sigma(Pk)      count
  1.570796e-02   1.688122e-10   0.000000e+00   6.805003e-11   6
  2.221441e-02   7.604593e-11   0.000000e+00   1.518104e-11   12
  2.720699e-02   4.632241e-11   2.980232e-10   9.446117e-12   8
  3.141593e-02   1.316255e-10   0.000000e+00   1.416496e-11   6
  3.512407e-02   7.879571e-11   5.619580e-10   2.511852e-11   24
  3.847649e-02   9.942328e-11   5.619580e-10   1.678637e-11   24
  4.442883e-02   3.691751e-11   0.000000e+00   1.659875e-11   12
  4.712389e-02   4.005499e-11   6.357829e-10   7.321128e-12   30
  4.967294e-02   4.846672e-11   0.000000e+00   1.066988e-11   24
  5.209742e-02   4.194844e-11   9.733398e-10   1.041062e-11   24
  5.441398e-02   4.618933e-11   5.960464e-10   9.337748e-12   8
  5.663587e-02   3.850204e-11   7.947286e-10   4.804374e-12   24
  5.877382e-02   3.508368e-11   0.000000e+00   4.939560e-12   48
  6.283185e-02   4.128673e-11   0.000000e+00   1.815764e-11   6
  6.476559e-02   3.141477e-11   7.947286e-10   4.398775e-12   48
  6.664324e-02   2.875635e-11   7.492773e-10   3.015993e-12   36
  6.846942e-02   3.945677e-11   7.947286e-10   8.269541e-12   24
  7.024815e-02   2.319658e-11   1.123916e-09   3.966456e-12   24
  7.198293e-02   2.017531e-11   0.000000e+00   2.733460e-12   48
  7.367688e-02   2.954324e-11   1.123916e-09   4.201921e-12   24
  7.695299e-02   2.297586e-11   1.123916e-09   3.600508e-12   24
  7.853982e-02   1.526862e-11   0.000000e+00   2.501973e-12   30
  8.009521e-02   1.609961e-11   0.000000e+00   1.758102e-12   72
  8.162097e-02   1.579272e-11   1.192093e-09   3.244971e-12   32
  8.458997e-02   1.906102e-11   0.000000e+00   2.190819e-12   72
  8.603606e-02   1.172262e-11   0.000000e+00   1.715245e-12   48
  8.885766e-02   5.700627e-12   0.000000e+00   1.690193e-12   12
  9.023538e-02   1.108644e-11   0.000000e+00   1.657093e-12   48
  9.159238e-02   9.479437e-12   0.000000e+00   9.303502e-13   48
  9.292956e-02   1.243758e-11   1.123916e-09   1.574550e-12   48
  9.424778e-02   1.455547e-11   1.271566e-09   2.547368e-12   30
  9.554781e-02   1.375903e-11   0.000000e+00   3.088466e-12   24
  9.683039e-02   1.321564e-11   2.369423e-09   1.369061e-12   72
  9.934588e-02   7.687077e-12   0.000000e+00   1.464187e-12   24
  1.005800e-01   1.096420e-11   0.000000e+00   1.064064e-12   96
  1.017992e-01   8.225102e-12   0.000000e+00   1.102684e-12   48
  1.030040e-01   6.664504e-12   1.946680e-09   1.628535e-12   24
  1.041948e-01   5.024713e-12   1.946680e-09   1.036514e-12   24
  1.053722e-01   1.149098e-11   0.000000e+00   1.397481e-12   72
  1.065366e-01   8.788097e-12   0.000000e+00   1.350582e-12   48
  1.088280e-01   6.888982e-12   1.192093e-09   2.032686e-12   8
  1.099557e-01   1.090074e-11   1.412851e-09   1.338434e-12   54
  1.110721e-01   6.976769e-12   0.000000e+00   1.182437e-12   84
  1.121773e-01   8.075385e-12   0.000000e+00   1.168777e-12   48
  1.132717e-01   4.814653e-12   1.589457e-09   8.526387e-13   24
  1.143557e-01   6.484647e-12   2.119276e-09   7.594193e-13   72
  1.154295e-01   8.392438e-12   0.000000e+00   9.495403e-13   96
  1.175476e-01   1.082115e-11   0.000000e+00   1.180691e-12   48
  1.185925e-01   6.022686e-12   0.000000e+00   5.704801e-13   48
  1.196283e-01   5.472868e-12   0.000000e+00   1.066667e-12   24
  1.206552e-01   5.937141e-12   0.000000e+00   6.481219e-13   72
  1.226831e-01   5.804915e-12   0.000000e+00   6.842253e-13   72
  1.236846e-01   5.818857e-12   0.000000e+00   6.632890e-13   96
  1.256637e-01   9.201836e-12   0.000000e+00   4.029891e-12   6
  1.266416e-01   6.552808e-12   0.000000e+00   6.580811e-13   96
  1.276121e-01   6.692242e-12   1.589457e-09   7.138695e-13   96
  1.285752e-01   4.275623e-12   0.000000e+00   1.019030e-12   24
  1.295312e-01   4.888760e-12   1.589457e-09   5.677125e-13   48
  1.304801e-01   5.014598e-12   0.000000e+00   5.032374e-13   96
  1.314222e-01   5.174355e-12   0.000000e+00   7.033875e-13   48
  1.332865e-01   4.875562e-12   1.498555e-09   8.690400e-13   36
  1.342089e-01   4.863189e-12   2.753021e-09   6.028388e-13   48
  1.351250e-01   5.268136e-12   3.114687e-09   4.692501e-13   120
  1.360350e-01   4.510669e-12   0.000000e+00   5.928811e-13   56
  1.369388e-01   2.440627e-12   1.589457e-09   4.300865e-13   24
  1.378368e-01   3.613642e-12   0.000000e+00   3.227035e-13   96
  1.387290e-01   3.724226e-12   0.000000e+00   4.776892e-13   48
  1.404963e-01   4.797618e-12   2.247832e-09   8.886185e-13   24
  1.413717e-01   4.870230e-12   0.000000e+00   4.879222e-13   102
  1.422417e-01   5.509634e-12   1.589457e-09   8.384520e-13   48
  1.431064e-01   4.629698e-12   0.000000e+00   4.719801e-13   72
  1.439659e-01   4.138356e-12   0.000000e+00   4.159030e-13   48
  1.448203e-01   4.730237e-12   0.000000e+00   8.634947e-13   48
  1.456697e-01   3.780367e-12   3.596531e-09   3.512404e-13   120
  1.473538e-01   5.019453e-12   2.247832e-09   8.287300e-13   24
  1.481886e-01   3.188006e-12   2.119276e-09   2.686226e-13   144
  1.490188e-01   3.179425e-12   2.543132e-09   3.137037e-13   120
  1.498444e-01   2.789146e-12   2.247832e-09   3.925783e-13   48
  1.514821e-01   3.584560e-12   2.247832e-09   4.796654e-13   48
  1.522944e-01   2.917808e-12   2.247832e-09   2.916368e-13   96
  1.544390e-01   3.526397e-12   3.768959e-04   4.129317e-13   72
  1.555009e-01   2.735968e-12   1.998073e-09   2.060096e-13   108
  1.562923e-01   3.063572e-12   0.000000e+00   3.262664e-13   72
  1.570796e-01   2.031033e-12   0.000000e+00   4.236028e-13   30
  1.578631e-01   3.146146e-12   0.000000e+00   2.408362e-13   168
  1.586427e-01   3.470019e-12   0.000000e+00   4.125922e-13   48
  1.601904e-01   2.153991e-12   0.000000e+00   2.585417e-13   72
  1.609587e-01   2.918402e-12   0.000000e+00   2.812880e-13   96
  1.617234e-01   2.680993e-12   4.238553e-09   4.123828e-13   72
  1.624844e-01   3.022634e-12   0.000000e+00   3.247679e-13   72
  1.637639e-01   2.817722e-12   3.480039e-04   2.212283e-13   104
  1.647465e-01   2.558137e-12   2.997109e-09   1.908732e-13   144
  1.669779e-01   1.785885e-12   5.026305e-09   1.714303e-13   96
  1.677152e-01   1.729455e-12   0.000000e+00   1.798671e-13   96
  1.688876e-01   2.457400e-12   3.580185e-04   2.273688e-13   120
  1.699076e-01   2.081546e-12   0.000000e+00   1.854038e-13   120
  1.706322e-01   2.526194e-12   0.000000e+00   2.746135e-13   72
  1.720721e-01   2.651841e-12   0.000000e+00   3.514489e-13   48
  1.727876e-01   2.539508e-12   3.912510e-09   3.051051e-13   78
  1.737029e-01   2.683991e-12   3.205713e-04   2.122046e-13   168
  1.756204e-01   2.423337e-12   3.670694e-09   2.065938e-13   144
  1.763215e-01   2.712986e-12   2.997109e-09   1.960833e-13   144
  1.783549e-01   2.235423e-12   1.846233e-04   2.012387e-13   156
  1.790983e-01   1.802279e-12   3.893359e-09   3.574282e-13   48
  1.797859e-01   2.024010e-12   2.543132e-09   1.881198e-13   120
  1.804708e-01   1.358953e-12   0.000000e+00   1.407809e-13   48
  1.816818e-01   2.104012e-12   2.825996e-04   1.507072e-13   216
  1.831848e-01   1.611215e-12   0.000000e+00   1.890339e-13   48
  1.838570e-01   1.654512e-12   2.247832e-09   1.415557e-13   96
  1.848128e-01   1.873871e-12   3.302618e-04   1.657980e-13   168
  1.858591e-01   1.482506e-12   2.247832e-09   2.127260e-13   48
  1.865217e-01   2.095720e-12   0.000000e+00   2.109627e-13   96
  1.871820e-01   1.695493e-12   0.000000e+00   3.079381e-13   48
  1.884956e-01   2.161130e-12   2.543132e-09   2.300191e-13   30
  1.891489e-01   1.457046e-12   0.000000e+00   1.209560e-13   96
  1.899298e-01   1.782165e-12   2.595564e-04   1.251159e-13   240
  1.909339e-01   2.831693e-12   2.800239e-04   4.173045e-13   32
  1.917401e-01   1.309463e-12   0.000000e+00   9.597553e-14   168
  1.923825e-01   1.531277e-12   0.000000e+00   1.479355e-13   120
  1.936608e-01   1.321814e-12   4.738846e-09   1.620710e-13   72
  1.942968e-01   1.918336e-12   2.119276e-09   1.787626e-13   144
  1.949307e-01   1.442689e-12   0.000000e+00   1.390128e-13   96
  1.955626e-01   1.749468e-12   0.000000e+00   1.413886e-13   96
  1.968202e-01   2.175008e-12   0.000000e+00   2.705241e-13   72
  1.974460e-01   1.472801e-12   3.178914e-09   1.458540e-13   96
  1.986918e-01   1.774142e-12   0.000000e+00   3.249973e-13   24
  1.993117e-01   1.638922e-12   0.000000e+00   1.142348e-13   192
  2.000418e-01   1.528195e-12   2.376333e-04   1.174327e-13   132
  2.011601e-01   1.685291e-12   0.000000e+00   1.441970e-13   96
  2.017724e-01   1.089296e-12   0.000000e+00   1.102712e-13   96
  2.023829e-01   1.391801e-12   2.543132e-09   1.130268e-13   120
  2.035985e-01   1.493645e-12   0.000000e+00   2.022368e-13   48
  2.045948e-01   1.135479e-12   2.879924e-04   7.024916e-14   222
  2.054083e-01   1.404804e-12   0.000000e+00   1.300060e-13   120
  2.060080e-01   1.256971e-12   3.893359e-09   2.561209e-13   24
  2.068812e-01   1.645300e-12   2.972500e-04   9.441481e-14   312
  2.087838e-01   1.747386e-12   2.786838e-04   1.844769e-13   72
  2.095704e-01   1.181706e-12   3.893359e-09   1.415814e-13   96
  2.103781e-01   1.473790e-12   2.838009e-04   1.201568e-13   192
  2.113290e-01   1.243197e-12   3.596531e-09   1.342477e-13   120
  2.119120e-01   1.277997e-12   0.000000e+00   1.233894e-13   144
  2.130732e-01   1.190637e-12   0.000000e+00   1.692740e-13   48
  2.138985e-01   1.111226e-12   2.853717e-04   6.840486e-14   336
  2.148032e-01   1.218610e-12   0.000000e+00   1.523017e-13   48
  2.159488e-01   1.140838e-12   0.000000e+00   1.084059e-13   192
  2.165193e-01   1.023011e-12   0.000000e+00   1.233784e-13   48
  2.181411e-01   1.067531e-12   1.980854e-04   1.297596e-13   56
  2.189475e-01   1.108900e-12   2.544090e-04   6.124765e-14   336
  2.199115e-01   1.130341e-12   2.825702e-09   1.718084e-13   54
  2.207512e-01   1.032192e-12   2.794324e-04   6.579484e-14   240
  2.224945e-01   1.048104e-12   2.675587e-04   8.516007e-14   228
  2.232521e-01   1.108747e-12   2.997109e-09   1.430112e-13   72
  2.239875e-01   1.180664e-12   2.595385e-04   8.793687e-14   144
  2.249038e-01   1.017115e-12   0.000000e+00   9.726200e-14   96
  2.254517e-01   9.712604e-13   3.596531e-09   6.630124e-14   240
  2.265435e-01   8.012672e-13   3.178914e-09   1.475667e-13   24
  2.272424e-01   9.949360e-13   2.451321e-04   5.686461e-14   336
  2.281713e-01   7.696607e-13   0.000000e+00   8.991898e-14   72
  2.290193e-01   1.142811e-12   2.666265e-04   8.508075e-14   168
  2.297877e-01   8.462929e-13   0.000000e+00   8.275761e-14   72
  2.308590e-01   1.249233e-12   0.000000e+00   1.250840e-13   96
  2.316886e-01   8.194173e-13   2.646263e-04   5.831061e-14   216
  2.324566e-01   6.943845e-13   0.000000e+00   5.334299e-14   96
  2.335157e-01   8.527723e-13   3.178914e-09   5.470331e-14   192
  2.340434e-01   8.678025e-13   2.997109e-09   6.825218e-14   144
  2.350953e-01   7.569932e-13   0.000000e+00   9.670675e-14   48
  2.358236e-01   9.061381e-13   2.551309e-04   6.514847e-14   246
  2.368131e-01   1.086661e-12   2.352347e-04   8.462269e-14   168
  2.377046e-01   8.888297e-13   6.229375e-09   1.062481e-13   120
  2.382231e-01   7.298001e-13   0.000000e+00   5.217390e-14   240
  2.392566e-01   6.004093e-13   0.000000e+00   1.225485e-13   24
  2.400800e-01   7.988309e-13   2.517980e-04   4.744292e-14   360
  2.411056e-01   9.155759e-13   2.507265e-04   7.398439e-14   120
  2.418210e-01   8.488913e-13   0.000000e+00   7.125378e-14   144
  2.423307e-01   9.798863e-13   0.000000e+00   8.617092e-14   96
  2.438532e-01   8.382797e-13   0.000000e+00   6.345641e-14   144
  2.443586e-01   9.414891e-13   0.000000e+00   8.404219e-14   132
  2.450688e-01   7.442958e-13   2.474633e-04   5.601569e-14   176
  2.460999e-01   7.683676e-13   2.498881e-04   4.237783e-14   312
  2.473693e-01   9.955963e-13   0.000000e+00   1.424524e-13   96
  2.478675e-01   6.575133e-13   0.000000e+00   5.938995e-14   144
  2.486319e-01   7.890386e-13   2.473817e-04   4.808791e-14   312
  2.498505e-01   7.601018e-13   0.000000e+00   7.609135e-14   48
  2.503437e-01   6.696175e-13   3.178914e-09   4.796493e-14   192
  2.513274e-01   3.866324e-13   0.000000e+00   1.185564e-13   6
  2.519810e-01   6.337400e-13   2.307253e-04   3.497763e-14   288
  2.530395e-01   6.728576e-13   2.437763e-04   5.131557e-14   192
  2.537699e-01   6.252093e-13   7.476104e-09   4.082279e-14   216
  2.542556e-01   7.404055e-13   0.000000e+00   1.008572e-13   72
  2.554657e-01   6.864532e-13   2.414611e-04   6.102112e-14   192
  2.562693e-01   7.901249e-13   1.792979e-04   5.083380e-14   288
  2.571504e-01   6.268941e-13   0.000000e+00   1.231189e-13   24
  2.578312e-01   7.074014e-13   2.362101e-04   3.666225e-14   456
  2.590624e-01   4.967934e-13   0.000000e+00   7.896807e-14   48
  2.598231e-01   6.686096e-13   2.326575e-04   4.789364e-14   240
  2.606974e-01   7.884910e-13   2.351266e-04   5.315733e-14   216
  2.614326e-01   5.913242e-13   0.000000e+00   7.092294e-14   72
  2.619041e-01   5.497656e-13   8.123736e-09   4.594629e-14   168
  2.632353e-01   6.560328e-13   1.747662e-04   4.305053e-14   288
  2.639818e-01   6.836618e-13   2.312456e-04   5.069256e-14   168
  2.651809e-01   7.117835e-13   0.000000e+00   5.708875e-14   192
  2.656458e-01   5.465173e-13   2.997109e-09   3.944271e-14   144
  2.665730e-01   8.596204e-13   2.997109e-09   1.127152e-13   36
  2.673593e-01   5.011947e-13   2.111764e-04   2.729913e-14   342
  2.681111e-01   5.870110e-13   2.168525e-04   5.384627e-14   144
  2.690776e-01   5.910231e-13   2.274240e-04   3.415776e-14   384
  2.702500e-01   6.897339e-13   6.229375e-09   6.775298e-14   120
  2.708303e-01   6.726594e-13   2.027960e-04   4.022435e-14   264
  2.716161e-01   5.506197e-13   1.005261e-08   4.108870e-14   192
  2.723561e-01   5.525087e-13   2.185515e-04   4.277627e-14   152
  2.729753e-01   5.306971e-13   5.994218e-09   5.101251e-14   144
  2.742778e-01   4.282870e-13   1.414487e-04   3.204774e-14   216
  2.748807e-01   6.239043e-13   1.890132e-04   3.494498e-14   312
  2.759419e-01   5.256033e-13   2.190625e-04   3.136598e-14   240
  2.765672e-01   5.651323e-13   3.178914e-09   5.723609e-14   96
  2.777541e-01   4.317364e-13   2.094396e-04   3.507464e-14   144
  2.784857e-01   5.214805e-13   2.058607e-04   2.680363e-14   456
  2.796723e-01   3.746183e-13   0.000000e+00   2.495014e-14   120
  2.801131e-01   4.460662e-13   0.000000e+00   4.172258e-14   144
  2.809926e-01   3.693068e-13   4.495664e-09   5.992246e-14   24
  2.815564e-01   4.714370e-13   1.978798e-04   2.436385e-14   336
  2.825316e-01   4.554006e-13   2.182345e-04   3.436651e-14   198
  2.834454e-01   5.078236e-13   2.122205e-04   3.141879e-14   432
  2.844833e-01   6.826798e-13   6.357829e-09   7.346576e-14   48
  2.850248e-01   5.921567e-13   1.873540e-04   3.262679e-14   384
  2.859970e-01   4.852620e-13   2.156842e-04   4.356861e-14   144
  2.868780e-01   6.152721e-13   2.141460e-04   4.704208e-14   264
  2.879317e-01   4.021831e-13   0.000000e+00   3.860965e-14   48
  2.886387e-01   4.704109e-13   2.036179e-04   2.979808e-14   276
  2.893208e-01   4.457762e-13   1.845741e-04   3.995467e-14   192
  2.902325e-01   4.393905e-13   2.074207e-04   1.928975e-14   552
  2.913393e-01   3.189779e-13   5.086263e-09   3.258711e-14   120
  2.919972e-01   3.825605e-13   2.099609e-04   2.684381e-14   216
  2.926069e-01   3.971688e-13   5.086263e-09   3.166713e-14   120
  2.936961e-01   4.932200e-13   2.067600e-04   2.533581e-14   408
  2.947075e-01   2.651673e-13   4.495664e-09   3.466679e-14   24
  2.953347e-01   4.002012e-13   2.088648e-04   2.690673e-14   384
  2.962106e-01   3.250454e-13   2.040684e-04   2.143233e-14   240
  2.969712e-01   4.004502e-13   2.055628e-04   2.868928e-14   168
  2.980376e-01   2.976909e-13   0.000000e+00   3.023129e-14   120
  2.987251e-01   4.179740e-13   2.142884e-04   2.487409e-14   350
  2.998430e-01   4.408814e-13   3.527601e-04   2.730040e-14   384
  3.005110e-01   4.913182e-13   0.000000e+00   5.483584e-14   144
  3.017401e-01   3.537048e-13   4.238553e-09   2.487787e-14   288
  3.023819e-01   3.717056e-13   2.019242e-04   2.263952e-14   336
  3.032549e-01   3.739831e-13   1.838353e-04   2.982798e-14   168
  3.037776e-01   4.214664e-13   1.204945e-08   3.014577e-14   336
  3.048586e-01   3.118019e-13   1.908100e-04   1.864965e-14   288
  3.055078e-01   3.652704e-13   1.797918e-04   2.236861e-14   264
  3.066072e-01   3.512555e-13   0.000000e+00   2.400437e-14   240
  3.070093e-01   3.437435e-13   0.000000e+00   3.067196e-14   96
  3.084525e-01   4.061154e-13   2.445048e-04   2.534704e-14   360
  3.091260e-01   3.693191e-13   1.802420e-04   3.880813e-14   168
  3.099770e-01   3.537060e-13   1.964825e-04   1.774445e-14   456
  3.110018e-01   3.148232e-13   5.651403e-09   2.808920e-14   108
  3.115782e-01   2.689153e-13   1.971449e-04   1.775392e-14   264
  3.122973e-01   3.113481e-13   1.758853e-04   2.388635e-14   264
  3.132820e-01   3.649006e-13   1.659735e-04   1.999955e-14   312
  3.145081e-01   3.714161e-13   1.233364e-04   2.927540e-14   270
  3.150220e-01   3.581608e-13   1.565911e-04   3.063624e-14   240
  3.159458e-01   3.709467e-13   1.937229e-04   2.399302e-14   384
  3.165067e-01   2.797676e-13   6.357829e-09   1.960627e-14   192
  3.175962e-01   3.801272e-13   1.554368e-04   3.144365e-14   240
  3.182281e-01   3.657925e-13   1.918342e-04   2.304027e-14   336
  3.194167e-01   3.385405e-13   1.931178e-04   1.594690e-14   480
  3.203808e-01   3.576198e-13   4.238553e-09   4.154173e-14   72
  3.209194e-01   3.519849e-13   1.883074e-04   3.094353e-14   240
  3.216520e-01   2.836363e-13   1.769831e-04   1.613103e-14   312
  3.224917e-01   2.534285e-13   1.912763e-04   1.678353e-14   240
  3.237607e-01   3.152787e-13   1.453205e-04   1.761902e-14   408
  3.242630e-01   2.902517e-13   1.330785e-04   1.758681e-14   336
  3.252448e-01   3.047193e-13   1.689770e-04   2.431673e-14   264
  3.257273e-01   2.743171e-13   0.000000e+00   2.312415e-14   144
  3.270696e-01   2.948233e-13   2.342121e-04   1.729487e-14   464
  3.277768e-01   2.250164e-13   1.862466e-04   1.680693e-14   168
  3.284751e-01   3.112956e-13   1.696301e-04   2.012018e-14   336
  3.297371e-01   2.945106e-13   1.782296e-04   1.884377e-14   414
  3.304484e-01   4.038336e-13   1.855264e-04   3.406356e-14   216
  3.313598e-01   4.664842e-13   4.495664e-09   5.116290e-14   96
  3.317320e-01   2.823247e-13   1.101208e-08   1.837662e-14   384
  3.330355e-01   3.039602e-13   1.851680e-04   1.592083e-14   492
  3.337341e-01   2.828901e-13   1.810784e-04   1.859148e-14   240
  3.345237e-01   2.489414e-13   1.838580e-04   1.478426e-14   312
  3.356141e-01   2.024284e-13   1.837975e-04   1.526373e-14   192
  3.363048e-01   2.834290e-13   1.781220e-04   1.528643e-14   504
  3.372212e-01   2.789597e-13   1.179198e-04   1.956887e-14   408
  3.379427e-01   2.680544e-13   3.612619e-04   2.267340e-14   168
  3.388456e-01   2.975078e-13   1.716026e-04   2.067710e-14   288
  3.396033e-01   2.418143e-13   1.790820e-04   1.728732e-14   288
  3.403794e-01   2.248498e-13   1.801128e-04   1.244297e-14   432
  3.415052e-01   2.758939e-13   1.703267e-04   1.930847e-14   216
  3.421068e-01   2.397543e-13   1.699674e-04   1.462113e-14   360
  3.431777e-01   2.723137e-13   1.658865e-04   1.777071e-14   312
  3.441442e-01   3.501904e-13   0.000000e+00   5.598077e-14   48
  3.447014e-01   2.379228e-13   1.778543e-04   1.327340e-14   432
  3.456992e-01   2.175967e-13   2.966627e-04   1.243993e-14   414
  3.462885e-01   2.419596e-13   6.776666e-09   1.718636e-14   312
  3.473878e-01   2.596069e-13   2.603051e-04   1.600250e-14   528
  3.481296e-01   2.778298e-13   1.366381e-04   2.535721e-14   264
  3.490209e-01   2.508907e-13   1.620153e-04   1.615811e-14   480
  3.501854e-01   2.395764e-13   0.000000e+00   1.556702e-14   288
  3.506883e-01   2.458698e-13   1.740804e-04   2.322199e-14   168
  3.516084e-01   2.610645e-13   2.755688e-04   1.363730e-14   504
  3.526429e-01   3.499971e-13   4.238553e-09   3.256846e-14   144
  3.532937e-01   1.972600e-13   1.769812e-04   1.005588e-14   464
  3.542716e-01   1.889918e-13   2.597299e-04   1.064303e-14   432
  3.547358e-01   2.538047e-13   4.495664e-09   2.024115e-14   192
  3.559351e-01   1.947224e-13   1.925466e-04   1.038416e-14   396
  3.566434e-01   1.984650e-13   1.729600e-04   1.316037e-14   288
  3.573592e-01   1.974434e-13   1.708549e-04   1.288854e-14   336
  3.585027e-01   1.948776e-13   1.081887e-04   1.110261e-14   432
  3.592283e-01   2.188592e-13   2.804101e-04   1.380213e-14   360
  3.600431e-01   2.024877e-13   1.658667e-04   1.020124e-14   384
  3.612003e-01   1.771314e-13   1.464092e-04   1.412343e-14   198
  3.617579e-01   2.082777e-13   1.664197e-04   1.144040e-14   552
  3.627976e-01   2.215312e-13   2.329761e-04   1.833626e-14   432
  3.636656e-01   2.208839e-13   8.899106e-09   1.903241e-14   168
  3.643942e-01   2.403000e-13   2.888052e-04   1.494887e-14   480
  3.653579e-01   1.474661e-13   0.000000e+00   1.460534e-14   120
  3.657917e-01   2.077221e-13   2.358836e-04   1.564074e-14   336
  3.668502e-01   1.977136e-13   1.664122e-04   9.817781e-15   672
  3.678969e-01   2.218004e-13   2.420693e-04   1.134270e-14   528
  3.683844e-01   1.437771e-13   7.266090e-09   1.012451e-14   168
  3.695106e-01   2.043677e-13   2.700266e-04   1.156408e-14   456
  3.701979e-01   2.587065e-13   1.649075e-04   3.583878e-14   168
  3.709113e-01   2.005603e-13   1.646115e-04   1.216371e-14   504
  3.720973e-01   1.547779e-13   2.118297e-04   1.192600e-14   336
  3.728144e-01   2.174681e-13   1.527042e-04   1.445477e-14   312
  3.736099e-01   1.967960e-13   1.492023e-04   1.219652e-14   504
  3.746568e-01   1.710199e-13   1.035207e-04   8.369508e-15   432
  3.751490e-01   1.470399e-13   1.599738e-04   8.240016e-15   312
  3.761721e-01   1.601318e-13   1.639809e-04   8.897896e-15   384
  3.772403e-01   2.234433e-13   1.393208e-04   3.110753e-14   126
  3.778999e-01   1.843020e-13   2.446141e-04   1.080253e-14   492
  3.787423e-01   2.036869e-13   1.566756e-04   1.229081e-14   528
  3.797950e-01   1.724839e-13   1.591488e-04   1.072635e-14   480
  3.804477e-01   2.126987e-13   2.198632e-04   1.408861e-14   432
  3.813922e-01   1.965743e-13   1.728933e-04   1.279734e-14   440
  3.824891e-01   1.991633e-13   8.597912e-05   1.365539e-14   312
  3.829007e-01   1.728066e-13   1.288469e-04   1.465335e-14   480
  3.837450e-01   1.772799e-13   2.522797e-04   1.289847e-14   408
  3.849786e-01   2.032128e-13   1.510870e-04   1.346044e-14   360
  3.854998e-01   1.654923e-13   1.457935e-04   1.105796e-14   408
  3.864656e-01   1.359117e-13   1.483633e-04   8.399733e-15   456
  3.875531e-01   1.760123e-13   1.417988e-04   1.138190e-14   264
  3.881567e-01   1.694876e-13   1.538873e-04   1.212596e-14   384
  3.890354e-01   1.588255e-13   2.590801e-04   8.385762e-15   672
  3.900512e-01   1.933013e-13   1.549634e-04   1.890376e-14   240
  3.906373e-01   1.445928e-13   1.572490e-04   8.732107e-15   264
  3.914646e-01   1.081816e-13   1.939407e-04   5.568641e-15   624
  3.926991e-01   1.332076e-13   0.000000e+00   1.532158e-14   150
  3.931386e-01   1.973063e-13   2.173259e-04   1.164741e-14   600
  3.940655e-01   1.552263e-13   1.499928e-04   8.396131e-15   672
  3.951151e-01   1.474366e-13   1.410788e-04   1.318853e-14   336
  3.956998e-01   2.015295e-13   1.534526e-04   1.439004e-14   408
  3.966340e-01   1.662054e-13   1.530911e-04   1.355989e-14   408
  3.976732e-01   1.493837e-13   7.741108e-05   9.635059e-15   360
  3.983137e-01   1.729954e-13   2.842286e-04   1.207147e-14   456
  3.990874e-01   1.494241e-13   1.545652e-04   1.065631e-14   384
  4.000722e-01   1.250654e-13   1.426833e-04   6.952443e-15   348
  4.006044e-01   1.713360e-13   1.759003e-04   1.032097e-14   576
  4.016040e-01   1.347674e-13   1.448308e-04   7.373062e-15   504
  4.026266e-01   1.408714e-13   2.042754e-04   9.105722e-15   432
  4.035193e-01   1.268255e-13   2.779157e-04   6.041005e-15   576
  4.041559e-01   1.279810e-13   0.000000e+00   1.143083e-14   264
  4.051657e-01   1.348478e-13   2.211515e-04   6.258322e-15   768
  4.060439e-01   1.036027e-13   2.977401e-04   7.277234e-15   240
  4.067421e-01   1.238179e-13   2.625786e-04   1.391870e-14   192
  4.077592e-01   1.142276e-13   1.932899e-04   5.632074e-15   504
  4.085134e-01   1.451673e-13   2.604655e-04   1.114438e-14   590
  4.092368e-01   1.499427e-13   2.918373e-04   1.189867e-14   384
  4.101438e-01   1.320867e-13   2.438900e-04   8.776848e-15   504
  4.112389e-01   1.646996e-13   2.347064e-04   9.679345e-15   648
  4.123011e-01   1.225742e-13   6.374317e-05   8.437653e-15   504
  4.127294e-01   1.253587e-13   1.454101e-04   8.337456e-15   312
  4.134855e-01   1.414285e-13   2.095003e-04   8.311027e-15   576
  4.145236e-01   1.550448e-13   1.457924e-04   1.575615e-14   240
  4.151287e-01   1.108344e-13   1.473162e-04   6.125472e-15   552
  4.159853e-01   1.527764e-13   1.383265e-04   1.074046e-14   600
  4.172054e-01   1.260463e-13   1.689549e-04   7.496024e-15   600
  4.179389e-01   1.196173e-13   2.705679e-04   8.460331e-15   312
  4.186695e-01   1.418460e-13   2.356379e-04   8.771163e-15   480
  4.195820e-01   1.190476e-13   1.470154e-04   8.112138e-15   576
  4.203854e-01   1.556453e-13   2.367268e-04   1.254613e-14   408
  4.210983e-01   6.642173e-14   2.761527e-04   4.295041e-15   216
  4.220194e-01   1.059175e-13   2.115019e-04   6.480048e-15   516
  4.230063e-01   1.187631e-13   2.017943e-04   5.911309e-15   744
  4.240243e-01   1.241028e-13   1.347808e-04   7.690382e-15   462
  4.245995e-01   1.216995e-13   1.369852e-04   1.028461e-14   432
  4.254918e-01   1.417707e-13   1.270838e-04   7.919888e-15   648
  4.265409e-01   1.314003e-13   1.859472e-04   9.789021e-15   528
  4.273836e-01   1.150351e-13   2.239269e-04   6.568248e-15   600
  4.282256e-01   1.860245e-13   2.823132e-04   2.432989e-14   240
  4.290411e-01   1.106592e-13   2.162492e-04   6.567864e-15   720
  4.299890e-01   1.187076e-13   1.710922e-04   6.275429e-15   720
  4.310398e-01   5.403707e-14   0.000000e+00   4.282584e-15   144
  4.315927e-01   1.190268e-13   2.205891e-04   6.309154e-15   720
  4.323793e-01   1.300012e-13   1.322696e-04   8.507153e-15   384
  4.333641e-01   1.013155e-13   1.466278e-04   5.280769e-15   672
  4.342984e-01   1.385368e-13   2.567292e-04   1.214104e-14   336
  4.347447e-01   1.315450e-13   0.000000e+00   1.242603e-14   288
  4.358374e-01   9.523974e-14   2.031840e-04   4.852054e-15   776
  4.368489e-01   9.496789e-14   1.738547e-04   4.482588e-15   720
  4.376985e-01   8.567263e-14   1.400528e-04   5.489063e-15   432
  4.383780e-01   1.214395e-13   1.996629e-04   1.083393e-14   504
  4.391339e-01   9.373809e-14   1.398922e-04   6.023981e-15   528
  4.401917e-01   1.074930e-13   1.905949e-04   8.495799e-15   438
  4.410618e-01   1.178373e-13   2.218350e-04   8.753142e-15   624
  4.417176e-01   1.219116e-13   2.717180e-04   1.046880e-14   312
  4.426191e-01   1.336840e-13   1.463948e-04   6.952414e-15   696
  4.435512e-01   1.110918e-13   1.324608e-04   7.954450e-15   552
  4.445207e-01   1.005124e-13   1.024805e-04   6.812612e-15   516
  4.451205e-01   1.265212e-13   2.046970e-04   9.268286e-15   528
  4.458506e-01   6.332164e-14   1.331200e-04   3.399077e-15   528
  4.468878e-01   1.077101e-13   1.755583e-04   6.470214e-15   864
  4.475918e-01   1.027077e-13   2.404788e-04   7.959357e-15   408
  4.482965e-01   1.342213e-13   2.382549e-04   1.005353e-14   192
  4.492953e-01   8.673675e-14   1.971674e-04   5.062702e-15   720
  4.501385e-01   8.246684e-14   1.817980e-04   4.661690e-15   696
  4.511404e-01   9.309893e-14   1.963435e-04   4.810198e-15   720
  4.520570e-01   9.062074e-14   2.661201e-04   5.907667e-15   432
  4.525916e-01   6.978689e-14   1.566487e-04   5.607397e-15   264
  4.535534e-01   8.786914e-14   2.163249e-04   4.578720e-15   672
  4.544137e-01   9.648656e-14   2.214835e-04   5.654117e-15   600
  4.554346e-01   5.996491e-14   1.296784e-04   5.445366e-15   270
  4.559493e-01   9.795216e-14   1.952021e-04   7.943306e-15   528
  4.567673e-01   1.079216e-13   1.336675e-04   5.564860e-15   840
  4.578890e-01   1.160696e-13   2.555961e-04   6.463225e-15   888
  4.589254e-01   8.248910e-14   1.904380e-04   4.679000e-15   744
  4.598014e-01   1.033295e-13   9.785730e-05   6.842165e-15   456
  4.602370e-01   1.373798e-13   1.337280e-04   8.931234e-15   360
  4.609825e-01   8.292957e-14   1.158678e-04   8.223814e-15   384
  4.621264e-01   8.902051e-14   1.858509e-04   4.394703e-15   816
  4.629847e-01   9.262582e-14   2.696437e-04   4.729766e-15   824
  4.640279e-01   8.243517e-14   1.253432e-04   7.627461e-15   360
  4.645865e-01   1.026086e-13   1.849595e-04   5.444490e-15   624
  4.653553e-01   9.571141e-14   1.249856e-04   7.537516e-15   360
  4.663795e-01   8.256286e-14   1.700172e-04   4.569097e-15   876
  4.673045e-01   7.643158e-14   2.019296e-04   4.596549e-15   696
  4.682373e-01   7.016163e-14   1.303928e-04   5.314759e-15   336
  4.687264e-01   1.017298e-13   1.302463e-04   8.602672e-15   504
  4.695341e-01   7.959081e-14   1.313750e-04   5.851889e-15   672
  4.707324e-01   6.533734e-14   2.615370e-04   3.464402e-15   720
  4.715635e-01   8.551764e-14   1.975633e-04   5.535735e-15   774
  4.724808e-01   1.339441e-13   1.130801e-04   1.356885e-14   384
  4.729612e-01   1.118049e-13   2.176147e-04   8.616818e-15   528
  4.737068e-01   9.224633e-14   2.073989e-04   5.381317e-15   744
  4.749062e-01   1.062690e-13   1.710601e-04   6.250322e-15   768
  4.757025e-01   9.442914e-14   1.920278e-04   8.083715e-15   552
  4.766960e-01   7.487486e-14   2.092886e-04   4.417037e-15   696
  4.774351e-01   1.093730e-13   2.543221e-04   8.768741e-15   408
  4.780218e-01   9.531141e-14   1.098692e-04   6.504957e-15   504
  4.789519e-01   7.805486e-14   1.973758e-04   4.501036e-15   888
  4.798671e-01   7.169629e-14   2.051305e-04   5.180784e-15   648
  4.808184e-01   7.133638e-14   2.033722e-04   4.371267e-15   648
  4.817134e-01   7.435665e-14   2.192851e-04   4.451383e-15   792
  4.826614e-01   6.548394e-14   3.208291e-04   4.204147e-15   600
  4.833600e-01   5.275510e-14   2.174285e-04   3.214393e-15   456
  4.840953e-01   7.584183e-14   1.059654e-04   4.695181e-15   648
  4.850397e-01   6.379767e-14   2.066479e-04   3.216085e-15   936
  4.860593e-01   8.823331e-14   1.269084e-04   5.690720e-15   384
  4.869469e-01   1.829970e-16   0.000000e+00   1.394717e-17   198
  4.876318e-01   1.841300e-16   3.219776e-04   5.917778e-18   1224
  4.883707e-01   1.744487e-16   2.344988e-04   9.124454e-18   420
  4.892446e-01   1.696105e-16   2.269458e-04   6.877073e-18   792
  4.900991e-01   1.756623e-16   1.876648e-04   6.982588e-18   680
  4.910742e-01   1.789146e-16   1.723226e-04   8.366508e-18   600
  4.918588e-01   1.754241e-16   2.499151e-04   6.090914e-18   840
  4.929064e-01   2.014342e-16   1.179983e-04   1.039674e-17   432
  4.933067e-01   1.728494e-16   1.105800e-04   6.920901e-18   720
  4.941771e-01   1.807358e-16   2.214723e-04   6.135727e-18   960
  4.952596e-01   1.879138e-16   1.974263e-04   9.426748e-18   528
  4.960507e-01   1.632890e-16   2.018074e-04   6.585375e-18   624
  4.969923e-01   1.788489e-16   1.586192e-04   6.677567e-18   816
  4.979269e-01   1.497111e-16   2.608527e-04   5.782493e-18   696
  4.989597e-01   1.816672e-16   1.438612e-08   1.188879e-17   240
  4.993481e-01   1.834926e-16   1.538310e-04   7.294428e-18   672
  5.002149e-01   1.570740e-16   2.749181e-04   5.434001e-18   864
  5.011872e-01   1.669705e-16   2.109550e-04   6.154233e-18   816
  5.020636e-01   1.600955e-16   1.207434e-04   6.712860e-18   648
  5.030076e-01   1.669260e-16   1.234217e-04   5.557114e-18   843
  5.038089e-01   1.498767e-16   2.220660e-04   6.137107e-18   780
  5.047639e-01   1.538943e-16   1.191565e-04   9.830679e-18   216
  5.053529e-01   1.502231e-16   2.873328e-04   4.564954e-18   1056
  5.062588e-01   1.865154e-16   2.350705e-04   1.152205e-17   228
  5.070976e-01   1.560808e-16   2.926687e-04   5.363404e-18   924
  5.079587e-01   1.540406e-16   1.085637e-04   5.472713e-18   696
  5.088706e-01   1.406770e-16   1.932122e-04   4.669315e-18   996
  5.098035e-01   1.507790e-16   1.140687e-04   6.405335e-18   576
  5.107740e-01   1.514096e-16   1.760574e-04   7.010893e-18   552
  5.114815e-01   1.619117e-16   2.102064e-04   7.515263e-18   516
  5.121995e-01   1.490133e-16   3.056837e-04   5.183274e-18   744
  5.130199e-01   1.615841e-16   1.499561e-04   7.725914e-18   576
  5.137336e-01   1.332929e-16   1.543428e-04   4.507559e-18   792
  5.147477e-01   1.427864e-16   1.764424e-04   5.141082e-18   792
  5.154909e-01   1.444021e-16   1.902913e-04   5.379138e-18   720
  5.164960e-01   1.303386e-16   2.168883e-04   4.737990e-18   656
  5.174379e-01   1.371622e-16   2.368308e-04   4.910857e-18   816
  5.184034e-01   1.341865e-16   1.276952e-04   5.967824e-18   492
  5.189522e-01   1.435051e-16   1.836985e-04   5.838868e-18   552
  5.199822e-01   1.291225e-16   3.194294e-04   5.741032e-18   780
  5.206511e-01   1.347589e-16   1.962217e-04   6.390202e-18   528
  5.213718e-01   1.310129e-16   2.290504e-04   5.342853e-18   600
  5.224340e-01   1.389577e-16   1.903590e-04   4.324156e-18   900
  5.231662e-01   1.342347e-16   1.053860e-04   5.459040e-18   696
  5.241734e-01   1.325057e-16   2.664725e-04   4.941635e-18   696
  5.251479e-01   1.369221e-16   1.081054e-04   5.762407e-18   552
  5.259673e-01   1.065090e-16   1.257166e-04   4.172478e-18   708
  5.268258e-01   1.301175e-16   2.075652e-04   4.951178e-18   876
  5.277190e-01   1.305969e-16   1.102130e-04   1.054561e-17   216
  5.283184e-01   1.207766e-16   3.014475e-04   3.822028e-18   1032
  5.292161e-01   1.227812e-16   3.356286e-04   5.234176e-18   600
  5.301478e-01   1.180853e-16   1.601495e-04   4.566176e-18   600
  5.308585e-01   1.210596e-16   2.828090e-04   6.039059e-18   528
  5.316987e-01   1.194521e-16   1.552497e-04   4.320134e-18   732
  5.325837e-01   1.074375e-16   1.146378e-04   5.297534e-18   336
  5.336024e-01   1.163702e-16   1.633817e-04   3.889130e-18   912
  5.343638e-01   1.060054e-16   1.639857e-04   4.294541e-18   624
  5.351957e-01   1.143123e-16   1.381873e-04   4.397329e-18   768
  5.361666e-01   1.274523e-16   2.493171e-04   4.968935e-18   792
  5.371196e-01   1.091237e-16   1.236011e-04   4.853044e-18   660
  5.377977e-01   1.046196e-16   1.821461e-04   5.187832e-18   504
  5.384990e-01   1.146159e-16   2.975919e-04   5.745847e-18   480
  5.395501e-01   8.693065e-17   2.752337e-04   3.058262e-18   912
  5.403731e-01   1.237886e-16   3.065154e-04   7.039245e-18   432
  5.411504e-01   1.018528e-16   1.820016e-04   4.798694e-18   564
  5.418405e-01   1.090461e-16   1.742006e-04   4.749966e-18   600
  5.428119e-01   1.117866e-16   2.428192e-04   4.115151e-18   876
  5.435417e-01   1.128439e-16   1.091788e-04   6.657656e-18   264
  5.445477e-01   1.119714e-16   2.118499e-04   4.958431e-18   560
  5.453563e-01   9.817296e-17   1.439565e-04   3.309118e-18   840
  5.463378e-01   9.797027e-17   2.219395e-04   3.560251e-18   1008
  5.472454e-01   1.072735e-16   9.928084e-05   5.125741e-18   456
  5.480744e-01   1.137710e-16   1.286043e-04   4.824388e-18   576
  5.488407e-01   1.062248e-16   1.976142e-04   4.551559e-18   612
  5.498512e-01   9.836910e-17   1.765015e-04   3.895801e-18   780
  5.506755e-01   1.019506e-16   2.022627e-04   4.249664e-18   648
  5.515194e-01   1.151648e-16   9.425702e-05   7.965958e-18   312
  5.520587e-01   9.376637e-17   2.394916e-04   4.197877e-18   528
  5.529931e-01   8.982672e-17   3.127641e-04   3.780085e-18   720
  5.538866e-01   9.284970e-17   3.137436e-04   4.770761e-18   576
  5.549699e-01   9.179373e-17   2.706443e-04   4.274821e-18   444
  5.556439e-01   9.803127e-17   2.654148e-04   3.296670e-18   996
  5.564699e-01   8.384052e-17   2.217012e-04   4.618600e-18   432
  5.572506e-01   9.806472e-17   2.427192e-04   4.903661e-18   504
  5.579250e-01   9.467501e-17   1.094306e-04   4.442646e-18   504
  5.588852e-01   1.029473e-16   2.153608e-04   4.262643e-18   876
  5.597541e-01   8.724764e-17   2.478597e-04   4.200396e-18   504
  5.606589e-01   7.906309e-17   1.580720e-04   3.363785e-18   696
  5.614066e-01   1.005263e-16   1.351349e-04   4.911775e-18   492
  5.624240e-01   8.100310e-17   1.934522e-04   4.229213e-18   432
  5.631776e-01   9.114167e-17   1.811468e-04   3.463769e-18   768
  5.640708e-01   8.172089e-17   2.256427e-04   4.107957e-18   648
  5.649237e-01   7.505715e-17   1.472076e-04   3.720214e-18   456
  5.659038e-01   7.800000e-17   2.024344e-04   3.535456e-18   552
  5.665845e-01   8.062569e-17   1.387487e-04   4.081690e-18   648
  5.675213e-01   7.588093e-17   2.261525e-04   2.694086e-18   840
  5.684363e-01   9.168720e-17   1.078474e-04   4.832492e-18   432
  5.693524e-01   7.559421e-17   1.320946e-04   3.517935e-18   600
  5.699896e-01   8.735844e-17   1.407382e-04   5.020950e-18   432
  5.710598e-01   8.011415e-17   1.401185e-04   3.796646e-18   560
  5.717846e-01   7.614407e-17   2.217929e-04   3.069839e-18   840
  5.726922e-01   8.723093e-17   1.313712e-04   4.463392e-18   504
  5.734129e-01   7.145679e-17   2.681208e-04   3.185543e-18   696
  5.744289e-01   8.564805e-17   1.464380e-04   4.742409e-18   384
  5.752203e-01   6.693492e-17   2.145144e-04   3.183863e-18   576
  5.761776e-01   7.023371e-17   1.323876e-04   4.638121e-18   360
  5.769491e-01   7.110848e-17   1.971572e-04   3.162283e-18   828
  5.777814e-01   6.922420e-17   1.756051e-04   3.584376e-18   372
  5.785440e-01   7.386549e-17   2.681827e-04   3.458705e-18   576
  5.795542e-01   7.587055e-17   1.123146e-04   3.309962e-18   636
  5.802740e-01   6.887261e-17   2.165136e-04   3.061168e-18   648
  5.812477e-01   7.241356e-17   1.760019e-04   3.485934e-18   576
  5.819467e-01   6.813011e-17   2.839096e-04   3.451891e-18   528
  5.828762e-01   6.610644e-17   1.213831e-04   3.992408e-18   360
  5.836457e-01   6.042224e-17   2.792266e-04   2.486767e-18   672
  5.846504e-01   6.717579e-17   1.430245e-04   2.802809e-18   804
  5.854866e-01   7.387310e-17   1.577731e-04   4.023651e-18   408
  5.864116e-01   6.197420e-17   9.752092e-05   3.175960e-18   384
  5.870345e-01   5.649948e-17   2.231653e-04   3.259519e-18   480
  5.879130e-01   6.296285e-17   1.441975e-04   3.287269e-18   432
  5.887557e-01   7.498098e-17   2.657252e-04   3.211223e-18   648
  5.897530e-01   6.653609e-17   1.648813e-04   3.241999e-18   624
  5.904826e-01   6.579297e-17   1.499734e-04   3.823690e-18   456
  5.914788e-01   5.833475e-17   2.048770e-04   3.427195e-18   588
  5.921465e-01   5.559519e-17   1.307107e-04   2.644625e-18   600
  5.931212e-01   5.685082e-17   2.038766e-04   2.249380e-18   708
  5.938912e-01   5.447857e-17   1.284383e-04   3.085737e-18   360
  5.947420e-01   6.295442e-17   1.476433e-04   3.255574e-18   552
  5.955576e-01   5.663274e-17   1.035752e-04   4.492738e-18   288
  5.963856e-01   5.108073e-17   1.947498e-04   2.390961e-18   528
  5.971636e-01   5.472607e-17   1.313872e-04   2.609154e-18   456
  5.980328e-01   5.935005e-17   2.329780e-04   2.861523e-18   608
  5.989070e-01   4.873563e-17   1.127174e-04   2.306239e-18   504
  5.998623e-01   4.459601e-17   2.419978e-04   2.395059e-18   540
  6.006113e-01   6.379584e-17   2.597778e-04   4.056378e-18   360
  6.014188e-01   6.466322e-17   1.176407e-04   3.023212e-18   540
  6.021329e-01   5.458470e-17   1.010085e-04   2.727492e-18   576
  6.031714e-01   5.232824e-17   2.342044e-04   2.380243e-18   588
  6.041588e-01   5.427157e-17   3.231314e-04   2.596915e-18   672
  6.050070e-01   5.960507e-17   2.469721e-04   2.916620e-18   552
  6.056908e-01   3.882401e-17   2.470970e-04   3.244052e-18   144
  6.065633e-01   5.517039e-17   2.099342e-04   2.634246e-18   600
  6.073906e-01   4.516946e-17   2.630934e-04   2.469266e-18   504
  6.083088e-01   5.091452e-17   2.702501e-04   3.763585e-18   336
  6.092745e-01   4.903674e-17   3.037623e-04   2.169729e-18   600
  6.101395e-01   4.598209e-17   1.960382e-04   2.300463e-18   636
  6.110731e-01   5.293911e-17   1.576165e-04   4.113966e-18   384
  6.117276e-01   5.224345e-17   2.198564e-04   3.270894e-18   504
  6.126710e-01   4.702169e-17   9.227064e-05   3.301728e-18   240
  6.134155e-01   4.990591e-17   2.167569e-04   1.995399e-18   744
  6.143088e-01   4.321279e-17   1.480120e-04   2.076962e-18   648
  6.151027e-01   7.586148e-17   9.825476e-05   6.492725e-18   120
  6.160331e-01   4.146209e-17   1.543455e-04   1.838703e-18   564
  6.167362e-01   5.466900e-17   2.424089e-04   2.999083e-18   432
  6.176746e-01   4.092782e-17   1.881572e-04   2.758733e-18   480
  6.183811e-01   3.380116e-17   1.384885e-04   2.018114e-18   456
  6.192152e-01   4.396847e-17   2.291780e-04   2.589749e-18   444
  6.201616e-01   4.077014e-17   3.506544e-04   2.256440e-18   528
  6.209930e-01   4.718564e-17   2.604238e-04   4.081098e-18   264
  6.217998e-01   4.045837e-17   2.668956e-04   2.262918e-18   444
  6.228852e-01   4.353739e-17   2.923449e-04   1.931704e-18   696
  6.237861e-01   4.516289e-17   1.563558e-04   2.759994e-18   384
  6.244450e-01   4.167868e-17   1.975687e-04   2.269111e-18   432
  6.254698e-01   5.325761e-17   1.365107e-04   3.399538e-18   488
  6.261352e-01   4.783859e-17   2.057386e-04   2.315178e-18   480
  6.270999e-01   3.973090e-17   2.294412e-04   2.487631e-18   480
  6.278471e-01   3.545051e-17   9.626648e-05   2.228903e-18   240
  6.286954e-01   4.237022e-17   2.248709e-04   2.162892e-18   600
  6.294955e-01   3.485212e-17   1.959519e-04   2.377964e-18   288
  6.303474e-01   4.055698e-17   1.884914e-04   2.424103e-18   480
  6.312103e-01   3.221826e-17   3.352926e-04   1.909302e-18   504
  6.320598e-01   4.599432e-17   1.438614e-04   3.171839e-18   216
  6.331433e-01   4.126454e-17   2.355240e-04   2.560747e-18   504
  6.339871e-01   3.469855e-17   1.894329e-04   2.090308e-18   456
  6.349107e-01   5.165936e-17   1.086430e-04   3.307022e-18   384
  6.355225e-01   4.964676e-17   2.205061e-04   2.998399e-18   480
  6.363918e-01   3.230552e-17   1.936290e-04   2.022376e-18   504
  6.371972e-01   4.010234e-17   1.228262e-04   2.718856e-18   312
  6.380652e-01   3.874865e-17   1.979302e-04   2.375079e-18   492
  6.388334e-01   4.235995e-17   1.855135e-04   2.649587e-18   312
  6.398223e-01   3.283546e-17   3.013519e-04   1.541069e-18   576
  6.406929e-01   4.371384e-17   2.781722e-04   3.501586e-18   336
  6.414159e-01   2.460536e-17   2.141797e-04   1.865548e-18   240
  6.424183e-01   3.497284e-17   2.839481e-04   2.019624e-18   468
  6.432837e-01   3.342053e-17   1.777925e-04   3.346759e-18   192
  6.441896e-01   2.756120e-17   1.783224e-04   1.998154e-18   324
  6.448535e-01   3.327123e-17   1.294235e-04   1.838722e-18   600
  6.457583e-01   3.399466e-17   2.099764e-04   1.953116e-18   456
  6.464302e-01   3.708945e-17   9.444737e-05   2.640711e-18   336
  6.475438e-01   3.599985e-17   2.828021e-04   2.007667e-18   612
  6.483539e-01   2.390603e-17   2.373399e-04   3.840547e-18   144
  6.491201e-01   3.720214e-17   2.770366e-04   2.095471e-18   552
  6.501620e-01   2.119981e-17   1.091004e-04   1.278964e-18   264
  6.507507e-01   2.985185e-17   2.525953e-04   2.278271e-18   336
  6.516793e-01   2.649572e-17   1.669063e-04   1.549367e-18   384
  6.524847e-01   2.837430e-17   9.395175e-05   2.548848e-18   216
  6.533762e-01   2.328426e-17   1.991971e-04   1.628375e-18   344
  6.541891e-01   2.250313e-17   2.972114e-04   1.454407e-18   408
  6.551797e-01   2.843092e-17   2.283876e-04   2.738122e-18   264
  6.560575e-01   2.825023e-17   3.183837e-04   1.552314e-18   612
  6.569345e-01   3.575544e-17   1.638646e-04   2.386796e-18   408
  6.578364e-01   2.694951e-17   1.641001e-04   2.111891e-18   444
  6.584991e-01   4.945519e-17   9.177996e-05   4.399464e-18   120
  6.593870e-01   3.128820e-17   2.535712e-04   2.445938e-18   336
  6.600460e-01   2.489203e-17   8.811499e-05   1.892654e-18   288
  6.609366e-01   2.638473e-17   2.742154e-04   1.454615e-18   552
  6.621610e-01   3.281637e-17   0.000000e+00   4.613722e-18   72
  6.627906e-01   2.559552e-17   2.723657e-04   1.496066e-18   504
  6.635259e-01   1.482150e-17   8.764464e-05   1.393406e-18   216
  6.644787e-01   2.178471e-17   1.564835e-04   1.658139e-18   312
  6.653340e-01   1.734152e-17   1.781811e-04   1.207537e-18   336
  6.661492e-01   1.962344e-17   2.469789e-04   1.685576e-18   204
  6.669611e-01   3.770444e-17   2.870270e-04   2.701965e-18   504
  6.678221e-01   3.356922e-17   2.733322e-04   2.168457e-18   396
  6.686501e-01   2.473969e-17   2.506599e-04   1.943282e-18   312
  6.696540e-01   3.756918e-17   1.531800e-04   3.517190e-18   216
  6.703613e-01   2.355846e-17   8.313373e-05   2.537007e-18   168
  6.712208e-01   2.430163e-17   2.099173e-04   1.449045e-18   588
  6.722017e-01   1.709048e-17   2.849381e-04   1.708849e-18   240
  6.729637e-01   1.755993e-17   2.516481e-04   1.693229e-18   264
  6.738575e-01   2.197259e-17   3.112147e-04   1.964975e-18   288
  6.746505e-01   2.391727e-17   1.554077e-04   2.104672e-18   288
  6.756555e-01   1.719557e-17   1.459525e-04   1.438679e-18   288
  6.763322e-01   1.946058e-17   1.690738e-04   1.593059e-18   192
  6.771836e-01   1.417444e-17   1.799115e-04   1.223729e-18   264
  6.779946e-01   3.610011e-17   2.959295e-04   2.595078e-18   372
  6.788675e-01   3.582959e-17   3.196167e-04   3.371703e-18   360
  6.799329e-01   3.142080e-17   1.352648e-04   4.371338e-18   144
  6.804835e-01   1.729784e-17   1.878769e-04   1.804323e-18   296
  6.813527e-01   1.972765e-17   2.024276e-04   1.913623e-18   288
  6.823478e-01   2.098771e-17   3.025230e-04   1.416849e-18   480
  6.832061e-01   1.887700e-17   2.513677e-04   3.346678e-18   192
  6.840407e-01   2.444681e-17   2.696262e-04   2.199057e-18   192
  6.847993e-01   1.672821e-17   1.718359e-04   1.511794e-18   288
  6.858544e-01   8.437609e-18   1.495808e-04   1.043227e-18   108
  6.863859e-01   1.786519e-17   1.438036e-04   1.744060e-18   240
  6.873243e-01   1.390337e-17   2.682690e-04   1.305847e-18   384
  6.882884e-01   2.067034e-17   3.272578e-04   2.265178e-18   108
  6.891409e-01   2.634820e-17   1.918773e-04   2.008308e-18   348
  6.900373e-01   1.617674e-17   2.002507e-04   2.029749e-18   312
  6.908379e-01   1.768312e-17   1.945855e-04   3.969445e-18   96
  6.915741e-01   1.765447e-17   2.590555e-04   1.445428e-18   384
  6.923987e-01   1.891803e-17   1.781778e-04   1.763770e-18   144
  6.932053e-01   1.906619e-17   2.737780e-04   1.530934e-18   408
  6.942079e-01   9.675217e-18   1.221243e-04   1.517546e-18   144
  6.951550e-01   1.817340e-17   2.347853e-04   2.153766e-18   192
  6.957167e-01   2.153981e-17   2.642552e-04   2.341156e-18   144
  6.966323e-01   1.140066e-17   2.148492e-04   1.161714e-18   144
  6.974962e-01   1.842082e-17   2.625805e-04   1.808202e-18   336
  6.985541e-01   8.642936e-18   1.942763e-04   6.583662e-19   240
  6.992249e-01   1.277669e-17   8.821915e-05   1.802353e-18   96
  7.001605e-01   2.008690e-17   2.587043e-04   1.783520e-18   372
  7.011070e-01   1.465223e-17   3.077232e-04   2.582981e-18   132
  7.019384e-01   9.678318e-18   1.904154e-04   7.488382e-19   264
  7.026821e-01   2.524341e-17   1.462304e-04   3.242491e-18   168
  7.034759e-01   1.642717e-17   2.337943e-04   1.412647e-18   216
  7.041771e-01   1.198120e-17   1.430383e-04   1.586658e-18   216
  7.051983e-01   5.729313e-18   2.624157e-04   6.102056e-19   96
  7.061249e-01   1.920648e-17   1.712023e-04   2.535668e-18   120
  7.069747e-01   1.168016e-17   2.176463e-04   1.316411e-18   216
  7.076747e-01   9.329979e-18   9.511215e-05   9.899387e-19   200
  7.086015e-01   1.388232e-17   2.462045e-04   1.979535e-18   288
  7.097902e-01   4.061929e-18   6.478119e-05   3.205438e-19   144
  7.102908e-01   1.421225e-17   2.015951e-04   2.484575e-18   168
  7.113130e-01   1.363646e-17   2.268765e-04   2.273392e-18   159
  7.121109e-01   8.550703e-18   2.380480e-04   7.361744e-19   174
  7.128831e-01   7.551839e-18   2.158536e-04   7.310687e-19   144
  7.138943e-01   1.348128e-17   1.246398e-04   1.333799e-18   222
  7.145705e-01   9.098810e-18   1.257726e-04   1.110481e-18   168
  7.157386e-01   1.412565e-17   2.758677e-04   3.609081e-18   30
  7.162211e-01   3.247442e-18   2.435709e-04   4.397273e-19   72
  7.171298e-01   8.980283e-18   2.173841e-04   1.048447e-18   258
  7.181290e-01   7.337691e-18   1.361533e-04   6.383728e-19   264
  7.186286e-01   9.613130e-18   1.468278e-08   1.625686e-18   72
  7.196697e-01   4.841547e-18   2.698616e-04   5.909450e-19   174
  7.206123e-01   9.862945e-18   2.873527e-04   1.463505e-18   168
  7.213701e-01   2.275410e-18   8.991328e-09   3.186785e-19   48
  7.221837e-01   5.162085e-18   1.622748e-04   7.154966e-19   150
  7.231270e-01   1.194920e-17   2.985162e-04   1.104377e-18   168
  7.240729e-01   5.323341e-18   1.818422e-04   5.792284e-19   144
  7.249427e-01   9.705308e-18   1.698820e-04   1.904859e-18   102
  7.255906e-01   2.619317e-18   2.514545e-04   2.274613e-19   96
  7.266185e-01   1.995362e-18   2.495518e-04   1.592749e-19   120
  7.273797e-01   1.976787e-18   2.676508e-04   1.588867e-19   168
  7.282031e-01   1.011242e-17   1.976389e-04   1.008478e-18   126
  7.289046e-01   6.024617e-18   1.490593e-04   9.040301e-19   168
  7.298711e-01   3.048632e-18   2.390167e-04   4.292216e-19   72
  7.307158e-01   3.016682e-18   2.993022e-04   2.645972e-19   168
  7.314557e-01   8.405644e-18   8.205344e-05   1.909173e-18   78
  7.324696e-01   2.815742e-18   1.347256e-04   3.660553e-19   60
  7.332860e-01   1.105545e-17   2.185468e-04   2.106591e-18   96
  7.341327e-01   3.738729e-18   2.651884e-04   3.084133e-19   168
  7.349284e-01   3.323328e-18   1.678009e-04   6.440567e-19   86
  7.357634e-01   2.284176e-18   1.499742e-04   3.029394e-19   120
  7.369601e-01   2.573973e-18   1.069515e-04   2.454626e-19   168
  7.376055e-01   1.439561e-18   0.000000e+00   1.529970e-19   48
  7.384747e-01   6.382115e-18   1.948541e-04   7.261967e-19   120
  7.389742e-01   4.068574e-18   1.421539e-04   5.967117e-19   126
  7.401935e-01   3.376178e-18   2.500091e-04   4.151980e-19   96
  7.409848e-01   3.204925e-18   7.209028e-05   3.133894e-19   96
  7.416089e-01   2.120521e-18   8.477105e-09   2.395000e-19   72
  7.429385e-01   2.523787e-18   8.991328e-09   4.754032e-19   24
  7.437683e-01   3.644139e-18   1.483601e-04   3.488640e-19   120
  7.444157e-01   3.092108e-18   2.164118e-04   4.416112e-19   126
  7.451355e-01   2.037074e-18   1.804085e-04   2.488709e-19   96
  7.459766e-01   1.209936e-18   3.117986e-04   1.344520e-19   72
  7.469132e-01   2.054663e-18   1.348634e-04   1.768364e-19   144
  7.476836e-01   1.991926e-18   7.778603e-05   2.690135e-19   72
  7.484533e-01   3.389860e-18   1.553665e-04   7.436954e-19   54
  7.491306e-01   3.289925e-18   1.369149e-04   3.876381e-19   108
  7.505382e-01   3.599099e-18   1.342120e-04   4.034735e-19   72
  7.509765e-01   2.510851e-18   7.744493e-05   2.759078e-19   72
  7.520162e-01   1.381711e-18   1.557344e-08   1.849239e-19   24
  7.529998e-01   7.681267e-19   1.638381e-04   1.292230e-19   48
  7.535971e-01   2.535002e-18   1.248023e-04   3.574075e-19   102
  7.544963e-01   1.645674e-18   2.822510e-04   1.472858e-19   168
  7.556711e-01   1.186527e-18   1.539331e-04   1.561005e-19   72
  7.561064e-01   1.397313e-18   0.000000e+00   2.069082e-19   48
  7.570195e-01   1.876494e-18   2.647743e-04   2.080237e-19   120
  7.582245e-01   1.677797e-18   1.627091e-04   1.478776e-19   96
  7.593627e-01   4.793226e-18   1.438612e-08   1.715709e-18   30
  7.607153e-01   2.467329e-18   7.644796e-05   3.578433e-19   72
  7.613097e-01   1.329599e-18   8.991328e-09   2.800416e-19   24
  7.620733e-01   6.295784e-19   1.133148e-04   1.014583e-19   56
  7.629285e-01   6.280625e-19   1.617059e-04   5.892354e-20   96
  7.639519e-01   1.336062e-18   1.785629e-04   1.281685e-19   144
  7.647411e-01   2.085107e-18   1.013810e-04   4.797267e-19   54
  7.658874e-01   1.233612e-18   1.518795e-04   1.303723e-19   108
  7.670409e-01   3.382825e-18   8.041947e-05   6.193224e-19   48
  7.681392e-01   1.295091e-18   3.028050e-04   1.387794e-19   72
  7.707744e-01   2.590141e-18   2.000642e-04   3.266339e-19   78
  7.715046e-01   6.089268e-19   1.507735e-04   6.715063e-20   72
  7.723570e-01   6.715724e-19   1.505863e-04   7.911853e-20   72
  7.732482e-01   1.220032e-18   3.633813e-04   1.081226e-19   96
  7.739527e-01   7.672849e-19   1.502759e-04   5.230625e-20   72
  7.748024e-01   1.139041e-18   0.000000e+00   1.905773e-19   24
  7.756510e-01   1.117000e-18   2.998733e-04   1.198588e-19   72
  7.775680e-01   1.403021e-18   1.904287e-04   2.586758e-19   30
  7.779804e-01   1.890630e-18   0.000000e+00   3.989355e-19   24
  7.801973e-01   5.168544e-19   1.581267e-04   7.022392e-20   48
  7.808927e-01   7.539548e-19   3.402886e-04   9.721685e-20   120
  7.818296e-01   5.547724e-19   1.487821e-04   6.979872e-20   72
  7.827758e-01   7.406272e-19   1.486022e-04   1.187162e-19   36
  7.834261e-01   7.823067e-19   2.937071e-04   9.466311e-20   78
  7.852411e-01   9.569771e-19   1.571111e-04   9.843606e-20   48
  7.875942e-01   1.397223e-18   1.271566e-08   1.856957e-19   24
  7.892707e-01   2.717565e-19   1.094089e-04   3.893753e-20   56
  7.901149e-01   3.381636e-19   1.683597e-04   3.172229e-20   102
  7.911888e-01   5.221027e-19   1.198844e-08   5.988234e-20   72
  7.918122e-01   6.091948e-19   8.991328e-09   9.136758e-20   24
  7.929021e-01   4.994775e-19   1.555930e-04   6.692513e-20   48
  7.949223e-01   7.467782e-19   0.000000e+00   1.424708e-19   24
  7.974016e-01   5.429868e-19   0.000000e+00   2.596157e-19   6
  7.981748e-01   1.924436e-19   0.000000e+00   3.530613e-20   24
  7.986898e-01   2.874689e-19   1.456409e-04   3.275062e-20   72
  7.996307e-01   3.036348e-19   2.717068e-04   2.939189e-20   84
  8.006440e-01   3.467721e-19   0.000000e+00   8.245408e-20   24
  8.009521e-01   4.844084e-19   1.271566e-08   5.997937e-20   24
  8.024909e-01   4.584672e-19   1.557344e-08   7.771593e-20   24
  8.046403e-01   5.024847e-19   0.000000e+00   1.628046e-19   6
  8.073954e-01   1.912373e-19   1.528000e-04   2.534834e-20   48
  8.080572e-01   2.352451e-19   2.878503e-04   2.297691e-20   72
  8.089220e-01   3.028400e-19   1.525117e-04   3.760360e-20   48
  8.102934e-01   5.088214e-19   0.000000e+00   1.018653e-19   24
  8.121184e-01   8.127649e-19   0.000000e+00   1.144979e-19   6
  8.162097e-01   1.456030e-19   0.000000e+00   4.168594e-20   8
  8.165120e-01   2.042233e-19   8.991328e-09   4.452363e-20   48
  8.172369e-01   2.139913e-19   1.479045e-04   2.798437e-20   60
  8.183231e-01   3.499270e-19   0.000000e+00   5.809710e-20   24
  8.198293e-01   1.850083e-19   0.000000e+00   5.606591e-20   6
  8.253784e-01   1.506759e-19   0.000000e+00   2.503285e-20   24
  8.258266e-01   1.525064e-19   1.493898e-04   1.746451e-20   48
  8.265733e-01   1.358885e-19   0.000000e+00   3.270457e-20   24
  8.277664e-01   6.899774e-20   0.000000e+00   6.689604e-21   6
  8.345448e-01   1.039468e-19   1.393664e-04   1.993660e-20   36
  8.350375e-01   1.459092e-19   0.000000e+00   3.789734e-20   24
  8.359234e-01   1.535869e-19   0.000000e+00   5.528293e-20   6
  8.436361e-01   1.330310e-19   1.266552e-04   1.517327e-20   32
  8.442939e-01   9.809622e-20   0.000000e+00   2.426339e-20   6
  8.525822e-01   1.516433e-19   0.000000e+00   3.473740e-20   12
  8.528715e-01   1.607696e-19   0.000000e+00   2.190912e-20   6
  8.616502e-01   6.095541e-20   0.000000e+00   1.005538e-20   6
