# power spectrum of phi
# redshift z=1.000000
# k              Pk             sigma(k)       sigma(Pk)      count
  1.047198e-02   2.759665e-10   0.000000e+00   1.117483e-10   6
  1.480961e-02   1.413402e-10   0.000000e+00   2.833869e-11   12
  1.813799e-02   9.407237e-11   1.986821e-10   1.982408e-11   8
  2.094395e-02   2.936650e-10   0.000000e+00   3.168594e-11   6
  2.341605e-02   1.846746e-10   0.000000e+00   5.883223e-11   24
  2.565100e-02   2.391290e-10   3.746387e-10   4.117843e-11   24
  2.961922e-02   9.026993e-11   0.000000e+00   4.031141e-11   12
  3.141593e-02   9.856712e-11   4.238553e-10   1.719497e-11   30
  3.311529e-02   1.236003e-10   0.000000e+00   2.662491e-11   24
  3.473161e-02   1.042086e-10   6.488932e-10   2.595553e-11   24
  3.627599e-02   1.092217e-10   3.973643e-10   2.159930e-11   8
  3.775724e-02   9.212599e-11   5.298191e-10   1.172576e-11   24
  3.918254e-02   8.202879e-11   0.000000e+00   1.174268e-11   48
  4.188790e-02   9.377474e-11   0.000000e+00   4.123130e-11   6
  4.317706e-02   7.060531e-11   7.492773e-10   1.013469e-11   48
  4.442883e-02   6.552879e-11   0.000000e+00   7.231742e-12   36
  4.564628e-02   8.889266e-11   5.298191e-10   1.899931e-11   24
  4.683210e-02   5.395619e-11   0.000000e+00   8.608624e-12   24
  4.798862e-02   4.638778e-11   0.000000e+00   6.010719e-12   48
  4.911792e-02   6.161277e-11   7.492773e-10   8.918635e-12   24
  5.130199e-02   5.482662e-11   7.492773e-10   8.116904e-12   24
  5.235988e-02   3.368510e-11   0.000000e+00   5.719172e-12   30
  5.339681e-02   3.923026e-11   0.000000e+00   4.213974e-12   72
  5.441398e-02   3.900134e-11   7.947286e-10   8.296506e-12   32
  5.639331e-02   4.637629e-11   0.000000e+00   5.377773e-12   72
  5.735737e-02   2.860537e-11   0.000000e+00   4.295719e-12   48
  5.923844e-02   1.491788e-11   0.000000e+00   4.701279e-12   12
  6.015692e-02   2.923605e-11   0.000000e+00   4.189029e-12   48
  6.106159e-02   2.545722e-11   0.000000e+00   2.364754e-12   48
  6.195304e-02   3.159734e-11   7.492773e-10   4.190790e-12   48
  6.283185e-02   3.901182e-11   8.477105e-10   6.927718e-12   30
  6.369854e-02   4.200088e-11   7.492773e-10   8.983960e-12   24
  6.455359e-02   4.011904e-11   1.579615e-09   4.430396e-12   72
  6.623059e-02   2.024382e-11   0.000000e+00   4.483179e-12   24
  6.705336e-02   3.038359e-11   0.000000e+00   2.895226e-12   96
  6.786616e-02   2.312598e-11   0.000000e+00   3.491454e-12   48
  6.866934e-02   1.802880e-11   1.297786e-09   3.995308e-12   24
  6.946323e-02   1.292668e-11   1.297786e-09   2.712950e-12   24
  7.024815e-02   3.236272e-11   0.000000e+00   3.794658e-12   72
  7.102439e-02   2.550199e-11   0.000000e+00   3.701290e-12   48
  7.255197e-02   1.806162e-11   7.947286e-10   4.685953e-12   8
  7.330383e-02   3.236688e-11   9.419006e-10   4.376435e-12   54
  7.404805e-02   1.910397e-11   0.000000e+00   2.949112e-12   84
  7.478486e-02   2.637667e-11   0.000000e+00   3.668604e-12   48
  7.551449e-02   1.477359e-11   1.059638e-09   2.451485e-12   24
  7.623713e-02   1.862521e-11   9.990364e-10   2.036285e-12   72
  7.695299e-02   2.384081e-11   0.000000e+00   2.788070e-12   96
  7.836509e-02   2.837062e-11   0.000000e+00   3.081603e-12   48
  7.906168e-02   1.741758e-11   0.000000e+00   1.964784e-12   48
  7.975219e-02   1.592117e-11   1.059638e-09   3.072918e-12   24
  8.043677e-02   1.666650e-11   0.000000e+00   1.807329e-12   72
  8.178874e-02   1.507361e-11   9.990364e-10   1.822470e-12   72
  8.245642e-02   1.505397e-11   0.000000e+00   1.654163e-12   96
  8.377580e-02   2.695598e-11   0.000000e+00   1.129869e-11   6
  8.442777e-02   1.720465e-11   0.000000e+00   1.988576e-12   96
  8.507473e-02   1.768082e-11   1.059638e-09   1.883218e-12   96
  8.571681e-02   8.890974e-12   0.000000e+00   2.158120e-12   24
  8.635412e-02   1.250052e-11   1.498555e-09   1.497039e-12   48
  8.698676e-02   1.263020e-11   0.000000e+00   1.262891e-12   96
  8.761483e-02   1.165229e-11   0.000000e+00   1.885632e-12   48
  8.885766e-02   1.156154e-11   0.000000e+00   1.887887e-12   36
  8.947260e-02   1.138088e-11   1.835347e-09   1.469046e-12   48
  9.008334e-02   1.261422e-11   2.076458e-09   1.158033e-12   120
  9.068997e-02   1.127879e-11   0.000000e+00   1.579107e-12   56
  9.129257e-02   5.869930e-12   1.059638e-09   1.099362e-12   24
  9.189121e-02   8.661747e-12   0.000000e+00   8.546800e-13   96
  9.248598e-02   8.875966e-12   0.000000e+00   1.045517e-12   48
  9.366420e-02   1.221015e-11   0.000000e+00   2.140185e-12   24
  9.424778e-02   1.206250e-11   0.000000e+00   1.343186e-12   102
  9.482777e-02   1.417943e-11   0.000000e+00   2.387334e-12   48
  9.540424e-02   1.134625e-11   0.000000e+00   1.134681e-12   72
  9.597724e-02   9.958316e-12   0.000000e+00   9.747391e-13   48
  9.654684e-02   1.160284e-11   0.000000e+00   2.173576e-12   48
  9.711311e-02   1.001438e-11   2.397687e-09   9.413902e-13   120
  9.823584e-02   1.034676e-11   1.498555e-09   1.316162e-12   24
  9.879242e-02   7.645288e-12   1.412851e-09   6.732305e-13   144
  9.934588e-02   7.391524e-12   1.695421e-09   8.798267e-13   120
  9.989628e-02   7.524919e-12   1.498555e-09   1.182023e-12   48
  1.009881e-01   8.740848e-12   1.498555e-09   1.245684e-12   48
  1.015296e-01   7.062475e-12   1.498555e-09   6.392932e-13   96
  1.029593e-01   7.427839e-12   2.512639e-04   8.619433e-13   72
  1.036673e-01   6.958181e-12   1.883801e-09   5.772535e-13   108
  1.041948e-01   7.187838e-12   0.000000e+00   7.347015e-13   72
  1.047198e-01   4.696243e-12   0.000000e+00   9.421719e-13   30
  1.052421e-01   7.557768e-12   0.000000e+00   5.390009e-13   168
  1.057618e-01   9.778461e-12   0.000000e+00   1.035818e-12   48
  1.067936e-01   5.444393e-12   0.000000e+00   6.811313e-13   72
  1.073058e-01   7.740474e-12   0.000000e+00   8.338483e-13   96
  1.078156e-01   6.232515e-12   2.825702e-09   8.290758e-13   72
  1.083230e-01   6.899112e-12   0.000000e+00   6.834255e-13   72
  1.091760e-01   7.522457e-12   2.320026e-04   6.320160e-13   104
  1.098310e-01   6.224444e-12   1.998073e-09   4.526482e-13   144
  1.113186e-01   4.136587e-12   3.350870e-09   4.160711e-13   96
  1.118101e-01   3.954824e-12   0.000000e+00   4.089261e-13   96
  1.125917e-01   6.017126e-12   2.386790e-04   5.605123e-13   120
  1.132717e-01   5.066680e-12   0.000000e+00   4.335483e-13   120
  1.137548e-01   6.769413e-12   0.000000e+00   7.418895e-13   72
  1.147147e-01   7.074146e-12   0.000000e+00   8.418835e-13   48
  1.151917e-01   6.341379e-12   2.258889e-09   8.555075e-13   78
  1.158019e-01   6.098560e-12   2.137142e-04   5.099951e-13   168
  1.170802e-01   5.740303e-12   1.998073e-09   4.598156e-13   144
  1.175476e-01   7.518626e-12   1.998073e-09   5.347628e-13   144
  1.189032e-01   5.363051e-12   1.230822e-04   4.951412e-13   156
  1.193989e-01   5.191409e-12   2.595573e-09   1.151501e-12   48
  1.198572e-01   5.039356e-12   1.695421e-09   4.707428e-13   120
  1.203138e-01   4.106846e-12   0.000000e+00   6.586269e-13   48
  1.211212e-01   5.261033e-12   1.883997e-04   4.098704e-13   216
  1.221232e-01   2.639056e-12   0.000000e+00   3.093826e-13   48
  1.225713e-01   3.698713e-12   1.498555e-09   3.040359e-13   96
  1.232085e-01   4.422017e-12   2.201745e-04   3.963917e-13   168
  1.239061e-01   3.185448e-12   1.498555e-09   4.369209e-13   48
  1.243478e-01   4.650205e-12   0.000000e+00   4.324254e-13   96
  1.247880e-01   3.930219e-12   0.000000e+00   6.551390e-13   48
  1.256637e-01   5.443196e-12   1.695421e-09   7.215931e-13   30
  1.260993e-01   4.168345e-12   1.498555e-09   3.478629e-13   96
  1.266199e-01   4.249050e-12   1.730376e-04   3.211184e-13   240
  1.272893e-01   7.747525e-12   1.866826e-04   1.150072e-12   32
  1.278268e-01   3.215367e-12   0.000000e+00   2.316017e-13   168
  1.282550e-01   3.297364e-12   0.000000e+00   3.373727e-13   120
  1.291072e-01   3.675136e-12   3.159231e-09   4.835121e-13   72
  1.295312e-01   4.795374e-12   1.998073e-09   4.884501e-13   144
  1.299538e-01   3.578081e-12   0.000000e+00   3.244055e-13   96
  1.303750e-01   4.075312e-12   0.000000e+00   3.079787e-13   96
  1.312135e-01   6.209081e-12   2.447129e-09   7.399593e-13   72
  1.316307e-01   3.134459e-12   2.119276e-09   3.301574e-13   96
  1.324612e-01   5.883912e-12   0.000000e+00   1.144595e-12   24
  1.328745e-01   3.883167e-12   0.000000e+00   2.725722e-13   192
  1.333612e-01   3.570033e-12   1.584222e-04   3.093020e-13   132
  1.341067e-01   3.571953e-12   0.000000e+00   3.264453e-13   96
  1.345150e-01   2.237312e-12   0.000000e+00   2.169106e-13   96
  1.349220e-01   3.143557e-12   1.695421e-09   2.556233e-13   120
  1.357323e-01   3.178180e-12   0.000000e+00   3.034069e-13   48
  1.363966e-01   3.089882e-12   1.919950e-04   1.878241e-13   222
  1.369388e-01   3.785439e-12   0.000000e+00   3.494492e-13   120
  1.373387e-01   2.041776e-12   2.595573e-09   5.065407e-13   24
  1.379208e-01   3.946891e-12   1.981667e-04   2.530536e-13   312
  1.391892e-01   4.100502e-12   1.857892e-04   4.172393e-13   72
  1.397136e-01   3.014405e-12   1.498555e-09   2.927352e-13   96
  1.402520e-01   3.353420e-12   1.892006e-04   2.902945e-13   192
  1.408860e-01   3.023922e-12   2.397687e-09   3.538811e-13   120
  1.412747e-01   2.666649e-12   0.000000e+00   2.144764e-13   144
  1.420488e-01   3.415451e-12   0.000000e+00   4.500502e-13   48
  1.425990e-01   2.621867e-12   1.902478e-04   1.794228e-13   336
  1.432021e-01   2.890860e-12   0.000000e+00   2.883456e-13   48
  1.439659e-01   2.715720e-12   0.000000e+00   2.364724e-13   192
  1.443462e-01   1.771732e-12   0.000000e+00   2.258825e-13   48
  1.454274e-01   1.670154e-12   1.320569e-04   1.712462e-13   56
  1.459650e-01   2.471428e-12   1.696060e-04   1.482540e-13   336
  1.466077e-01   2.000866e-12   1.883801e-09   3.428850e-13   54
  1.471675e-01   2.405953e-12   1.862882e-04   1.670760e-13   240
  1.483296e-01   2.508638e-12   1.783725e-04   2.104931e-13   228
  1.488347e-01   2.311041e-12   1.998073e-09   2.679284e-13   72
  1.493250e-01   2.454047e-12   1.730256e-04   2.079839e-13   144
  1.499359e-01   2.366270e-12   0.000000e+00   2.182750e-13   96
  1.503011e-01   2.242771e-12   2.397687e-09   1.715128e-13   240
  1.510290e-01   1.249236e-12   2.119276e-09   1.852052e-13   24
  1.514950e-01   2.326900e-12   1.634214e-04   1.366353e-13   336
  1.521142e-01   1.326490e-12   0.000000e+00   1.503108e-13   72
  1.526795e-01   2.676305e-12   1.777510e-04   2.386336e-13   168
  1.531918e-01   2.346938e-12   0.000000e+00   3.143005e-13   72
  1.539060e-01   3.187710e-12   0.000000e+00   3.473950e-13   96
  1.544591e-01   1.634095e-12   1.764175e-04   1.129473e-13   216
  1.549711e-01   1.513310e-12   2.119276e-09   1.249226e-13   96
  1.556771e-01   2.095424e-12   0.000000e+00   1.575198e-13   192
  1.560289e-01   1.841187e-12   1.998073e-09   1.164539e-13   144
  1.567302e-01   1.207665e-12   0.000000e+00   1.281955e-13   48
  1.572157e-01   2.012106e-12   1.700872e-04   1.636767e-13   246
  1.578754e-01   2.252263e-12   1.568231e-04   2.096925e-13   168
  1.584697e-01   1.881939e-12   2.936555e-09   2.698972e-13   120
  1.588154e-01   1.675719e-12   0.000000e+00   1.328616e-13   240
  1.595044e-01   2.156651e-12   2.119276e-09   5.146613e-13   24
  1.600534e-01   1.630718e-12   1.678653e-04   8.932827e-14   360
  1.607371e-01   2.369540e-12   1.671510e-04   2.353671e-13   120
  1.612140e-01   1.806800e-12   0.000000e+00   1.658403e-13   144
  1.615538e-01   2.440440e-12   0.000000e+00   2.484216e-13   96
  1.625688e-01   1.559092e-12   0.000000e+00   1.257436e-13   144
  1.629057e-01   2.356553e-12   0.000000e+00   2.555569e-13   132
  1.633792e-01   1.476994e-12   1.649756e-04   1.366387e-13   176
  1.640666e-01   1.521715e-12   1.665921e-04   9.163781e-14   312
  1.649128e-01   1.533882e-12   0.000000e+00   1.709504e-13   96
  1.652450e-01   1.089219e-12   0.000000e+00   9.988364e-14   144
  1.657546e-01   1.518612e-12   1.649211e-04   1.098630e-13   312
  1.665670e-01   1.402872e-12   0.000000e+00   2.044245e-13   48
  1.668958e-01   1.442450e-12   2.119276e-09   1.100370e-13   192
  1.675516e-01   1.115078e-12   0.000000e+00   2.238321e-13   6
  1.679873e-01   1.396869e-12   1.538169e-04   9.112842e-14   288
  1.686930e-01   1.488077e-12   1.625175e-04   1.256033e-13   192
  1.691799e-01   1.360039e-12   3.767602e-09   1.064370e-13   216
  1.695037e-01   1.664718e-12   0.000000e+00   2.200532e-13   72
  1.703104e-01   1.644963e-12   1.609741e-04   1.977429e-13   192
  1.708462e-01   1.576107e-12   1.195319e-04   1.287249e-13   288
  1.714336e-01   1.214705e-12   0.000000e+00   2.528833e-13   24
  1.718875e-01   1.271007e-12   1.574734e-04   7.665272e-14   456
  1.727082e-01   1.493432e-12   0.000000e+00   3.241461e-13   48
  1.732154e-01   1.594532e-12   1.551050e-04   1.116177e-13   240
  1.737983e-01   1.543959e-12   1.567511e-04   1.216236e-13   216
  1.742884e-01   1.186290e-12   0.000000e+00   1.383633e-13   72
  1.746027e-01   9.754539e-13   5.415824e-09   7.652631e-14   168
  1.754902e-01   1.279998e-12   1.165108e-04   9.163227e-14   288
  1.759879e-01   1.385874e-12   1.541637e-04   1.231907e-13   168
  1.767873e-01   1.235923e-12   0.000000e+00   1.035035e-13   192
  1.770972e-01   9.685700e-13   1.998073e-09   6.288662e-14   144
  1.777153e-01   1.806103e-12   0.000000e+00   2.214338e-13   36
  1.782395e-01   9.899535e-13   1.407843e-04   5.875847e-14   342
  1.787407e-01   1.158881e-12   1.445684e-04   1.395558e-13   144
  1.793851e-01   1.385295e-12   1.516160e-04   1.160375e-13   384
  1.801667e-01   1.304808e-12   4.152916e-09   1.367567e-13   120
  1.805535e-01   1.368413e-12   1.351974e-04   8.444235e-14   264
  1.810774e-01   1.154255e-12   6.701740e-09   9.178362e-14   192
  1.815707e-01   1.014365e-12   1.457010e-04   9.835279e-14   152
  1.819835e-01   1.109978e-12   1.998073e-09   1.201393e-13   144
  1.828519e-01   8.265410e-13   9.429911e-05   7.334700e-14   216
  1.832538e-01   1.296400e-12   1.260088e-04   9.369043e-14   312
  1.839613e-01   1.088496e-12   1.460417e-04   8.405298e-14   240
  1.843782e-01   9.230801e-13   2.119276e-09   7.508356e-14   96
  1.851694e-01   6.656510e-13   1.396264e-04   5.325483e-14   144
  1.856571e-01   1.025184e-12   1.372405e-04   6.091329e-14   456
  1.864482e-01   6.082952e-13   0.000000e+00   5.320698e-14   120
  1.867421e-01   8.856548e-13   0.000000e+00   7.807975e-14   144
  1.873284e-01   9.804817e-13   0.000000e+00   1.321990e-13   24
  1.877043e-01   7.875706e-13   1.319199e-04   4.966616e-14   336
  1.883544e-01   9.613991e-13   1.454897e-04   9.211764e-14   198
  1.889636e-01   1.118840e-12   1.414803e-04   8.873477e-14   432
  1.896555e-01   1.494197e-12   0.000000e+00   2.758720e-13   48
  1.900165e-01   1.270708e-12   1.249027e-04   8.863536e-14   384
  1.906647e-01   1.042581e-12   1.437894e-04   1.370183e-13   144
  1.912520e-01   1.428948e-12   1.427640e-04   1.444902e-13   264
  1.919545e-01   9.178145e-13   2.119276e-09   9.561639e-14   48
  1.924258e-01   8.566948e-13   1.357452e-04   6.837977e-14   276
  1.928806e-01   1.012863e-12   1.230494e-04   9.693731e-14   192
  1.934883e-01   8.160461e-13   1.382805e-04   4.287873e-14   552
  1.942262e-01   6.972176e-13   2.397687e-09   8.242366e-14   120
  1.946648e-01   6.127473e-13   1.399739e-04   4.984433e-14   216
  1.950713e-01   7.286706e-13   3.390842e-09   6.685570e-14   120
  1.957974e-01   9.988135e-13   1.378400e-04   6.207158e-14   408
  1.964717e-01   2.204034e-13   2.997109e-09   2.986772e-14   24
  1.968898e-01   8.542213e-13   1.392432e-04   6.500523e-14   384
  1.974738e-01   6.051453e-13   1.360456e-04   4.330121e-14   240
  1.979808e-01   7.503702e-13   1.370419e-04   6.016201e-14   168
  1.986918e-01   5.655217e-13   0.000000e+00   6.624118e-14   120
  1.991501e-01   1.006814e-12   1.428590e-04   9.249677e-14   350
  1.998953e-01   9.297906e-13   2.351734e-04   7.325272e-14   384
  2.003407e-01   1.204022e-12   0.000000e+00   1.664168e-13   144
  2.011601e-01   7.850479e-13   0.000000e+00   8.543824e-14   288
  2.015879e-01   8.600498e-13   1.346162e-04   7.642142e-14   336
  2.021699e-01   5.845130e-13   1.225568e-04   6.222108e-14   168
  2.025184e-01   1.026871e-12   5.415824e-09   7.734491e-14   336
  2.032390e-01   5.546914e-13   1.272067e-04   3.850421e-14   288
  2.036719e-01   7.590627e-13   1.198612e-04   5.793165e-14   264
  2.044048e-01   7.309936e-13   0.000000e+00   7.883391e-14   240
  2.046729e-01   5.730791e-13   2.997109e-09   7.541755e-14   96
  2.056350e-01   6.918917e-13   1.630032e-04   5.356683e-14   360
  2.060840e-01   6.431373e-13   1.201614e-04   8.190487e-14   168
  2.066513e-01   6.763997e-13   1.309884e-04   4.370100e-14   456
  2.073345e-01   5.433422e-13   2.664097e-09   6.672857e-14   108
  2.077188e-01   4.085850e-13   1.314299e-04   2.862244e-14   264
  2.081982e-01   6.044337e-13   1.172569e-04   5.384447e-14   264
  2.088547e-01   6.148119e-13   1.106490e-04   3.833449e-14   312
  2.096721e-01   7.250732e-13   8.222425e-05   8.711968e-14   270
  2.100147e-01   8.575966e-13   1.043941e-04   8.470293e-14   240
  2.106305e-01   7.312625e-13   1.291486e-04   6.308591e-14   384
  2.110045e-01   5.926347e-13   2.997109e-09   4.404189e-14   192
  2.117308e-01   7.215785e-13   1.036246e-04   6.691878e-14   240
  2.121521e-01   7.535269e-13   1.278894e-04   6.177559e-14   336
  2.129444e-01   6.453165e-13   1.287452e-04   3.965053e-14   480
  2.135872e-01   7.570830e-13   4.894259e-09   1.024746e-13   72
  2.139463e-01   7.264014e-13   1.255383e-04   7.681136e-14   240
  2.144347e-01   5.698621e-13   1.179888e-04   4.256975e-14   312
  2.149945e-01   5.002919e-13   1.275175e-04   4.081601e-14   240
  2.158405e-01   5.711091e-13   9.688032e-05   4.764347e-14   408
  2.161754e-01   5.356998e-13   8.871903e-05   4.349821e-14   336
  2.168299e-01   5.499746e-13   1.126513e-04   4.724489e-14   264
  2.171515e-01   3.283329e-13   0.000000e+00   2.428366e-14   144
  2.180464e-01   5.168689e-13   1.561414e-04   3.727519e-14   464
  2.185179e-01   4.086626e-13   1.241644e-04   3.651481e-14   168
  2.189834e-01   4.564129e-13   1.130867e-04   4.610120e-14   336
  2.198247e-01   5.195185e-13   1.188197e-04   4.364225e-14   414
  2.202990e-01   1.015329e-12   1.236843e-04   1.060186e-13   216
  2.209066e-01   1.012901e-12   2.997109e-09   1.302995e-13   96
  2.211546e-01   5.703919e-13   6.701740e-09   5.744051e-14   384
  2.220237e-01   5.233485e-13   1.234453e-04   4.186853e-14   492
  2.224894e-01   7.157257e-13   1.207189e-04   5.941654e-14   240
  2.230158e-01   5.054828e-13   1.225720e-04   4.111178e-14   312
  2.237427e-01   3.386382e-13   1.225317e-04   3.811939e-14   192
  2.242032e-01   4.838973e-13   1.187480e-04   4.085035e-14   504
  2.248141e-01   5.700698e-13   7.861322e-05   4.729206e-14   408
  2.252952e-01   3.637797e-13   2.408413e-04   3.350472e-14   168
  2.258971e-01   6.641265e-13   1.144017e-04   4.879381e-14   288
  2.264022e-01   4.379763e-13   1.193880e-04   3.712903e-14   288
  2.269196e-01   3.242529e-13   1.200752e-04   2.539792e-14   432
  2.276701e-01   4.651111e-13   1.135511e-04   3.704476e-14   216
  2.280712e-01   4.123561e-13   1.133116e-04   3.275214e-14   360
  2.287851e-01   4.426678e-13   1.105910e-04   3.601991e-14   312
  2.294295e-01   6.032992e-13   0.000000e+00   8.852911e-14   48
  2.298009e-01   3.561241e-13   1.185695e-04   2.437690e-14   432
  2.304661e-01   4.048189e-13   1.977751e-04   3.603213e-14   414
  2.308590e-01   4.694141e-13   0.000000e+00   4.532731e-14   312
  2.315919e-01   4.973398e-13   1.735367e-04   4.661753e-14   528
  2.320864e-01   5.171223e-13   9.109205e-05   5.731540e-14   264
  2.326806e-01   5.154021e-13   1.080102e-04   4.553170e-14   480
  2.334570e-01   4.584697e-13   0.000000e+00   4.262930e-14   288
  2.337922e-01   3.246931e-13   1.160536e-04   3.071726e-14   168
  2.344056e-01   5.312255e-13   1.837125e-04   3.463168e-14   504
  2.350953e-01   8.483161e-13   2.825702e-09   1.059130e-13   144
  2.355291e-01   2.898450e-13   1.179875e-04   1.867316e-14   464
  2.361811e-01   3.428726e-13   1.731533e-04   2.313533e-14   432
  2.364905e-01   4.499624e-13   0.000000e+00   5.345148e-14   192
  2.372901e-01   3.124867e-13   1.283644e-04   3.124306e-14   396
  2.377622e-01   2.973970e-13   1.153066e-04   2.456129e-14   288
  2.382395e-01   3.072351e-13   1.139032e-04   2.773064e-14   336
  2.390018e-01   3.547199e-13   7.212582e-05   2.392739e-14   432
  2.394856e-01   3.899706e-13   1.869401e-04   2.927553e-14   360
  2.400288e-01   3.164656e-13   1.105778e-04   1.935496e-14   384
  2.408002e-01   2.903409e-13   9.760616e-05   2.924527e-14   198
  2.411719e-01   3.897077e-13   1.109465e-04   3.547396e-14   552
  2.418651e-01   6.168273e-13   1.553174e-04   7.668110e-14   432
  2.424438e-01   3.061696e-13   3.425268e-09   3.002382e-14   168
  2.429294e-01   5.848715e-13   1.925368e-04   5.718543e-14   480
  2.435719e-01   2.540310e-13   3.390842e-09   2.346827e-14   120
  2.438611e-01   3.856247e-13   1.572557e-04   3.238405e-14   336
  2.445668e-01   3.695523e-13   1.109415e-04   2.684972e-14   672
  2.452646e-01   4.253269e-13   1.613795e-04   2.741690e-14   528
  2.455896e-01   2.025446e-13   0.000000e+00   1.883024e-14   168
  2.463404e-01   4.571097e-13   1.800178e-04   3.975446e-14   456
  2.467986e-01   5.338979e-13   1.099384e-04   7.162811e-14   168
  2.472742e-01   3.447195e-13   1.097410e-04   2.308607e-14   504
  2.480649e-01   2.426514e-13   1.412198e-04   2.542843e-14   336
  2.485429e-01   3.370574e-13   1.018028e-04   3.145644e-14   312
  2.490733e-01   3.366084e-13   9.946821e-05   2.918319e-14   504
  2.497712e-01   2.494740e-13   6.901380e-05   1.507343e-14   432
  2.500993e-01   2.594672e-13   1.066492e-04   1.840044e-14   312
  2.507814e-01   2.745275e-13   1.093206e-04   1.864818e-14   384
  2.514936e-01   5.361093e-13   9.288053e-05   9.807634e-14   126
  2.519332e-01   3.916065e-13   1.630761e-04   3.169317e-14   492
  2.524948e-01   4.056659e-13   1.044504e-04   3.536047e-14   528
  2.531967e-01   2.842560e-13   1.060992e-04   2.648522e-14   480
  2.536318e-01   4.111290e-13   1.465754e-04   3.649470e-14   432
  2.542615e-01   3.618735e-13   1.152622e-04   2.703123e-14   440
  2.549927e-01   4.357603e-13   5.731942e-05   4.778747e-14   312
  2.552671e-01   2.917044e-13   8.589793e-05   2.826270e-14   480
  2.558300e-01   2.940470e-13   1.681865e-04   2.616884e-14   408
  2.566524e-01   4.619296e-13   1.007247e-04   4.393126e-14   360
  2.569999e-01   3.104165e-13   9.719565e-05   2.640148e-14   408
  2.576437e-01   2.312042e-13   9.890888e-05   2.094631e-14   456
  2.583687e-01   3.258600e-13   9.453253e-05   2.435453e-14   264
  2.587712e-01   2.778229e-13   1.025915e-04   2.691743e-14   384
  2.593569e-01   2.395184e-13   1.727200e-04   1.588107e-14   672
  2.600341e-01   3.392742e-13   1.033089e-04   3.634423e-14   240
  2.604249e-01   1.979835e-13   1.048327e-04   1.517967e-14   264
  2.609764e-01   1.697946e-13   1.292938e-04   1.135767e-14   624
  2.617994e-01   2.242222e-13   0.000000e+00   4.145393e-14   150
  2.620924e-01   4.000122e-13   1.448839e-04   3.324254e-14   600
  2.627103e-01   3.179265e-13   9.999517e-05   2.218450e-14   672
  2.634101e-01   2.866472e-13   9.405250e-05   4.208566e-14   336
  2.637999e-01   4.261691e-13   1.023017e-04   3.981724e-14   408
  2.644227e-01   3.200459e-13   1.020607e-04   3.624435e-14   408
  2.651155e-01   2.814445e-13   5.160738e-05   1.967192e-14   360
  2.655425e-01   3.291656e-13   1.894857e-04   2.824721e-14   456
  2.660582e-01   2.653986e-13   1.030435e-04   2.665228e-14   384
  2.667148e-01   1.532916e-13   9.512221e-05   1.354935e-14   348
  2.670696e-01   3.319777e-13   1.172669e-04   2.954015e-14   576
  2.677360e-01   2.196813e-13   9.655385e-05   1.999202e-14   504
  2.684178e-01   2.250196e-13   1.361836e-04   1.931737e-14   432
  2.690129e-01   2.381445e-13   1.852771e-04   1.748680e-14   576
  2.694372e-01   2.257816e-13   4.359432e-09   2.765866e-14   264
  2.701105e-01   2.072051e-13   1.474343e-04   1.166012e-14   768
  2.706959e-01   7.947378e-14   1.984934e-04   6.027429e-15   240
  2.711614e-01   2.592153e-13   1.750524e-04   3.116957e-14   192
  2.718395e-01   1.616455e-13   1.288600e-04   1.002545e-14   504
  2.723423e-01   3.065481e-13   1.736436e-04   2.857996e-14   590
  2.728245e-01   3.250807e-13   1.945582e-04   3.458545e-14   384
  2.734292e-01   2.234756e-13   1.625933e-04   1.855120e-14   504
  2.741593e-01   3.430538e-13   1.564709e-04   2.723073e-14   648
  2.748674e-01   2.046124e-13   4.249545e-05   1.913213e-14   504
  2.751529e-01   2.021508e-13   9.694010e-05   2.114225e-14   312
  2.756570e-01   3.546920e-13   1.396668e-04   3.091832e-14   576
  2.763490e-01   3.790984e-13   9.719495e-05   4.351099e-14   240
  2.767525e-01   1.638448e-13   9.821081e-05   1.105564e-14   552
  2.773235e-01   3.152245e-13   9.221769e-05   2.770653e-14   600
  2.781369e-01   1.987831e-13   1.126366e-04   1.515830e-14   600
  2.786259e-01   1.886688e-13   1.803786e-04   2.030896e-14   312
  2.791130e-01   2.462958e-13   1.570919e-04   2.197100e-14   480
  2.797213e-01   1.782659e-13   9.801029e-05   1.648987e-14   576
  2.802570e-01   2.621446e-13   1.578178e-04   2.731032e-14   408
  2.807322e-01   6.464298e-14   1.841018e-04   5.207084e-15   216
  2.813463e-01   1.539534e-13   1.410013e-04   1.074904e-14   516
  2.820042e-01   1.758750e-13   1.345295e-04   1.100832e-14   744
  2.826829e-01   1.966081e-13   8.985385e-05   1.413439e-14   462
  2.830663e-01   2.697611e-13   9.132344e-05   3.526533e-14   432
  2.836612e-01   2.935658e-13   8.472252e-05   2.622274e-14   648
  2.843606e-01   2.553379e-13   1.239648e-04   2.796559e-14   528
  2.849224e-01   2.234877e-13   1.492846e-04   1.889104e-14   600
  2.854837e-01   4.624711e-13   1.882088e-04   5.761149e-14   240
  2.860274e-01   2.185780e-13   1.441661e-04   1.823252e-14   720
  2.866593e-01   1.911624e-13   1.140615e-04   1.510416e-14   720
  2.873599e-01   6.372306e-14   0.000000e+00   6.365608e-15   144
  2.877285e-01   2.340589e-13   1.470594e-04   1.706456e-14   720
  2.882529e-01   2.348624e-13   8.817971e-05   2.057842e-14   384
  2.889094e-01   1.647088e-13   9.775189e-05   1.037076e-14   672
  2.895323e-01   2.475670e-13   1.711528e-04   2.139817e-14   336
  2.898298e-01   2.129474e-13   3.996146e-09   2.396201e-14   288
  2.905583e-01   1.790063e-13   1.354560e-04   1.433304e-14   776
  2.912326e-01   1.414146e-13   1.159032e-04   9.182754e-15   720
  2.917990e-01   1.167160e-13   9.336850e-05   9.027228e-15   432
  2.922520e-01   2.233239e-13   1.331086e-04   1.943739e-14   504
  2.927559e-01   1.769718e-13   9.326144e-05   1.325482e-14   528
  2.934611e-01   2.159276e-13   1.270633e-04   2.423784e-14   438
  2.940412e-01   2.554191e-13   1.478900e-04   2.878077e-14   624
  2.944784e-01   2.663199e-13   1.811453e-04   4.226871e-14   312
  2.950794e-01   2.478762e-13   9.759655e-05   1.761194e-14   696
  2.957008e-01   1.896677e-13   8.830719e-05   1.758711e-14   552
  2.963471e-01   2.301259e-13   6.832030e-05   2.342878e-14   516
  2.967470e-01   2.729426e-13   1.364647e-04   2.568165e-14   528
  2.972338e-01   6.824978e-14   8.874670e-05   3.519890e-15   528
  2.979252e-01   1.904721e-13   1.170389e-04   1.473436e-14   864
  2.983945e-01   1.685504e-13   1.603192e-04   1.715058e-14   408
  2.988643e-01   3.257020e-13   1.588366e-04   3.917052e-14   192
  2.995302e-01   1.409219e-13   1.314449e-04   1.192175e-14   720
  3.000923e-01   1.714249e-13   1.211987e-04   1.568334e-14   696
  3.007603e-01   1.636083e-13   1.308957e-04   1.213504e-14   720
  3.013714e-01   1.584632e-13   1.774134e-04   1.324377e-14   432
  3.017277e-01   8.880958e-14   1.044325e-04   8.029154e-15   264
  3.023689e-01   1.374171e-13   1.442166e-04   8.613140e-15   672
  3.029425e-01   1.433282e-13   1.476557e-04   9.971123e-15   600
  3.036231e-01   7.788854e-14   8.645224e-05   1.215420e-14   270
  3.039662e-01   1.968501e-13   1.301347e-04   2.017380e-14   528
  3.045115e-01   1.956275e-13   8.911164e-05   1.836897e-14   840
  3.052593e-01   2.613610e-13   1.703974e-04   2.085043e-14   888
  3.059503e-01   1.515796e-13   1.269586e-04   1.341234e-14   744
  3.065343e-01   1.599092e-13   6.523820e-05   1.620033e-14   456
  3.068247e-01   3.257432e-13   8.915203e-05   3.195081e-14   360
  3.073217e-01   1.731655e-13   7.724522e-05   2.726943e-14   384
  3.080843e-01   1.390048e-13   1.239006e-04   9.344373e-15   816
  3.086564e-01   1.675813e-13   1.797625e-04   1.215327e-14   824
  3.093519e-01   1.372976e-13   8.356216e-05   1.687120e-14   360
  3.097243e-01   1.387479e-13   1.233064e-04   9.669532e-15   624
  3.102369e-01   2.005730e-13   8.332375e-05   2.684466e-14   360
  3.109197e-01   1.380121e-13   1.133448e-04   1.175209e-14   876
  3.115363e-01   1.111121e-13   1.346197e-04   8.646748e-15   696
  3.121582e-01   8.593317e-14   8.692856e-05   7.347982e-15   336
  3.124843e-01   1.810618e-13   8.683089e-05   1.824616e-14   504
  3.130227e-01   1.245945e-13   8.758331e-05   1.154761e-14   672
  3.138216e-01   8.989340e-14   1.743580e-04   6.131741e-15   720
  3.143756e-01   1.781421e-13   1.317089e-04   1.652402e-14   774
  3.149872e-01   3.126336e-13   7.538674e-05   3.947119e-14   384
  3.153075e-01   2.255630e-13   1.450764e-04   2.444586e-14   528
  3.158045e-01   1.894484e-13   1.382659e-04   1.644579e-14   744
  3.166041e-01   1.999424e-13   1.140401e-04   1.686226e-14   768
  3.171350e-01   2.081178e-13   1.280186e-04   2.397442e-14   552
  3.177973e-01   1.307030e-13   1.395258e-04   1.180664e-14   696
  3.182901e-01   2.120553e-13   1.695480e-04   2.400305e-14   408
  3.186812e-01   1.844027e-13   7.324610e-05   2.090444e-14   504
  3.193013e-01   1.346794e-13   1.315839e-04   1.072774e-14   888
  3.199114e-01   1.336882e-13   1.367537e-04   1.317994e-14   648
  3.205456e-01   1.291334e-13   1.355815e-04   1.167694e-14   648
  3.211423e-01   1.435012e-13   1.461901e-04   1.270505e-14   792
  3.217743e-01   1.038055e-13   2.138861e-04   9.940022e-15   600
  3.222400e-01   6.378093e-14   1.449523e-04   4.668653e-15   456
  3.227302e-01   1.227319e-13   7.064357e-05   9.881991e-15   648
  3.233598e-01   8.995491e-14   1.377653e-04   6.240251e-15   936
  3.240395e-01   1.374193e-13   8.460563e-05   1.147786e-14   384
  3.246312e-01   9.404695e-14   0.000000e+00   1.391252e-14   198
  3.250879e-01   7.418495e-14   2.146517e-04   5.002621e-15   1224
  3.255805e-01   1.132064e-13   1.563325e-04   1.055374e-14   420
  3.261631e-01   9.173755e-14   1.512972e-04   8.154573e-15   792
  3.267327e-01   8.002330e-14   1.251099e-04   6.819139e-15   680
  3.273828e-01   7.151862e-14   1.148817e-04   7.436702e-15   600
  3.279059e-01   6.716651e-14   1.666100e-04   4.577051e-15   840
  3.286043e-01   7.128669e-14   7.866554e-05   5.986610e-15   432
  3.288712e-01   9.047118e-14   7.371997e-05   7.531544e-15   720
  3.294514e-01   6.364515e-14   1.476482e-04   4.081806e-15   960
  3.301731e-01   6.236342e-14   1.316176e-04   6.598336e-15   528
  3.307005e-01   7.211835e-14   1.345382e-04   5.863385e-15   624
  3.313282e-01   7.626026e-14   1.057461e-04   5.033239e-15   816
  3.319513e-01   6.583363e-14   1.739018e-04   4.649113e-15   696
  3.326398e-01   4.555970e-14   4.795375e-09   4.338587e-15   240
  3.328987e-01   7.672823e-14   1.025540e-04   6.176162e-15   672
  3.334766e-01   6.958363e-14   1.832787e-04   5.735480e-15   864
  3.341248e-01   4.385107e-14   1.406367e-04   2.834871e-15   816
  3.347091e-01   5.095742e-14   8.049558e-05   4.068942e-15   648
  3.353384e-01   7.910898e-14   8.228115e-05   5.646329e-15   843
  3.358726e-01   6.117037e-14   1.480440e-04   5.272363e-15   780
  3.365092e-01   6.915913e-14   7.943766e-05   1.614055e-14   216
  3.369019e-01   5.720876e-14   1.915552e-04   3.582348e-15   1056
  3.375059e-01   4.243894e-14   1.567137e-04   4.495561e-15   228
  3.380651e-01   8.574518e-14   1.951124e-04   6.578852e-15   924
  3.386392e-01   5.775663e-14   7.237578e-05   3.669517e-15   696
  3.392470e-01   5.694662e-14   1.288082e-04   4.326644e-15   996
  3.398690e-01   3.874227e-14   7.604578e-05   3.243566e-15   576
  3.405160e-01   6.984031e-14   1.173716e-04   8.136850e-15   552
  3.409877e-01   6.982728e-14   1.401376e-04   6.535086e-15   516
  3.414663e-01   6.717143e-14   2.037892e-04   5.636783e-15   744
  3.420133e-01   3.445445e-14   9.997072e-05   2.798979e-15   576
  3.424890e-01   4.490044e-14   1.028952e-04   3.109082e-15   792
  3.431651e-01   4.634547e-14   1.176283e-04   4.417488e-15   792
  3.436606e-01   5.137652e-14   1.268609e-04   4.218604e-15   720
  3.443307e-01   4.967216e-14   1.445922e-04   4.108528e-15   656
  3.449586e-01   4.465183e-14   1.578872e-04   3.379475e-15   816
  3.456023e-01   4.942896e-14   8.513011e-05   5.355701e-15   492
  3.459682e-01   5.030732e-14   1.224657e-04   4.309971e-15   552
  3.466548e-01   3.444688e-14   2.129529e-04   2.993562e-15   780
  3.471008e-01   3.968437e-14   1.308144e-04   3.293372e-15   528
  3.475812e-01   2.883757e-14   1.527003e-04   2.211124e-15   600
  3.482893e-01   4.241561e-14   1.269060e-04   2.363329e-15   900
  3.487774e-01   3.978304e-14   7.025733e-05   3.091617e-15   696
  3.494490e-01   4.122459e-14   1.776484e-04   3.167579e-15   696
  3.500986e-01   2.602195e-14   7.207025e-05   1.724975e-15   552
  3.506449e-01   2.914967e-14   8.381104e-05   2.042626e-15   708
  3.512172e-01   3.127480e-14   1.383768e-04   1.972508e-15   876
  3.518127e-01   3.976266e-14   7.347534e-05   7.493629e-15   216
  3.522123e-01   3.827662e-14   2.009650e-04   1.937631e-15   1032
  3.528107e-01   2.923930e-14   2.237524e-04   2.683057e-15   600
  3.534319e-01   2.206699e-14   1.067663e-04   2.075757e-15   600
  3.539057e-01   2.838250e-14   1.885393e-04   1.953317e-15   528
  3.544658e-01   3.239329e-14   1.034998e-04   2.576698e-15   732
  3.550558e-01   3.874891e-14   7.642523e-05   4.102521e-15   336
  3.557350e-01   2.577526e-14   1.089211e-04   1.798243e-15   912
  3.562426e-01   1.993927e-14   1.093238e-04   1.117147e-15   624
  3.567971e-01   2.387753e-14   9.212486e-05   1.368658e-15   768
  3.574444e-01   2.600108e-14   1.662114e-04   1.366203e-15   792
  3.580798e-01   2.761371e-14   8.240075e-05   1.855247e-15   660
  3.585318e-01   2.621164e-14   1.214307e-04   2.664023e-15   504
  3.589994e-01   2.132986e-14   1.983946e-04   1.843344e-15   480
  3.597001e-01   1.967289e-14   1.834891e-04   1.057857e-15   912
  3.602488e-01   2.888410e-14   2.043436e-04   2.380709e-15   432
  3.607669e-01   2.362577e-14   1.213344e-04   1.580321e-15   564
  3.612270e-01   2.142182e-14   1.161338e-04   1.193803e-15   600
  3.618746e-01   2.621575e-14   1.618794e-04   1.532144e-15   876
  3.623612e-01   2.758605e-14   7.278589e-05   3.168829e-15   264
  3.630318e-01   1.770946e-14   1.412332e-04   1.451017e-15   560
  3.635708e-01   2.275645e-14   9.597103e-05   1.411826e-15   840
  3.642252e-01   1.727596e-14   1.479597e-04   8.860436e-16   1008
  3.648303e-01   1.531821e-14   6.618722e-05   1.014507e-15   456
  3.653829e-01   1.813116e-14   8.573618e-05   1.125044e-15   576
  3.658938e-01   1.976252e-14   1.317428e-04   1.337221e-15   612
  3.665675e-01   1.881784e-14   1.176677e-04   1.114976e-15   780
  3.671170e-01   2.051452e-14   1.348418e-04   1.191231e-15   648
  3.676796e-01   1.753251e-14   6.283801e-05   1.448037e-15   312
  3.680392e-01   1.578214e-14   1.596611e-04   1.045487e-15   528
  3.686621e-01   1.478971e-14   2.085094e-04   7.270213e-16   720
  3.692577e-01   1.616311e-14   2.091624e-04   1.241477e-15   576
  3.699799e-01   1.923588e-14   1.804295e-04   1.732953e-15   444
  3.704293e-01   1.948175e-14   1.769432e-04   9.783653e-16   996
  3.709800e-01   1.253685e-14   1.478008e-04   7.762084e-16   432
  3.715004e-01   1.962520e-14   1.618128e-04   1.206850e-15   504
  3.719500e-01   1.278457e-14   7.295375e-05   8.251084e-16   504
  3.725901e-01   1.816302e-14   1.435738e-04   8.611061e-16   876
  3.731694e-01   1.474853e-14   1.652398e-04   1.217106e-15   504
  3.737726e-01   1.250710e-14   1.053813e-04   7.533039e-16   696
  3.742711e-01   1.382371e-14   9.008996e-05   8.152452e-16   492
  3.749493e-01   1.576824e-14   1.289681e-04   1.330245e-15   432
  3.754517e-01   1.529835e-14   1.207645e-04   8.238339e-16   768
  3.760472e-01   1.241936e-14   1.504284e-04   7.416743e-16   648
  3.766158e-01   1.406948e-14   9.813842e-05   1.082830e-15   456
  3.772692e-01   1.422026e-14   1.349562e-04   8.099645e-16   552
  3.777230e-01   1.281894e-14   9.249912e-05   8.105073e-16   648
  3.783475e-01   1.118568e-14   1.507684e-04   6.037532e-16   840
  3.789576e-01   1.401964e-14   7.189826e-05   8.038655e-16   432
  3.795683e-01   1.273904e-14   8.806309e-05   7.234355e-16   600
  3.799931e-01   1.295019e-14   9.382544e-05   8.039988e-16   432
  3.807066e-01   1.304622e-14   9.341237e-05   7.633655e-16   560
  3.811897e-01   1.050143e-14   1.478620e-04   4.841442e-16   840
  3.817948e-01   1.290233e-14   8.758080e-05   8.087193e-16   504
  3.822753e-01   1.161054e-14   1.787472e-04   6.158869e-16   696
  3.829526e-01   1.376104e-14   9.762534e-05   1.088950e-15   384
  3.834802e-01   9.907009e-15   1.430096e-04   5.509256e-16   576
  3.841184e-01   9.599994e-15   8.825840e-05   5.177570e-16   360
  3.846327e-01   1.215812e-14   1.314382e-04   6.927798e-16   828
  3.851876e-01   1.038659e-14   1.170701e-04   7.476148e-16   372
  3.856960e-01   1.084211e-14   1.787885e-04   6.027517e-16   576
  3.863695e-01   1.133181e-14   7.487642e-05   5.553876e-16   636
  3.868494e-01   1.047076e-14   1.443424e-04   6.108590e-16   648
  3.874985e-01   9.074655e-15   1.173346e-04   5.471388e-16   576
  3.879645e-01   1.117078e-14   1.892731e-04   6.998262e-16   528
  3.885841e-01   1.172481e-14   8.092206e-05   8.988355e-16   360
  3.890971e-01   7.701098e-15   1.861511e-04   3.456567e-16   672
  3.897669e-01   1.030369e-14   9.534964e-05   5.263369e-16   804
  3.903244e-01   9.040139e-15   1.051821e-04   5.113433e-16   408
  3.909411e-01   1.117813e-14   6.501394e-05   8.382427e-16   384
  3.913563e-01   8.071639e-15   1.487769e-04   5.651721e-16   480
  3.919420e-01   9.117761e-15   9.613167e-05   6.962709e-16   432
  3.925038e-01   1.198958e-14   1.771502e-04   5.549491e-16   648
  3.931687e-01   8.423308e-15   1.099208e-04   4.111516e-16   624
  3.936551e-01   7.715751e-15   9.998227e-05   5.012830e-16   456
  3.943192e-01   8.837995e-15   1.365847e-04   4.980683e-16   588
  3.947643e-01   7.764524e-15   8.714046e-05   3.999403e-16   600
  3.954142e-01   9.161958e-15   1.359177e-04   5.526699e-16   708
  3.959275e-01   8.572403e-15   8.562555e-05   6.052639e-16   360
  3.964947e-01   8.696047e-15   9.842885e-05   4.900835e-16   552
  3.970384e-01   7.386609e-15   6.905016e-05   6.719871e-16   288
  3.975904e-01   6.776526e-15   1.298332e-04   4.029189e-16   528
  3.981091e-01   1.047173e-14   8.759147e-05   6.168688e-16   456
  3.986885e-01   8.991646e-15   1.553187e-04   5.944923e-16   608
  3.992713e-01   6.718903e-15   7.514491e-05   3.662073e-16   504
  3.999082e-01   6.750969e-15   1.613319e-04   4.161286e-16   540
  4.004076e-01   8.502069e-15   1.731852e-04   5.905731e-16   360
  4.009458e-01   8.454394e-15   7.842712e-05   4.495310e-16   540
  4.014219e-01   7.160673e-15   6.733899e-05   4.207302e-16   576
  4.021143e-01   8.516132e-15   1.561363e-04   4.823693e-16   588
  4.027725e-01   6.513234e-15   2.154209e-04   3.334718e-16   672
  4.033380e-01   8.361864e-15   1.646481e-04   4.282133e-16   552
  4.037939e-01   4.943581e-15   1.647313e-04   5.755081e-16   144
  4.043756e-01   8.519186e-15   1.399562e-04   5.042595e-16   600
  4.049271e-01   5.501338e-15   1.753956e-04   3.091824e-16   504
  4.055392e-01   7.196431e-15   1.801667e-04   5.453902e-16   336
  4.061830e-01   6.536945e-15   2.025082e-04   3.752742e-16   600
  4.067597e-01   5.664584e-15   1.306921e-04   2.776596e-16   636
  4.073820e-01   6.976343e-15   1.050777e-04   4.420992e-16   384
  4.078184e-01   8.105988e-15   1.465709e-04   4.866230e-16   504
  4.084473e-01   5.542223e-15   6.151376e-05   5.773524e-16   240
  4.089437e-01   6.196869e-15   1.445046e-04   3.018684e-16   744
  4.095392e-01   5.632897e-15   9.867465e-05   2.985904e-16   648
  4.100684e-01   1.224267e-14   6.550318e-05   1.291939e-15   120
  4.106887e-01   6.276529e-15   1.028970e-04   3.510771e-16   564
  4.111575e-01   6.719412e-15   1.616059e-04   4.093382e-16   432
  4.117830e-01   5.612597e-15   1.254382e-04   3.535976e-16   480
  4.122541e-01   4.805659e-15   9.232567e-05   3.133089e-16   456
  4.128101e-01   5.720384e-15   1.527853e-04   3.040143e-16   444
  4.134411e-01   4.736354e-15   2.337696e-04   2.522635e-16   528
  4.139953e-01   6.139132e-15   1.736159e-04   6.347423e-16   264
  4.145332e-01   5.877335e-15   1.779304e-04   3.637177e-16   444
  4.152568e-01   6.223576e-15   1.948966e-04   2.754012e-16   696
  4.158574e-01   6.531368e-15   1.042372e-04   4.578608e-16   384
  4.162967e-01   4.826169e-15   1.317125e-04   3.327534e-16   432
  4.169799e-01   4.861232e-15   9.100715e-05   2.743366e-16   488
  4.174235e-01   6.033478e-15   1.371591e-04   3.664604e-16   480
  4.180666e-01   5.172541e-15   1.529608e-04   3.442930e-16   480
  4.185647e-01   4.146300e-15   6.417765e-05   3.099758e-16   240
  4.191302e-01   5.463855e-15   1.499139e-04   3.107128e-16   600
  4.196637e-01   3.933720e-15   1.306346e-04   2.763416e-16   288
  4.202316e-01   5.164453e-15   1.256609e-04   2.810012e-16   480
  4.208069e-01   3.841043e-15   2.235284e-04   2.067226e-16   504
  4.213732e-01   5.643445e-15   9.590758e-05   5.125029e-16   216
  4.220955e-01   5.396782e-15   1.570160e-04   3.494600e-16   504
  4.226580e-01   5.184743e-15   1.262886e-04   3.498368e-16   456
  4.232738e-01   6.903327e-15   7.242869e-05   4.856346e-16   384
  4.236817e-01   6.113573e-15   1.470041e-04   4.784688e-16   480
  4.242612e-01   4.383366e-15   1.290860e-04   2.716361e-16   504
  4.247982e-01   4.487953e-15   8.188411e-05   3.405324e-16   312
  4.253768e-01   5.075781e-15   1.319535e-04   3.075796e-16   492
  4.258889e-01   6.019652e-15   1.236757e-04   4.313418e-16   312
  4.265482e-01   4.258698e-15   2.009013e-04   2.310821e-16   576
  4.271286e-01   4.635126e-15   1.854481e-04   3.537722e-16   336
  4.276106e-01   2.831626e-15   1.427865e-04   2.290747e-16   240
  4.282788e-01   4.432706e-15   1.892987e-04   2.448177e-16   468
  4.288558e-01   3.836321e-15   1.185284e-04   3.213037e-16   192
  4.294598e-01   4.362641e-15   1.188816e-04   4.229229e-16   324
  4.299023e-01   4.320837e-15   8.628233e-05   2.521313e-16   600
  4.305055e-01   4.450060e-15   1.399842e-04   3.464215e-16   456
  4.309535e-01   5.009470e-15   6.296491e-05   4.113179e-16   336
  4.316959e-01   4.897905e-15   1.885347e-04   2.921469e-16   612
  4.322360e-01   3.525377e-15   1.582266e-04   4.864483e-16   144
  4.327467e-01   3.905427e-15   1.846910e-04   2.171357e-16   552
  4.334413e-01   3.372560e-15   7.273360e-05   3.016226e-16   264
  4.338338e-01   5.039850e-15   1.683969e-04   4.113988e-16   336
  4.344529e-01   3.673782e-15   1.112709e-04   2.550028e-16   384
  4.349898e-01   4.473587e-15   6.263450e-05   3.802463e-16   216
  4.355842e-01   2.974373e-15   1.327981e-04   2.416843e-16   344
  4.361261e-01   3.771462e-15   1.981410e-04   2.593150e-16   408
  4.367865e-01   3.804040e-15   1.522584e-04   3.004825e-16   264
  4.373717e-01   4.323073e-15   2.122558e-04   2.781183e-16   612
  4.379563e-01   4.866949e-15   1.092431e-04   2.718122e-16   408
  4.385576e-01   3.714238e-15   1.094001e-04   2.563613e-16   444
  4.389994e-01   7.499479e-15   6.118664e-05   8.396998e-16   120
  4.395914e-01   4.038290e-15   1.690475e-04   3.095535e-16   336
  4.400307e-01   3.374547e-15   5.874332e-05   3.406102e-16   288
  4.406244e-01   3.703562e-15   1.828102e-04   2.060570e-16   552
  4.414407e-01   4.082869e-15   9.788518e-09   1.036533e-15   72
  4.418604e-01   3.301485e-15   1.815772e-04   2.006085e-16   504
  4.423506e-01   2.517052e-15   5.842976e-05   2.625659e-16   216
  4.429858e-01   3.521471e-15   1.043223e-04   3.153599e-16   312
  4.435560e-01   3.001602e-15   1.187874e-04   2.179235e-16   336
  4.440995e-01   2.920874e-15   1.646526e-04   2.230044e-16   204
  4.446407e-01   4.621950e-15   1.913514e-04   2.970014e-16   504
  4.452148e-01   4.889034e-15   1.822214e-04   3.305391e-16   396
  4.457668e-01   3.773864e-15   1.671066e-04   2.825829e-16   312
  4.464360e-01   5.526791e-15   1.021200e-04   4.037688e-16   216
  4.469075e-01   2.466487e-15   5.542249e-05   2.258495e-16   168
  4.474805e-01   3.392634e-15   1.399449e-04   2.308500e-16   588
  4.481344e-01   2.720284e-15   1.899588e-04   2.678187e-16   240
  4.486425e-01   2.928485e-15   1.677654e-04   3.429071e-16   264
  4.492383e-01   3.311730e-15   2.074765e-04   2.618172e-16   288
  4.497670e-01   2.744010e-15   1.036051e-04   2.198420e-16   288
  4.504370e-01   3.598282e-15   9.730168e-05   3.002952e-16   288
  4.508882e-01   2.568075e-15   1.127159e-04   2.239183e-16   192
  4.514558e-01   2.151785e-15   1.199410e-04   1.670278e-16   264
  4.519964e-01   4.766862e-15   1.972863e-04   4.254966e-16   372
  4.525783e-01   4.005641e-15   2.130778e-04   3.641175e-16   360
  4.532886e-01   2.803755e-15   9.017653e-05   3.076929e-16   144
  4.536557e-01   2.735226e-15   1.252512e-04   2.660435e-16   296
  4.542351e-01   2.899562e-15   1.349517e-04   2.585418e-16   288
  4.548985e-01   2.695895e-15   2.016820e-04   2.073503e-16   480
  4.554707e-01   2.551769e-15   1.675785e-04   3.631463e-16   192
  4.560271e-01   2.735081e-15   1.797508e-04   2.872385e-16   192
  4.565329e-01   2.398609e-15   1.145573e-04   1.905666e-16   288
  4.572363e-01   1.768903e-15   9.972054e-05   1.800573e-16   108
  4.575906e-01   3.435798e-15   9.586908e-05   3.457533e-16   240
  4.582162e-01   2.082453e-15   1.788460e-04   1.615955e-16   384
  4.588589e-01   3.152357e-15   2.181719e-04   4.148129e-16   108
  4.594272e-01   3.744171e-15   1.279182e-04   3.374344e-16   348
  4.600248e-01   3.091488e-15   1.335005e-04   3.242491e-16   312
  4.605586e-01   2.911449e-15   1.297237e-04   5.125044e-16   96
  4.610494e-01   2.850526e-15   1.727037e-04   2.384698e-16   384
  4.615992e-01   2.909861e-15   1.187852e-04   3.849279e-16   144
  4.621368e-01   3.061595e-15   1.825187e-04   2.644111e-16   408
  4.628052e-01   1.673799e-15   8.141622e-05   1.969950e-16   144
  4.634367e-01   2.873433e-15   1.565235e-04   3.898187e-16   192
  4.638112e-01   2.820272e-15   1.761701e-04   3.317950e-16   144
  4.644216e-01   1.798447e-15   1.432328e-04   1.925408e-16   144
  4.649975e-01   2.222571e-15   1.750537e-04   2.047931e-16   336
  4.657028e-01   1.619372e-15   1.295175e-04   1.298598e-16   240
  4.661500e-01   1.602703e-15   5.881276e-05   2.413205e-16   96
  4.667737e-01   2.722962e-15   1.724695e-04   2.825725e-16   372
  4.674047e-01   2.627573e-15   2.051488e-04   4.761144e-16   132
  4.679589e-01   1.700825e-15   1.269436e-04   1.291946e-16   264
  4.684548e-01   2.862005e-15   9.748691e-05   4.022393e-16   168
  4.689839e-01   2.482546e-15   1.558629e-04   2.096645e-16   216
  4.694514e-01   2.324545e-15   9.535884e-05   3.151281e-16   216
  4.701322e-01   1.078326e-15   1.749438e-04   1.410456e-16   96
  4.707499e-01   2.833239e-15   1.141349e-04   4.248462e-16   120
  4.713164e-01   1.960900e-15   1.450975e-04   1.913181e-16   216
  4.717831e-01   1.714134e-15   6.340810e-05   1.620280e-16   200
  4.724010e-01   2.385104e-15   1.641364e-04   2.558934e-16   288
  4.731935e-01   1.219452e-15   4.318746e-05   1.044076e-16   144
  4.735272e-01   1.506656e-15   1.343967e-04   1.792608e-16   168
  4.742087e-01   2.204692e-15   1.512510e-04   3.131920e-16   159
  4.747406e-01   1.912446e-15   1.586987e-04   1.924250e-16   174
  4.752554e-01   1.592112e-15   1.439024e-04   1.559233e-16   144
  4.759295e-01   2.195526e-15   8.309323e-05   3.193021e-16   222
  4.763803e-01   1.589885e-15   8.384843e-05   1.261157e-16   168
  4.771591e-01   2.516737e-15   1.839118e-04   7.010029e-16   30
  4.774807e-01   9.216289e-16   1.623806e-04   1.312891e-16   72
  4.780866e-01   1.934138e-15   1.449228e-04   1.938435e-16   258
  4.787527e-01   1.740310e-15   9.076886e-05   1.650244e-16   264
  4.790857e-01   2.120051e-15   0.000000e+00   4.378768e-16   72
  4.797798e-01   1.026320e-15   1.799077e-04   8.818408e-17   174
  4.804082e-01   1.313173e-15   1.915685e-04   1.429295e-16   168
  4.809134e-01   8.402915e-16   5.994218e-09   8.886437e-17   48
  4.814558e-01   1.256559e-15   1.081832e-04   1.460330e-16   150
  4.820847e-01   1.758402e-15   1.990108e-04   1.997420e-16   168
  4.827153e-01   1.115984e-15   1.212282e-04   9.474084e-17   144
  4.832951e-01   1.818994e-15   1.132547e-04   2.468683e-16   102
  4.837270e-01   1.094892e-15   1.676364e-04   1.184990e-16   96
  4.844123e-01   1.095869e-15   1.663678e-04   1.161835e-16   120
  4.849198e-01   9.357877e-16   1.784339e-04   8.264214e-17   168
  4.854687e-01   1.690210e-15   1.317593e-04   1.729952e-16   126
  4.859364e-01   1.342381e-15   9.937285e-05   1.541771e-16   168
  4.865807e-01   9.870917e-16   1.593445e-04   1.212764e-16   72
  4.871438e-01   1.015458e-15   1.995348e-04   1.014568e-16   168
  4.876371e-01   1.221646e-15   5.470230e-05   2.145782e-16   78
  4.883130e-01   1.131602e-15   8.981709e-05   1.189169e-16   60
  4.888573e-01   1.897075e-15   1.456979e-04   3.224500e-16   96
  4.894218e-01   1.186116e-15   1.767922e-04   1.198748e-16   168
  4.899523e-01   1.108477e-15   1.118673e-04   1.161546e-16   86
  4.905089e-01   7.742496e-16   9.998281e-05   1.054558e-16   120
  4.913067e-01   9.897589e-16   7.130101e-05   7.390851e-17   168
  4.917370e-01   7.575170e-16   0.000000e+00   1.202188e-16   48
  4.923165e-01   1.465279e-15   1.299027e-04   1.507528e-16   120
  4.926495e-01   1.058537e-15   9.476926e-05   1.049258e-16   126
  4.934623e-01   9.414417e-16   1.666727e-04   1.037801e-16   96
  4.939898e-01   1.064770e-15   4.806019e-05   1.193634e-16   96
  4.944059e-01   9.833185e-16   0.000000e+00   1.219053e-16   72
  4.952923e-01   1.356298e-15   5.994218e-09   3.195795e-16   24
  4.958455e-01   1.356461e-15   9.890672e-05   1.094567e-16   120
  4.962771e-01   1.356730e-15   1.442745e-04   2.158693e-16   126
  4.967570e-01   9.509936e-16   1.202723e-04   1.320281e-16   96
  4.973177e-01   6.365444e-16   2.078657e-04   8.682645e-17   72
  4.979422e-01   1.061540e-15   8.990891e-05   9.923585e-17   144
  4.984558e-01   9.001748e-16   5.185735e-05   1.446963e-16   72
  4.989688e-01   1.105056e-15   1.035776e-04   2.594927e-16   54
  4.994204e-01   1.122201e-15   9.127660e-05   1.175013e-16   108
  5.003588e-01   1.001820e-15   8.947466e-05   1.750770e-16   72
  5.006510e-01   1.144560e-15   5.162996e-05   1.315264e-16   72
  5.013441e-01   9.719465e-16   1.038229e-08   3.086761e-16   24
  5.019999e-01   8.538183e-16   1.092254e-04   1.465834e-16   48
  5.023981e-01   9.640016e-16   8.320156e-05   1.051032e-16   102
  5.029975e-01   8.608189e-16   1.881673e-04   8.146020e-17   168
  5.037807e-01   7.372848e-16   1.026221e-04   1.217905e-16   72
  5.040709e-01   9.685527e-16   0.000000e+00   1.362061e-16   48
  5.046797e-01   1.127777e-15   1.765162e-04   1.346886e-16   120
  5.054830e-01   1.000355e-15   1.084728e-04   1.071342e-16   96
  5.062418e-01   1.197139e-15   1.174622e-08   2.280135e-16   30
  5.071435e-01   9.821037e-16   5.096531e-05   1.457837e-16   72
  5.075398e-01   5.940268e-16   5.994218e-09   1.713994e-16   24
  5.080489e-01   6.541535e-16   7.554318e-05   1.104251e-16   56
  5.086190e-01   5.534624e-16   1.078039e-04   6.052291e-17   96
  5.093013e-01   8.842176e-16   1.190419e-04   7.506124e-17   144
  5.098274e-01   7.614779e-16   6.758734e-05   1.236093e-16   54
  5.105916e-01   6.715840e-16   1.012530e-04   7.617056e-17   108
  5.113606e-01   1.034908e-15   5.361298e-05   1.698668e-16   48
  5.120928e-01   9.060399e-16   2.018700e-04   1.133923e-16   72
  5.138496e-01   8.391914e-16   1.333762e-04   7.730297e-17   78
  5.143364e-01   7.398856e-16   1.005157e-04   1.017228e-16   72
  5.149047e-01   6.790386e-16   1.003909e-04   9.641190e-17   72
  5.154988e-01   8.612952e-16   2.422542e-04   1.054030e-16   96
  5.159684e-01   7.203412e-16   1.001839e-04   7.914371e-17   72
  5.165349e-01   6.480019e-16   0.000000e+00   1.416438e-16   24
  5.171007e-01   9.168762e-16   1.999155e-04   9.359657e-17   72
  5.183786e-01   1.108212e-15   1.269525e-04   2.204325e-16   30
  5.186536e-01   7.520754e-16   0.000000e+00   2.089952e-16   24
  5.201315e-01   6.797141e-16   1.054178e-04   9.515886e-17   48
  5.205951e-01   7.817048e-16   2.268591e-04   7.141107e-17   120
  5.212197e-01   8.497670e-16   9.918805e-05   9.395839e-17   72
  5.218505e-01   5.374333e-16   9.906814e-05   1.590420e-16   36
  5.222841e-01   1.042522e-15   1.958048e-04   1.445063e-16   78
  5.234940e-01   7.019323e-16   1.047407e-04   1.301107e-16   48
  5.250628e-01   5.544390e-16   8.477105e-09   8.577143e-17   24
  5.261805e-01   6.181328e-16   7.293929e-05   9.115991e-17   56
  5.267432e-01   7.635316e-16   1.122398e-04   6.654902e-17   102
  5.274592e-01   8.155539e-16   7.992291e-09   1.199250e-16   72
  5.278748e-01   8.118631e-16   0.000000e+00   1.209082e-16   24
  5.286014e-01   6.946561e-16   1.037287e-04   9.277764e-17   48
  5.299482e-01   9.115888e-16   0.000000e+00   1.489400e-16   24
  5.316010e-01   4.567325e-16   0.000000e+00   5.230347e-17   6
  5.321165e-01   5.763391e-16   0.000000e+00   1.971521e-16   24
  5.324599e-01   5.695299e-16   9.709393e-05   6.162535e-17   72
  5.330872e-01   5.029622e-16   1.811379e-04   6.153903e-17   84
  5.337627e-01   8.124735e-16   0.000000e+00   1.797612e-16   24
  5.339681e-01   9.047867e-16   8.477105e-09   9.695108e-17   24
  5.349940e-01   7.284970e-16   5.994218e-09   1.144220e-16   24
  5.364269e-01   9.470292e-16   0.000000e+00   1.115143e-16   6
  5.382636e-01   5.576303e-16   1.018667e-04   1.085426e-16   48
  5.387048e-01   7.840926e-16   1.919002e-04   8.321361e-17   72
  5.392813e-01   6.043963e-16   1.016745e-04   9.543259e-17   48
  5.401956e-01   9.134895e-16   0.000000e+00   1.524546e-16   24
  5.414123e-01   5.692765e-16   5.994218e-09   2.368903e-16   6
  5.441398e-01   5.006889e-16   0.000000e+00   5.997335e-17   8
  5.443413e-01   6.683060e-16   5.994218e-09   8.649193e-17   48
  5.448246e-01   5.210383e-16   9.860300e-05   7.838776e-17   60
  5.455487e-01   8.312703e-16   0.000000e+00   1.793336e-16   24
  5.465529e-01   7.613246e-16   0.000000e+00   8.644492e-17   6
  5.502522e-01   5.763027e-16   0.000000e+00   1.084483e-16   24
  5.505511e-01   6.350207e-16   9.959318e-05   7.043957e-17   48
  5.510488e-01   7.473542e-16   0.000000e+00   2.246533e-16   24
  5.518443e-01   2.909257e-16   5.994218e-09   1.330689e-16   6
  5.563632e-01   5.099099e-16   9.291096e-05   1.017143e-16   36
  5.566916e-01   6.218392e-16   0.000000e+00   1.240658e-16   24
  5.572823e-01   5.560516e-16   0.000000e+00   3.706412e-16   6
  5.624241e-01   6.561522e-16   8.443677e-05   1.737357e-16   32
  5.628626e-01   1.064372e-15   5.994218e-09   4.064937e-16   6
  5.683881e-01   4.961189e-16   0.000000e+00   1.593506e-16   12
  5.685810e-01   3.877003e-16   0.000000e+00   2.607310e-17   6
  5.744334e-01   8.968591e-16   8.477105e-09   3.192910e-16   6
