# power spectrum of phi
# redshift z=6.000000
# k              Pk             sigma(k)       sigma(Pk)      count
  2.094395e-02   1.441288e-10   0.000000e+00   5.811190e-11   6
  2.961922e-02   5.641653e-11   0.000000e+00   1.126591e-11   12
  3.627599e-02   3.157164e-11   3.973643e-10   6.517525e-12   8
  4.188790e-02   8.786008e-11   0.000000e+00   9.462842e-12   6
  4.683210e-02   5.192570e-11   0.000000e+00   1.655530e-11   24
  5.130199e-02   6.603939e-11   7.492773e-10   1.130085e-11   24
  5.923844e-02   2.505169e-11   0.000000e+00   1.118427e-11   12
  6.283185e-02   2.759401e-11   8.477105e-10   4.936423e-12   30
  6.623059e-02   3.424499e-11   0.000000e+00   7.474899e-12   24
  6.946323e-02   2.911753e-11   1.297786e-09   7.259562e-12   24
  7.255197e-02   3.101601e-11   7.947286e-10   6.152512e-12   8
  7.551449e-02   2.553382e-11   1.059638e-09   3.255470e-12   24
  7.836509e-02   2.264620e-11   0.000000e+00   3.219244e-12   48
  8.377580e-02   2.543665e-11   0.000000e+00   1.118768e-11   6
  8.635412e-02   1.847118e-11   1.498555e-09   2.610509e-12   48
  8.885766e-02   1.653367e-11   0.000000e+00   1.768149e-12   36
  9.129257e-02   2.182818e-11   1.059638e-09   4.648760e-12   24
  9.366420e-02   1.262175e-11   0.000000e+00   2.078832e-12   24
  9.597724e-02   1.066287e-11   0.000000e+00   1.415442e-12   48
  9.823584e-02   1.462955e-11   1.498555e-09   2.074119e-12   24
  1.026040e-01   1.191726e-11   1.498555e-09   1.823371e-12   24
  1.047198e-01   7.517125e-12   0.000000e+00   1.253641e-12   30
  1.067936e-01   8.252924e-12   0.000000e+00   8.904603e-13   72
  1.088280e-01   8.208904e-12   1.589457e-09   1.713950e-12   32
  1.127866e-01   9.861020e-12   0.000000e+00   1.137879e-12   72
  1.147147e-01   6.223234e-12   0.000000e+00   9.136726e-13   48
  1.184769e-01   3.034048e-12   0.000000e+00   9.002177e-13   12
  1.203138e-01   6.076122e-12   0.000000e+00   8.940325e-13   48
  1.221232e-01   5.224057e-12   0.000000e+00   4.925545e-13   48
  1.239061e-01   6.776612e-12   1.498555e-09   8.785966e-13   48
  1.256637e-01   8.228110e-12   1.695421e-09   1.450170e-12   30
  1.273971e-01   8.306862e-12   1.498555e-09   1.839055e-12   24
  1.291072e-01   7.908992e-12   3.159231e-09   8.332012e-13   72
  1.324612e-01   4.425514e-12   0.000000e+00   8.707344e-13   24
  1.341067e-01   6.296859e-12   0.000000e+00   6.053947e-13   96
  1.357323e-01   4.715163e-12   0.000000e+00   6.629402e-13   48
  1.373387e-01   3.793475e-12   2.595573e-09   8.922357e-13   24
  1.389265e-01   2.808516e-12   2.595573e-09   5.920977e-13   24
  1.404963e-01   6.444019e-12   0.000000e+00   7.635283e-13   72
  1.420488e-01   5.053360e-12   0.000000e+00   7.644910e-13   48
  1.451039e-01   3.618796e-12   1.589457e-09   1.014832e-12   8
  1.466077e-01   6.053703e-12   1.883801e-09   7.681904e-13   54
  1.480961e-01   3.690398e-12   0.000000e+00   5.977582e-13   84
  1.495697e-01   4.570828e-12   0.000000e+00   6.626814e-13   48
  1.510290e-01   2.591124e-12   2.119276e-09   4.416610e-13   24
  1.524743e-01   3.404806e-12   1.998073e-09   3.870716e-13   72
  1.539060e-01   4.338437e-12   0.000000e+00   5.037587e-13   96
  1.567302e-01   5.226263e-12   0.000000e+00   5.692964e-13   48
  1.581234e-01   2.991098e-12   0.000000e+00   3.028959e-13   48
  1.595044e-01   2.713348e-12   2.119276e-09   5.315863e-13   24
  1.608735e-01   2.867398e-12   0.000000e+00   3.181002e-13   72
  1.635775e-01   2.708716e-12   1.998073e-09   3.221303e-13   72
  1.649128e-01   2.684793e-12   0.000000e+00   3.021343e-13   96
  1.675516e-01   4.615028e-12   0.000000e+00   1.977815e-12   6
  1.688555e-01   3.018023e-12   0.000000e+00   3.223004e-13   96
  1.701495e-01   3.115052e-12   2.119276e-09   3.362825e-13   96
  1.714336e-01   1.734639e-12   0.000000e+00   4.199460e-13   24
  1.727082e-01   2.222202e-12   2.997109e-09   2.530604e-13   48
  1.739735e-01   2.285049e-12   0.000000e+00   2.319187e-13   96
  1.752297e-01   2.206134e-12   0.000000e+00   3.225610e-13   48
  1.777153e-01   2.174578e-12   0.000000e+00   3.534281e-13   36
  1.789452e-01   2.175100e-12   3.670694e-09   2.730711e-13   48
  1.801667e-01   2.348970e-12   4.152916e-09   2.089314e-13   120
  1.813799e-01   2.053479e-12   0.000000e+00   2.757798e-13   56
  1.825851e-01   1.068603e-12   2.119276e-09   1.958098e-13   24
  1.837824e-01   1.608565e-12   0.000000e+00   1.461595e-13   96
  1.849720e-01   1.672978e-12   0.000000e+00   2.067307e-13   48
  1.873284e-01   2.303997e-12   0.000000e+00   4.150810e-13   24
  1.884956e-01   2.259968e-12   0.000000e+00   2.353823e-13   102
  1.896555e-01   2.701690e-12   0.000000e+00   4.229177e-13   48
  1.908085e-01   2.174813e-12   0.000000e+00   2.209137e-13   72
  1.919545e-01   1.948102e-12   0.000000e+00   1.894553e-13   48
  1.930937e-01   2.300336e-12   0.000000e+00   4.186405e-13   48
  1.942262e-01   1.845124e-12   4.795375e-09   1.766172e-13   120
  1.964717e-01   2.155639e-12   2.997109e-09   3.254069e-13   24
  1.975848e-01   1.475403e-12   2.825702e-09   1.260775e-13   144
  1.986918e-01   1.470351e-12   3.390842e-09   1.559719e-13   120
  1.997926e-01   1.414363e-12   2.997109e-09   2.024558e-13   48
  2.019761e-01   1.694199e-12   2.997109e-09   2.317736e-13   48
  2.030591e-01   1.350912e-12   2.997109e-09   1.289397e-13   96
  2.059187e-01   1.537705e-12   5.025279e-04   1.776333e-13   72
  2.073345e-01   1.300059e-12   3.767602e-09   1.011365e-13   108
  2.083897e-01   1.403018e-12   0.000000e+00   1.448048e-13   72
  2.094395e-01   9.551220e-13   0.000000e+00   2.136586e-13   30
  2.104841e-01   1.469073e-12   0.000000e+00   1.097421e-13   168
  2.115235e-01   1.773708e-12   0.000000e+00   2.125817e-13   48
  2.135872e-01   1.024921e-12   0.000000e+00   1.289665e-13   72
  2.146116e-01   1.412401e-12   0.000000e+00   1.438994e-13   96
  2.156312e-01   1.225041e-12   5.651403e-09   1.864535e-13   72
  2.166459e-01   1.346064e-12   0.000000e+00   1.435133e-13   72
  2.183519e-01   1.346492e-12   4.640051e-04   1.074201e-13   104
  2.196620e-01   1.166938e-12   3.996146e-09   8.860626e-14   144
  2.226373e-01   7.984011e-13   6.701740e-09   7.881626e-14   96
  2.236202e-01   7.411878e-13   0.000000e+00   7.870766e-14   96
  2.251835e-01   1.074904e-12   4.773581e-04   9.804606e-14   120
  2.265435e-01   9.072819e-13   0.000000e+00   7.744014e-14   120
  2.275095e-01   1.133955e-12   0.000000e+00   1.271884e-13   72
  2.294295e-01   1.219314e-12   0.000000e+00   1.605014e-13   48
  2.303835e-01   1.127845e-12   4.517777e-09   1.455283e-13   78
  2.316038e-01   1.155843e-12   4.274285e-04   9.463419e-14   168
  2.341605e-01   1.031845e-12   3.996146e-09   8.777953e-14   144
  2.350953e-01   1.240242e-12   3.996146e-09   9.160125e-14   144
  2.378065e-01   9.589521e-13   2.461643e-04   8.976427e-14   156
  2.387978e-01   8.208815e-13   5.191145e-09   1.752327e-13   48
  2.397145e-01   8.710754e-13   3.390842e-09   7.970749e-14   120
  2.406277e-01   5.984771e-13   0.000000e+00   6.882259e-14   48
  2.422424e-01   9.055834e-13   3.767994e-04   6.696073e-14   216
  2.442463e-01   5.690234e-13   0.000000e+00   6.721660e-14   48
  2.451427e-01   6.604889e-13   2.997109e-09   5.357260e-14   96
  2.464171e-01   7.639061e-13   4.403490e-04   7.078459e-14   168
  2.478122e-01   5.828770e-13   2.997109e-09   8.302618e-14   48
  2.486956e-01   8.679486e-13   0.000000e+00   8.762485e-14   96
  2.495760e-01   6.856292e-13   0.000000e+00   1.221451e-13   48
  2.513274e-01   9.070064e-13   3.390842e-09   1.104578e-13   30
  2.521986e-01   6.411649e-13   2.997109e-09   5.447358e-14   96
  2.532398e-01   7.442231e-13   3.460752e-04   5.491158e-14   240
  2.545786e-01   1.345219e-12   3.733652e-04   2.049215e-13   32
  2.556535e-01   5.407069e-13   0.000000e+00   4.004390e-14   168
  2.565100e-01   5.870008e-13   0.000000e+00   5.757884e-14   120
  2.582144e-01   5.755708e-13   6.318461e-09   7.392067e-14   72
  2.590624e-01   7.742470e-13   3.996146e-09   7.472564e-14   144
  2.599076e-01   5.947281e-13   0.000000e+00   5.598784e-14   96
  2.607501e-01   6.985189e-13   0.000000e+00   5.588757e-14   96
  2.624270e-01   9.736110e-13   4.894259e-09   1.226165e-13   72
  2.632614e-01   5.698797e-13   4.238553e-09   5.945180e-14   96
  2.649224e-01   8.208393e-13   0.000000e+00   1.462844e-13   24
  2.657489e-01   6.524587e-13   0.000000e+00   4.519943e-14   192
  2.667223e-01   5.965800e-13   3.168444e-04   4.802340e-14   132
  2.682134e-01   6.513537e-13   0.000000e+00   5.409339e-14   96
  2.690299e-01   3.943490e-13   0.000000e+00   3.947612e-14   96
  2.698439e-01   5.255260e-13   3.390842e-09   4.034616e-14   120
  2.714646e-01   5.546768e-13   0.000000e+00   6.823478e-14   48
  2.727931e-01   4.702071e-13   3.839899e-04   2.819010e-14   222
  2.738777e-01   5.819990e-13   0.000000e+00   5.168344e-14   120
  2.746773e-01   4.046212e-13   5.191145e-09   8.809690e-14   24
  2.758416e-01   6.685957e-13   3.963334e-04   4.181526e-14   312
  2.783784e-01   7.044861e-13   3.715784e-04   7.386737e-14   72
  2.794272e-01   4.789381e-13   2.997109e-09   4.931642e-14   96
  2.805041e-01   5.884951e-13   3.784012e-04   5.081191e-14   192
  2.817720e-01   4.824228e-13   4.795375e-09   5.324037e-14   120
  2.825493e-01   4.851791e-13   0.000000e+00   4.385307e-14   144
  2.840976e-01   4.880663e-13   0.000000e+00   6.559874e-14   48
  2.851981e-01   4.260333e-13   3.804956e-04   2.817862e-14   336
  2.864042e-01   4.523717e-13   0.000000e+00   4.808087e-14   48
  2.879317e-01   4.495465e-13   0.000000e+00   4.453953e-14   192
  2.886924e-01   3.441666e-13   0.000000e+00   3.998240e-14   48
  2.908548e-01   3.560503e-13   2.641139e-04   4.190523e-14   56
  2.919300e-01   4.161001e-13   3.392119e-04   2.380648e-14   336
  2.932153e-01   4.095801e-13   3.767602e-09   7.183122e-14   54
  2.943349e-01   4.053717e-13   3.725765e-04   2.738447e-14   240
  2.966593e-01   4.165590e-13   3.567449e-04   3.596460e-14   228
  2.976695e-01   3.971082e-13   3.996146e-09   5.048106e-14   72
  2.986501e-01   4.312080e-13   3.460513e-04   3.364604e-14   144
  2.998717e-01   4.092469e-13   0.000000e+00   3.893094e-14   96
  3.006022e-01   3.786203e-13   4.795375e-09   2.770415e-14   240
  3.020580e-01   2.583658e-13   4.238553e-09   4.015910e-14   24
  3.029899e-01   3.842194e-13   3.268428e-04   2.149324e-14   336
  3.042285e-01   2.485770e-13   0.000000e+00   2.756058e-14   72
  3.053590e-01   4.389424e-13   3.555020e-04   3.435821e-14   168
  3.063836e-01   3.439009e-13   0.000000e+00   3.848706e-14   72
  3.078120e-01   5.124708e-13   0.000000e+00   5.329510e-14   96
  3.089181e-01   2.919756e-13   3.528351e-04   2.064761e-14   216
  3.099422e-01   2.598618e-13   4.238553e-09   2.036775e-14   96
  3.113542e-01   3.273166e-13   0.000000e+00   2.181038e-14   192
  3.120578e-01   3.309707e-13   3.996146e-09   2.465072e-14   144
  3.134604e-01   2.385593e-13   0.000000e+00   2.742625e-14   48
  3.144314e-01   3.421943e-13   3.401745e-04   2.661197e-14   246
  3.157508e-01   4.118555e-13   3.136463e-04   3.591588e-14   168
  3.169395e-01   3.421745e-13   5.873111e-09   4.879568e-14   120
  3.176307e-01   2.827620e-13   0.000000e+00   2.283810e-14   240
  3.190088e-01   2.485986e-13   4.238553e-09   5.457176e-14   24
  3.201067e-01   2.973757e-13   3.357307e-04   1.768428e-14   360
  3.214741e-01   3.932094e-13   3.343020e-04   3.498736e-14   120
  3.224280e-01   3.095257e-13   0.000000e+00   2.667375e-14   144
  3.231075e-01   4.038938e-13   0.000000e+00   3.711279e-14   96
  3.251376e-01   3.034111e-13   0.000000e+00   2.274060e-14   144
  3.258114e-01   3.757942e-13   0.000000e+00   3.607053e-14   132
  3.267584e-01   2.560945e-13   3.299511e-04   1.986072e-14   176
  3.281332e-01   2.793821e-13   3.331842e-04   1.711501e-14   312
  3.298257e-01   3.138631e-13   0.000000e+00   4.234814e-14   96
  3.304900e-01   2.130552e-13   0.000000e+00   1.968855e-14   144
  3.315092e-01   2.784828e-13   3.298422e-04   1.874525e-14   312
  3.331339e-01   2.504012e-13   0.000000e+00   2.843990e-14   48
  3.337917e-01   2.367216e-13   4.238553e-09   1.719648e-14   192
  3.351032e-01   1.742565e-13   0.000000e+00   5.291174e-14   6
  3.359746e-01   2.314727e-13   3.076337e-04   1.413792e-14   288
  3.373860e-01   2.509150e-13   3.250350e-04   2.097876e-14   192
  3.383599e-01   2.275279e-13   7.535204e-09   1.623400e-14   216
  3.390075e-01   2.633156e-13   0.000000e+00   3.908703e-14   72
  3.406209e-01   2.637736e-13   3.219482e-04   2.644372e-14   192
  3.416924e-01   2.810108e-13   2.390639e-04   2.087555e-14   288
  3.428673e-01   2.001948e-13   0.000000e+00   4.190615e-14   24
  3.437749e-01   2.386845e-13   3.149468e-04   1.449950e-14   456
  3.454165e-01   2.023130e-13   0.000000e+00   3.909176e-14   48
  3.464308e-01   2.416031e-13   3.102100e-04   1.808793e-14   240
  3.475965e-01   2.766698e-13   3.135021e-04   1.986774e-14   216
  3.485768e-01   2.038216e-13   0.000000e+00   2.467180e-14   72
  3.492054e-01   1.735497e-13   1.083165e-08   1.548537e-14   168
  3.509804e-01   2.144792e-13   2.330216e-04   1.521972e-14   288
  3.519758e-01   2.338374e-13   3.083274e-04   1.896721e-14   168
  3.535746e-01   2.312303e-13   0.000000e+00   2.118692e-14   192
  3.541944e-01   1.645874e-13   3.996146e-09   1.177028e-14   144
  3.554306e-01   3.121416e-13   0.000000e+00   4.091571e-14   36
  3.564791e-01   1.686832e-13   2.815685e-04   1.028318e-14   342
  3.574815e-01   1.966287e-13   2.891367e-04   2.298284e-14   144
  3.587701e-01   2.135324e-13   3.032320e-04   1.526580e-14   384
  3.603334e-01   2.379316e-13   8.305833e-09   2.513485e-14   120
  3.611071e-01   2.291750e-13   2.703947e-04   1.413390e-14   264
  3.621548e-01   1.887111e-13   1.340348e-08   1.585244e-14   192
  3.631414e-01   1.709993e-13   2.914020e-04   1.459059e-14   152
  3.639671e-01   1.842107e-13   3.996146e-09   1.997973e-14   144
  3.657037e-01   1.297658e-13   1.885982e-04   1.032007e-14   216
  3.665075e-01   2.136132e-13   2.520176e-04   1.387408e-14   312
  3.679226e-01   1.740622e-13   2.920833e-04   1.195653e-14   240
  3.687563e-01   1.701729e-13   4.238553e-09   1.563415e-14   96
  3.703389e-01   1.212264e-13   2.792528e-04   1.024210e-14   144
  3.713142e-01   1.725799e-13   2.744809e-04   9.706295e-15   456
  3.728964e-01   1.095358e-13   0.000000e+00   8.219508e-15   120
  3.734841e-01   1.496697e-13   0.000000e+00   1.524062e-14   144
  3.746568e-01   1.309029e-13   0.000000e+00   1.804071e-14   24
  3.754086e-01   1.447214e-13   2.638397e-04   8.077073e-15   336
  3.767088e-01   1.503366e-13   2.909793e-04   1.238895e-14   198
  3.779272e-01   1.830115e-13   2.829607e-04   1.377202e-14   432
  3.793111e-01   2.673971e-13   0.000000e+00   3.582451e-14   48
  3.800331e-01   2.050306e-13   2.498053e-04   1.293455e-14   384
  3.813294e-01   1.569740e-13   2.875789e-04   1.745559e-14   144
  3.825040e-01   2.386686e-13   2.855280e-04   2.212158e-14   264
  3.839090e-01   1.343823e-13   4.238553e-09   1.324626e-14   48
  3.848516e-01   1.471142e-13   2.714905e-04   1.080446e-14   276
  3.857611e-01   1.554229e-13   2.460988e-04   1.492498e-14   192
  3.869766e-01   1.423086e-13   2.765609e-04   7.014887e-15   552
  3.884524e-01   1.041542e-13   4.795375e-09   1.372554e-14   120
  3.893296e-01   1.088790e-13   2.799479e-04   8.309941e-15   216
  3.901426e-01   1.188221e-13   6.781684e-09   9.800748e-15   120
  3.915948e-01   1.630610e-13   2.756800e-04   9.341840e-15   408
  3.929434e-01   4.965952e-14   5.994218e-09   6.258461e-15   24
  3.937796e-01   1.329363e-13   2.784864e-04   9.913891e-15   384
  3.949475e-01   9.872567e-14   2.720912e-04   6.185454e-15   240
  3.959617e-01   1.291704e-13   2.740837e-04   9.350501e-15   168
  3.973835e-01   8.534850e-14   0.000000e+00   9.048022e-15   120
  3.983001e-01   1.437164e-13   2.857179e-04   1.033795e-14   350
  3.997906e-01   1.542479e-13   4.703469e-04   1.138048e-14   384
  4.006814e-01   1.875216e-13   0.000000e+00   2.464272e-14   144
  4.023202e-01   1.176067e-13   0.000000e+00   1.008849e-14   288
  4.031758e-01   1.293237e-13   2.692323e-04   1.009009e-14   336
  4.043399e-01   1.037707e-13   2.451137e-04   9.495855e-15   168
  4.050367e-01   1.480848e-13   1.083165e-08   1.267640e-14   336
  4.064781e-01   9.792344e-14   2.544134e-04   6.397457e-15   288
  4.073437e-01   1.206989e-13   2.397224e-04   8.518887e-15   264
  4.088096e-01   1.107805e-13   0.000000e+00   8.996004e-15   240
  4.093458e-01   1.033980e-13   5.994218e-09   1.028150e-14   96
  4.112700e-01   1.255755e-13   3.260064e-04   9.259855e-15   360
  4.121680e-01   1.124078e-13   2.403227e-04   1.419152e-14   168
  4.133027e-01   1.072777e-13   2.619767e-04   6.183546e-15   456
  4.146691e-01   9.138243e-14   5.328194e-09   9.026948e-15   108
  4.154376e-01   6.984873e-14   2.628599e-04   4.324721e-15   264
  4.163964e-01   9.660904e-14   2.345138e-04   9.253401e-15   264
  4.177093e-01   1.084902e-13   2.212980e-04   5.979118e-15   312
  4.193442e-01   1.141492e-13   1.644485e-04   1.140174e-14   270
  4.200293e-01   1.233531e-13   2.087881e-04   1.287235e-14   240
  4.212611e-01   1.254592e-13   2.582972e-04   1.044860e-14   384
  4.220089e-01   8.609539e-14   5.994218e-09   6.645418e-15   192
  4.234616e-01   1.232135e-13   2.072491e-04   1.256494e-14   240
  4.243042e-01   1.235096e-13   2.557789e-04   9.259316e-15   336
  4.258889e-01   1.036261e-13   2.574903e-04   5.613132e-15   480
  4.271745e-01   1.147611e-13   9.788518e-09   1.455631e-14   72
  4.278926e-01   1.182826e-13   2.510765e-04   1.319983e-14   240
  4.288693e-01   8.487141e-14   2.359775e-04   5.412431e-15   312
  4.299890e-01   7.440675e-14   2.550351e-04   5.246109e-15   240
  4.316809e-01   9.623436e-14   1.937606e-04   6.825674e-15   408
  4.323507e-01   8.535380e-14   1.774381e-04   6.015488e-15   336
  4.336597e-01   9.125377e-14   2.253026e-04   7.846957e-15   264
  4.343030e-01   6.405653e-14   0.000000e+00   5.749387e-15   144
  4.360928e-01   8.645273e-14   3.122828e-04   6.076704e-15   464
  4.370358e-01   6.536034e-14   2.483289e-04   5.395491e-15   168
  4.379668e-01   8.273214e-14   2.261734e-04   7.164345e-15   336
  4.396494e-01   8.472950e-14   2.376394e-04   6.732355e-15   414
  4.405979e-01   1.483017e-13   2.473686e-04   1.601722e-14   216
  4.418131e-01   1.776505e-13   5.994218e-09   2.207985e-14   96
  4.423093e-01   8.597155e-14   1.340348e-08   8.103470e-15   384
  4.440474e-01   8.855761e-14   2.468906e-04   5.732082e-15   492
  4.449788e-01   9.572683e-14   2.414379e-04   7.488905e-15   240
  4.460316e-01   8.000754e-14   2.451440e-04   5.551285e-15   312
  4.474855e-01   4.885231e-14   2.450633e-04   4.263462e-15   192
  4.484064e-01   8.504213e-14   2.374960e-04   6.066486e-15   504
  4.496283e-01   8.620872e-14   1.572264e-04   7.491084e-15   408
  4.505903e-01   6.697853e-14   4.816826e-04   5.627455e-15   168
  4.517942e-01   9.601166e-14   2.288035e-04   7.017466e-15   288
  4.528044e-01   6.761998e-14   2.387760e-04   5.254480e-15   288
  4.538392e-01   5.709715e-14   2.401504e-04   3.661003e-15   432
  4.553403e-01   7.918549e-14   2.271023e-04   6.543459e-15   216
  4.561423e-01   6.790325e-14   2.266232e-04   4.990961e-15   360
  4.575702e-01   7.784706e-14   2.211821e-04   5.734635e-15   312
  4.588590e-01   1.069207e-13   0.000000e+00   1.847074e-14   48
  4.596018e-01   6.507561e-14   2.371390e-04   4.257712e-15   432
  4.609323e-01   6.112607e-14   3.955503e-04   4.621127e-15   414
  4.617179e-01   7.323771e-14   0.000000e+00   6.684832e-15   312
  4.631837e-01   8.233366e-14   3.470734e-04   6.866546e-15   528
  4.641728e-01   8.542707e-14   1.821841e-04   1.022821e-14   264
  4.653612e-01   7.941806e-14   2.160204e-04   6.935186e-15   480
  4.669139e-01   7.271989e-14   0.000000e+00   6.276770e-15   288
  4.675844e-01   6.580159e-14   2.321072e-04   7.110391e-15   168
  4.688112e-01   8.246339e-14   3.674251e-04   5.234230e-15   504
  4.701905e-01   1.188207e-13   5.651403e-09   1.362099e-14   144
  4.710583e-01   4.863162e-14   2.359750e-04   3.028916e-15   464
  4.723622e-01   5.455317e-14   3.463066e-04   3.916295e-15   432
  4.729810e-01   7.699313e-14   0.000000e+00   8.097034e-15   192
  4.745801e-01   5.058209e-14   2.567288e-04   3.523610e-15   396
  4.755245e-01   5.204029e-14   2.306133e-04   3.674490e-15   288
  4.764789e-01   5.195322e-14   2.278065e-04   4.282738e-15   336
  4.780036e-01   5.494680e-14   1.442516e-04   4.141937e-15   432
  4.789711e-01   6.135116e-14   3.738801e-04   4.973375e-15   360
  4.800575e-01   5.330200e-14   2.211556e-04   3.130090e-15   384
  4.816004e-01   4.964056e-14   1.952123e-04   4.616178e-15   198
  4.823439e-01   6.024114e-14   2.218929e-04   4.789269e-15   552
  4.837301e-01   7.991577e-14   3.106349e-04   8.577088e-15   432
  4.848875e-01   5.668312e-14   6.850535e-09   5.596071e-15   168
  4.858589e-01   8.110214e-14   3.850736e-04   6.726388e-15   480
  4.871439e-01   3.884325e-14   6.781684e-09   4.119278e-15   120
  4.877223e-01   6.448325e-14   3.145115e-04   5.714072e-15   336
  4.891336e-01   5.521286e-14   2.218829e-04   3.744176e-15   672
  4.905292e-01   6.481643e-14   3.227590e-04   3.892222e-15   528
  4.911792e-01   3.391299e-14   0.000000e+00   2.799255e-15   168
  4.926809e-01   6.238879e-14   3.600355e-04   4.729958e-15   456
  4.935972e-01   7.991931e-14   2.198767e-04   1.382446e-14   168
  4.945484e-01   5.398524e-14   2.194819e-04   3.823882e-15   504
  4.961297e-01   3.911337e-14   2.824396e-04   4.000107e-15   336
  4.970859e-01   5.843977e-14   2.036055e-04   4.677448e-15   312
  4.981466e-01   5.285213e-14   1.989364e-04   4.161944e-15   504
  4.995424e-01   4.398168e-14   1.380276e-04   2.683929e-15   432
  5.001986e-01   3.689215e-14   2.132983e-04   2.342323e-15   312
  5.015628e-01   3.984664e-14   2.186412e-04   2.588789e-15   384
  5.029871e-01   7.610874e-14   1.857611e-04   1.516049e-14   126
  5.038665e-01   5.598609e-14   3.261522e-04   4.600166e-15   492
  5.049897e-01   6.088469e-14   2.089008e-04   4.744404e-15   528
  5.063933e-01   4.622439e-14   2.121984e-04   3.636818e-15   480
  5.072636e-01   6.455722e-14   2.931509e-04   5.622783e-15   432
  5.085229e-01   5.735216e-14   2.305243e-04   4.968934e-15   440
  5.099854e-01   6.199467e-14   1.146388e-04   5.533536e-15   312
  5.105343e-01   4.913576e-14   1.717959e-04   5.337661e-15   480
  5.116600e-01   5.164648e-14   3.363730e-04   5.076497e-15   408
  5.133048e-01   6.210202e-14   2.014494e-04   5.047121e-15   360
  5.139997e-01   4.717321e-14   1.943913e-04   4.106611e-15   408
  5.152875e-01   3.410349e-14   1.978178e-04   3.003394e-15   456
  5.167375e-01   4.600761e-14   1.890651e-04   3.470598e-15   264
  5.175423e-01   4.396870e-14   2.051830e-04   3.847911e-15   384
  5.187139e-01   4.092486e-14   3.454401e-04   2.699516e-15   672
  5.200682e-01   5.826055e-14   2.066178e-04   6.554548e-15   240
  5.208498e-01   3.159291e-14   2.096654e-04   2.066452e-15   264
  5.219528e-01   2.515024e-14   2.585876e-04   1.683056e-15   624
  5.235988e-01   3.168018e-14   0.000000e+00   5.993014e-15   150
  5.241848e-01   5.912500e-14   2.897679e-04   4.403625e-15   600
  5.254207e-01   4.431688e-14   1.999903e-04   3.023984e-15   672
  5.268202e-01   3.921724e-14   1.881050e-04   4.958131e-15   336
  5.275998e-01   6.375440e-14   2.046034e-04   5.653544e-15   408
  5.288454e-01   4.907927e-14   2.041215e-04   5.342382e-15   408
  5.302309e-01   3.933461e-14   1.032148e-04   2.930594e-15   360
  5.310849e-01   5.111537e-14   3.789714e-04   4.531191e-15   456
  5.321165e-01   4.020437e-14   2.060870e-04   3.737057e-15   384
  5.334296e-01   2.641675e-14   1.902444e-04   1.990314e-15   348
  5.341391e-01   5.061357e-14   2.345337e-04   3.821544e-15   576
  5.354720e-01   3.195489e-14   1.931077e-04   2.305561e-15   504
  5.368355e-01   3.551722e-14   2.723672e-04   2.996251e-15   432
  5.380257e-01   3.110970e-14   3.705542e-04   1.925384e-15   576
  5.388745e-01   3.525613e-14   8.718863e-09   4.597042e-15   264
  5.402209e-01   3.332575e-14   2.948686e-04   1.895477e-15   768
  5.413919e-01   1.698595e-14   3.969869e-04   1.210611e-15   240
  5.423229e-01   3.389629e-14   3.501048e-04   5.040262e-15   192
  5.436789e-01   2.502387e-14   2.577199e-04   1.425857e-15   504
  5.446846e-01   4.183054e-14   3.472873e-04   4.344559e-15   590
  5.456491e-01   4.731460e-14   3.891164e-04   5.128614e-15   384
  5.468584e-01   3.545336e-14   3.251867e-04   3.138469e-15   504
  5.483186e-01   5.144251e-14   3.129419e-04   4.149751e-15   648
  5.497348e-01   3.291529e-14   8.499089e-05   3.407168e-15   504
  5.503059e-01   2.977943e-14   1.938802e-04   2.563121e-15   312
  5.513141e-01   4.391002e-14   2.793337e-04   3.479124e-15   576
  5.526981e-01   4.942687e-14   1.943899e-04   6.327186e-15   240
  5.535050e-01   2.600097e-14   1.964216e-04   1.673994e-15   552
  5.546470e-01   4.375173e-14   1.844354e-04   3.973862e-15   600
  5.562738e-01   3.319500e-14   2.252732e-04   2.639942e-15   600
  5.572519e-01   2.651194e-14   3.607573e-04   2.248016e-15   312
  5.582259e-01   3.904128e-14   3.141839e-04   3.156039e-15   480
  5.594427e-01   2.842968e-14   1.960206e-04   2.618384e-15   576
  5.605139e-01   4.458032e-14   3.156357e-04   4.055379e-15   408
  5.614645e-01   9.896936e-15   3.682036e-04   6.998279e-16   216
  5.626926e-01   2.592556e-14   2.820025e-04   2.042357e-15   516
  5.640083e-01   2.810042e-14   2.690591e-04   1.764411e-15   744
  5.653657e-01   3.101841e-14   1.797077e-04   2.496025e-15   462
  5.661327e-01   3.740029e-14   1.826469e-04   4.637177e-15   432
  5.673224e-01   4.186714e-14   1.694450e-04   3.274962e-15   648
  5.687212e-01   3.868712e-14   2.479296e-04   4.277343e-15   528
  5.698448e-01   3.196975e-14   2.985691e-04   2.530443e-15   600
  5.709675e-01   6.392879e-14   3.764176e-04   1.017810e-14   240
  5.720549e-01   3.162140e-14   2.883323e-04   2.638255e-15   720
  5.733187e-01   3.022850e-14   2.281230e-04   2.361513e-15   720
  5.747197e-01   8.580689e-15   0.000000e+00   8.013867e-16   144
  5.754570e-01   3.160113e-14   2.941188e-04   2.189037e-15   720
  5.765058e-01   3.440020e-14   1.763594e-04   2.865393e-15   384
  5.778188e-01   2.343973e-14   1.955038e-04   1.525569e-15   672
  5.790646e-01   4.055312e-14   3.423056e-04   4.337381e-15   336
  5.796596e-01   3.696869e-14   7.992291e-09   4.228261e-15   288
  5.811165e-01   2.288616e-14   2.709120e-04   1.591602e-15   776
  5.824653e-01   2.105298e-14   2.318063e-04   1.390782e-15   720
  5.835980e-01   1.786012e-14   1.867370e-04   1.357021e-15   432
  5.845040e-01   3.267741e-14   2.662171e-04   3.565685e-15   504
  5.855119e-01   2.104925e-14   1.865229e-04   1.467036e-15   528
  5.869222e-01   3.183068e-14   2.541266e-04   3.833889e-15   438
  5.880825e-01   3.765361e-14   2.957801e-04   3.832251e-15   624
  5.889568e-01   3.655349e-14   3.622906e-04   4.385991e-15   312
  5.901587e-01   4.005661e-14   1.951931e-04   2.808671e-15   696
  5.914016e-01   3.042974e-14   1.766144e-04   3.325201e-15   552
  5.926943e-01   2.994606e-14   1.366406e-04   3.076848e-15   516
  5.934940e-01   3.687295e-14   2.729293e-04   3.460475e-15   528
  5.944675e-01   1.104440e-14   1.774934e-04   6.675435e-16   528
  5.958504e-01   3.000352e-14   2.340778e-04   2.335802e-15   864
  5.967890e-01   2.857570e-14   3.206384e-04   2.921265e-15   408
  5.977287e-01   3.879785e-14   3.176732e-04   3.238291e-15   192
  5.990604e-01   1.983578e-14   2.628898e-04   1.620621e-15   720
  6.001846e-01   1.969669e-14   2.423973e-04   1.542263e-15   696
  6.015205e-01   2.294052e-14   2.617914e-04   1.607348e-15   720
  6.027427e-01   2.164418e-14   3.548268e-04   1.874710e-15   432
  6.034554e-01   1.386272e-14   2.088649e-04   1.341027e-15   264
  6.047379e-01   2.060990e-14   2.884332e-04   1.371325e-15   672
  6.058849e-01   2.283803e-14   2.953113e-04   1.641315e-15   600
  6.072461e-01   1.250831e-14   1.729045e-04   2.481817e-15   270
  6.079323e-01   3.011010e-14   2.602694e-04   3.365619e-15   528
  6.090231e-01   2.928836e-14   1.782233e-04   2.278140e-15   840
  6.105187e-01   3.517953e-14   3.407949e-04   2.602577e-15   888
  6.119006e-01   2.111972e-14   2.539173e-04   1.786617e-15   744
  6.130685e-01   2.474041e-14   1.304764e-04   2.067806e-15   456
  6.136494e-01   4.238238e-14   1.783041e-04   3.474243e-15   360
  6.146434e-01   2.404207e-14   1.544904e-04   3.458136e-15   384
  6.161685e-01   2.207698e-14   2.478012e-04   1.399554e-15   816
  6.173129e-01   2.387175e-14   3.595249e-04   1.687167e-15   824
  6.187038e-01   1.987632e-14   1.671243e-04   2.434952e-15   360
  6.194487e-01   2.350384e-14   2.466127e-04   1.653835e-15   624
  6.204737e-01   2.680795e-14   1.666475e-04   2.905470e-15   360
  6.218393e-01   2.032737e-14   2.266896e-04   1.595931e-15   876
  6.230726e-01   1.747474e-14   2.692394e-04   1.380447e-15   696
  6.243164e-01   1.204606e-14   1.738571e-04   1.172140e-15   336
  6.249685e-01   2.578231e-14   1.736618e-04   2.784084e-15   504
  6.260455e-01   1.934974e-14   1.751666e-04   1.891189e-15   672
  6.276432e-01   1.343113e-14   3.487160e-04   1.022787e-15   720
  6.287513e-01   2.350200e-14   2.634177e-04   2.206526e-15   774
  6.299744e-01   4.865093e-14   1.507735e-04   6.065441e-15   384
  6.306149e-01   3.145925e-14   2.901529e-04   3.201413e-15   528
  6.316091e-01   2.481946e-14   2.765319e-04   2.124884e-15   744
  6.332082e-01   2.760403e-14   2.280801e-04   2.169862e-15   768
  6.342699e-01   2.817614e-14   2.560371e-04   3.066030e-15   552
  6.355947e-01   1.791721e-14   2.790515e-04   1.489030e-15   696
  6.365801e-01   3.079299e-14   3.390961e-04   3.164264e-15   408
  6.373624e-01   2.537662e-14   1.464922e-04   2.281978e-15   504
  6.386025e-01   1.791155e-14   2.631678e-04   1.400200e-15   888
  6.398228e-01   1.832630e-14   2.735074e-04   1.903941e-15   648
  6.410912e-01   1.806708e-14   2.711630e-04   1.663232e-15   648
  6.422845e-01   1.777868e-14   2.923802e-04   1.468129e-15   792
  6.435486e-01   1.477784e-14   4.277722e-04   1.349141e-15   600
  6.444800e-01   9.059505e-15   2.899046e-04   6.322671e-16   456
  6.454604e-01   1.804814e-14   1.412871e-04   1.529785e-15   648
  6.467196e-01   1.383802e-14   2.755305e-04   9.692479e-16   936
  6.480791e-01   2.150103e-14   1.692113e-04   1.694755e-15   384
  6.492625e-01   1.538022e-15   0.000000e+00   1.721621e-16   198
  6.501758e-01   1.657871e-15   4.293034e-04   7.640763e-17   1224
  6.511610e-01   1.881919e-15   3.126651e-04   1.445342e-16   420
  6.523261e-01   1.515963e-15   3.025944e-04   9.126715e-17   792
  6.534654e-01   1.444859e-15   2.502197e-04   8.117675e-17   680
  6.547656e-01   1.469637e-15   2.297635e-04   1.034250e-16   600
  6.558117e-01   1.491915e-15   3.332201e-04   8.246820e-17   840
  6.572086e-01   1.372136e-15   1.573311e-04   1.112902e-16   432
  6.577423e-01   1.520780e-15   1.474399e-04   8.707173e-17   720
  6.589028e-01   1.357723e-15   2.952964e-04   5.483806e-17   960
  6.603461e-01   1.557244e-15   2.632351e-04   1.001236e-16   528
  6.614009e-01   1.267505e-15   2.690765e-04   8.340971e-17   624
  6.626564e-01   1.424003e-15   2.114923e-04   7.004854e-17   816
  6.639025e-01   1.163940e-15   3.478036e-04   6.245728e-17   696
  6.652796e-01   1.304558e-15   9.590750e-09   1.140215e-16   240
  6.657974e-01   1.454369e-15   2.051081e-04   8.108245e-17   672
  6.669532e-01   1.231309e-15   3.665574e-04   6.839562e-17   864
  6.682496e-01   1.069585e-15   2.812733e-04   4.653648e-17   816
  6.694181e-01   1.074727e-15   1.609912e-04   5.355770e-17   648
  6.706767e-01   1.288200e-15   1.645623e-04   5.737696e-17   843
  6.717452e-01   1.119146e-15   2.960880e-04   6.900758e-17   780
  6.730185e-01   9.773965e-16   1.588753e-04   8.875882e-17   216
  6.738038e-01   1.082087e-15   3.831105e-04   4.491281e-17   1056
  6.750118e-01   1.081885e-15   3.134274e-04   9.376792e-17   228
  6.761301e-01   1.273844e-15   3.902249e-04   6.612013e-17   924
  6.772783e-01   1.247600e-15   1.447516e-04   6.245030e-17   696
  6.784941e-01   1.085153e-15   2.576163e-04   5.543765e-17   996
  6.797379e-01   9.246257e-16   1.520916e-04   5.595687e-17   576
  6.810320e-01   1.073967e-15   2.347432e-04   7.349024e-17   552
  6.819753e-01   1.236962e-15   2.802752e-04   7.729575e-17   516
  6.829327e-01   1.199889e-15   4.075783e-04   6.945044e-17   744
  6.840265e-01   8.916986e-16   1.999414e-04   5.098288e-17   576
  6.849781e-01   9.079806e-16   2.057904e-04   4.583146e-17   792
  6.863303e-01   1.060726e-15   2.352566e-04   6.021348e-17   792
  6.873212e-01   9.759968e-16   2.537217e-04   5.841750e-17   720
  6.886614e-01   8.960711e-16   2.891844e-04   4.787113e-17   656
  6.899172e-01   9.044001e-16   3.157744e-04   4.643320e-17   816
  6.912045e-01   9.303303e-16   1.702602e-04   6.887031e-17   492
  6.919363e-01   1.029286e-15   2.449314e-04   6.012063e-17   552
  6.933096e-01   8.171580e-16   4.259058e-04   5.185767e-17   780
  6.942015e-01   9.123802e-16   2.616289e-04   7.704800e-17   528
  6.951624e-01   7.309428e-16   3.054005e-04   4.251882e-17   600
  6.965787e-01   9.536647e-16   2.538120e-04   4.248699e-17   900
  6.975549e-01   8.086588e-16   1.405147e-04   5.186060e-17   696
  6.988979e-01   8.301529e-16   3.552967e-04   5.421402e-17   696
  7.001972e-01   6.937310e-16   1.441405e-04   3.143028e-17   552
  7.012898e-01   6.150044e-16   1.676221e-04   3.452981e-17   708
  7.024344e-01   8.083217e-16   2.767536e-04   4.042793e-17   876
  7.036253e-01   7.393702e-16   1.469507e-04   5.804067e-17   216
  7.044246e-01   8.007959e-16   4.019301e-04   3.528418e-17   1032
  7.056214e-01   7.165294e-16   4.475047e-04   4.529696e-17   600
  7.068637e-01   5.171967e-16   2.135326e-04   2.609378e-17   600
  7.078114e-01   7.605853e-16   3.770786e-04   4.950769e-17   528
  7.089316e-01   7.298247e-16   2.069996e-04   4.675408e-17   732
  7.101116e-01   8.408063e-16   1.528505e-04   7.773794e-17   336
  7.114699e-01   6.611093e-16   2.178422e-04   3.083741e-17   912
  7.124851e-01   6.031893e-16   2.186476e-04   3.298004e-17   624
  7.135942e-01   6.122138e-16   1.842497e-04   3.227440e-17   768
  7.148888e-01   6.986882e-16   3.324228e-04   3.201970e-17   792
  7.161595e-01   6.626416e-16   1.648015e-04   4.216246e-17   660
  7.170636e-01   5.833390e-16   2.428615e-04   3.718661e-17   504
  7.179987e-01   5.801308e-16   3.967892e-04   4.182153e-17   480
  7.194001e-01   4.431516e-16   3.669783e-04   1.923305e-17   912
  7.204975e-01   6.543945e-16   4.086872e-04   4.472886e-17   432
  7.215338e-01   5.947938e-16   2.426689e-04   3.623371e-17   564
  7.224540e-01   5.490917e-16   2.322675e-04   3.037430e-17   600
  7.237493e-01   6.900456e-16   3.237589e-04   3.370326e-17   876
  7.247223e-01   5.730424e-16   1.455718e-04   4.329875e-17   264
  7.260636e-01   5.659245e-16   2.824665e-04   3.418968e-17   560
  7.271417e-01   5.190629e-16   1.919421e-04   2.051110e-17   840
  7.284504e-01   4.803622e-16   2.959193e-04   2.462677e-17   1008
  7.296606e-01   4.222909e-16   1.323744e-04   2.292124e-17   456
  7.307658e-01   5.962629e-16   1.714724e-04   3.551189e-17   576
  7.317876e-01   6.248283e-16   2.634856e-04   4.604965e-17   612
  7.331349e-01   5.091816e-16   2.353354e-04   3.029735e-17   780
  7.342341e-01   5.086183e-16   2.696836e-04   2.474775e-17   648
  7.353591e-01   5.238972e-16   1.256760e-04   3.956103e-17   312
  7.360783e-01   4.193672e-16   3.193221e-04   2.581056e-17   528
  7.373241e-01   3.865907e-16   4.170188e-04   1.748097e-17   720
  7.385155e-01   4.807286e-16   4.183247e-04   3.311058e-17   576
  7.399599e-01   4.209891e-16   3.608590e-04   2.478945e-17   444
  7.408586e-01   4.518525e-16   3.538864e-04   1.751141e-17   996
  7.419599e-01   3.861087e-16   2.956016e-04   2.434863e-17   432
  7.430008e-01   4.983803e-16   3.236256e-04   3.284492e-17   504
  7.438999e-01   3.580694e-16   1.459075e-04   1.968347e-17   504
  7.451803e-01   4.831375e-16   2.871477e-04   2.251094e-17   876
  7.463388e-01   3.701957e-16   3.304796e-04   2.124572e-17   504
  7.475452e-01   3.456344e-16   2.107626e-04   2.038833e-17   696
  7.485421e-01   4.128424e-16   1.801799e-04   2.164539e-17   492
  7.498987e-01   3.701639e-16   2.579363e-04   2.377127e-17   432
  7.509034e-01   4.392678e-16   2.415290e-04   2.172797e-17   768
  7.520944e-01   3.790956e-16   3.008569e-04   2.072577e-17   648
  7.532317e-01   3.142342e-16   1.962768e-04   1.820773e-17   456
  7.545385e-01   3.134646e-16   2.699125e-04   1.531573e-17   552
  7.554460e-01   3.311784e-16   1.849982e-04   1.716886e-17   648
  7.566950e-01   3.148206e-16   3.015367e-04   1.178209e-17   840
  7.579151e-01   3.646688e-16   1.437965e-04   2.258728e-17   432
  7.591366e-01   3.520933e-16   1.761262e-04   2.201623e-17   600
  7.599862e-01   3.634913e-16   1.876509e-04   2.213378e-17   432
  7.614131e-01   3.561003e-16   1.868247e-04   1.875074e-17   560
  7.623795e-01   3.115700e-16   2.957239e-04   1.522817e-17   840
  7.635896e-01   3.788521e-16   1.751616e-04   2.562174e-17   504
  7.645506e-01   3.024407e-16   3.574943e-04   1.752864e-17   696
  7.659053e-01   3.784848e-16   1.952507e-04   2.658583e-17   384
  7.669605e-01   2.452896e-16   2.860193e-04   1.289348e-17   576
  7.682367e-01   2.777673e-16   1.765168e-04   1.893980e-17   360
  7.692654e-01   2.832308e-16   2.628763e-04   1.269948e-17   828
  7.703752e-01   2.644502e-16   2.341402e-04   1.622002e-17   372
  7.713920e-01   2.674523e-16   3.575770e-04   1.271945e-17   576
  7.727390e-01   3.046450e-16   1.497528e-04   1.487487e-17   636
  7.736987e-01   2.767664e-16   2.886848e-04   1.462944e-17   648
  7.749969e-01   2.592160e-16   2.346692e-04   1.244789e-17   576
  7.759289e-01   2.745604e-16   3.785461e-04   1.629168e-17   528
  7.771683e-01   2.641893e-16   1.618441e-04   1.726844e-17   360
  7.781942e-01   2.163205e-16   3.723021e-04   9.698434e-18   672
  7.795338e-01   2.853640e-16   1.906993e-04   1.312344e-17   804
  7.806488e-01   2.669072e-16   2.103641e-04   1.522536e-17   408
  7.818822e-01   2.687547e-16   1.300279e-04   1.742085e-17   384
  7.827127e-01   2.003598e-16   2.975538e-04   1.390487e-17   480
  7.838841e-01   2.198627e-16   1.922633e-04   1.389718e-17   432
  7.850075e-01   2.919130e-16   3.543003e-04   1.413317e-17   648
  7.863374e-01   2.447095e-16   2.198417e-04   1.188994e-17   624
  7.873102e-01   2.430678e-16   1.999645e-04   1.380729e-17   456
  7.886385e-01   2.011907e-16   2.731694e-04   1.092785e-17   588
  7.895286e-01   1.915955e-16   1.742809e-04   9.293332e-18   600
  7.908283e-01   2.157264e-16   2.718355e-04   9.765460e-18   708
  7.918549e-01   1.971484e-16   1.712511e-04   1.144446e-17   360
  7.929893e-01   2.380433e-16   1.968577e-04   1.309451e-17   552
  7.940768e-01   2.109600e-16   1.381003e-04   1.735374e-17   288
  7.951809e-01   1.784736e-16   2.596664e-04   9.532401e-18   528
  7.962181e-01   2.097973e-16   1.751829e-04   1.028316e-17   456
  7.973771e-01   2.087567e-16   3.106374e-04   1.141830e-17   608
  7.985427e-01   1.629132e-16   1.502898e-04   8.195983e-18   504
  7.998164e-01   1.459569e-16   3.226637e-04   9.070387e-18   540
  8.008151e-01   2.114876e-16   3.463704e-04   1.305843e-17   360
  8.018917e-01   2.179443e-16   1.568542e-04   1.152252e-17   540
  8.028439e-01   1.796527e-16   1.346780e-04   9.471680e-18   576
  8.042285e-01   1.925164e-16   3.122726e-04   1.018773e-17   588
  8.055450e-01   1.960700e-16   4.308419e-04   9.925250e-18   672
  8.066761e-01   2.044181e-16   3.292961e-04   9.772637e-18   552
  8.075877e-01   1.320188e-16   3.294626e-04   1.135724e-17   144
  8.087511e-01   1.916217e-16   2.799123e-04   1.055705e-17   600
  8.098542e-01   1.475320e-16   3.507912e-04   9.220451e-18   504
  8.110784e-01   1.684623e-16   3.603334e-04   1.343057e-17   336
  8.123661e-01   1.580501e-16   4.050163e-04   7.608573e-18   600
  8.135194e-01   1.537088e-16   2.613843e-04   1.001142e-17   636
  8.147641e-01   1.792341e-16   2.101554e-04   1.430369e-17   384
  8.156368e-01   1.637108e-16   2.931419e-04   1.046834e-17   504
  8.168946e-01   1.305404e-16   1.230275e-04   9.642318e-18   240
  8.178874e-01   1.571098e-16   2.890092e-04   6.530419e-18   744
  8.190784e-01   1.446331e-16   1.973493e-04   7.746438e-18   648
  8.201369e-01   2.282139e-16   1.310064e-04   1.886364e-17   120
  8.213775e-01   1.364740e-16   2.057940e-04   7.066212e-18   564
  8.223149e-01   1.750228e-16   3.232119e-04   1.001870e-17   432
  8.235661e-01   1.360848e-16   2.508763e-04   9.136596e-18   480
  8.245082e-01   1.057478e-16   1.846513e-04   6.745242e-18   456
  8.256202e-01   1.519918e-16   3.055706e-04   9.600538e-18   444
  8.268821e-01   1.315328e-16   4.675392e-04   8.982700e-18   528
  8.279907e-01   1.604759e-16   3.472317e-04   1.408010e-17   264
  8.290664e-01   1.254753e-16   3.558608e-04   7.797098e-18   444
  8.305136e-01   1.332348e-16   3.897932e-04   6.156891e-18   696
  8.317148e-01   1.537286e-16   2.084744e-04   9.814596e-18   384
  8.325934e-01   1.161675e-16   2.634249e-04   5.896696e-18   432
  8.339598e-01   1.603677e-16   1.820143e-04   9.810462e-18   488
  8.348470e-01   1.358255e-16   2.743182e-04   7.296118e-18   480
  8.361333e-01   1.201593e-16   3.059215e-04   7.274228e-18   480
  8.371295e-01   1.002586e-16   1.283553e-04   6.612488e-18   240
  8.382605e-01   1.272936e-16   2.998278e-04   7.439543e-18   600
  8.393273e-01   1.017725e-16   2.612693e-04   7.807802e-18   288
  8.404633e-01   1.195290e-16   2.513219e-04   7.624489e-18   480
  8.416137e-01   9.545756e-17   4.470568e-04   5.554666e-18   504
  8.427464e-01   1.104588e-16   1.918152e-04   8.624613e-18   216
  8.441910e-01   1.213330e-16   3.140320e-04   8.357249e-18   504
  8.453161e-01   9.851781e-17   2.525773e-04   6.411591e-18   456
  8.465476e-01   1.505176e-16   1.448574e-04   9.835443e-18   384
  8.473633e-01   1.493152e-16   2.940081e-04   8.827857e-18   480
  8.485224e-01   9.592313e-17   2.581721e-04   6.002906e-18   504
  8.495963e-01   1.056961e-16   1.637682e-04   7.041968e-18   312
  8.507536e-01   1.111609e-16   2.639069e-04   7.507349e-18   492
  8.517779e-01   1.381990e-16   2.473513e-04   1.056168e-17   312
  8.530964e-01   9.868792e-17   4.018026e-04   5.123987e-18   576
  8.542572e-01   1.241496e-16   3.708963e-04   8.931571e-18   336
  8.552213e-01   6.600871e-17   2.855730e-04   5.403908e-18   240
  8.565577e-01   1.020182e-16   3.785974e-04   5.705192e-18   468
  8.577117e-01   8.987020e-17   2.370567e-04   7.309174e-18   192
  8.589195e-01   8.479339e-17   2.377633e-04   6.963899e-18   324
  8.598047e-01   9.939206e-17   1.725647e-04   5.504542e-18   600
  8.610110e-01   9.302174e-17   2.799685e-04   5.825025e-18   456
  8.619069e-01   9.632630e-17   1.259298e-04   7.553544e-18   336
  8.633917e-01   1.081273e-16   3.770695e-04   6.450771e-18   612
  8.644719e-01   8.785828e-17   3.164532e-04   1.477860e-17   144
  8.654935e-01   1.109266e-16   3.693821e-04   5.953693e-18   552
  8.668827e-01   5.809479e-17   1.454672e-04   3.918930e-18   264
  8.676676e-01   9.051283e-17   3.367937e-04   7.959996e-18   336
  8.689058e-01   7.250221e-17   2.225417e-04   4.384096e-18   384
  8.699797e-01   8.121500e-17   1.252690e-04   7.325139e-18   216
  8.711683e-01   6.229918e-17   2.655962e-04   4.633951e-18   344
  8.722521e-01   6.981865e-17   3.962819e-04   4.505853e-18   408
  8.735729e-01   8.271415e-17   3.045168e-04   8.494535e-18   264
  8.747433e-01   7.851767e-17   4.245115e-04   4.713799e-18   612
  8.759127e-01   1.091234e-16   2.184861e-04   7.331087e-18   408
  8.771153e-01   7.545727e-17   2.188001e-04   6.620818e-18   444
  8.779988e-01   1.412641e-16   1.223733e-04   1.241055e-17   120
  8.791827e-01   8.510560e-17   3.380949e-04   7.066613e-18   336
  8.800614e-01   6.445756e-17   1.174866e-04   4.632717e-18   288
  8.812488e-01   7.532790e-17   3.656205e-04   4.352332e-18   552
  8.828813e-01   9.052477e-17   1.957704e-08   1.399974e-17   72
  8.837207e-01   6.647331e-17   3.631543e-04   3.809860e-18   504
  8.847012e-01   4.002548e-17   1.168595e-04   4.038605e-18   216
  8.859716e-01   5.596083e-17   2.086446e-04   4.216369e-18   312
  8.871120e-01   4.920773e-17   2.375747e-04   3.809679e-18   336
  8.881989e-01   4.601164e-17   3.293052e-04   5.017954e-18   204
  8.892814e-01   1.058777e-16   3.827027e-04   8.391312e-18   504
  8.904295e-01   8.478314e-17   3.644429e-04   5.893413e-18   396
  8.915335e-01   7.688696e-17   3.342132e-04   7.059267e-18   312
  8.928719e-01   1.195380e-16   2.042400e-04   1.239459e-17   216
  8.938150e-01   7.273507e-17   1.108450e-04   7.468301e-18   168
  8.949610e-01   6.678838e-17   2.798897e-04   4.354277e-18   588
  8.962689e-01   4.423290e-17   3.799175e-04   4.601635e-18   240
  8.972850e-01   3.884097e-17   3.355308e-04   3.259788e-18   264
  8.984767e-01   6.105807e-17   4.149529e-04   5.433192e-18   288
  8.995339e-01   5.623723e-17   2.072102e-04   4.803694e-18   288
  9.008740e-01   5.206798e-17   1.946034e-04   4.470955e-18   288
  9.017763e-01   4.932135e-17   2.254318e-04   4.420628e-18   192
  9.029115e-01   3.311396e-17   2.398820e-04   3.253325e-18   264
  9.039929e-01   8.850444e-17   3.945727e-04   6.270181e-18   372
  9.051567e-01   9.679674e-17   4.261555e-04   8.065649e-18   360
  9.065772e-01   8.175734e-17   1.803531e-04   9.511382e-18   144
  9.073113e-01   5.925676e-17   2.505025e-04   6.685133e-18   296
  9.084702e-01   5.303374e-17   2.699035e-04   5.569225e-18   288
  9.097970e-01   4.917748e-17   4.033639e-04   3.515967e-18   480
  9.109414e-01   4.341566e-17   3.351569e-04   6.472316e-18   192
  9.120543e-01   6.465249e-17   3.595015e-04   7.394820e-18   192
  9.130658e-01   4.261908e-17   2.291145e-04   3.538784e-18   288
  9.144726e-01   2.345317e-17   1.994411e-04   2.622375e-18   108
  9.151811e-01   5.083788e-17   1.917382e-04   5.825178e-18   240
  9.164324e-01   3.937118e-17   3.576920e-04   3.539118e-18   384
  9.177178e-01   5.614877e-17   4.363437e-04   7.162882e-18   108
  9.188545e-01   6.579243e-17   2.558364e-04   4.690733e-18   348
  9.200497e-01   4.247064e-17   2.670009e-04   5.111904e-18   312
  9.211172e-01   4.561611e-17   2.594474e-04   8.368750e-18   96
  9.220989e-01   4.184920e-17   3.454074e-04   3.708716e-18   384
  9.231983e-01   4.820007e-17   2.375703e-04   5.415396e-18   144
  9.242737e-01   4.801829e-17   3.650373e-04   4.292796e-18   408
  9.256105e-01   2.547913e-17   1.628324e-04   3.165540e-18   144
  9.268733e-01   4.616591e-17   3.130471e-04   5.898191e-18   192
  9.276223e-01   5.220142e-17   3.523403e-04   6.154645e-18   144
  9.288431e-01   2.331150e-17   2.864656e-04   2.219600e-18   144
  9.299949e-01   4.192080e-17   3.501074e-04   3.248667e-18   336
  9.314055e-01   2.550835e-17   2.590351e-04   2.121717e-18   240
  9.322999e-01   3.253240e-17   1.176255e-04   3.994552e-18   96
  9.335474e-01   5.401434e-17   3.449390e-04   5.587871e-18   372
  9.348094e-01   4.367384e-17   4.102976e-04   7.061726e-18   132
  9.359179e-01   2.446991e-17   2.538872e-04   2.120587e-18   264
  9.369095e-01   5.540443e-17   1.949738e-04   7.887417e-18   168
  9.379679e-01   3.692968e-17   3.117257e-04   3.097251e-18   216
  9.389028e-01   3.739025e-17   1.907177e-04   5.123772e-18   216
  9.402644e-01   1.771147e-17   3.498876e-04   1.451157e-18   96
  9.414999e-01   5.137083e-17   2.282697e-04   9.001562e-18   120
  9.426329e-01   3.271103e-17   2.901950e-04   4.266598e-18   216
  9.435662e-01   2.397927e-17   1.268162e-04   2.311107e-18   200
  9.448020e-01   2.957945e-17   3.282727e-04   3.352509e-18   288
  9.463870e-01   1.222813e-17   8.637492e-05   9.928849e-19   144
  9.470544e-01   3.650272e-17   2.687934e-04   6.558779e-18   168
  9.484173e-01   3.972669e-17   3.025020e-04   7.266118e-18   159
  9.494812e-01   2.522664e-17   3.173973e-04   3.244601e-18   174
  9.505108e-01   1.791773e-17   2.878048e-04   1.656565e-18   144
  9.518590e-01   2.869495e-17   1.661865e-04   2.387615e-18   222
  9.527607e-01   2.397358e-17   1.676969e-04   2.815708e-18   168
  9.543181e-01   5.671389e-17   3.678236e-04   1.680364e-17   30
  9.549614e-01   9.127415e-18   3.247612e-04   1.375090e-18   72
  9.561731e-01   2.360573e-17   2.898455e-04   2.276918e-18   258
  9.575053e-01   2.092715e-17   1.815377e-04   1.591156e-18   264
  9.581715e-01   1.999237e-17   0.000000e+00   2.789461e-18   72
  9.595596e-01   1.158869e-17   3.598154e-04   1.497114e-18   174
  9.608164e-01   2.551355e-17   3.831369e-04   3.404402e-18   168
  9.618269e-01   9.991683e-18   1.198844e-08   1.310585e-18   48
  9.629116e-01   1.568203e-17   2.163664e-04   1.466189e-18   150
  9.641694e-01   2.374070e-17   3.980216e-04   2.000791e-18   168
  9.654305e-01   1.413922e-17   2.424563e-04   1.444897e-18   144
  9.665902e-01   3.170898e-17   2.265094e-04   5.901966e-18   102
  9.674541e-01   8.606052e-18   3.352727e-04   8.903577e-19   96
  9.688246e-01   8.978140e-18   3.327357e-04   1.115555e-18   120
  9.698396e-01   9.021985e-18   3.568677e-04   7.203329e-19   168
  9.709374e-01   2.730030e-17   2.635186e-04   3.119695e-18   126
  9.718728e-01   1.958427e-17   1.987457e-04   2.187007e-18   168
  9.731615e-01   9.573816e-18   3.186890e-04   9.117267e-19   72
  9.742877e-01   8.368688e-18   3.990696e-04   7.842380e-19   168
  9.752743e-01   2.120743e-17   1.094046e-04   4.133523e-18   78
  9.766261e-01   7.421315e-18   1.796342e-04   7.379850e-19   60
  9.777146e-01   2.190267e-17   2.913957e-04   2.748548e-18   96
  9.788436e-01   1.074914e-17   3.535845e-04   9.671450e-19   168
  9.799046e-01   1.153920e-17   2.237345e-04   2.739493e-18   86
  9.810179e-01   8.547152e-18   1.999656e-04   8.027690e-19   120
  9.826135e-01   7.798648e-18   1.426020e-04   6.345123e-19   168
  9.834741e-01   6.257393e-18   0.000000e+00   9.871694e-19   48
  9.846330e-01   1.352108e-17   2.598054e-04   1.598343e-18   120
  9.852989e-01   1.261736e-17   1.895385e-04   1.496296e-18   126
  9.869246e-01   9.375091e-18   3.333454e-04   1.109543e-18   96
  9.879797e-01   1.052099e-17   9.612037e-05   1.093830e-18   96
  9.888118e-01   6.745610e-18   0.000000e+00   7.665030e-19   72
  9.905847e-01   1.131129e-17   1.198844e-08   1.895576e-18   24
  9.916911e-01   1.223274e-17   1.978134e-04   1.382193e-18   120
  9.925543e-01   1.113326e-17   2.885490e-04   1.465274e-18   126
  9.935140e-01   9.692079e-18   2.405447e-04   1.063958e-18   96
  9.946355e-01   6.517966e-18   4.157314e-04   8.313084e-19   72
  9.958843e-01   8.394190e-18   1.798178e-04   7.207504e-19   144
  9.969115e-01   6.995464e-18   1.037147e-04   9.004898e-19   72
  9.979377e-01   8.415819e-18   2.071553e-04   1.177506e-18   54
  9.988408e-01   9.428864e-18   1.825532e-04   1.110611e-18   108
  1.000718e+00   1.352256e-17   1.789493e-04   1.622256e-18   72
  1.001302e+00   8.640949e-18   1.032599e-04   1.378442e-18   72
  1.002688e+00   6.294520e-18   2.076458e-08   8.108323e-19   24
  1.004000e+00   3.969684e-18   2.184508e-04   6.596079e-19   48
  1.004796e+00   9.856011e-18   1.664031e-04   1.210897e-18   102
  1.005995e+00   5.919661e-18   3.763347e-04   6.863334e-19   168
  1.007561e+00   6.322228e-18   2.052441e-04   6.516171e-19   72
  1.008142e+00   6.442211e-18   0.000000e+00   7.656593e-19   48
  1.009359e+00   7.463249e-18   3.530324e-04   7.769118e-19   120
  1.010966e+00   6.301125e-18   2.169455e-04   6.949249e-19   96
  1.012484e+00   1.338451e-17   2.349244e-08   2.360603e-18   30
  1.014287e+00   9.573641e-18   1.019306e-04   1.646188e-18   72
  1.015080e+00   8.414287e-18   1.198844e-08   1.584199e-18   24
  1.016098e+00   4.943037e-18   1.510864e-04   5.852029e-19   56
  1.017238e+00   5.417283e-18   2.156079e-04   6.562891e-19   96
  1.018603e+00   6.848852e-18   2.380838e-04   7.518551e-19   144
  1.019655e+00   7.825126e-18   1.351747e-04   1.158701e-18   54
  1.021183e+00   6.034433e-18   2.025059e-04   5.943111e-19   108
  1.022721e+00   9.730262e-18   1.072260e-04   1.385293e-18   48
  1.024186e+00   6.291496e-18   4.037400e-04   7.612415e-19   72
  1.027699e+00   7.811564e-18   2.667523e-04   7.029059e-19   78
  1.028673e+00   4.659608e-18   2.010313e-04   4.712544e-19   72
  1.029809e+00   5.007974e-18   2.007817e-04   6.714384e-19   72
  1.030998e+00   5.158987e-18   4.845084e-04   7.381049e-19   96
  1.031937e+00   6.203390e-18   2.003678e-04   5.917082e-19   72
  1.033070e+00   9.562176e-18   0.000000e+00   1.957335e-18   24
  1.034201e+00   4.919768e-18   3.998310e-04   7.381742e-19   72
  1.036757e+00   6.114718e-18   2.539049e-04   9.982929e-19   30
  1.037307e+00   3.945381e-18   0.000000e+00   6.579393e-19   24
  1.040263e+00   5.121505e-18   2.108357e-04   7.229906e-19   48
  1.041190e+00   5.142830e-18   4.537181e-04   4.702663e-19   120
  1.042439e+00   5.594923e-18   1.983761e-04   6.099441e-19   72
  1.043701e+00   4.092525e-18   1.981363e-04   6.903121e-19   36
  1.044568e+00   5.641292e-18   3.916095e-04   6.474404e-19   78
  1.046988e+00   4.771896e-18   2.094814e-04   6.594046e-19   48
  1.050126e+00   6.164714e-18   1.695421e-08   1.605927e-18   24
  1.052361e+00   2.518918e-18   1.458786e-04   2.829402e-19   56
  1.053486e+00   4.254222e-18   2.244796e-04   3.589634e-19   102
  1.054918e+00   5.227843e-18   1.598458e-08   6.559515e-19   72
  1.055750e+00   3.953905e-18   0.000000e+00   8.745521e-19   24
  1.057203e+00   5.000511e-18   2.074574e-04   1.164273e-18   48
  1.059896e+00   4.857188e-18   0.000000e+00   1.031202e-18   24
  1.063202e+00   3.032525e-18   0.000000e+00   1.464401e-18   6
  1.064233e+00   2.296856e-18   0.000000e+00   3.414257e-19   24
  1.064920e+00   3.549174e-18   1.941879e-04   5.616768e-19   72
  1.066174e+00   4.948731e-18   3.622758e-04   4.656131e-19   84
  1.067525e+00   3.775619e-18   0.000000e+00   7.501511e-19   24
  1.067936e+00   4.704276e-18   1.695421e-08   7.049833e-19   24
  1.069988e+00   5.403315e-18   1.198844e-08   1.138325e-18   24
  1.072854e+00   1.391916e-18   0.000000e+00   1.788118e-19   6
  1.076527e+00   2.954588e-18   2.037334e-04   4.854346e-19   48
  1.077410e+00   3.112071e-18   3.838004e-04   6.156176e-19   72
  1.078563e+00   3.105122e-18   2.033489e-04   7.291544e-19   48
  1.080391e+00   3.301797e-18   0.000000e+00   9.981833e-19   24
  1.082825e+00   2.275825e-18   1.198844e-08   1.963371e-19   6
  1.088280e+00   2.424043e-18   0.000000e+00   1.215844e-18   8
  1.088683e+00   4.176537e-18   1.198844e-08   5.640304e-19   48
  1.089649e+00   3.780282e-18   1.972060e-04   3.980945e-19   60
  1.091097e+00   4.750143e-18   0.000000e+00   1.635868e-18   24
  1.093106e+00   6.411686e-18   0.000000e+00   2.953685e-18   6
  1.100504e+00   3.417804e-18   0.000000e+00   8.392273e-19   24
  1.101102e+00   3.863666e-18   1.991864e-04   6.603933e-19   48
  1.102098e+00   2.707209e-18   0.000000e+00   6.939052e-19   24
  1.103689e+00   1.693758e-18   1.198844e-08   1.450445e-19   6
  1.112726e+00   2.558400e-18   1.858219e-04   3.350213e-19   36
  1.113383e+00   3.026211e-18   0.000000e+00   9.551113e-19   24
  1.114565e+00   2.103158e-18   0.000000e+00   3.705562e-19   6
  1.124848e+00   3.423020e-18   1.688735e-04   6.876794e-19   32
  1.125725e+00   6.553010e-18   1.198844e-08   3.113201e-18   6
  1.136776e+00   5.270043e-18   0.000000e+00   1.185254e-18   12
  1.137162e+00   2.445347e-18   0.000000e+00   4.495614e-19   6
  1.148867e+00   2.398662e-18   1.695421e-08   8.402189e-19   6
