# power spectrum of delta
# redshift z=6.000000
# k              Pk             sigma(k)       sigma(Pk)      count
  2.094395e-02   2.153652e-04   0.000000e+00   9.097407e-05   6
  2.961922e-02   3.374669e-04   0.000000e+00   7.060213e-05   12
  3.627599e-02   4.252490e-04   3.973643e-10   9.197203e-05   8
  4.188790e-02   2.095395e-03   0.000000e+00   2.364383e-04   6
  4.683210e-02   1.938360e-03   0.000000e+00   6.474578e-04   24
  5.130199e-02   3.554971e-03   7.492773e-10   6.373328e-04   24
  5.923844e-02   2.397299e-03   0.000000e+00   1.121296e-03   12
  6.283185e-02   3.343376e-03   8.477105e-10   6.274025e-04   30
  6.623059e-02   5.094057e-03   0.000000e+00   1.164893e-03   24
  6.946323e-02   5.250531e-03   1.297786e-09   1.371430e-03   24
  7.255197e-02   6.699094e-03   7.947286e-10   1.392208e-03   8
  7.551449e-02   6.441695e-03   1.059638e-09   8.604278e-04   24
  7.836509e-02   6.636083e-03   0.000000e+00   9.882934e-04   48
  8.377580e-02   9.610691e-03   0.000000e+00   4.428405e-03   6
  8.635412e-02   7.946816e-03   1.498555e-09   1.178163e-03   48
  8.885766e-02   7.957760e-03   0.000000e+00   8.897099e-04   36
  9.129257e-02   1.179750e-02   1.059638e-09   2.632168e-03   24
  9.366420e-02   7.503824e-03   0.000000e+00   1.294753e-03   24
  9.597724e-02   7.001294e-03   0.000000e+00   9.736394e-04   48
  9.823584e-02   1.063374e-02   1.498555e-09   1.579454e-03   24
  1.026040e-01   1.026118e-02   1.498555e-09   1.644682e-03   24
  1.047198e-01   7.009385e-03   0.000000e+00   1.225382e-03   30
  1.067936e-01   8.304336e-03   0.000000e+00   9.412666e-04   72
  1.088280e-01   8.820670e-03   1.589457e-09   1.925602e-03   32
  1.127866e-01   1.240120e-02   0.000000e+00   1.503477e-03   72
  1.147147e-01   8.285556e-03   0.000000e+00   1.274373e-03   48
  1.184769e-01   4.643431e-03   0.000000e+00   1.443272e-03   12
  1.203138e-01   9.873614e-03   0.000000e+00   1.522122e-03   48
  1.221232e-01   9.031689e-03   0.000000e+00   8.927304e-04   48
  1.239061e-01   1.235222e-02   1.498555e-09   1.677741e-03   48
  1.256637e-01   1.590633e-02   1.695421e-09   2.934465e-03   30
  1.273971e-01   1.654813e-02   1.498555e-09   3.837793e-03   24
  1.291072e-01   1.687759e-02   3.159231e-09   1.845377e-03   72
  1.324612e-01   1.036497e-02   0.000000e+00   2.136493e-03   24
  1.341067e-01   1.575369e-02   0.000000e+00   1.593518e-03   96
  1.357323e-01   1.242860e-02   0.000000e+00   1.830563e-03   48
  1.373387e-01   1.053482e-02   2.595573e-09   2.595729e-03   24
  1.389265e-01   8.017958e-03   2.595573e-09   1.770926e-03   24
  1.404963e-01   1.945082e-02   0.000000e+00   2.410909e-03   72
  1.420488e-01   1.579957e-02   0.000000e+00   2.503935e-03   48
  1.451039e-01   1.261792e-02   1.589457e-09   3.706895e-03   8
  1.466077e-01   2.144390e-02   1.883801e-09   2.824774e-03   54
  1.480961e-01   1.375771e-02   0.000000e+00   2.351236e-03   84
  1.495697e-01   1.748678e-02   0.000000e+00   2.646838e-03   48
  1.510290e-01   1.040368e-02   2.119276e-09   1.857538e-03   24
  1.524743e-01   1.408693e-02   1.998073e-09   1.676725e-03   72
  1.539060e-01   1.869584e-02   0.000000e+00   2.281559e-03   96
  1.567302e-01   2.448479e-02   0.000000e+00   2.793931e-03   48
  1.581234e-01   1.442519e-02   0.000000e+00   1.527765e-03   48
  1.595044e-01   1.333668e-02   2.119276e-09   2.737048e-03   24
  1.608735e-01   1.474514e-02   0.000000e+00   1.704942e-03   72
  1.635775e-01   1.511781e-02   1.998073e-09   1.886755e-03   72
  1.649128e-01   1.529987e-02   0.000000e+00   1.802539e-03   96
  1.675516e-01   2.681145e-02   0.000000e+00   1.203703e-02   6
  1.688555e-01   1.876166e-02   0.000000e+00   2.071008e-03   96
  1.701495e-01   1.998859e-02   2.119276e-09   2.262784e-03   96
  1.714336e-01   1.154172e-02   0.000000e+00   2.927258e-03   24
  1.727082e-01   1.509512e-02   2.997109e-09   1.824407e-03   48
  1.739735e-01   1.587928e-02   0.000000e+00   1.689810e-03   96
  1.752297e-01   1.631166e-02   0.000000e+00   2.498281e-03   48
  1.777153e-01   1.657007e-02   0.000000e+00   2.838955e-03   36
  1.789452e-01   1.703037e-02   3.670694e-09   2.251562e-03   48
  1.801667e-01   1.896645e-02   4.152916e-09   1.767322e-03   120
  1.813799e-01   1.724383e-02   0.000000e+00   2.431783e-03   56
  1.825851e-01   9.271689e-03   2.119276e-09   1.779656e-03   24
  1.837824e-01   1.414200e-02   0.000000e+00   1.337353e-03   96
  1.849720e-01   1.520016e-02   0.000000e+00   1.967461e-03   48
  1.873284e-01   2.151627e-02   0.000000e+00   4.060378e-03   24
  1.884956e-01   2.192837e-02   0.000000e+00   2.391151e-03   102
  1.896555e-01   2.604639e-02   0.000000e+00   4.245984e-03   48
  1.908085e-01   2.190307e-02   0.000000e+00   2.283975e-03   72
  1.919545e-01   2.020048e-02   0.000000e+00   2.057723e-03   48
  1.930937e-01   2.382826e-02   0.000000e+00   4.548055e-03   48
  1.942262e-01   1.986264e-02   4.795375e-09   1.954788e-03   120
  1.964717e-01   2.539307e-02   2.997109e-09   4.015268e-03   24
  1.975848e-01   1.722561e-02   2.825702e-09   1.534703e-03   144
  1.986918e-01   1.762401e-02   3.390842e-09   1.940227e-03   120
  1.997926e-01   1.673083e-02   2.997109e-09   2.508438e-03   48
  2.019761e-01   2.172336e-02   2.997109e-09   3.112776e-03   48
  2.030591e-01   1.756174e-02   2.997109e-09   1.764303e-03   96
  2.059187e-01   2.149380e-02   5.025279e-04   2.624364e-03   72
  2.073345e-01   1.837377e-02   3.767602e-09   1.503450e-03   108
  2.083897e-01   2.044405e-02   0.000000e+00   2.194557e-03   72
  2.094395e-01   1.370323e-02   0.000000e+00   3.099163e-03   30
  2.104841e-01   2.206806e-02   0.000000e+00   1.731644e-03   168
  2.115235e-01   2.625014e-02   0.000000e+00   3.202620e-03   48
  2.135872e-01   1.610829e-02   0.000000e+00   2.090149e-03   72
  2.146116e-01   2.232803e-02   0.000000e+00   2.379956e-03   96
  2.156312e-01   2.012390e-02   5.651403e-09   3.209089e-03   72
  2.166459e-01   2.270292e-02   0.000000e+00   2.520304e-03   72
  2.183519e-01   2.302185e-02   4.640051e-04   1.879454e-03   104
  2.196620e-01   2.061160e-02   3.996146e-09   1.619629e-03   144
  2.226373e-01   1.478429e-02   6.701740e-09   1.515160e-03   96
  2.236202e-01   1.450217e-02   0.000000e+00   1.613972e-03   96
  2.251835e-01   2.120957e-02   4.773581e-04   2.019373e-03   120
  2.265435e-01   1.817813e-02   0.000000e+00   1.624172e-03   120
  2.275095e-01   2.306071e-02   0.000000e+00   2.707559e-03   72
  2.294295e-01   2.515039e-02   0.000000e+00   3.467469e-03   48
  2.303835e-01   2.427357e-02   4.517777e-09   3.207310e-03   78
  2.316038e-01   2.505285e-02   4.274285e-04   2.107244e-03   168
  2.341605e-01   2.348384e-02   3.996146e-09   2.082282e-03   144
  2.350953e-01   2.801979e-02   3.996146e-09   2.135220e-03   144
  2.378065e-01   2.313749e-02   2.461643e-04   2.221550e-03   156
  2.387978e-01   1.950845e-02   5.191145e-09   4.289396e-03   48
  2.397145e-01   2.162294e-02   3.390842e-09   2.090359e-03   120
  2.406277e-01   1.547763e-02   0.000000e+00   1.876240e-03   48
  2.422424e-01   2.358661e-02   3.767994e-04   1.786752e-03   216
  2.442463e-01   1.588321e-02   0.000000e+00   1.994527e-03   48
  2.451427e-01   1.811162e-02   2.997109e-09   1.538534e-03   96
  2.464171e-01   2.135118e-02   4.403490e-04   2.050306e-03   168
  2.478122e-01   1.675347e-02   2.997109e-09   2.499381e-03   48
  2.486956e-01   2.473934e-02   0.000000e+00   2.598546e-03   96
  2.495760e-01   2.100513e-02   0.000000e+00   3.919020e-03   48
  2.513274e-01   2.726435e-02   3.390842e-09   3.272507e-03   30
  2.521986e-01   1.932445e-02   2.997109e-09   1.677736e-03   96
  2.532398e-01   2.275984e-02   3.460752e-04   1.739125e-03   240
  2.545786e-01   4.023639e-02   3.733652e-04   6.251758e-03   32
  2.556535e-01   1.734785e-02   0.000000e+00   1.306941e-03   168
  2.565100e-01   1.927281e-02   0.000000e+00   1.988055e-03   120
  2.582144e-01   1.876161e-02   6.318461e-09   2.419611e-03   72
  2.590624e-01   2.644866e-02   3.996146e-09   2.608649e-03   144
  2.599076e-01   2.024105e-02   0.000000e+00   1.990033e-03   96
  2.607501e-01   2.489417e-02   0.000000e+00   2.069387e-03   96
  2.624270e-01   3.305765e-02   4.894259e-09   4.318962e-03   72
  2.632614e-01   2.078307e-02   4.238553e-09   2.254912e-03   96
  2.649224e-01   2.886250e-02   0.000000e+00   5.386262e-03   24
  2.657489e-01   2.462602e-02   0.000000e+00   1.804470e-03   192
  2.667223e-01   2.288094e-02   3.168444e-04   1.883936e-03   132
  2.682134e-01   2.509524e-02   0.000000e+00   2.159744e-03   96
  2.690299e-01   1.603389e-02   0.000000e+00   1.677562e-03   96
  2.698439e-01   2.181969e-02   3.390842e-09   1.763721e-03   120
  2.714646e-01   2.334471e-02   0.000000e+00   3.007496e-03   48
  2.727931e-01   1.900252e-02   3.839899e-04   1.178360e-03   222
  2.738777e-01   2.421618e-02   0.000000e+00   2.207322e-03   120
  2.746773e-01   1.822312e-02   5.191145e-09   4.155735e-03   24
  2.758416e-01   2.838446e-02   3.963334e-04   1.780438e-03   312
  2.783784e-01   3.104157e-02   3.715784e-04   3.324369e-03   72
  2.794272e-01   2.177620e-02   2.997109e-09   2.400398e-03   96
  2.805041e-01   2.665627e-02   3.784012e-04   2.310910e-03   192
  2.817720e-01   2.315490e-02   4.795375e-09   2.611791e-03   120
  2.825493e-01   2.304499e-02   0.000000e+00   2.191307e-03   144
  2.840976e-01   2.357324e-02   0.000000e+00   3.317457e-03   48
  2.851981e-01   2.104211e-02   3.804956e-04   1.421038e-03   336
  2.864042e-01   2.265410e-02   0.000000e+00   2.493648e-03   48
  2.879317e-01   2.293108e-02   0.000000e+00   2.295831e-03   192
  2.886924e-01   1.874263e-02   0.000000e+00   2.280103e-03   48
  2.908548e-01   1.956142e-02   2.641139e-04   2.387105e-03   56
  2.919300e-01   2.262870e-02   3.392119e-04   1.343711e-03   336
  2.932153e-01   2.226299e-02   3.767602e-09   3.913081e-03   54
  2.943349e-01   2.222884e-02   3.725765e-04   1.508844e-03   240
  2.966593e-01   2.331630e-02   3.567449e-04   2.023215e-03   228
  2.976695e-01   2.371552e-02   3.996146e-09   3.145495e-03   72
  2.986501e-01   2.514947e-02   3.460513e-04   1.994050e-03   144
  2.998717e-01   2.385336e-02   0.000000e+00   2.347603e-03   96
  3.006022e-01   2.269917e-02   4.795375e-09   1.663298e-03   240
  3.020580e-01   1.625237e-02   4.238553e-09   2.645802e-03   24
  3.029899e-01   2.406846e-02   3.268428e-04   1.407786e-03   336
  3.042285e-01   1.681203e-02   0.000000e+00   1.948707e-03   72
  3.053590e-01   2.778317e-02   3.555020e-04   2.195569e-03   168
  3.063836e-01   2.142105e-02   0.000000e+00   2.437667e-03   72
  3.078120e-01   3.281364e-02   0.000000e+00   3.452811e-03   96
  3.089181e-01   2.066038e-02   3.528351e-04   1.524862e-03   216
  3.099422e-01   1.792462e-02   4.238553e-09   1.457408e-03   96
  3.113542e-01   2.270136e-02   0.000000e+00   1.582929e-03   192
  3.120578e-01   2.292335e-02   3.996146e-09   1.761743e-03   144
  3.134604e-01   1.784532e-02   0.000000e+00   2.148507e-03   48
  3.144314e-01   2.447296e-02   3.401745e-04   1.908007e-03   246
  3.157508e-01   2.994202e-02   3.136463e-04   2.571028e-03   168
  3.169395e-01   2.475934e-02   5.873111e-09   3.409823e-03   120
  3.176307e-01   2.080555e-02   0.000000e+00   1.660380e-03   240
  3.190088e-01   1.825093e-02   4.238553e-09   4.195246e-03   24
  3.201067e-01   2.294531e-02   3.357307e-04   1.414260e-03   360
  3.214741e-01   2.904614e-02   3.343020e-04   2.592412e-03   120
  3.224280e-01   2.495512e-02   0.000000e+00   2.212964e-03   144
  3.231075e-01   3.074082e-02   0.000000e+00   2.805065e-03   96
  3.251376e-01   2.468131e-02   0.000000e+00   1.917148e-03   144
  3.258114e-01   3.031387e-02   0.000000e+00   2.912509e-03   132
  3.267584e-01   2.177414e-02   3.299511e-04   1.705770e-03   176
  3.281332e-01   2.376379e-02   3.331842e-04   1.448027e-03   312
  3.298257e-01   2.802614e-02   0.000000e+00   4.016992e-03   96
  3.304900e-01   1.933910e-02   0.000000e+00   1.841182e-03   144
  3.315092e-01   2.425228e-02   3.298422e-04   1.634956e-03   312
  3.331339e-01   2.405623e-02   0.000000e+00   2.860666e-03   48
  3.337917e-01   2.162624e-02   4.238553e-09   1.646767e-03   192
  3.351032e-01   1.378736e-02   0.000000e+00   4.383356e-03   6
  3.359746e-01   2.126828e-02   3.076337e-04   1.274467e-03   288
  3.373860e-01   2.297771e-02   3.250350e-04   1.917438e-03   192
  3.383599e-01   2.117319e-02   7.535204e-09   1.533146e-03   216
  3.390075e-01   2.509483e-02   0.000000e+00   3.806736e-03   72
  3.406209e-01   2.473931e-02   3.219482e-04   2.472791e-03   192
  3.416924e-01   2.739249e-02   2.390639e-04   1.992871e-03   288
  3.428673e-01   2.080532e-02   0.000000e+00   4.560518e-03   24
  3.437749e-01   2.414086e-02   3.149468e-04   1.413406e-03   456
  3.454165e-01   2.013358e-02   0.000000e+00   3.803769e-03   48
  3.464308e-01   2.466123e-02   3.102100e-04   1.864966e-03   240
  3.475965e-01   2.866090e-02   3.135021e-04   2.104509e-03   216
  3.485768e-01   2.184708e-02   0.000000e+00   2.774445e-03   72
  3.492054e-01   1.920638e-02   1.083165e-08   1.751931e-03   168
  3.509804e-01   2.373704e-02   2.330216e-04   1.664975e-03   288
  3.519758e-01   2.556641e-02   3.083274e-04   2.063706e-03   168
  3.535746e-01   2.642429e-02   0.000000e+00   2.372730e-03   192
  3.541944e-01   1.950974e-02   3.996146e-09   1.444193e-03   144
  3.554306e-01   3.443163e-02   0.000000e+00   4.571131e-03   36
  3.564791e-01   1.936451e-02   2.815685e-04   1.145630e-03   342
  3.574815e-01   2.244421e-02   2.891367e-04   2.459451e-03   144
  3.587701e-01   2.439446e-02   3.032320e-04   1.672104e-03   384
  3.603334e-01   2.844261e-02   8.305833e-09   3.040323e-03   120
  3.611071e-01   2.762360e-02   2.703947e-04   1.738637e-03   264
  3.621548e-01   2.302188e-02   1.340348e-08   1.903820e-03   192
  3.631414e-01   2.204889e-02   2.914020e-04   1.965561e-03   152
  3.639671e-01   2.292208e-02   3.996146e-09   2.432886e-03   144
  3.657037e-01   1.693688e-02   1.885982e-04   1.339883e-03   216
  3.665075e-01   2.680463e-02   2.520176e-04   1.729214e-03   312
  3.679226e-01   2.233170e-02   2.920833e-04   1.505934e-03   240
  3.687563e-01   2.346975e-02   4.238553e-09   2.260013e-03   96
  3.703389e-01   1.778394e-02   2.792528e-04   1.566718e-03   144
  3.713142e-01   2.324221e-02   2.744809e-04   1.292634e-03   456
  3.728964e-01   1.568692e-02   0.000000e+00   1.201185e-03   120
  3.734841e-01   2.077778e-02   0.000000e+00   2.160279e-03   144
  3.746568e-01   1.821126e-02   0.000000e+00   2.627160e-03   24
  3.754086e-01   2.123051e-02   2.638397e-04   1.212291e-03   336
  3.767088e-01   2.183432e-02   2.909793e-04   1.814259e-03   198
  3.779272e-01   2.537944e-02   2.829607e-04   1.818348e-03   432
  3.793111e-01   3.524143e-02   0.000000e+00   4.626644e-03   48
  3.800331e-01   2.923142e-02   2.498053e-04   1.809841e-03   384
  3.813294e-01   2.349641e-02   2.875789e-04   2.442918e-03   144
  3.825040e-01   3.357317e-02   2.855280e-04   3.014721e-03   264
  3.839090e-01   2.122414e-02   4.238553e-09   2.190043e-03   48
  3.848516e-01   2.245749e-02   2.714905e-04   1.627889e-03   276
  3.857611e-01   2.365200e-02   2.460988e-04   2.282668e-03   192
  3.869766e-01   2.233900e-02   2.765609e-04   1.085302e-03   552
  3.884524e-01   1.607511e-02   4.795375e-09   2.032804e-03   120
  3.893296e-01   1.909075e-02   2.799479e-04   1.482172e-03   216
  3.901426e-01   1.993624e-02   6.781684e-09   1.689427e-03   120
  3.915948e-01   2.645687e-02   2.756800e-04   1.496926e-03   408
  3.929434e-01   9.864275e-03   5.994218e-09   1.301737e-03   24
  3.937796e-01   2.225697e-02   2.784864e-04   1.639409e-03   384
  3.949475e-01   1.800648e-02   2.720912e-04   1.161694e-03   240
  3.959617e-01   2.201722e-02   2.740837e-04   1.612545e-03   168
  3.973835e-01   1.535237e-02   0.000000e+00   1.659509e-03   120
  3.983001e-01   2.477640e-02   2.857179e-04   1.708944e-03   350
  3.997906e-01   2.617932e-02   4.703469e-04   1.835391e-03   384
  4.006814e-01   3.078845e-02   0.000000e+00   3.858618e-03   144
  4.023202e-01   2.099935e-02   0.000000e+00   1.687059e-03   288
  4.031758e-01   2.262726e-02   2.692323e-04   1.654792e-03   336
  4.043399e-01   2.020571e-02   2.451137e-04   1.831436e-03   168
  4.050367e-01   2.652881e-02   1.083165e-08   2.167496e-03   336
  4.064781e-01   1.885480e-02   2.544134e-04   1.209135e-03   288
  4.073437e-01   2.227131e-02   2.397224e-04   1.529300e-03   264
  4.088096e-01   2.134451e-02   0.000000e+00   1.650135e-03   240
  4.093458e-01   2.057703e-02   5.994218e-09   2.032837e-03   96
  4.112700e-01   2.441481e-02   3.260064e-04   1.723521e-03   360
  4.121680e-01   2.207793e-02   2.403227e-04   2.692468e-03   168
  4.133027e-01   2.185896e-02   2.619767e-04   1.219512e-03   456
  4.146691e-01   1.928616e-02   5.328194e-09   1.927150e-03   108
  4.154376e-01   1.569861e-02   2.628599e-04   1.012827e-03   264
  4.163964e-01   2.029706e-02   2.345138e-04   1.869973e-03   264
  4.177093e-01   2.306825e-02   2.212980e-04   1.318598e-03   312
  4.193442e-01   2.332872e-02   1.644485e-04   2.120058e-03   270
  4.200293e-01   2.497822e-02   2.087881e-04   2.409650e-03   240
  4.212611e-01   2.528967e-02   2.582972e-04   1.942036e-03   384
  4.220089e-01   1.907462e-02   5.994218e-09   1.460598e-03   192
  4.234616e-01   2.590846e-02   2.072491e-04   2.481398e-03   240
  4.243042e-01   2.601862e-02   2.557789e-04   1.850090e-03   336
  4.258889e-01   2.311824e-02   2.574903e-04   1.190829e-03   480
  4.271745e-01   2.460460e-02   9.788518e-09   2.934458e-03   72
  4.278926e-01   2.569613e-02   2.510765e-04   2.672145e-03   240
  4.288693e-01   1.977949e-02   2.359775e-04   1.212885e-03   312
  4.299890e-01   1.838301e-02   2.550351e-04   1.344143e-03   240
  4.316809e-01   2.248261e-02   1.937606e-04   1.514096e-03   408
  4.323507e-01   2.022551e-02   1.774381e-04   1.380767e-03   336
  4.336597e-01   2.190335e-02   2.253026e-04   1.846121e-03   264
  4.343030e-01   1.743501e-02   0.000000e+00   1.596263e-03   144
  4.360928e-01   2.129560e-02   3.122828e-04   1.425605e-03   464
  4.370358e-01   1.653931e-02   2.483289e-04   1.341607e-03   168
  4.379668e-01   2.172996e-02   2.261734e-04   1.733082e-03   336
  4.396494e-01   2.098146e-02   2.376394e-04   1.591761e-03   414
  4.405979e-01   3.380002e-02   2.473686e-04   3.403122e-03   216
  4.418131e-01   4.002940e-02   5.994218e-09   4.963157e-03   96
  4.423093e-01   2.123374e-02   1.340348e-08   1.777605e-03   384
  4.440474e-01   2.271324e-02   2.468906e-04   1.378463e-03   492
  4.449788e-01   2.349391e-02   2.414379e-04   1.767060e-03   240
  4.460316e-01   2.051588e-02   2.451440e-04   1.331974e-03   312
  4.474855e-01   1.426925e-02   2.450633e-04   1.127493e-03   192
  4.484064e-01   2.238304e-02   2.374960e-04   1.481508e-03   504
  4.496283e-01   2.318792e-02   1.572264e-04   1.857123e-03   408
  4.505903e-01   1.952452e-02   4.816826e-04   1.644904e-03   168
  4.517942e-01   2.514278e-02   2.288035e-04   1.832062e-03   288
  4.528044e-01   1.909176e-02   2.387760e-04   1.472430e-03   288
  4.538392e-01   1.715244e-02   2.401504e-04   1.019911e-03   432
  4.553403e-01   2.296978e-02   2.271023e-04   1.821347e-03   216
  4.561423e-01   2.002425e-02   2.266232e-04   1.356675e-03   360
  4.575702e-01   2.271523e-02   2.211821e-04   1.589090e-03   312
  4.588590e-01   3.120165e-02   0.000000e+00   5.640027e-03   48
  4.596018e-01   1.934971e-02   2.371390e-04   1.218297e-03   432
  4.609323e-01   1.832577e-02   3.955503e-04   1.230801e-03   414
  4.617179e-01   2.124743e-02   0.000000e+00   1.766592e-03   312
  4.631837e-01   2.386761e-02   3.470734e-04   1.758389e-03   528
  4.641728e-01   2.486465e-02   1.821841e-04   2.681089e-03   264
  4.653612e-01   2.297507e-02   2.160204e-04   1.835806e-03   480
  4.669139e-01   2.219142e-02   0.000000e+00   1.737233e-03   288
  4.675844e-01   2.096672e-02   2.321072e-04   2.223188e-03   168
  4.688112e-01   2.484003e-02   3.674251e-04   1.475384e-03   504
  4.701905e-01   3.424904e-02   5.651403e-09   3.764691e-03   144
  4.710583e-01   1.648708e-02   2.359750e-04   9.912801e-04   464
  4.723622e-01   1.767871e-02   3.463066e-04   1.174842e-03   432
  4.729810e-01   2.428807e-02   0.000000e+00   2.363472e-03   192
  4.745801e-01   1.690731e-02   2.567288e-04   1.089145e-03   396
  4.755245e-01   1.807482e-02   2.306133e-04   1.226444e-03   288
  4.764789e-01   1.807713e-02   2.278065e-04   1.367437e-03   336
  4.780036e-01   1.877750e-02   1.442516e-04   1.320632e-03   432
  4.789711e-01   2.098398e-02   3.738801e-04   1.593494e-03   360
  4.800575e-01   1.892608e-02   2.211556e-04   1.054186e-03   384
  4.816004e-01   1.721999e-02   1.952123e-04   1.494180e-03   198
  4.823439e-01   2.037091e-02   2.218929e-04   1.380943e-03   552
  4.837301e-01   2.465226e-02   3.106349e-04   2.465875e-03   432
  4.848875e-01   2.036982e-02   6.850535e-09   1.928022e-03   168
  4.858589e-01   2.657428e-02   3.850736e-04   2.003173e-03   480
  4.871439e-01   1.508317e-02   6.781684e-09   1.613659e-03   120
  4.877223e-01   2.218610e-02   3.145115e-04   1.866893e-03   336
  4.891336e-01   1.995766e-02   2.218829e-04   1.203408e-03   672
  4.905292e-01   2.320943e-02   3.227590e-04   1.320476e-03   528
  4.911792e-01   1.427566e-02   0.000000e+00   1.160897e-03   168
  4.926809e-01   2.248027e-02   3.600355e-04   1.560189e-03   456
  4.935972e-01   2.762078e-02   2.198767e-04   4.538124e-03   168
  4.945484e-01   2.058328e-02   2.194819e-04   1.372330e-03   504
  4.961297e-01   1.590577e-02   2.824396e-04   1.439610e-03   336
  4.970859e-01   2.234071e-02   2.036055e-04   1.663296e-03   312
  4.981466e-01   2.043394e-02   1.989364e-04   1.487495e-03   504
  4.995424e-01   1.793876e-02   1.380276e-04   1.041348e-03   432
  5.001986e-01   1.544532e-02   2.132983e-04   9.354068e-04   312
  5.015628e-01   1.654458e-02   2.186412e-04   1.026510e-03   384
  5.029871e-01   2.681715e-02   1.857611e-04   4.833075e-03   126
  5.038665e-01   2.132928e-02   3.261522e-04   1.529996e-03   492
  5.049897e-01   2.318242e-02   2.089008e-04   1.638906e-03   528
  5.063933e-01   1.862395e-02   2.121984e-04   1.268086e-03   480
  5.072636e-01   2.505644e-02   2.931509e-04   1.982231e-03   432
  5.085229e-01   2.310444e-02   2.305243e-04   1.760480e-03   440
  5.099854e-01   2.408980e-02   1.146388e-04   1.974684e-03   312
  5.105343e-01   2.060753e-02   1.717959e-04   2.005395e-03   480
  5.116600e-01   2.120831e-02   3.363730e-04   1.859799e-03   408
  5.133048e-01   2.514537e-02   2.014494e-04   1.876013e-03   360
  5.139997e-01   1.971711e-02   1.943913e-04   1.564104e-03   408
  5.152875e-01   1.541449e-02   1.978178e-04   1.163695e-03   456
  5.167375e-01   2.076869e-02   1.890651e-04   1.488118e-03   264
  5.175423e-01   1.929433e-02   2.051830e-04   1.550103e-03   384
  5.187139e-01   1.857875e-02   3.454401e-04   1.115230e-03   672
  5.200682e-01   2.404734e-02   2.066178e-04   2.612297e-03   240
  5.208498e-01   1.553940e-02   2.096654e-04   9.994245e-04   264
  5.219528e-01   1.283020e-02   2.585876e-04   7.575184e-04   624
  5.235988e-01   1.480821e-02   0.000000e+00   2.423220e-03   150
  5.241848e-01   2.506000e-02   2.897679e-04   1.706071e-03   600
  5.254207e-01   1.960711e-02   1.999903e-04   1.211774e-03   672
  5.268202e-01   1.821312e-02   1.881050e-04   1.907680e-03   336
  5.275998e-01   2.661202e-02   2.046034e-04   2.213123e-03   408
  5.288454e-01   2.162199e-02   2.041215e-04   2.097929e-03   408
  5.302309e-01   1.846053e-02   1.032148e-04   1.300662e-03   360
  5.310849e-01   2.306912e-02   3.789714e-04   1.857879e-03   456
  5.321165e-01   1.856281e-02   2.060870e-04   1.515163e-03   384
  5.334296e-01   1.428891e-02   1.902444e-04   9.691545e-04   348
  5.341391e-01   2.275651e-02   2.345337e-04   1.602027e-03   576
  5.354720e-01   1.635420e-02   1.931077e-04   1.043039e-03   504
  5.368355e-01   1.786724e-02   2.723672e-04   1.378625e-03   432
  5.380257e-01   1.574701e-02   3.705542e-04   8.814821e-04   576
  5.388745e-01   1.760506e-02   8.718863e-09   2.020774e-03   264
  5.402209e-01   1.732053e-02   2.948686e-04   8.976440e-04   768
  5.413919e-01   1.097141e-02   3.969869e-04   7.914688e-04   240
  5.423229e-01   1.726474e-02   3.501048e-04   2.328721e-03   192
  5.436789e-01   1.420603e-02   2.577199e-04   7.669978e-04   504
  5.446846e-01   2.046495e-02   3.472873e-04   1.803405e-03   590
  5.456491e-01   2.240051e-02   3.891164e-04   2.137578e-03   384
  5.468584e-01   1.805418e-02   3.251867e-04   1.419662e-03   504
  5.483186e-01   2.447347e-02   3.129419e-04   1.763142e-03   648
  5.497348e-01   1.733110e-02   8.499089e-05   1.525041e-03   504
  5.503059e-01   1.645407e-02   1.938802e-04   1.305697e-03   312
  5.513141e-01   2.193301e-02   2.793337e-04   1.556354e-03   576
  5.526981e-01   2.420775e-02   1.943899e-04   2.909429e-03   240
  5.535050e-01   1.530380e-02   1.964216e-04   9.199431e-04   552
  5.546470e-01   2.215159e-02   1.844354e-04   1.825670e-03   600
  5.562738e-01   1.828856e-02   2.252732e-04   1.280763e-03   600
  5.572519e-01   1.561898e-02   3.607573e-04   1.217111e-03   312
  5.582259e-01   2.127345e-02   3.141839e-04   1.580091e-03   480
  5.594427e-01   1.667958e-02   1.960206e-04   1.328356e-03   576
  5.605139e-01   2.383196e-02   3.156357e-04   2.084145e-03   408
  5.614645e-01   7.582650e-03   3.682036e-04   5.105753e-04   216
  5.626926e-01   1.553683e-02   2.820025e-04   1.129175e-03   516
  5.640083e-01   1.687204e-02   2.690591e-04   9.591864e-04   744
  5.653657e-01   1.808323e-02   1.797077e-04   1.313648e-03   462
  5.661327e-01   1.962999e-02   1.826469e-04   2.068020e-03   432
  5.673224e-01   2.244617e-02   1.694450e-04   1.542891e-03   648
  5.687212e-01   2.117660e-02   2.479296e-04   2.006603e-03   528
  5.698448e-01   1.797257e-02   2.985691e-04   1.246743e-03   600
  5.709675e-01   3.238029e-02   3.764176e-04   4.833708e-03   240
  5.720549e-01   1.820246e-02   2.883323e-04   1.297660e-03   720
  5.733187e-01   1.836714e-02   2.281230e-04   1.239761e-03   720
  5.747197e-01   6.934628e-03   0.000000e+00   5.900628e-04   144
  5.754570e-01   1.851930e-02   2.941188e-04   1.123700e-03   720
  5.765058e-01   2.071644e-02   1.763594e-04   1.558825e-03   384
  5.778188e-01   1.557812e-02   1.955038e-04   9.066158e-04   672
  5.790646e-01   2.331992e-02   3.423056e-04   2.320241e-03   336
  5.796596e-01   2.210607e-02   7.992291e-09   2.356697e-03   288
  5.811165e-01   1.484674e-02   2.709120e-04   8.926695e-04   776
  5.824653e-01   1.464515e-02   2.318063e-04   8.574888e-04   720
  5.835980e-01   1.297383e-02   1.867370e-04   9.111304e-04   432
  5.845040e-01   2.047070e-02   2.662171e-04   2.074216e-03   504
  5.855119e-01   1.419511e-02   1.865229e-04   8.796769e-04   528
  5.869222e-01   1.869562e-02   2.541266e-04   1.881404e-03   438
  5.880825e-01   2.140399e-02   2.957801e-04   1.923728e-03   624
  5.889568e-01   2.218268e-02   3.622906e-04   2.301808e-03   312
  5.901587e-01   2.414644e-02   1.951931e-04   1.502706e-03   696
  5.914016e-01   1.897443e-02   1.766144e-04   1.769080e-03   552
  5.926943e-01   1.867025e-02   1.366406e-04   1.667982e-03   516
  5.934940e-01   2.244162e-02   2.729293e-04   1.905778e-03   528
  5.944675e-01   9.457491e-03   1.774934e-04   5.386750e-04   528
  5.958504e-01   1.890908e-02   2.340778e-04   1.308250e-03   864
  5.967890e-01   1.837610e-02   3.206384e-04   1.711478e-03   408
  5.977287e-01   2.493858e-02   3.176732e-04   2.006885e-03   192
  5.990604e-01   1.419957e-02   2.628898e-04   9.805698e-04   720
  6.001846e-01   1.412390e-02   2.423973e-04   9.312708e-04   696
  6.015205e-01   1.641328e-02   2.617914e-04   1.000307e-03   720
  6.027427e-01   1.552368e-02   3.548268e-04   1.202548e-03   432
  6.034554e-01   1.125333e-02   2.088649e-04   9.950826e-04   264
  6.047379e-01   1.548470e-02   2.884332e-04   9.459886e-04   672
  6.058849e-01   1.649329e-02   2.953113e-04   1.070833e-03   600
  6.072461e-01   9.881970e-03   1.729045e-04   1.358195e-03   270
  6.079323e-01   1.893825e-02   2.602694e-04   1.835661e-03   528
  6.090231e-01   1.986017e-02   1.782233e-04   1.285691e-03   840
  6.105187e-01   2.271150e-02   3.407949e-04   1.492100e-03   888
  6.119006e-01   1.517227e-02   2.539173e-04   1.047941e-03   744
  6.130685e-01   1.827802e-02   1.304764e-04   1.394191e-03   456
  6.136494e-01   2.761997e-02   1.783041e-04   2.081340e-03   360
  6.146434e-01   1.646776e-02   1.544904e-04   2.028130e-03   384
  6.161685e-01   1.646522e-02   2.478012e-04   9.117345e-04   816
  6.173129e-01   1.745664e-02   3.595249e-04   1.064476e-03   824
  6.187038e-01   1.537915e-02   1.671243e-04   1.593273e-03   360
  6.194487e-01   1.831556e-02   2.466127e-04   1.128115e-03   624
  6.204737e-01   1.919566e-02   1.666475e-04   1.876479e-03   360
  6.218393e-01   1.569376e-02   2.266896e-04   1.066337e-03   876
  6.230726e-01   1.426351e-02   2.692394e-04   9.787760e-04   696
  6.243164e-01   1.111863e-02   1.738571e-04   9.713880e-04   336
  6.249685e-01   1.971167e-02   1.736618e-04   1.925895e-03   504
  6.260455e-01   1.528996e-02   1.751666e-04   1.326696e-03   672
  6.276432e-01   1.200137e-02   3.487160e-04   7.653486e-04   720
  6.287513e-01   1.674171e-02   2.634177e-04   1.304314e-03   774
  6.299744e-01   3.055690e-02   1.507735e-04   3.581990e-03   384
  6.306149e-01   2.273680e-02   2.901529e-04   2.082061e-03   528
  6.316091e-01   1.872718e-02   2.765319e-04   1.361550e-03   744
  6.332082e-01   2.119664e-02   2.280801e-04   1.471174e-03   768
  6.342699e-01   1.971288e-02   2.560371e-04   1.908607e-03   552
  6.355947e-01   1.458464e-02   2.790515e-04   1.016457e-03   696
  6.365801e-01   2.264894e-02   3.390961e-04   2.110944e-03   408
  6.373624e-01   1.969785e-02   1.464922e-04   1.547714e-03   504
  6.386025e-01   1.510531e-02   2.631678e-04   1.038812e-03   888
  6.398228e-01   1.512824e-02   2.735074e-04   1.324713e-03   648
  6.410912e-01   1.493257e-02   2.711630e-04   1.177991e-03   648
  6.422845e-01   1.505340e-02   2.923802e-04   1.078186e-03   792
  6.435486e-01   1.296298e-02   4.277722e-04   1.020388e-03   600
  6.444800e-01   9.540803e-03   2.899046e-04   6.095162e-04   456
  6.454604e-01   1.550056e-02   1.412871e-04   1.167724e-03   648
  6.467196e-01   1.260188e-02   2.755305e-04   7.546187e-04   936
  6.480791e-01   1.907470e-02   1.692113e-04   1.399856e-03   384
  6.492625e-01   1.599721e-03   0.000000e+00   1.416709e-04   198
  6.501758e-01   1.729966e-03   4.293034e-04   6.356020e-05   1224
  6.511610e-01   1.787813e-03   3.126651e-04   1.120876e-04   420
  6.523261e-01   1.568184e-03   3.025944e-04   7.304232e-05   792
  6.534654e-01   1.570495e-03   2.502197e-04   7.263222e-05   680
  6.547656e-01   1.600027e-03   2.297635e-04   9.168745e-05   600
  6.558117e-01   1.614403e-03   3.332201e-04   7.057358e-05   840
  6.572086e-01   1.561864e-03   1.573311e-04   1.086985e-04   432
  6.577423e-01   1.590711e-03   1.474399e-04   7.077349e-05   720
  6.589028e-01   1.547741e-03   2.952964e-04   5.658333e-05   960
  6.603461e-01   1.763778e-03   2.632351e-04   9.082496e-05   528
  6.614009e-01   1.469414e-03   2.690765e-04   7.661458e-05   624
  6.626564e-01   1.605774e-03   2.114923e-04   6.847094e-05   816
  6.639025e-01   1.366723e-03   3.478036e-04   6.437898e-05   696
  6.652796e-01   1.611005e-03   9.590750e-09   1.315587e-04   240
  6.657974e-01   1.659141e-03   2.051081e-04   7.860383e-05   672
  6.669532e-01   1.419001e-03   3.665574e-04   6.379898e-05   864
  6.682496e-01   1.411589e-03   2.812733e-04   5.617328e-05   816
  6.694181e-01   1.369918e-03   1.609912e-04   6.112619e-05   648
  6.706767e-01   1.505589e-03   1.645623e-04   5.642089e-05   843
  6.717452e-01   1.389004e-03   2.960880e-04   6.765193e-05   780
  6.730185e-01   1.265507e-03   1.588753e-04   9.093827e-05   216
  6.738038e-01   1.337429e-03   3.831105e-04   4.671144e-05   1056
  6.750118e-01   1.439986e-03   3.134274e-04   1.014741e-04   228
  6.761301e-01   1.502723e-03   3.902249e-04   6.089635e-05   924
  6.772783e-01   1.534227e-03   1.447516e-04   6.807269e-05   696
  6.784941e-01   1.362599e-03   2.576163e-04   5.419111e-05   996
  6.797379e-01   1.256112e-03   1.520916e-04   6.274808e-05   576
  6.810320e-01   1.407052e-03   2.347432e-04   7.851319e-05   552
  6.819753e-01   1.524901e-03   2.802752e-04   8.265337e-05   516
  6.829327e-01   1.496388e-03   4.075783e-04   7.115485e-05   744
  6.840265e-01   1.345291e-03   1.999414e-04   6.646457e-05   576
  6.849781e-01   1.254131e-03   2.057904e-04   5.518669e-05   792
  6.863303e-01   1.435131e-03   2.352566e-04   6.423490e-05   792
  6.873212e-01   1.320373e-03   2.537217e-04   6.256184e-05   720
  6.886614e-01   1.257954e-03   2.891844e-04   5.524277e-05   656
  6.899172e-01   1.259854e-03   3.157744e-04   5.587480e-05   816
  6.912045e-01   1.289432e-03   1.702602e-04   7.344744e-05   492
  6.919363e-01   1.423888e-03   2.449314e-04   7.223879e-05   552
  6.933096e-01   1.215757e-03   4.259058e-04   6.406435e-05   780
  6.942015e-01   1.294826e-03   2.616289e-04   8.456622e-05   528
  6.951624e-01   1.155744e-03   3.054005e-04   6.177956e-05   600
  6.965787e-01   1.360313e-03   2.538120e-04   5.303884e-05   900
  6.975549e-01   1.207408e-03   1.405147e-04   6.239389e-05   696
  6.988979e-01   1.264157e-03   3.552967e-04   6.384514e-05   696
  7.001972e-01   1.189075e-03   1.441405e-04   5.371535e-05   552
  7.012898e-01   9.901963e-04   1.676221e-04   4.884411e-05   708
  7.024344e-01   1.270250e-03   2.767536e-04   5.614381e-05   876
  7.036253e-01   1.132265e-03   1.469507e-04   7.581499e-05   216
  7.044246e-01   1.220990e-03   4.019301e-04   4.793733e-05   1032
  7.056214e-01   1.165569e-03   4.475047e-04   6.301927e-05   600
  7.068637e-01   9.576930e-04   2.135326e-04   4.449847e-05   600
  7.078114e-01   1.208876e-03   3.770786e-04   6.764457e-05   528
  7.089316e-01   1.176974e-03   2.069996e-04   6.286738e-05   732
  7.101116e-01   1.266005e-03   1.528505e-04   9.747733e-05   336
  7.114699e-01   1.137109e-03   2.178422e-04   4.564226e-05   912
  7.124851e-01   1.084515e-03   2.186476e-04   5.180641e-05   624
  7.135942e-01   1.056365e-03   1.842497e-04   4.977139e-05   768
  7.148888e-01   1.238779e-03   3.324228e-04   5.378190e-05   792
  7.161595e-01   1.133657e-03   1.648015e-04   6.005431e-05   660
  7.170636e-01   1.029364e-03   2.428615e-04   5.567485e-05   504
  7.179987e-01   1.065653e-03   3.967892e-04   6.632275e-05   480
  7.194001e-01   8.683473e-04   3.669783e-04   3.471302e-05   912
  7.204975e-01   1.180727e-03   4.086872e-04   7.093121e-05   432
  7.215338e-01   1.061305e-03   2.426689e-04   5.843590e-05   564
  7.224540e-01   1.029953e-03   2.322675e-04   5.313736e-05   600
  7.237493e-01   1.216621e-03   3.237589e-04   5.379423e-05   876
  7.247223e-01   1.107172e-03   1.455718e-04   7.713431e-05   264
  7.260636e-01   1.093560e-03   2.824665e-04   6.098202e-05   560
  7.271417e-01   1.026923e-03   1.919421e-04   3.865824e-05   840
  7.284504e-01   9.720860e-04   2.959193e-04   4.277289e-05   1008
  7.296606e-01   9.287564e-04   1.323744e-04   4.873735e-05   456
  7.307658e-01   1.142600e-03   1.714724e-04   5.953406e-05   576
  7.317876e-01   1.190568e-03   2.634856e-04   7.511005e-05   612
  7.331349e-01   9.988262e-04   2.353354e-04   5.183987e-05   780
  7.342341e-01   1.047084e-03   2.696836e-04   4.784518e-05   648
  7.353591e-01   1.051346e-03   1.256760e-04   7.522367e-05   312
  7.360783e-01   9.261093e-04   3.193221e-04   5.193878e-05   528
  7.373241e-01   8.563223e-04   4.170188e-04   3.784443e-05   720
  7.385155e-01   9.892656e-04   4.183247e-04   6.010054e-05   576
  7.399599e-01   9.295027e-04   3.608590e-04   5.306298e-05   444
  7.408586e-01   9.710769e-04   3.538864e-04   3.522517e-05   996
  7.419599e-01   8.783099e-04   2.956016e-04   4.971972e-05   432
  7.430008e-01   1.054933e-03   3.236256e-04   6.269031e-05   504
  7.438999e-01   8.667218e-04   1.459075e-04   4.528776e-05   504
  7.451803e-01   1.056134e-03   2.871477e-04   4.682111e-05   876
  7.463388e-01   8.641783e-04   3.304796e-04   4.700633e-05   504
  7.475452e-01   8.072172e-04   2.107626e-04   4.236349e-05   696
  7.485421e-01   9.696732e-04   1.801799e-04   4.904356e-05   492
  7.498987e-01   8.717131e-04   2.579363e-04   5.168024e-05   432
  7.509034e-01   9.946913e-04   2.415290e-04   4.411026e-05   768
  7.520944e-01   8.939195e-04   3.008569e-04   4.453560e-05   648
  7.532317e-01   7.746708e-04   1.962768e-04   4.139638e-05   456
  7.545385e-01   7.582715e-04   2.699125e-04   3.583488e-05   552
  7.554460e-01   8.150385e-04   1.849982e-04   3.956211e-05   648
  7.566950e-01   8.037616e-04   3.015367e-04   2.934125e-05   840
  7.579151e-01   8.994905e-04   1.437965e-04   5.395733e-05   432
  7.591366e-01   8.448416e-04   1.761262e-04   4.814629e-05   600
  7.599862e-01   8.908534e-04   1.876509e-04   5.251882e-05   432
  7.614131e-01   8.797847e-04   1.868247e-04   4.464099e-05   560
  7.623795e-01   8.180035e-04   2.957239e-04   3.823263e-05   840
  7.635896e-01   9.578292e-04   1.751616e-04   5.845467e-05   504
  7.645506e-01   7.994035e-04   3.574943e-04   4.361133e-05   696
  7.659053e-01   9.464820e-04   1.952507e-04   6.339760e-05   384
  7.669605e-01   6.793335e-04   2.860193e-04   3.420737e-05   576
  7.682367e-01   7.635870e-04   1.765168e-04   5.156496e-05   360
  7.692654e-01   7.560780e-04   2.628763e-04   3.264492e-05   828
  7.703752e-01   7.470476e-04   2.341402e-04   4.326476e-05   372
  7.713920e-01   7.391676e-04   3.575770e-04   3.423428e-05   576
  7.727390e-01   8.186423e-04   1.497528e-04   3.912515e-05   636
  7.736987e-01   7.650334e-04   2.886848e-04   3.862881e-05   648
  7.749969e-01   7.574484e-04   2.346692e-04   3.583983e-05   576
  7.759289e-01   7.769815e-04   3.785461e-04   4.386038e-05   528
  7.771683e-01   7.420206e-04   1.618441e-04   4.617691e-05   360
  7.781942e-01   6.586599e-04   3.723021e-04   2.881031e-05   672
  7.795338e-01   8.052334e-04   1.906993e-04   3.562915e-05   804
  7.806488e-01   7.639852e-04   2.103641e-04   4.245676e-05   408
  7.818822e-01   7.708040e-04   1.300279e-04   4.598793e-05   384
  7.827127e-01   6.206687e-04   2.975538e-04   3.971435e-05   480
  7.838841e-01   6.675604e-04   1.922633e-04   3.900800e-05   432
  7.850075e-01   8.577725e-04   3.543003e-04   4.086429e-05   648
  7.863374e-01   7.376007e-04   2.198417e-04   3.486819e-05   624
  7.873102e-01   7.584732e-04   1.999645e-04   4.188275e-05   456
  7.886385e-01   6.301081e-04   2.731694e-04   3.279063e-05   588
  7.895286e-01   6.053132e-04   1.742809e-04   2.883053e-05   600
  7.908283e-01   6.848333e-04   2.718355e-04   2.927449e-05   708
  7.918549e-01   6.131894e-04   1.712511e-04   3.410589e-05   360
  7.929893e-01   7.407121e-04   1.968577e-04   3.962953e-05   552
  7.940768e-01   6.840214e-04   1.381003e-04   5.330909e-05   288
  7.951809e-01   5.919874e-04   2.596664e-04   3.169812e-05   528
  7.962181e-01   6.837581e-04   1.751829e-04   3.380978e-05   456
  7.973771e-01   6.771064e-04   3.106374e-04   3.559800e-05   608
  7.985427e-01   5.620633e-04   1.502898e-04   2.773545e-05   504
  7.998164e-01   5.174472e-04   3.226637e-04   2.982844e-05   540
  8.008151e-01   6.918990e-04   3.463704e-04   4.293889e-05   360
  8.018917e-01   7.079446e-04   1.568542e-04   3.687977e-05   540
  8.028439e-01   6.138671e-04   1.346780e-04   3.102829e-05   576
  8.042285e-01   6.597403e-04   3.122726e-04   3.372640e-05   588
  8.055450e-01   6.815690e-04   4.308419e-04   3.278772e-05   672
  8.066761e-01   7.073537e-04   3.292961e-04   3.370123e-05   552
  8.075877e-01   4.776426e-04   3.294626e-04   3.997644e-05   144
  8.087511e-01   6.622802e-04   2.799123e-04   3.467165e-05   600
  8.098542e-01   5.385571e-04   3.507912e-04   3.074255e-05   504
  8.110784e-01   5.893399e-04   3.603334e-04   4.578167e-05   336
  8.123661e-01   5.804259e-04   4.050163e-04   2.725219e-05   600
  8.135194e-01   5.751018e-04   2.613843e-04   3.401046e-05   636
  8.147641e-01   6.396285e-04   2.101554e-04   4.943809e-05   384
  8.156368e-01   5.820576e-04   2.931419e-04   3.654854e-05   504
  8.168946e-01   4.908842e-04   1.230275e-04   3.507915e-05   240
  8.178874e-01   5.872191e-04   2.890092e-04   2.393876e-05   744
  8.190784e-01   5.659952e-04   1.973493e-04   2.923484e-05   648
  8.201369e-01   7.791709e-04   1.310064e-04   6.608533e-05   120
  8.213775e-01   5.268644e-04   2.057940e-04   2.613360e-05   564
  8.223149e-01   6.533271e-04   3.232119e-04   3.657882e-05   432
  8.235661e-01   5.319531e-04   2.508763e-04   3.425047e-05   480
  8.245082e-01   4.431839e-04   1.846513e-04   2.654677e-05   456
  8.256202e-01   5.886537e-04   3.055706e-04   3.532551e-05   444
  8.268821e-01   5.339416e-04   4.675392e-04   3.274569e-05   528
  8.279907e-01   6.212392e-04   3.472317e-04   5.261468e-05   264
  8.290664e-01   5.111203e-04   3.558608e-04   2.987180e-05   444
  8.305136e-01   5.375879e-04   3.897932e-04   2.427035e-05   696
  8.317148e-01   6.069885e-04   2.084744e-04   3.766832e-05   384
  8.325934e-01   4.939969e-04   2.634249e-04   2.461533e-05   432
  8.339598e-01   6.527557e-04   1.820143e-04   3.868999e-05   488
  8.348470e-01   5.478096e-04   2.743182e-04   2.864296e-05   480
  8.361333e-01   5.029071e-04   3.059215e-04   2.926296e-05   480
  8.371295e-01   4.535748e-04   1.283553e-04   3.048537e-05   240
  8.382605e-01   5.264882e-04   2.998278e-04   2.929165e-05   600
  8.393273e-01   4.571868e-04   2.612693e-04   3.397562e-05   288
  8.404633e-01   5.189983e-04   2.513219e-04   3.163359e-05   480
  8.416137e-01   4.381401e-04   4.470568e-04   2.440008e-05   504
  8.427464e-01   4.927665e-04   1.918152e-04   3.863210e-05   216
  8.441910e-01   5.202458e-04   3.140320e-04   3.398021e-05   504
  8.453161e-01   4.409375e-04   2.525773e-04   2.722809e-05   456
  8.465476e-01   6.473008e-04   1.448574e-04   4.122066e-05   384
  8.473633e-01   6.390615e-04   2.940081e-04   3.685344e-05   480
  8.485224e-01   4.431476e-04   2.581721e-04   2.634766e-05   504
  8.495963e-01   4.804371e-04   1.637682e-04   3.071287e-05   312
  8.507536e-01   5.049640e-04   2.639069e-04   3.300507e-05   492
  8.517779e-01   6.045795e-04   2.473513e-04   4.470705e-05   312
  8.530964e-01   4.789745e-04   4.018026e-04   2.323858e-05   576
  8.542572e-01   5.572212e-04   3.708963e-04   3.791604e-05   336
  8.552213e-01   3.407835e-04   2.855730e-04   2.735015e-05   240
  8.565577e-01   4.899943e-04   3.785974e-04   2.718330e-05   468
  8.577117e-01   4.421113e-04   2.370567e-04   3.562310e-05   192
  8.589195e-01   4.146586e-04   2.377633e-04   3.198746e-05   324
  8.598047e-01   4.837609e-04   1.725647e-04   2.575601e-05   600
  8.610110e-01   4.363037e-04   2.799685e-04   2.625034e-05   456
  8.619069e-01   4.550697e-04   1.259298e-04   3.394124e-05   336
  8.633917e-01   5.128173e-04   3.770695e-04   2.869593e-05   612
  8.644719e-01   4.080144e-04   3.164532e-04   6.340557e-05   144
  8.654935e-01   5.383533e-04   3.693821e-04   2.795007e-05   552
  8.668827e-01   3.236896e-04   1.454672e-04   2.148538e-05   264
  8.676676e-01   4.453520e-04   3.367937e-04   3.717155e-05   336
  8.689058e-01   3.946928e-04   2.225417e-04   2.319525e-05   384
  8.699797e-01   4.073386e-04   1.252690e-04   3.528179e-05   216
  8.711683e-01   3.479818e-04   2.655962e-04   2.514740e-05   344
  8.722521e-01   3.809061e-04   3.962819e-04   2.402407e-05   408
  8.735729e-01   4.321826e-04   3.045168e-04   4.158701e-05   264
  8.747433e-01   3.977934e-04   4.245115e-04   2.242826e-05   612
  8.759127e-01   5.474343e-04   2.184861e-04   3.556310e-05   408
  8.771153e-01   3.871927e-04   2.188001e-04   3.140800e-05   444
  8.779988e-01   6.850745e-04   1.223733e-04   5.997299e-05   120
  8.791827e-01   4.479157e-04   3.380949e-04   3.510130e-05   336
  8.800614e-01   3.639882e-04   1.174866e-04   2.433289e-05   288
  8.812488e-01   4.204540e-04   3.656205e-04   2.295538e-05   552
  8.828813e-01   4.645853e-04   1.957704e-08   7.208375e-05   72
  8.837207e-01   3.837369e-04   3.631543e-04   2.127774e-05   504
  8.847012e-01   2.516693e-04   1.168595e-04   2.394042e-05   216
  8.859716e-01   3.270805e-04   2.086446e-04   2.390130e-05   312
  8.871120e-01   2.986818e-04   2.375747e-04   2.212178e-05   336
  8.881989e-01   2.781529e-04   3.293052e-04   2.786201e-05   204
  8.892814e-01   5.633865e-04   3.827027e-04   4.262535e-05   504
  8.904295e-01   4.585972e-04   3.644429e-04   3.013546e-05   396
  8.915335e-01   4.300967e-04   3.342132e-04   3.736888e-05   312
  8.928719e-01   6.273409e-04   2.042400e-04   6.452742e-05   216
  8.938150e-01   4.441441e-04   1.108450e-04   4.519984e-05   168
  8.949610e-01   3.976716e-04   2.798897e-04   2.393370e-05   588
  8.962689e-01   2.842387e-04   3.799175e-04   2.572407e-05   240
  8.972850e-01   2.496144e-04   3.355308e-04   1.975448e-05   264
  8.984767e-01   3.780631e-04   4.149529e-04   3.197711e-05   288
  8.995339e-01   3.551654e-04   2.072102e-04   2.820964e-05   288
  9.008740e-01   3.301006e-04   1.946034e-04   2.655522e-05   288
  9.017763e-01   3.333374e-04   2.254318e-04   2.896627e-05   192
  9.029115e-01   2.301847e-04   2.398820e-04   2.074413e-05   264
  9.039929e-01   5.003810e-04   3.945727e-04   3.399190e-05   372
  9.051567e-01   5.547629e-04   4.261555e-04   4.483419e-05   360
  9.065772e-01   4.848942e-04   1.803531e-04   5.626068e-05   144
  9.073113e-01   3.629906e-04   2.505025e-04   3.708049e-05   296
  9.084702e-01   3.393702e-04   2.699035e-04   3.405813e-05   288
  9.097970e-01   3.238155e-04   4.033639e-04   2.132827e-05   480
  9.109414e-01   2.894358e-04   3.351569e-04   3.786673e-05   192
  9.120543e-01   4.232470e-04   3.595015e-04   4.571890e-05   192
  9.130658e-01   2.913287e-04   2.291145e-04   2.232347e-05   288
  9.144726e-01   1.845932e-04   1.994411e-04   2.068698e-05   108
  9.151811e-01   3.355855e-04   1.917382e-04   3.629627e-05   240
  9.164324e-01   2.834306e-04   3.576920e-04   2.282343e-05   384
  9.177178e-01   3.791457e-04   4.363437e-04   4.690006e-05   108
  9.188545e-01   4.119924e-04   2.558364e-04   2.766656e-05   348
  9.200497e-01   2.814819e-04   2.670009e-04   3.032069e-05   312
  9.211172e-01   2.859033e-04   2.594474e-04   4.768705e-05   96
  9.220989e-01   2.940573e-04   3.454074e-04   2.273473e-05   384
  9.231983e-01   3.388542e-04   2.375703e-04   3.632103e-05   144
  9.242737e-01   3.361877e-04   3.650373e-04   2.752228e-05   408
  9.256105e-01   2.061426e-04   1.628324e-04   2.438715e-05   144
  9.268733e-01   3.158374e-04   3.130471e-04   3.713062e-05   192
  9.276223e-01   3.775802e-04   3.523403e-04   4.374434e-05   144
  9.288431e-01   1.938708e-04   2.864656e-04   1.810358e-05   144
  9.299949e-01   3.114369e-04   3.501074e-04   2.296901e-05   336
  9.314055e-01   2.200368e-04   2.590351e-04   1.808392e-05   240
  9.322999e-01   2.530806e-04   1.176255e-04   3.006403e-05   96
  9.335474e-01   3.650082e-04   3.449390e-04   3.527644e-05   372
  9.348094e-01   3.070639e-04   4.102976e-04   4.371370e-05   132
  9.359179e-01   2.128619e-04   2.538872e-04   1.852113e-05   264
  9.369095e-01   3.937030e-04   1.949738e-04   5.044802e-05   168
  9.379679e-01   2.930195e-04   3.117257e-04   2.370507e-05   216
  9.389028e-01   2.835371e-04   1.907177e-04   3.399642e-05   216
  9.402644e-01   1.682347e-04   3.498876e-04   1.433127e-05   96
  9.414999e-01   3.686792e-04   2.282697e-04   6.239509e-05   120
  9.426329e-01   2.728315e-04   2.901950e-04   3.281359e-05   216
  9.435662e-01   2.118077e-04   1.268162e-04   1.969599e-05   200
  9.448020e-01   2.440105e-04   3.282727e-04   2.461167e-05   288
  9.463870e-01   1.232366e-04   8.637492e-05   1.008802e-05   144
  9.470544e-01   3.030183e-04   2.687934e-04   5.240796e-05   168
  9.484173e-01   2.937863e-04   3.025020e-04   5.052432e-05   159
  9.494812e-01   2.207834e-04   3.173973e-04   2.437554e-05   174
  9.505108e-01   1.676319e-04   2.878048e-04   1.556056e-05   144
  9.518590e-01   2.446792e-04   1.661865e-04   1.865850e-05   222
  9.527607e-01   2.276464e-04   1.676969e-04   2.529365e-05   168
  9.543181e-01   4.591620e-04   3.678236e-04   1.160866e-04   30
  9.549614e-01   9.787268e-05   3.247612e-04   1.514849e-05   72
  9.561731e-01   2.196684e-04   2.898455e-04   1.930262e-05   258
  9.575053e-01   2.039671e-04   1.815377e-04   1.511315e-05   264
  9.581715e-01   1.883695e-04   0.000000e+00   2.472209e-05   72
  9.595596e-01   1.208325e-04   3.598154e-04   1.327073e-05   174
  9.608164e-01   2.425601e-04   3.831369e-04   2.979803e-05   168
  9.618269e-01   1.141843e-04   1.198844e-08   1.555057e-05   48
  9.629116e-01   1.659583e-04   2.163664e-04   1.545681e-05   150
  9.641694e-01   2.313403e-04   3.980216e-04   1.950840e-05   168
  9.654305e-01   1.530264e-04   2.424563e-04   1.597188e-05   144
  9.665902e-01   2.960481e-04   2.265094e-04   4.930735e-05   102
  9.674541e-01   9.762885e-05   3.352727e-04   1.008765e-05   96
  9.688246e-01   1.038715e-04   3.327357e-04   1.316762e-05   120
  9.698396e-01   1.068720e-04   3.568677e-04   8.791467e-06   168
  9.709374e-01   2.709861e-04   2.635186e-04   2.919489e-05   126
  9.718728e-01   2.048081e-04   1.987457e-04   2.155323e-05   168
  9.731615e-01   1.130300e-04   3.186890e-04   1.123315e-05   72
  9.742877e-01   9.829545e-05   3.990696e-04   9.388921e-06   168
  9.752743e-01   2.160506e-04   1.094046e-04   3.810385e-05   78
  9.766261e-01   8.975027e-05   1.796342e-04   9.317896e-06   60
  9.777146e-01   2.273456e-04   2.913957e-04   2.859268e-05   96
  9.788436e-01   1.259847e-04   3.535845e-04   1.179695e-05   168
  9.799046e-01   1.261121e-04   2.237345e-04   2.728070e-05   86
  9.810179e-01   1.090342e-04   1.999656e-04   1.047237e-05   120
  9.826135e-01   9.723965e-05   1.426020e-04   8.080416e-06   168
  9.834741e-01   8.166216e-05   0.000000e+00   1.339258e-05   48
  9.846330e-01   1.547673e-04   2.598054e-04   1.806877e-05   120
  9.852989e-01   1.485807e-04   1.895385e-04   1.717533e-05   126
  9.869246e-01   1.152656e-04   3.333454e-04   1.393843e-05   96
  9.879797e-01   1.333508e-04   9.612037e-05   1.448935e-05   96
  9.888118e-01   8.725520e-05   0.000000e+00   1.033007e-05   72
  9.905847e-01   1.463584e-04   1.198844e-08   2.548214e-05   24
  9.916911e-01   1.499335e-04   1.978134e-04   1.661965e-05   120
  9.925543e-01   1.367140e-04   2.885490e-04   1.685021e-05   126
  9.935140e-01   1.304292e-04   2.405447e-04   1.454247e-05   96
  9.946355e-01   9.091200e-05   4.157314e-04   1.205972e-05   72
  9.958843e-01   1.129310e-04   1.798178e-04   9.975570e-06   144
  9.969115e-01   9.439671e-05   1.037147e-04   1.256415e-05   72
  9.979377e-01   1.086346e-04   2.071553e-04   1.391316e-05   54
  9.988408e-01   1.244872e-04   1.825532e-04   1.458589e-05   108
  1.000718e+00   1.803498e-04   1.789493e-04   2.214949e-05   72
  1.001302e+00   1.163774e-04   1.032599e-04   1.969215e-05   72
  1.002688e+00   8.706461e-05   2.076458e-08   1.164223e-05   24
  1.004000e+00   5.933741e-05   2.184508e-04   1.024589e-05   48
  1.004796e+00   1.355179e-04   1.664031e-04   1.619432e-05   102
  1.005995e+00   8.347071e-05   3.763347e-04   9.644828e-06   168
  1.007561e+00   9.386529e-05   2.052441e-04   1.007408e-05   72
  1.008142e+00   9.547168e-05   0.000000e+00   1.183263e-05   48
  1.009359e+00   1.057022e-04   3.530324e-04   1.140318e-05   120
  1.010966e+00   9.304330e-05   2.169455e-04   1.069813e-05   96
  1.012484e+00   1.848699e-04   2.349244e-08   3.295275e-05   30
  1.014287e+00   1.339140e-04   1.019306e-04   2.327376e-05   72
  1.015080e+00   1.235106e-04   1.198844e-08   2.427493e-05   24
  1.016098e+00   7.876089e-05   1.510864e-04   9.701401e-06   56
  1.017238e+00   8.612522e-05   2.156079e-04   1.086034e-05   96
  1.018603e+00   1.051936e-04   2.380838e-04   1.185697e-05   144
  1.019655e+00   1.190708e-04   1.351747e-04   1.698245e-05   54
  1.021183e+00   9.541143e-05   2.025059e-04   9.786838e-06   108
  1.022721e+00   1.463170e-04   1.072260e-04   2.152905e-05   48
  1.024186e+00   9.915537e-05   4.037400e-04   1.248490e-05   72
  1.027699e+00   1.237503e-04   2.667523e-04   1.155753e-05   78
  1.028673e+00   7.908949e-05   2.010313e-04   8.327747e-06   72
  1.029809e+00   8.467571e-05   2.007817e-04   1.185007e-05   72
  1.030998e+00   8.440100e-05   4.845084e-04   1.221150e-05   96
  1.031937e+00   1.043808e-04   2.003678e-04   1.040768e-05   72
  1.033070e+00   1.608444e-04   0.000000e+00   3.438578e-05   24
  1.034201e+00   8.283695e-05   3.998310e-04   1.294892e-05   72
  1.036757e+00   1.015446e-04   2.539049e-04   1.739107e-05   30
  1.037307e+00   6.609489e-05   0.000000e+00   1.150008e-05   24
  1.040263e+00   9.286293e-05   2.108357e-04   1.363377e-05   48
  1.041190e+00   9.055384e-05   4.537181e-04   8.503305e-06   120
  1.042439e+00   1.010358e-04   1.983761e-04   1.146824e-05   72
  1.043701e+00   7.408499e-05   1.981363e-04   1.296208e-05   36
  1.044568e+00   1.006439e-04   3.916095e-04   1.194041e-05   78
  1.046988e+00   8.567983e-05   2.094814e-04   1.232713e-05   48
  1.050126e+00   1.104274e-04   1.695421e-08   2.990705e-05   24
  1.052361e+00   4.860813e-05   1.458786e-04   5.689664e-06   56
  1.053486e+00   8.124333e-05   2.244796e-04   7.166600e-06   102
  1.054918e+00   1.006032e-04   1.598458e-08   1.314585e-05   72
  1.055750e+00   7.626650e-05   0.000000e+00   1.750775e-05   24
  1.057203e+00   9.626488e-05   2.074574e-04   2.325759e-05   48
  1.059896e+00   9.316233e-05   0.000000e+00   2.053363e-05   24
  1.063202e+00   5.778141e-05   0.000000e+00   2.903830e-05   6
  1.064233e+00   4.726290e-05   0.000000e+00   7.320647e-06   24
  1.064920e+00   7.329234e-05   1.941879e-04   1.203372e-05   72
  1.066174e+00   1.011923e-04   3.622758e-04   9.958527e-06   84
  1.067525e+00   7.747333e-05   0.000000e+00   1.601493e-05   24
  1.067936e+00   9.597785e-05   1.695421e-08   1.504307e-05   24
  1.069988e+00   1.104375e-04   1.198844e-08   2.422443e-05   24
  1.072854e+00   2.824232e-05   0.000000e+00   3.791158e-06   6
  1.076527e+00   6.467310e-05   2.037334e-04   1.108878e-05   48
  1.077410e+00   6.828853e-05   3.838004e-04   1.405265e-05   72
  1.078563e+00   6.791677e-05   2.033489e-04   1.660983e-05   48
  1.080391e+00   7.216575e-05   0.000000e+00   2.268953e-05   24
  1.082825e+00   4.958720e-05   1.198844e-08   4.448719e-06   6
  1.088280e+00   5.734907e-05   0.000000e+00   2.960840e-05   8
  1.088683e+00   9.728373e-05   1.198844e-08   1.372852e-05   48
  1.089649e+00   8.819759e-05   1.972060e-04   9.677319e-06   60
  1.091097e+00   1.105866e-04   0.000000e+00   3.969512e-05   24
  1.093106e+00   1.493612e-04   0.000000e+00   7.148544e-05   6
  1.100504e+00   8.533342e-05   0.000000e+00   2.176843e-05   24
  1.101102e+00   9.612439e-05   1.991864e-04   1.711778e-05   48
  1.102098e+00   6.782183e-05   0.000000e+00   1.796397e-05   24
  1.103689e+00   4.187538e-05   1.198844e-08   3.747333e-06   6
  1.112726e+00   6.780881e-05   1.858219e-04   9.252401e-06   36
  1.113383e+00   8.043857e-05   0.000000e+00   2.636410e-05   24
  1.114565e+00   5.600260e-05   0.000000e+00   1.021370e-05   6
  1.124848e+00   9.713067e-05   1.688735e-04   2.023024e-05   32
  1.125725e+00   1.838392e-04   1.198844e-08   9.149327e-05   6
  1.136776e+00   1.589122e-04   0.000000e+00   3.713507e-05   12
  1.137162e+00   7.318929e-05   0.000000e+00   1.407938e-05   6
  1.148867e+00   7.725222e-05   1.695421e-08   2.802748e-05   6
