# power spectrum of delta
# redshift z=30.000000
# k              Pk             sigma(k)       sigma(Pk)      count
  2.513274e-02   1.941880e-05   2.247832e-10   7.934327e-06   6
  3.554306e-02   2.835000e-05   0.000000e+00   5.737304e-06   12
  4.353118e-02   3.545811e-05   4.768372e-10   7.345983e-06   8
  5.026548e-02   1.737518e-04   4.495664e-10   1.896288e-05   6
  5.619852e-02   1.667914e-04   8.991328e-10   5.388930e-05   24
  6.156239e-02   3.134206e-04   6.357829e-10   5.373051e-05   24
  7.416620e-02   2.664003e-04   1.948007e-03   4.743549e-05   42
  7.947671e-02   4.119011e-04   0.000000e+00   9.172488e-05   24
  8.335587e-02   4.181396e-04   1.557344e-09   1.051810e-04   24
  8.972863e-02   5.025807e-04   1.539368e-03   5.420241e-05   32
  9.403811e-02   5.001678e-04   0.000000e+00   7.146133e-05   48
  1.005310e-01   6.832193e-04   8.991328e-10   3.045356e-04   6
  1.049125e-01   5.916086e-04   1.486715e-03   5.527159e-05   84
  1.109741e-01   7.546627e-04   1.422978e-03   1.131915e-04   48
  1.160761e-01   6.900572e-04   1.277655e-03   7.172562e-05   72
  1.231248e-01   8.794409e-04   1.271566e-09   1.390039e-04   24
  1.274204e-01   6.986813e-04   1.133933e-03   6.530219e-05   102
  1.338823e-01   9.989705e-04   2.192492e-03   1.037703e-04   104
  1.376577e-01   7.042043e-04   0.000000e+00   1.046022e-04   48
  1.450967e-01   7.549046e-04   1.454852e-03   6.808269e-05   108
  1.494985e-01   1.131865e-03   1.026108e-03   1.214351e-04   78
  1.544156e-01   1.239102e-03   8.885963e-04   1.174064e-04   96
  1.612033e-01   1.088021e-03   1.252396e-03   8.376739e-05   168
  1.674610e-01   1.216039e-03   1.514588e-03   1.291463e-04   120
  1.704585e-01   1.194130e-03   0.000000e+00   1.853249e-04   48
  1.775076e-01   1.352748e-03   1.466362e-03   1.181104e-04   194
  1.836114e-01   1.339263e-03   1.199745e-03   1.097315e-04   192
  1.889121e-01   1.783928e-03   8.359107e-04   1.492474e-04   96
  1.926375e-01   1.285113e-03   7.114371e-04   1.231527e-04   96
  1.973415e-01   1.463525e-03   1.049518e-03   1.211167e-04   174
  2.036605e-01   1.694493e-03   1.032544e-03   1.205352e-04   216
  2.087655e-01   1.457457e-03   1.069752e-03   1.021294e-04   192
  2.153360e-01   1.627063e-03   1.134051e-03   1.137074e-04   204
  2.199701e-01   1.335544e-03   1.553116e-03   8.501995e-05   224
  2.263855e-01   1.902625e-03   8.767448e-04   1.492230e-04   174
  2.313653e-01   1.719286e-03   1.685384e-03   9.920139e-05   288
  2.375440e-01   1.638550e-03   8.296829e-04   1.005807e-04   288
  2.423661e-01   1.602783e-03   1.600294e-03   1.172515e-04   192
  2.486778e-01   1.909492e-03   1.171093e-03   1.146054e-04   252
  2.526714e-01   1.987606e-03   6.978544e-04   1.275739e-04   246
  2.580960e-01   1.913037e-03   1.324197e-03   1.159619e-04   312
  2.629351e-01   2.057177e-03   8.554600e-04   1.080563e-04   248
  2.695776e-01   1.815964e-03   1.809641e-03   9.036173e-05   432
  2.749286e-01   2.363768e-03   1.515534e-03   1.644893e-04   198
  2.802165e-01   2.505411e-03   1.832967e-03   1.158073e-04   456
  2.863920e-01   2.157079e-03   1.069655e-03   1.337719e-04   324
  2.907627e-01   2.172783e-03   1.266356e-03   1.217705e-04   312
  2.961810e-01   2.147318e-03   1.588477e-03   1.126296e-04   408
  3.029220e-01   2.184098e-03   1.466968e-03   1.111116e-04   414
  3.075580e-01   1.981970e-03   1.269406e-03   1.009661e-04   392
  3.123025e-01   2.616416e-03   1.430245e-03   1.325612e-04   408
  3.185470e-01   2.521481e-03   1.518117e-03   1.167363e-04   444
  3.232898e-01   2.530876e-03   1.227263e-03   1.261827e-04   360
  3.293455e-01   2.488504e-03   1.684453e-03   9.553796e-05   678
  3.357501e-01   2.777499e-03   1.079705e-03   1.599402e-04   360
  3.406722e-01   2.524947e-03   1.778081e-03   1.125026e-04   648
  3.453647e-01   2.600454e-03   8.217968e-04   1.693800e-04   288
  3.513418e-01   2.641028e-03   1.531028e-03   1.013702e-04   686
  3.569625e-01   2.792447e-03   1.138289e-03   1.389043e-04   444
  3.620452e-01   2.714507e-03   1.580989e-03   1.079352e-04   696
  3.671010e-01   2.979201e-03   1.502020e-03   1.399388e-04   408
  3.725872e-01   2.721244e-03   1.554025e-03   1.047794e-04   648
  3.782992e-01   3.188226e-03   1.360625e-03   1.394986e-04   582
  3.833918e-01   2.700144e-03   1.703041e-03   1.103764e-04   744
  3.890113e-01   3.237317e-03   1.700144e-03   1.362831e-04   516
  3.941882e-01   3.203001e-03   1.645265e-03   1.346046e-04   728
  3.989676e-01   3.052556e-03   1.363195e-03   1.289488e-04   558
  4.047392e-01   2.747277e-03   1.374231e-03   9.901272e-05   768
  4.109960e-01   3.282433e-03   1.593026e-03   1.062863e-04   960
  4.164620e-01   3.186238e-03   1.114439e-03   1.409954e-04   576
  4.217163e-01   3.448347e-03   1.808947e-03   1.207713e-04   816
  4.273742e-01   2.944357e-03   1.395616e-03   1.047128e-04   666
  4.323421e-01   3.377984e-03   1.636664e-03   1.116915e-04   960
  4.382783e-01   3.322856e-03   1.614107e-03   1.198799e-04   824
  4.440386e-01   3.402595e-03   1.777416e-03   1.103481e-04   936
  4.493430e-01   3.235970e-03   1.321819e-03   1.267769e-04   624
  4.542288e-01   3.606566e-03   1.556102e-03   1.184503e-04   1062
  4.599003e-01   3.684210e-03   1.695132e-03   1.333470e-04   732
  4.648741e-01   3.379251e-03   1.470856e-03   1.066885e-04   1080
  4.708074e-01   3.622760e-03   1.603534e-03   1.251451e-04   936
  4.761732e-01   3.372501e-03   1.731990e-03   1.138356e-04   878
  4.818260e-01   3.420007e-03   1.755225e-03   1.014936e-04   1152
  4.870749e-01   3.478331e-03   1.356663e-03   1.118844e-04   1056
  4.926568e-01   3.757408e-03   1.602363e-03   1.270873e-04   864
  4.976423e-01   3.682909e-03   1.565217e-03   1.155655e-04   1092
  5.036015e-01   3.848791e-03   1.653531e-03   1.150300e-04   1206
  5.092782e-01   3.830581e-03   1.678014e-03   1.098816e-04   1248
  5.145213e-01   3.783048e-03   1.137149e-03   1.327724e-04   864
  5.191890e-01   3.919487e-03   1.180642e-03   1.230746e-04   1152
  5.252742e-01   4.008606e-03   1.757644e-03   1.129897e-04   1382
  5.312134e-01   4.071373e-03   1.566451e-03   1.196055e-04   1188
  5.364142e-01   3.736558e-03   1.659855e-03   1.106463e-04   1248
  5.413249e-01   3.939198e-03   1.574532e-03   1.245436e-04   1152
  5.467138e-01   4.242688e-03   1.729118e-03   1.146976e-04   1320
  5.526917e-01   3.986159e-03   1.146028e-03   1.149040e-04   1206
  5.576517e-01   4.205172e-03   1.665023e-03   1.080968e-04   1560
  5.635439e-01   4.192169e-03   1.549958e-03   1.154957e-04   1280
  5.685850e-01   4.006399e-03   1.560520e-03   1.088272e-04   1308
  5.741001e-01   4.239511e-03   1.566129e-03   1.047619e-04   1512
  5.795940e-01   3.984620e-03   1.277777e-03   1.098118e-04   1350
  5.852552e-01   4.234672e-03   1.688249e-03   1.045883e-04   1608
  5.900948e-01   4.417443e-03   1.451867e-03   1.231587e-04   1320
  5.957309e-01   4.498707e-03   1.748946e-03   1.148238e-04   1656
  6.008045e-01   4.252202e-03   1.374965e-03   1.142694e-04   1254
  6.066730e-01   4.448017e-03   1.569270e-03   1.014135e-04   1932
  6.122044e-01   4.619374e-03   1.409199e-03   1.232154e-04   1640
  6.176544e-01   4.412795e-03   1.462843e-03   1.122740e-04   1488
  6.227944e-01   4.455688e-03   1.414095e-03   1.156985e-04   1560
  6.286404e-01   4.343950e-03   1.698486e-03   1.044907e-04   2046
  6.340669e-01   4.399854e-03   1.523538e-03   1.163846e-04   1512
  6.393232e-01   4.614453e-03   1.516165e-03   1.082268e-04   1764
  6.445652e-01   4.451343e-03   1.511671e-03   1.050639e-04   1776
  6.499746e-01   4.637330e-03   1.817211e-03   1.111593e-04   1704
  6.557781e-01   4.543182e-03   1.779589e-03   9.778088e-05   2126
  6.610046e-01   4.516905e-03   1.236245e-03   1.080414e-04   1632
  6.662499e-01   4.621859e-03   1.646884e-03   9.946432e-05   2064
  6.715382e-01   4.939331e-03   1.357901e-03   1.201917e-04   1680
  6.772924e-01   4.736537e-03   1.523137e-03   1.071103e-04   2154
  6.826481e-01   4.786728e-03   1.541852e-03   1.059194e-04   2016
  6.884154e-01   4.713439e-03   1.692697e-03   9.554724e-05   2304
  6.937001e-01   5.048945e-03   1.347609e-03   1.284264e-04   1680
  6.991903e-01   4.929476e-03   1.561166e-03   1.065470e-04   2432
  7.046941e-01   4.750910e-03   1.538311e-03   1.097338e-04   1902
  7.101567e-01   4.777948e-03   1.581895e-03   9.689878e-05   2292
  7.150285e-01   4.686505e-03   1.252979e-03   1.078708e-04   1992
  7.208092e-01   4.776906e-03   1.606146e-03   9.269661e-05   2568
  7.263678e-01   4.852989e-03   1.402295e-03   1.151992e-04   1806
  7.319849e-01   5.123467e-03   1.724889e-03   9.983215e-05   3000
  7.376724e-01   5.170066e-03   1.569594e-03   1.154588e-04   2016
  7.424201e-01   5.277317e-03   1.465108e-03   1.135918e-04   2168
  7.478330e-01   5.226655e-03   1.496073e-03   1.109219e-04   2412
  7.534914e-01   4.933684e-03   1.636470e-03   9.937619e-05   2550
  7.589365e-01   5.318412e-03   1.624710e-03   1.043544e-04   2592
  7.646194e-01   5.018535e-03   1.496749e-03   1.055208e-04   2496
  7.700227e-01   5.021029e-03   1.655767e-03   9.947820e-05   2688
  7.754124e-01   5.089449e-03   1.430386e-03   1.024214e-04   2424
  7.810929e-01   5.076010e-03   1.312547e-03   1.013142e-04   2634
  7.862125e-01   5.228162e-03   1.574459e-03   1.029660e-04   2552
  7.913127e-01   5.255114e-03   1.651778e-03   1.010026e-04   2832
  7.969736e-01   5.130716e-03   1.568612e-03   1.036183e-04   2424
  8.025554e-01   5.060624e-03   1.740010e-03   8.777175e-05   3198
  8.077809e-01   5.316861e-03   1.388970e-03   1.036146e-04   2400
  8.133203e-01   5.565522e-03   1.597724e-03   9.778832e-05   3336
  8.190443e-01   5.208512e-03   1.344782e-03   1.111256e-04   2508
  8.240739e-01   5.370964e-03   1.620807e-03   1.012892e-04   3104
  8.299549e-01   5.417042e-03   1.630675e-03   9.961597e-05   2934
  8.352548e-01   5.422193e-03   1.499159e-03   1.016409e-04   3120
  8.410021e-01   5.249552e-03   1.672615e-03   8.876283e-05   3288
  8.462971e-01   5.466403e-03   1.408091e-03   1.027625e-04   2808
  8.517341e-01   5.137593e-03   1.767149e-03   9.582374e-05   2988
  8.572072e-01   5.342132e-03   1.617824e-03   9.611616e-05   3486
  8.625080e-01   5.663671e-03   1.531395e-03   1.127753e-04   3000
  8.676262e-01   5.624419e-03   1.332104e-03   1.003577e-04   3024
  8.733607e-01   5.408097e-03   1.466916e-03   9.190906e-05   3584
  8.791129e-01   5.677815e-03   1.571450e-03   9.703826e-05   3486
  8.844786e-01   5.581710e-03   1.415254e-03   1.010774e-04   3120
  8.897252e-01   5.679137e-03   1.397521e-03   9.483285e-05   3396
  8.950216e-01   5.445537e-03   1.596634e-03   9.508720e-05   3552
  9.006758e-01   5.577840e-03   1.536565e-03   9.233182e-05   3384
  9.062646e-01   5.647944e-03   1.564378e-03   9.686682e-05   3726
  9.115861e-01   5.723720e-03   1.516080e-03   1.029816e-04   3344
  9.166417e-01   5.891392e-03   1.557833e-03   9.846948e-05   3744
  9.224231e-01   5.630017e-03   1.516451e-03   9.421670e-05   3540
  9.278433e-01   5.697422e-03   1.609838e-03   8.947877e-05   3822
  9.335305e-01   5.694662e-03   1.580500e-03   8.729576e-05   4056
  9.387066e-01   5.740428e-03   1.452506e-03   9.765429e-05   3288
  9.441340e-01   5.528078e-03   1.677753e-03   9.038483e-05   4056
  9.494626e-01   5.745426e-03   1.536843e-03   9.317061e-05   3984
  9.552959e-01   5.923748e-03   1.413015e-03   9.925230e-05   3662
  9.602370e-01   5.829636e-03   1.541776e-03   9.854052e-05   3828
  9.658108e-01   5.870321e-03   1.742991e-03   8.229846e-05   4632
  9.713679e-01   5.870530e-03   1.345609e-03   9.848506e-05   3600
  9.769230e-01   5.658699e-03   1.597718e-03   9.078885e-05   4320
  9.821794e-01   5.722005e-03   1.253511e-03   9.040758e-05   3918
  9.874859e-01   6.004290e-03   1.442268e-03   9.570303e-05   4200
  9.928210e-01   6.073419e-03   1.636673e-03   9.578832e-05   4188
  9.983519e-01   5.817101e-03   1.662286e-03   8.736315e-05   4360
  1.003968e+00   5.855518e-03   1.662160e-03   8.866162e-05   4582
  1.009399e+00   6.102025e-03   1.477494e-03   1.013683e-04   4128
  1.014920e+00   6.003422e-03   1.587216e-03   9.070819e-05   4752
  1.020120e+00   6.212984e-03   1.461112e-03   9.492524e-05   4176
  1.025775e+00   5.828968e-03   1.680085e-03   8.604138e-05   4848
  1.031437e+00   6.051589e-03   1.459747e-03   9.488973e-05   4338
  1.036771e+00   6.174306e-03   1.593174e-03   8.855921e-05   5160
  1.042045e+00   6.100191e-03   1.291598e-03   9.852079e-05   4008
  1.047767e+00   5.999917e-03   1.707442e-03   8.583076e-05   5360
  1.053032e+00   6.094013e-03   1.588217e-03   9.497935e-05   4110
  1.058510e+00   6.175591e-03   1.701535e-03   8.532930e-05   5424
  1.063733e+00   5.971218e-03   1.454921e-03   9.901273e-05   4140
  1.069227e+00   6.196602e-03   1.625576e-03   8.313929e-05   5664
  1.074866e+00   6.151341e-03   1.412853e-03   8.837193e-05   4632
  1.080236e+00   6.142069e-03   1.490235e-03   8.899594e-05   4902
  1.085555e+00   6.376274e-03   1.592485e-03   9.145770e-05   5072
  1.090999e+00   6.405131e-03   1.501653e-03   8.771472e-05   5472
  1.096387e+00   6.242097e-03   1.526101e-03   9.167152e-05   4704
  1.101916e+00   6.363024e-03   1.676374e-03   8.839537e-05   5436
  1.107545e+00   6.314488e-03   1.596128e-03   8.386079e-05   5646
  1.112664e+00   6.468696e-03   1.428200e-03   9.648982e-05   4512
  1.118112e+00   6.235985e-03   1.824161e-03   8.110865e-05   6120
  1.123729e+00   6.389852e-03   1.411269e-03   9.134813e-05   5112
  1.129131e+00   6.476807e-03   1.667779e-03   8.675270e-05   5606
  1.134567e+00   6.314861e-03   1.554272e-03   8.941283e-05   5328
  1.139989e+00   6.278195e-03   1.565953e-03   8.482945e-05   5964
  1.145435e+00   6.314401e-03   1.590472e-03   8.852270e-05   5448
  1.150957e+00   6.154464e-03   1.628706e-03   8.159926e-05   5904
  1.156600e+00   6.327011e-03   1.600579e-03   8.595299e-05   5598
  1.161806e+00   6.407932e-03   1.501909e-03   8.439642e-05   5952
  1.167187e+00   6.344162e-03   1.643126e-03   8.818607e-05   5688
  1.172631e+00   6.447405e-03   1.575513e-03   8.639197e-05   5876
  1.177964e+00   6.460440e-03   1.536673e-03   8.710022e-05   5784
  1.183501e+00   6.229010e-03   1.532901e-03   7.850773e-05   6462
  1.189054e+00   6.677218e-03   1.653348e-03   9.276448e-05   5688
  1.194197e+00   6.585399e-03   1.525430e-03   8.756930e-05   6408
  1.199756e+00   6.309501e-03   1.574800e-03   8.138179e-05   6000
  1.205422e+00   6.480218e-03   1.694655e-03   8.017190e-05   6582
  1.211021e+00   6.544584e-03   1.612876e-03   8.440022e-05   6564
  1.216263e+00   6.464491e-03   1.422140e-03   8.497925e-05   6048
  1.221699e+00   6.317247e-03   1.629773e-03   8.178648e-05   6512
  1.227397e+00   6.560292e-03   1.620133e-03   8.229674e-05   6816
  1.232850e+00   6.654634e-03   1.416896e-03   8.907724e-05   6222
  1.237968e+00   6.654719e-03   1.476334e-03   8.657341e-05   6432
  1.243434e+00   6.576550e-03   1.553938e-03   8.058866e-05   6804
  1.248868e+00   6.660366e-03   1.464733e-03   8.578196e-05   6432
  1.254187e+00   6.507375e-03   1.722345e-03   8.092287e-05   6846
  1.259590e+00   6.699069e-03   1.572729e-03   8.533656e-05   6424
  1.264755e+00   6.478134e-03   1.411534e-03   8.262034e-05   6952
  1.270430e+00   6.688615e-03   1.700917e-03   7.749810e-05   7560
  1.276003e+00   6.616463e-03   1.461590e-03   8.285537e-05   6648
  1.281750e+00   6.643256e-03   1.606071e-03   7.975901e-05   7578
  1.286810e+00   6.732982e-03   1.450151e-03   8.494981e-05   6552
  1.292277e+00   6.542047e-03   1.596662e-03   7.944732e-05   7536
  1.297851e+00   6.522380e-03   1.461180e-03   7.668043e-05   7272
  1.303277e+00   6.719653e-03   1.556497e-03   8.203673e-05   6936
  1.308485e+00   6.581745e-03   1.596343e-03   7.764282e-05   7430
  1.314120e+00   6.649135e-03   1.672052e-03   7.717101e-05   7644
  1.319350e+00   6.525756e-03   1.489238e-03   7.856209e-05   7248
  1.325034e+00   6.556222e-03   1.703671e-03   7.334997e-05   8232
  1.330590e+00   6.591883e-03   1.553617e-03   8.121019e-05   7038
  1.335931e+00   6.712968e-03   1.510189e-03   7.838414e-05   7824
  1.341174e+00   6.587342e-03   1.590763e-03   7.704950e-05   7752
  1.346585e+00   6.423540e-03   1.605043e-03   7.696017e-05   7480
  1.352208e+00   6.670902e-03   1.618933e-03   7.526476e-05   8404
  1.357671e+00   6.832977e-03   1.503855e-03   7.828860e-05   7614
  1.362913e+00   6.776705e-03   1.575108e-03   7.988876e-05   7776
  1.368188e+00   6.769143e-03   1.502776e-03   7.830867e-05   7944
  1.373702e+00   6.733300e-03   1.562607e-03   7.494053e-05   8424
  1.379142e+00   6.561478e-03   1.533354e-03   7.753574e-05   7872
  1.384762e+00   6.676009e-03   1.540830e-03   7.284869e-05   8658
  1.390152e+00   6.821196e-03   1.537871e-03   7.776382e-05   8352
  1.395701e+00   6.815016e-03   1.544872e-03   7.594835e-05   8648
  1.400946e+00   6.987036e-03   1.463868e-03   7.969221e-05   7680
  1.406459e+00   6.691993e-03   1.524971e-03   7.334414e-05   8646
  1.411581e+00   6.998846e-03   1.477493e-03   7.681760e-05   8448
  1.417243e+00   7.032422e-03   1.570023e-03   7.771103e-05   9120
  1.422706e+00   6.626799e-03   1.534210e-03   7.471603e-05   8316
  1.428231e+00   6.876848e-03   1.655901e-03   7.235405e-05   9504
  1.433780e+00   6.948638e-03   1.505873e-03   7.851010e-05   8358
  1.439318e+00   6.708981e-03   1.591741e-03   7.153491e-05   9584
  1.444669e+00   6.744766e-03   1.523180e-03   7.401977e-05   8616
  1.450194e+00   6.963069e-03   1.658401e-03   7.309000e-05   9432
  1.455837e+00   6.950905e-03   1.687074e-03   7.592358e-05   9018
  1.460959e+00   6.869621e-03   1.428118e-03   7.481684e-05   8568
  1.466312e+00   6.768052e-03   1.589614e-03   6.824627e-05   9816
  1.471848e+00   7.004112e-03   1.504950e-03   7.595846e-05   9000
  1.477320e+00   6.928360e-03   1.574008e-03   7.415437e-05   9504
  1.482769e+00   6.756512e-03   1.610237e-03   7.056189e-05   9446
  1.488128e+00   7.084247e-03   1.539876e-03   7.325909e-05   9696
  1.493639e+00   6.854967e-03   1.432995e-03   7.281383e-05   9180
  1.499052e+00   6.779138e-03   1.656445e-03   6.912167e-05   10512
  1.504580e+00   7.089187e-03   1.565995e-03   7.608561e-05   9048
  1.510050e+00   6.784638e-03   1.502032e-03   6.936192e-05   10014
  1.515115e+00   6.845944e-03   1.465977e-03   7.570137e-05   9096
  1.520624e+00   6.859312e-03   1.678104e-03   6.654915e-05   11088
  1.526481e+00   7.072913e-03   1.632622e-03   7.299382e-05   9860
  1.531846e+00   6.767757e-03   1.547538e-03   7.047683e-05   10110
  1.537226e+00   7.103244e-03   1.610782e-03   7.428701e-05   10104
  1.542638e+00   7.013106e-03   1.527293e-03   7.111581e-05   10392
  1.548117e+00   6.999857e-03   1.580956e-03   7.086119e-05   10104
  1.553700e+00   6.974471e-03   1.636048e-03   6.625521e-05   11352
  1.559389e+00   6.865116e-03   1.498379e-03   7.188032e-05   10014
  1.564440e+00   7.074229e-03   1.383079e-03   7.472517e-05   9636
  1.569783e+00   6.903652e-03   1.639203e-03   6.644959e-05   11552
  1.575422e+00   6.848119e-03   1.523155e-03   7.045667e-05   10488
  1.580867e+00   6.957892e-03   1.590751e-03   7.102948e-05   10254
  1.586166e+00   6.878759e-03   1.497744e-03   6.680492e-05   11304
  1.591672e+00   7.058268e-03   1.520072e-03   7.055107e-05   10872
  1.597152e+00   6.992253e-03   1.630062e-03   6.908077e-05   10932
  1.602461e+00   6.877212e-03   1.470687e-03   7.020188e-05   10848
  1.607949e+00   6.964022e-03   1.538096e-03   6.811863e-05   10998
  1.613393e+00   6.963371e-03   1.616241e-03   6.669665e-05   11720
  1.618857e+00   7.086787e-03   1.486980e-03   7.136703e-05   10776
  1.624233e+00   6.945885e-03   1.626703e-03   6.553976e-05   12072
  1.629803e+00   6.859000e-03   1.491590e-03   6.849502e-05   10704
  1.635146e+00   7.083568e-03   1.530127e-03   6.827152e-05   11730
  1.640724e+00   7.009101e-03   1.589265e-03   6.617182e-05   12144
  1.646103e+00   6.939148e-03   1.505823e-03   6.760512e-05   11568
  1.651732e+00   6.894916e-03   1.628958e-03   6.556685e-05   11552
  1.656794e+00   6.949456e-03   1.470182e-03   6.852039e-05   10926
  1.662301e+00   7.137907e-03   1.665116e-03   6.444825e-05   13032
  1.667699e+00   7.281654e-03   1.360824e-03   7.427188e-05   10776
  1.673163e+00   6.977840e-03   1.675173e-03   6.242923e-05   13116
  1.678750e+00   6.968989e-03   1.576527e-03   6.511874e-05   12288
  1.684254e+00   6.837789e-03   1.448982e-03   6.715820e-05   11262
  1.689407e+00   7.060611e-03   1.565326e-03   6.616796e-05   12672
  1.694949e+00   7.077741e-03   1.534786e-03   6.536288e-05   12624
  1.700444e+00   6.995478e-03   1.539772e-03   6.558152e-05   12392
  1.705894e+00   6.980223e-03   1.578373e-03   6.605603e-05   12060
  1.711417e+00   7.102090e-03   1.664529e-03   6.388120e-05   13662
  1.716714e+00   6.967100e-03   1.437484e-03   6.666894e-05   11592
  1.722229e+00   7.013990e-03   1.708245e-03   6.415542e-05   13776
  1.727732e+00   7.044027e-03   1.452727e-03   6.666604e-05   12240
  1.733259e+00   6.935624e-03   1.673717e-03   6.267642e-05   13662
  1.738451e+00   7.155182e-03   1.438450e-03   6.816339e-05   11520
  1.744057e+00   7.047881e-03   1.657935e-03   6.007119e-05   15044
  1.749584e+00   7.076279e-03   1.490148e-03   6.653008e-05   12384
  1.755011e+00   6.811493e-03   1.568695e-03   6.345491e-05   13176
  1.760324e+00   6.927624e-03   1.420714e-03   6.311206e-05   12798
  1.765805e+00   7.205637e-03   1.613568e-03   6.372298e-05   14376
  1.771131e+00   6.970878e-03   1.533785e-03   6.524847e-05   12528
  1.776603e+00   7.004016e-03   1.610649e-03   6.212482e-05   14100
  1.781897e+00   7.159121e-03   1.461405e-03   6.948546e-05   12630
  1.787364e+00   6.974995e-03   1.587093e-03   6.087412e-05   14624
  1.792771e+00   7.178040e-03   1.583065e-03   6.521693e-05   13272
  1.798277e+00   7.064386e-03   1.613728e-03   6.089048e-05   14664
  1.803884e+00   6.877885e-03   1.649702e-03   5.928942e-05   14328
  1.809294e+00   6.979344e-03   1.531892e-03   6.398782e-05   13086
  1.814778e+00   6.996810e-03   1.648042e-03   5.859092e-05   15612
  1.820245e+00   7.149590e-03   1.420572e-03   6.678370e-05   13416
  1.825554e+00   7.083778e-03   1.670986e-03   6.132819e-05   14360
  1.831007e+00   7.020605e-03   1.563345e-03   6.218694e-05   14064
  1.836565e+00   7.105446e-03   1.608825e-03   6.083075e-05   15750
  1.842043e+00   6.970457e-03   1.519715e-03   6.241240e-05   13680
  1.847448e+00   7.170613e-03   1.654464e-03   6.221902e-05   15468
  1.852944e+00   6.906494e-03   1.594248e-03   6.205443e-05   14352
  1.858276e+00   6.994673e-03   1.572970e-03   5.999310e-05   14454
  1.863633e+00   7.230595e-03   1.615254e-03   6.283836e-05   15048
  1.869150e+00   6.835914e-03   1.497078e-03   5.829200e-05   15360
  1.874596e+00   7.074344e-03   1.645285e-03   6.053914e-05   15224
  1.880069e+00   7.002086e-03   1.557924e-03   5.962837e-05   15096
  1.885497e+00   7.189026e-03   1.522103e-03   6.287755e-05   14514
  1.890790e+00   7.209250e-03   1.595539e-03   6.069994e-05   16416
  1.896345e+00   7.026298e-03   1.570097e-03   6.025009e-05   15216
  1.902017e+00   7.155537e-03   1.580041e-03   5.985099e-05   16440
  1.907431e+00   7.126953e-03   1.589489e-03   6.249736e-05   14904
  1.912612e+00   7.076677e-03   1.493082e-03   6.136162e-05   15134
  1.918128e+00   7.191580e-03   1.670413e-03   6.044384e-05   16644
  1.923636e+00   7.009332e-03   1.568226e-03   5.988186e-05   16128
  1.929039e+00   7.178177e-03   1.558301e-03   6.241663e-05   15384
  1.934362e+00   7.127162e-03   1.531848e-03   6.021070e-05   15462
  1.939814e+00   7.161889e-03   1.636508e-03   5.655905e-05   17304
  1.945372e+00   7.040512e-03   1.543184e-03   5.904206e-05   16176
  1.950827e+00   7.180904e-03   1.632437e-03   5.884555e-05   16824
  1.956411e+00   6.914485e-03   1.501531e-03   5.863064e-05   15980
  1.961671e+00   7.118094e-03   1.494587e-03   6.017323e-05   16326
  1.966974e+00   7.140236e-03   1.595444e-03   6.024917e-05   16488
  1.972469e+00   7.082990e-03   1.547881e-03   5.804109e-05   16944
  1.977987e+00   7.070246e-03   1.628958e-03   5.757914e-05   17256
  1.983307e+00   6.895015e-03   1.510722e-03   5.793739e-05   15966
  1.988830e+00   7.196940e-03   1.604091e-03   5.900704e-05   17628
  1.994237e+00   6.944518e-03   1.523687e-03   5.760804e-05   17280
  1.999700e+00   6.937038e-03   1.677236e-03   5.627010e-05   17056
  2.005087e+00   7.007569e-03   1.581521e-03   5.737634e-05   17296
  2.010708e+00   6.903335e-03   1.549121e-03   5.558242e-05   17526
  2.016014e+00   7.098520e-03   1.559028e-03   5.689669e-05   17592
  2.021539e+00   7.037676e-03   1.621825e-03   5.615068e-05   17880
  2.026921e+00   7.058091e-03   1.503997e-03   5.906597e-05   17028
  2.032244e+00   7.122150e-03   1.529390e-03   5.814215e-05   17376
  2.037659e+00   7.248353e-03   1.518363e-03   5.742108e-05   18414
  2.043253e+00   7.021385e-03   1.557160e-03   5.538231e-05   17840
  2.048675e+00   7.018990e-03   1.634742e-03   5.508912e-05   18960
  2.054080e+00   7.004003e-03   1.518636e-03   5.804010e-05   16992
  2.059506e+00   7.026813e-03   1.672957e-03   5.517205e-05   18378
  2.064817e+00   7.184578e-03   1.489598e-03   5.846476e-05   18192
  2.070342e+00   7.060663e-03   1.590368e-03   5.472314e-05   19320
  2.075827e+00   7.001208e-03   1.542530e-03   5.658514e-05   17856
  2.081294e+00   6.768607e-03   1.592338e-03   5.342971e-05   19128
  2.086669e+00   7.082353e-03   1.472822e-03   5.705720e-05   18246
  2.092142e+00   7.201059e-03   1.530845e-03   5.628099e-05   19184
  2.097560e+00   6.885998e-03   1.566786e-03   5.336205e-05   18900
  2.103127e+00   6.961718e-03   1.634103e-03   5.300346e-05   19776
  2.108435e+00   7.008819e-03   1.499267e-03   5.863037e-05   17814
  2.113953e+00   7.067204e-03   1.631506e-03   5.496721e-05   19944
  2.119331e+00   7.110574e-03   1.609395e-03   5.536629e-05   19536
  2.124895e+00   6.963336e-03   1.592635e-03   5.255315e-05   20112
  2.130295e+00   6.922872e-03   1.480183e-03   5.710074e-05   18116
  2.135677e+00   6.884632e-03   1.543122e-03   5.217594e-05   19878
  2.140967e+00   7.047314e-03   1.559605e-03   5.487780e-05   19800
  2.146556e+00   7.108953e-03   1.559507e-03   5.514374e-05   20136
  2.152123e+00   6.907897e-03   1.640454e-03   5.254692e-05   20808
  2.157545e+00   6.892553e-03   1.486131e-03   5.481093e-05   19152
  2.162999e+00   6.935339e-03   1.569730e-03   5.315317e-05   20526
  2.168508e+00   6.980743e-03   1.615030e-03   5.419081e-05   20532
  2.173853e+00   7.082707e-03   1.604928e-03   5.456443e-05   20120
  2.179147e+00   6.834947e-03   1.495586e-03   5.397076e-05   19512
  2.184682e+00   6.899414e-03   1.624686e-03   5.229022e-05   21246
  2.190096e+00   7.085767e-03   1.477588e-03   5.485122e-05   20112
  2.195583e+00   7.048413e-03   1.645292e-03   5.209192e-05   22104
  2.201050e+00   6.900459e-03   1.614482e-03   5.431170e-05   19620
  2.206482e+00   6.822392e-03   1.604796e-03   5.099036e-05   21912
  2.211921e+00   7.000728e-03   1.497387e-03   5.440690e-05   20070
  2.217337e+00   7.012395e-03   1.630864e-03   5.195451e-05   22064
  2.222850e+00   6.894032e-03   1.548352e-03   5.223857e-05   21048
  2.228199e+00   7.040366e-03   1.514343e-03   5.257909e-05   21168
  2.233635e+00   7.098611e-03   1.637642e-03   5.371191e-05   21384
  2.239216e+00   6.874267e-03   1.481766e-03   5.189219e-05   22146
  2.244666e+00   7.180165e-03   1.585174e-03   5.297157e-05   22200
  2.250163e+00   6.848621e-03   1.501548e-03   5.119077e-05   21648
  2.255545e+00   6.745908e-03   1.607582e-03   5.182744e-05   21144
  2.260867e+00   6.778985e-03   1.529125e-03   5.023094e-05   21710
  2.266343e+00   6.914686e-03   1.624700e-03   4.983841e-05   23112
  2.271991e+00   6.995797e-03   1.620840e-03   5.098486e-05   23064
  2.277435e+00   6.896961e-03   1.500062e-03   5.204936e-05   21252
  2.282668e+00   6.890409e-03   1.503720e-03   5.028885e-05   22128
  2.288126e+00   7.043590e-03   1.558658e-03   5.171315e-05   22446
  2.293582e+00   6.785855e-03   1.527528e-03   5.028186e-05   22848
  2.298983e+00   6.899742e-03   1.529486e-03   5.048308e-05   23208
  2.304508e+00   6.935276e-03   1.574247e-03   4.993882e-05   22536
  2.309946e+00   6.777394e-03   1.596462e-03   4.895728e-05   22586
  2.315370e+00   7.091685e-03   1.627795e-03   5.052106e-05   24096
  2.320825e+00   7.007779e-03   1.527306e-03   5.311780e-05   22440
  2.326212e+00   6.976443e-03   1.664369e-03   5.063801e-05   23400
  2.331602e+00   6.769715e-03   1.511928e-03   4.918479e-05   23232
  2.337168e+00   6.880053e-03   1.592064e-03   5.060140e-05   23886
  2.342533e+00   6.945241e-03   1.530913e-03   5.183099e-05   23376
  2.347967e+00   6.928503e-03   1.544635e-03   5.060025e-05   23540
  2.353338e+00   6.791115e-03   1.532168e-03   4.836556e-05   24240
  2.358915e+00   6.874496e-03   1.612109e-03   5.043371e-05   23952
  2.364402e+00   6.901389e-03   1.508159e-03   4.997843e-05   24006
  2.369901e+00   6.890517e-03   1.691935e-03   4.845531e-05   25560
  2.375221e+00   6.874756e-03   1.500150e-03   5.043948e-05   22728
  2.380552e+00   6.804155e-03   1.511947e-03   4.924642e-05   23556
  2.385955e+00   6.857654e-03   1.577785e-03   4.899878e-05   25398
  2.391435e+00   7.125201e-03   1.545774e-03   5.222592e-05   24088
  2.396892e+00   7.023301e-03   1.609108e-03   4.932528e-05   25696
  2.402362e+00   6.912221e-03   1.511201e-03   5.131818e-05   24144
  2.407786e+00   6.741123e-03   1.615096e-03   4.819356e-05   25560
  2.413246e+00   6.807110e-03   1.489846e-03   4.994549e-05   24246
  2.418724e+00   7.052523e-03   1.581827e-03   4.918248e-05   26292
  2.424188e+00   6.889590e-03   1.560153e-03   4.977958e-05   25200
  2.429626e+00   6.857793e-03   1.624829e-03   4.894085e-05   25296
  2.434943e+00   6.721687e-03   1.483819e-03   4.849797e-05   24192
  2.440599e+00   6.886262e-03   1.638534e-03   4.735473e-05   28646
  2.446110e+00   6.808750e-03   1.506669e-03   4.967665e-05   24552
  2.451515e+00   6.919245e-03   1.579460e-03   4.949847e-05   25788
  2.456795e+00   6.702613e-03   1.491180e-03   4.780055e-05   25272
  2.462256e+00   6.786461e-03   1.613697e-03   4.864288e-05   26118
  2.467607e+00   6.891551e-03   1.579547e-03   4.906009e-05   26016
  2.473206e+00   6.758972e-03   1.595790e-03   4.581532e-05   27792
  2.478571e+00   6.826248e-03   1.565206e-03   4.826689e-05   25072
  2.483982e+00   6.646669e-03   1.621283e-03   4.577150e-05   26824
  2.489402e+00   6.842850e-03   1.480279e-03   4.834946e-05   26106
  2.494915e+00   6.855966e-03   1.629064e-03   4.747108e-05   28296
  2.500377e+00   6.847849e-03   1.567349e-03   4.792295e-05   26640
  2.505822e+00   6.728554e-03   1.492228e-03   4.678148e-05   26064
  2.511215e+00   6.724746e-03   1.637115e-03   4.479371e-05   27822
  2.516572e+00   6.952140e-03   1.521472e-03   5.061996e-05   26160
  2.522001e+00   6.944468e-03   1.673107e-03   4.883293e-05   28108
  2.527479e+00   6.835295e-03   1.599090e-03   4.823591e-05   27664
  2.532916e+00   6.783066e-03   1.590673e-03   4.738107e-05   27600
  2.538445e+00   6.763478e-03   1.594105e-03   4.638753e-05   27510
  2.543900e+00   6.905202e-03   1.577441e-03   4.803602e-05   28848
  2.549331e+00   6.713460e-03   1.562048e-03   4.643886e-05   27744
  2.554787e+00   6.746114e-03   1.521895e-03   4.567422e-05   27888
  2.560210e+00   6.725667e-03   1.547223e-03   4.615390e-05   27780
  2.565645e+00   6.874847e-03   1.558725e-03   4.770392e-05   28734
  2.571023e+00   6.839848e-03   1.609586e-03   4.729672e-05   28232
  2.576527e+00   6.839840e-03   1.600458e-03   4.589057e-05   29016
  2.581909e+00   6.738588e-03   1.581285e-03   4.620108e-05   28056
  2.587324e+00   6.826700e-03   1.534592e-03   4.699127e-05   28710
  2.592790e+00   6.922100e-03   1.621010e-03   4.727460e-05   29220
  2.598465e+00   6.716476e-03   1.658218e-03   4.476240e-05   31584
  2.603840e+00   6.722685e-03   1.528599e-03   4.724800e-05   26904
  2.609079e+00   6.758709e-03   1.485740e-03   4.660239e-05   28512
  2.614658e+00   6.738058e-03   1.600396e-03   4.428823e-05   30878
  2.620190e+00   6.855172e-03   1.607291e-03   4.631941e-05   30408
  2.625603e+00   6.855928e-03   1.552575e-03   4.711919e-05   28632
  2.630926e+00   6.694352e-03   1.494100e-03   4.516274e-05   28764
  2.636301e+00   6.686376e-03   1.662258e-03   4.452459e-05   30630
  2.641825e+00   6.733146e-03   1.539050e-03   4.586381e-05   30240
  2.647360e+00   6.866085e-03   1.576813e-03   4.654830e-05   31008
  2.652753e+00   6.807660e-03   1.510278e-03   4.681366e-05   29240
  2.658053e+00   6.564971e-03   1.541271e-03   4.457560e-05   30000
  2.663579e+00   6.769849e-03   1.631431e-03   4.528264e-05   30978
  2.669020e+00   6.645032e-03   1.538057e-03   4.487967e-05   30696
  2.674440e+00   6.720514e-03   1.612132e-03   4.518617e-05   31320
  2.679792e+00   6.673004e-03   1.506651e-03   4.589585e-05   29280
  2.685220e+00   6.538466e-03   1.611110e-03   4.378364e-05   31488
  2.690645e+00   6.701589e-03   1.512555e-03   4.545793e-05   31326
  2.696128e+00   6.793341e-03   1.624023e-03   4.616257e-05   31480
  2.701662e+00   6.723244e-03   1.575428e-03   4.402733e-05   32572
  2.707181e+00   6.659718e-03   1.576379e-03   4.437093e-05   31296
  2.712540e+00   6.663205e-03   1.532958e-03   4.548247e-05   30798
  2.718010e+00   6.832544e-03   1.631915e-03   4.670273e-05   32256
  2.723379e+00   6.725809e-03   1.576275e-03   4.480957e-05   32088
  2.728754e+00   6.711431e-03   1.559976e-03   4.603337e-05   30936
  2.734196e+00   6.662095e-03   1.621863e-03   4.362470e-05   33036
  2.739744e+00   6.623707e-03   1.570337e-03   4.494248e-05   31846
  2.745145e+00   6.700096e-03   1.600723e-03   4.322931e-05   33832
  2.750571e+00   6.703763e-03   1.482757e-03   4.529474e-05   30912
  2.755951e+00   6.541570e-03   1.554945e-03   4.255826e-05   32976
  2.761359e+00   6.532253e-03   1.534255e-03   4.298707e-05   32712
  2.766879e+00   6.714942e-03   1.551134e-03   4.464303e-05   33438
  2.772315e+00   6.774263e-03   1.561569e-03   4.513556e-05   32556
  2.777612e+00   6.608157e-03   1.547775e-03   4.363868e-05   33144
  2.783077e+00   6.647005e-03   1.531023e-03   4.426694e-05   33504
  2.788685e+00   6.618009e-03   1.585219e-03   4.381800e-05   33542
  2.794001e+00   6.678672e-03   1.561774e-03   4.351590e-05   33768
  2.799514e+00   6.669420e-03   1.582505e-03   4.318733e-05   34368
  2.804894e+00   6.713352e-03   1.503763e-03   4.536744e-05   32856
  2.810386e+00   6.581329e-03   1.555021e-03   4.201877e-05   34524
  2.815774e+00   6.644554e-03   1.476871e-03   4.425906e-05   33510
  2.821310e+00   6.763533e-03   1.652814e-03   4.361961e-05   35856
  2.826780e+00   6.609168e-03   1.566245e-03   4.484894e-05   33888
  2.832150e+00   6.596313e-03   1.534797e-03   4.421304e-05   33752
  2.837510e+00   6.584200e-03   1.613976e-03   4.190201e-05   34902
  2.843143e+00   6.770296e-03   1.578935e-03   4.481199e-05   35484
  2.848630e+00   6.655115e-03   1.625328e-03   4.310926e-05   36648
  2.854056e+00   6.558052e-03   1.503100e-03   4.306773e-05   33000
  2.859416e+00   6.532499e-03   1.625165e-03   4.168360e-05   35520
  2.864954e+00   6.481158e-03   1.587378e-03   4.141602e-05   36078
  2.870343e+00   6.790748e-03   1.553780e-03   4.450647e-05   34992
  2.875726e+00   6.577094e-03   1.537418e-03   4.404635e-05   35072
  2.881222e+00   6.548313e-03   1.612107e-03   4.190974e-05   36876
  2.886535e+00   6.551905e-03   1.490702e-03   4.479737e-05   33216
  2.891986e+00   6.620265e-03   1.651729e-03   4.168958e-05   38382
  2.897574e+00   6.610797e-03   1.549240e-03   4.341805e-05   36072
  2.903069e+00   6.546814e-03   1.551510e-03   4.128671e-05   37464
  2.908437e+00   6.534566e-03   1.491290e-03   4.304201e-05   34416
  2.913907e+00   6.588510e-03   1.634265e-03   4.181762e-05   37386
  2.919336e+00   6.828965e-03   1.560351e-03   4.502718e-05   37040
  2.924747e+00   6.622682e-03   1.519091e-03   4.310920e-05   36240
  2.930120e+00   6.484370e-03   1.620578e-03   4.183832e-05   36432
  2.935572e+00   6.437437e-03   1.530037e-03   4.123698e-05   37560
  2.941044e+00   6.619208e-03   1.585551e-03   4.360174e-05   37350
  2.946615e+00   6.621465e-03   1.620920e-03   4.246907e-05   38616
  2.952019e+00   6.525303e-03   1.527850e-03   4.233967e-05   37092
  2.957454e+00   6.501364e-03   1.469269e-03   4.149989e-05   37272
  2.962879e+00   6.411627e-03   1.617603e-03   4.156641e-05   37616
  2.968367e+00   6.499906e-03   1.566567e-03   4.073109e-05   38478
  2.973773e+00   6.617463e-03   1.591818e-03   4.303977e-05   37992
  2.979169e+00   6.493468e-03   1.560915e-03   4.130469e-05   38232
  2.984576e+00   6.360810e-03   1.529810e-03   4.114329e-05   36708
  2.989998e+00   6.419451e-03   1.601300e-03   4.043184e-05   39534
  2.995476e+00   6.642229e-03   1.604456e-03   4.293925e-05   39336
  3.000916e+00   6.551325e-03   1.543508e-03   4.284050e-05   37624
  3.006363e+00   6.430767e-03   1.579336e-03   3.992391e-05   40408
  3.011852e+00   6.375294e-03   1.510623e-03   4.022794e-05   38256
  3.017315e+00   6.522116e-03   1.543281e-03   4.171487e-05   39438
  3.022829e+00   6.481107e-03   1.592476e-03   4.020812e-05   40524
  3.028194e+00   6.500530e-03   1.503499e-03   4.145717e-05   38448
  3.033601e+00   6.414322e-03   1.582383e-03   4.130037e-05   39312
  3.038992e+00   6.362699e-03   1.512689e-03   4.095554e-05   38718
  3.044403e+00   6.530554e-03   1.614057e-03   4.229170e-05   40872
  3.049845e+00   6.398338e-03   1.532666e-03   4.094834e-05   40088
  3.055371e+00   6.490159e-03   1.633644e-03   4.132534e-05   40644
  3.060822e+00   6.291633e-03   1.532935e-03   3.998421e-05   40176
  3.066304e+00   6.391362e-03   1.625298e-03   3.997374e-05   40998
  3.071650e+00   6.641773e-03   1.490471e-03   4.460024e-05   39192
  3.077083e+00   6.526531e-03   1.573750e-03   4.269398e-05   41640
  3.082545e+00   6.349309e-03   1.578537e-03   4.025912e-05   41400
  3.087927e+00   6.348969e-03   1.553632e-03   4.127152e-05   38640
  3.093396e+00   6.481104e-03   1.594261e-03   4.003840e-05   43658
  3.098867e+00   6.420813e-03   1.533241e-03   4.158091e-05   40608
  3.104282e+00   6.350750e-03   1.565192e-03   4.020028e-05   41880
  3.109810e+00   6.429817e-03   1.547184e-03   4.091618e-05   41712
  3.115335e+00   6.364427e-03   1.615131e-03   3.992228e-05   42942
  3.120741e+00   6.487507e-03   1.534331e-03   4.258605e-05   40896
  3.126165e+00   6.435977e-03   1.580796e-03   4.068848e-05   42708
  3.131542e+00   6.410602e-03   1.496179e-03   4.113730e-05   40968
  3.137007e+00   6.285999e-03   1.625543e-03   3.941614e-05   43496
  3.142457e+00   6.488345e-03   1.556121e-03   4.214819e-05   41454
  3.147915e+00   6.437165e-03   1.607241e-03   4.091199e-05   43704
  3.153202e+00   6.264797e-03   1.481093e-03   4.138616e-05   41208
  3.158685e+00   6.248318e-03   1.625130e-03   3.970476e-05   43944
  3.164222e+00   6.125231e-03   1.568163e-03   3.837686e-05   43218
  3.169711e+00   6.307742e-03   1.573649e-03   4.101070e-05   44136
  3.175074e+00   6.309564e-03   1.550274e-03   4.066453e-05   42304
  3.180483e+00   6.256639e-03   1.574816e-03   4.038164e-05   43096
  3.185809e+00   6.158246e-03   1.541007e-03   3.988766e-05   43464
  3.191366e+00   3.670971e-03   1.606948e-03   3.083188e-05   44382
  3.196804e+00   8.386139e-04   1.605225e-03   4.732137e-06   44316
  3.202282e+00   8.234232e-04   1.582905e-03   4.691463e-06   44592
  3.207694e+00   7.920535e-04   1.548943e-03   4.469622e-06   44328
  3.213178e+00   7.748258e-04   1.523706e-03   4.514268e-06   43560
  3.218610e+00   7.621085e-04   1.570802e-03   4.511415e-06   44763
  3.224020e+00   7.276937e-04   1.574927e-03   4.245283e-06   44216
  3.229465e+00   7.208482e-04   1.604748e-03   4.278629e-06   45144
  3.234953e+00   6.933801e-04   1.525298e-03   4.222810e-06   42876
  3.240354e+00   6.771830e-04   1.662551e-03   3.961361e-06   46164
  3.245765e+00   6.600180e-04   1.526236e-03   3.960611e-06   42360
  3.251284e+00   6.344653e-04   1.607148e-03   3.790735e-06   45324
  3.256678e+00   6.193399e-04   1.599342e-03   3.716670e-06   43320
  3.262107e+00   6.084250e-04   1.611675e-03   3.672348e-06   44580
  3.267667e+00   5.895266e-04   1.609815e-03   3.478780e-06   44468
  3.273119e+00   5.727490e-04   1.531376e-03   3.425377e-06   43416
  3.278411e+00   5.619266e-04   1.520505e-03   3.501877e-06   42264
  3.283884e+00   5.503086e-04   1.597197e-03   3.355150e-06   44580
  3.289368e+00   5.389004e-04   1.621337e-03   3.278141e-06   43824
  3.294829e+00   5.149860e-04   1.523757e-03   3.178334e-06   43392
  3.300224e+00   5.214323e-04   1.553494e-03   3.187728e-06   43296
  3.305724e+00   5.061885e-04   1.495301e-03   3.153984e-06   42656
  3.311087e+00   4.924184e-04   1.596934e-03   3.041078e-06   43728
  3.316591e+00   4.915618e-04   1.610238e-03   3.033433e-06   43536
  3.322030e+00   4.748969e-04   1.602586e-03   2.970807e-06   42180
  3.327473e+00   4.594857e-04   1.551796e-03   2.808266e-06   44136
  3.332939e+00   4.573374e-04   1.563744e-03   2.872263e-06   42372
  3.338336e+00   4.465252e-04   1.528428e-03   2.764105e-06   41604
  3.343731e+00   4.457788e-04   1.610433e-03   2.748206e-06   43440
  3.349182e+00   4.297007e-04   1.611663e-03   2.667587e-06   42488
  3.354561e+00   4.269815e-04   1.547466e-03   2.696135e-06   41496
  3.360074e+00   4.170926e-04   1.615298e-03   2.522467e-06   44112
  3.365562e+00   4.173714e-04   1.540359e-03   2.589993e-06   41688
  3.370956e+00   4.048707e-04   1.604620e-03   2.564843e-06   42276
  3.376369e+00   4.024892e-04   1.547681e-03   2.535540e-06   41172
  3.381820e+00   3.825374e-04   1.622702e-03   2.267217e-06   43536
  3.387296e+00   3.846502e-04   1.510509e-03   2.346892e-06   41496
  3.392714e+00   3.794830e-04   1.602713e-03   2.366176e-06   40764
  3.398118e+00   3.770456e-04   1.572660e-03   2.320194e-06   43220
  3.403602e+00   3.632779e-04   1.558712e-03   2.224632e-06   41076
  3.409040e+00   3.634925e-04   1.557898e-03   2.188358e-06   41532
  3.414506e+00   3.584128e-04   1.586149e-03   2.207571e-06   41928
  3.419924e+00   3.568999e-04   1.518385e-03   2.171482e-06   41412
  3.425338e+00   3.510911e-04   1.580228e-03   2.223132e-06   40032
  3.430721e+00   3.469745e-04   1.567201e-03   2.126465e-06   41880
  3.436133e+00   3.364877e-04   1.559578e-03   2.085158e-06   40264
  3.441614e+00   3.337725e-04   1.596952e-03   2.002546e-06   42592
  3.447111e+00   3.228689e-04   1.531936e-03   2.001430e-06   39588
  3.452537e+00   3.243782e-04   1.583857e-03   1.946450e-06   42180
  3.457928e+00   3.193884e-04   1.528129e-03   2.046940e-06   39240
  3.463345e+00   3.231507e-04   1.603997e-03   1.948445e-06   40920
  3.468834e+00   3.082945e-04   1.583230e-03   1.825863e-06   41184
  3.474296e+00   3.072538e-04   1.568330e-03   1.878086e-06   40872
  3.479702e+00   3.067493e-04   1.491774e-03   1.891944e-06   38748
  3.485168e+00   3.067800e-04   1.587794e-03   1.830802e-06   41420
  3.490553e+00   2.965784e-04   1.557380e-03   1.829488e-06   39816
  3.496030e+00   2.961451e-04   1.561371e-03   1.817121e-06   39792
  3.501436e+00   2.860870e-04   1.491602e-03   1.741320e-06   39816
  3.506965e+00   2.842424e-04   1.612108e-03   1.705171e-06   41064
  3.512408e+00   2.851888e-04   1.546522e-03   1.729793e-06   39204
  3.517925e+00   2.757503e-04   1.631952e-03   1.660710e-06   40080
  3.523223e+00   2.783294e-04   1.507994e-03   1.724329e-06   38332
  3.528672e+00   2.737444e-04   1.573899e-03   1.642368e-06   39952
  3.534102e+00   2.757758e-04   1.572293e-03   1.680656e-06   39000
  3.539668e+00   2.658711e-04   1.614601e-03   1.576778e-06   40356
  3.545098e+00   2.600926e-04   1.584135e-03   1.565414e-06   39300
  3.550517e+00   2.601569e-04   1.562974e-03   1.619084e-06   37452
  3.555894e+00   2.592012e-04   1.549762e-03   1.571382e-06   39732
  3.561429e+00   2.563913e-04   1.557625e-03   1.553186e-06   39312
  3.566817e+00   2.545964e-04   1.583965e-03   1.534122e-06   37632
  3.572234e+00   2.521983e-04   1.557396e-03   1.551917e-06   38420
  3.577674e+00   2.509280e-04   1.609595e-03   1.489675e-06   39564
  3.583132e+00   2.439327e-04   1.548840e-03   1.490234e-06   37236
  3.588516e+00   2.458774e-04   1.565848e-03   1.500413e-06   38100
  3.593924e+00   2.365664e-04   1.539495e-03   1.431826e-06   38208
  3.599440e+00   2.403067e-04   1.602149e-03   1.452197e-06   39072
  3.604845e+00   2.377662e-04   1.480860e-03   1.484622e-06   36192
  3.610293e+00   2.366289e-04   1.600910e-03   1.450005e-06   38928
  3.615801e+00   2.302027e-04   1.590552e-03   1.387019e-06   38768
  3.621383e+00   2.276947e-04   1.562835e-03   1.389673e-06   37596
  3.626841e+00   2.275460e-04   1.555898e-03   1.396333e-06   37296
  3.632194e+00   2.292580e-04   1.557356e-03   1.408840e-06   36948
  3.637577e+00   2.275639e-04   1.597343e-03   1.397207e-06   37248
  3.643147e+00   2.237191e-04   1.577439e-03   1.370007e-06   37152
  3.648492e+00   2.160732e-04   1.574751e-03   1.311644e-06   37512
  3.653954e+00   2.173607e-04   1.507515e-03   1.327835e-06   35876
  3.659374e+00   2.142782e-04   1.606552e-03   1.280327e-06   36936
  3.664880e+00   2.173936e-04   1.600548e-03   1.315447e-06   38028
  3.670348e+00   2.122996e-04   1.522914e-03   1.315604e-06   35592
  3.675687e+00   2.131049e-04   1.511337e-03   1.325679e-06   35508
  3.681088e+00   2.069890e-04   1.567228e-03   1.258184e-06   36492
  3.686612e+00   2.073211e-04   1.616757e-03   1.237861e-06   37608
  3.692081e+00   2.058401e-04   1.595280e-03   1.271323e-06   34848
  3.697390e+00   2.055053e-04   1.496163e-03   1.275146e-06   35220
  3.702857e+00   2.034001e-04   1.560827e-03   1.220073e-06   36884
  3.708318e+00   2.008951e-04   1.549021e-03   1.232846e-06   35412
  3.713858e+00   2.011082e-04   1.603888e-03   1.231738e-06   35652
  3.719249e+00   1.967165e-04   1.603516e-03   1.201857e-06   36072
  3.724653e+00   1.961432e-04   1.545362e-03   1.234102e-06   34368
  3.730119e+00   1.956883e-04   1.565390e-03   1.198575e-06   35484
  3.735586e+00   1.906429e-04   1.549559e-03   1.157289e-06   35256
  3.740941e+00   1.906681e-04   1.612995e-03   1.179696e-06   34476
  3.746410e+00   1.889057e-04   1.582486e-03   1.182499e-06   34916
  3.751834e+00   1.891750e-04   1.560509e-03   1.175774e-06   34596
  3.757263e+00   1.891373e-04   1.526486e-03   1.161519e-06   34656
  3.762714e+00   1.840103e-04   1.581266e-03   1.125339e-06   34596
  3.768200e+00   1.827587e-04   1.534004e-03   1.134705e-06   33984
  3.773562e+00   1.787324e-04   1.566114e-03   1.122018e-06   34080
  3.778963e+00   1.830311e-04   1.572881e-03   1.154658e-06   34140
  3.784487e+00   1.836299e-04   1.624544e-03   1.161194e-06   33804
  3.789951e+00   1.807228e-04   1.561511e-03   1.108505e-06   35096
  3.795448e+00   1.810294e-04   1.548108e-03   1.157540e-06   33108
  3.800788e+00   1.794557e-04   1.540015e-03   1.163249e-06   32280
  3.806205e+00   1.764216e-04   1.567716e-03   1.092903e-06   34404
  3.811718e+00   1.754647e-04   1.599739e-03   1.094188e-06   34248
  3.817250e+00   1.742990e-04   1.498979e-03   1.122195e-06   32016
  3.822674e+00   1.725144e-04   1.582258e-03   1.075999e-06   34344
  3.828141e+00   1.724200e-04   1.521407e-03   1.101482e-06   32024
  3.833419e+00   1.701258e-04   1.577025e-03   1.097850e-06   31908
  3.838903e+00   1.713381e-04   1.580344e-03   1.053168e-06   33192
  3.844404e+00   1.692909e-04   1.637429e-03   1.067130e-06   33288
  3.849795e+00   1.682681e-04   1.490950e-03   1.121835e-06   31356
  3.855259e+00   1.673809e-04   1.613715e-03   1.051398e-06   32496
  3.860695e+00   1.659618e-04   1.533804e-03   1.063758e-06   31944
  3.866002e+00   1.637045e-04   1.574956e-03   1.057467e-06   31512
  3.871427e+00   1.633529e-04   1.528683e-03   1.063243e-06   31156
  3.876990e+00   1.624180e-04   1.610722e-03   1.018585e-06   33352
  3.882440e+00   1.622911e-04   1.562321e-03   1.047197e-06   31344
  3.887945e+00   1.623057e-04   1.617631e-03   1.054975e-06   31068
  3.893365e+00   1.612673e-04   1.595427e-03   1.034309e-06   31752
  3.898694e+00   1.603207e-04   1.472715e-03   1.055709e-06   29868
  3.904158e+00   1.598348e-04   1.618311e-03   1.038475e-06   32052
  3.909662e+00   1.577276e-04   1.535519e-03   1.036412e-06   30012
  3.915037e+00   1.567057e-04   1.611064e-03   1.004652e-06   31520
  3.920567e+00   1.541158e-04   1.575150e-03   1.010706e-06   30648
  3.925929e+00   1.524336e-04   1.553739e-03   1.037591e-06   29304
  3.931379e+00   1.564283e-04   1.540483e-03   1.035805e-06   31140
  3.936935e+00   1.539331e-04   1.641115e-03   1.010374e-06   31320
  3.942387e+00   1.536318e-04   1.548803e-03   1.059374e-06   28356
  3.947754e+00   1.505748e-04   1.583135e-03   1.018021e-06   30288
  3.953106e+00   1.514042e-04   1.573376e-03   1.012035e-06   29472
  3.958489e+00   1.509478e-04   1.555320e-03   1.035550e-06   28716
  3.964046e+00   1.483754e-04   1.543510e-03   9.953086e-07   30740
  3.969538e+00   1.486673e-04   1.574261e-03   1.000332e-06   29304
  3.974923e+00   1.458151e-04   1.567890e-03   1.000589e-06   28476
  3.980403e+00   1.440767e-04   1.588107e-03   9.595888e-07   29304
  3.985849e+00   1.486181e-04   1.586252e-03   9.984892e-07   29280
  3.991362e+00   1.472942e-04   1.582091e-03   1.014164e-06   29100
  3.996850e+00   1.454149e-04   1.550996e-03   9.989601e-07   27816
  4.002128e+00   1.481618e-04   1.557957e-03   1.034666e-06   27692
  4.007580e+00   1.420613e-04   1.619992e-03   9.518546e-07   29724
  4.013138e+00   1.419957e-04   1.544165e-03   1.015176e-06   27240
  4.018514e+00   1.420398e-04   1.500820e-03   9.697236e-07   27588
  4.023894e+00   1.402331e-04   1.561808e-03   9.837981e-07   28560
  4.029394e+00   1.415975e-04   1.581785e-03   1.017730e-06   26952
  4.034839e+00   1.431159e-04   1.583665e-03   1.012934e-06   27516
  4.040261e+00   1.389945e-04   1.600351e-03   9.671197e-07   28344
  4.045759e+00   1.400602e-04   1.576275e-03   1.024160e-06   26196
  4.051072e+00   1.379324e-04   1.541569e-03   9.897263e-07   26360
  4.056519e+00   1.390371e-04   1.593665e-03   9.674030e-07   28152
  4.062017e+00   1.360698e-04   1.541184e-03   9.858796e-07   25896
  4.067403e+00   1.358909e-04   1.577942e-03   9.819694e-07   26592
  4.072863e+00   1.365209e-04   1.510771e-03   9.791667e-07   26568
  4.078361e+00   1.358123e-04   1.598680e-03   9.664299e-07   26832
  4.083715e+00   1.317904e-04   1.515874e-03   9.807473e-07   24972
  4.089266e+00   1.367879e-04   1.598351e-03   9.833902e-07   27000
  4.094669e+00   1.320884e-04   1.532450e-03   9.656307e-07   25448
  4.100056e+00   1.331426e-04   1.584391e-03   9.897023e-07   25476
  4.105587e+00   1.334787e-04   1.553105e-03   9.997479e-07   25152
  4.110933e+00   1.332561e-04   1.592180e-03   9.952421e-07   25968
  4.116439e+00   1.319430e-04   1.585064e-03   9.870293e-07   25320
  4.121936e+00   1.292740e-04   1.497338e-03   1.002889e-06   23796
  4.127194e+00   1.349129e-04   1.571596e-03   1.015001e-06   25500
  4.132663e+00   1.300867e-04   1.566138e-03   9.873507e-07   24420
  4.138205e+00   1.284428e-04   1.621058e-03   9.744788e-07   24656
  4.143555e+00   1.304252e-04   1.535877e-03   9.934351e-07   24036
  4.148982e+00   1.318235e-04   1.588370e-03   1.011498e-06   24528
  4.154373e+00   1.252783e-04   1.534446e-03   1.005626e-06   23004
  4.159821e+00   1.289517e-04   1.575770e-03   1.002292e-06   24576
  4.165293e+00   1.284560e-04   1.505141e-03   9.834677e-07   23736
  4.170760e+00   1.242299e-04   1.599171e-03   9.458343e-07   23712
  4.176262e+00   1.282138e-04   1.552705e-03   1.016102e-06   22992
  4.181681e+00   1.279847e-04   1.541976e-03   1.006801e-06   23984
  4.187096e+00   1.255328e-04   1.540203e-03   1.014587e-06   22344
  4.192540e+00   1.252103e-04   1.562907e-03   9.951546e-07   22536
  4.197951e+00   1.274044e-04   1.546870e-03   1.005610e-06   23268
  4.203353e+00   1.250750e-04   1.588651e-03   1.023799e-06   22152
  4.208799e+00   1.226391e-04   1.568712e-03   1.016221e-06   22068
  4.214381e+00   1.256951e-04   1.610904e-03   9.967391e-07   23664
  4.219765e+00   1.229270e-04   1.496014e-03   1.041400e-06   20640
  4.225141e+00   1.214036e-04   1.587688e-03   1.003405e-06   22376
  4.230687e+00   1.229984e-04   1.561479e-03   1.031211e-06   21444
  4.236032e+00   1.241241e-04   1.618016e-03   1.029772e-06   21576
  4.241470e+00   1.211971e-04   1.604143e-03   1.055745e-06   21660
  4.247060e+00   1.219404e-04   1.622088e-03   1.030607e-06   20916
  4.252463e+00   1.230416e-04   1.591059e-03   1.050672e-06   21504
  4.257831e+00   1.190991e-04   1.516262e-03   1.056732e-06   20508
  4.263333e+00   1.182746e-04   1.620094e-03   1.036893e-06   20036
  4.268738e+00   1.214511e-04   1.567896e-03   1.040839e-06   21276
  4.274208e+00   1.178815e-04   1.552204e-03   1.024937e-06   20652
  4.279668e+00   1.172869e-04   1.544650e-03   1.088040e-06   18696
  4.285116e+00   1.207404e-04   1.616732e-03   1.049929e-06   21504
  4.290573e+00   1.187157e-04   1.511985e-03   1.062114e-06   19284
  4.296019e+00   1.123101e-04   1.630585e-03   1.006302e-06   19356
  4.301432e+00   1.177601e-04   1.540949e-03   1.078466e-06   19236
  4.306795e+00   1.229969e-04   1.571095e-03   1.162527e-06   19476
  4.312272e+00   1.108870e-04   1.634853e-03   1.020887e-06   19184
  4.317835e+00   1.140254e-04   1.583822e-03   1.046030e-06   18852
  4.323254e+00   1.225721e-04   1.533201e-03   1.138919e-06   18876
  4.328571e+00   1.113734e-04   1.593847e-03   1.070765e-06   18336
  4.334078e+00   1.114809e-04   1.599281e-03   1.085544e-06   17820
  4.339614e+00   1.202263e-04   1.614145e-03   1.164158e-06   19392
  4.344985e+00   1.115761e-04   1.598282e-03   1.079384e-06   17616
  4.350318e+00   1.060978e-04   1.504639e-03   1.059905e-06   16320
  4.355861e+00   1.158305e-04   1.629545e-03   1.106253e-06   19292
  4.361241e+00   1.137173e-04   1.561011e-03   1.177052e-06   17112
  4.366853e+00   1.060704e-04   1.582117e-03   1.050964e-06   17388
  4.372327e+00   1.125398e-04   1.481209e-03   1.182379e-06   16692
  4.377488e+00   1.143164e-04   1.566835e-03   1.180693e-06   16956
  4.383124e+00   1.038761e-04   1.580304e-03   1.025418e-06   17040
  4.388630e+00   1.090271e-04   1.563733e-03   1.150238e-06   16092
  4.393862e+00   1.152382e-04   1.553118e-03   1.222265e-06   16380
  4.399428e+00   1.051741e-04   1.596421e-03   1.136568e-06   16688
  4.404886e+00   1.030497e-04   1.596956e-03   1.137564e-06   14940
  4.410242e+00   1.124680e-04   1.605748e-03   1.214026e-06   16668
  4.415795e+00   1.053817e-04   1.568026e-03   1.146624e-06   15804
  4.421181e+00   1.022176e-04   1.557131e-03   1.151484e-06   14280
  4.426622e+00   1.116327e-04   1.532886e-03   1.227172e-06   16068
  4.432054e+00   1.040197e-04   1.562272e-03   1.163670e-06   15048
  4.437457e+00   1.037026e-04   1.592183e-03   1.187066e-06   13940
  4.442869e+00   1.054847e-04   1.521708e-03   1.192475e-06   15072
  4.448295e+00   1.038314e-04   1.622238e-03   1.187377e-06   14808
  4.453669e+00   9.825477e-05   1.506280e-03   1.144191e-06   13200
  4.459194e+00   9.914956e-05   1.595625e-03   1.097406e-06   15156
  4.464724e+00   1.068250e-04   1.556013e-03   1.265341e-06   13788
  4.470151e+00   9.801770e-05   1.533533e-03   1.203049e-06   13608
  4.475573e+00   9.703867e-05   1.461946e-03   1.177274e-06   13224
  4.480979e+00   1.026992e-04   1.576198e-03   1.283883e-06   13320
  4.486355e+00   9.786047e-05   1.554184e-03   1.221020e-06   13220
  4.491886e+00   9.381103e-05   1.570846e-03   1.126837e-06   12984
  4.497444e+00   9.999565e-05   1.589998e-03   1.287542e-06   12780
  4.502691e+00   9.194528e-05   1.504822e-03   1.190626e-06   12360
  4.508225e+00   9.217454e-05   1.583198e-03   1.149190e-06   12480
  4.513746e+00   9.543789e-05   1.537784e-03   1.227120e-06   11892
  4.519015e+00   9.128362e-05   1.594395e-03   1.240384e-06   12192
  4.524529e+00   8.982288e-05   1.563074e-03   1.168369e-06   11328
  4.530016e+00   8.608533e-05   1.657530e-03   1.115425e-06   12020
  4.535376e+00   8.954050e-05   1.523948e-03   1.208951e-06   11052
  4.540948e+00   8.222293e-05   1.618906e-03   1.016209e-06   11304
  4.546169e+00   8.178972e-05   1.489624e-03   1.074598e-06   10368
  4.551511e+00   8.437342e-05   1.550098e-03   1.101866e-06   10899
  4.557146e+00   8.244681e-05   1.554021e-03   1.086312e-06   10752
  4.562496e+00   7.921714e-05   1.559799e-03   1.092496e-06   10446
  4.568012e+00   7.964956e-05   1.535197e-03   1.003478e-06   10092
  4.573476e+00   7.497087e-05   1.555534e-03   9.538605e-07   10220
  4.578755e+00   7.944336e-05   1.523556e-03   1.131765e-06   9636
  4.584373e+00   7.574057e-05   1.567355e-03   9.958681e-07   10020
  4.589883e+00   7.253177e-05   1.628387e-03   9.757832e-07   9906
  4.595217e+00   7.416648e-05   1.510439e-03   1.024675e-06   8940
  4.600749e+00   7.457369e-05   1.531752e-03   1.012477e-06   9558
  4.606151e+00   7.224721e-05   1.668091e-03   1.038439e-06   9180
  4.611496e+00   7.332635e-05   1.596941e-03   1.030934e-06   8674
  4.617087e+00   7.097732e-05   1.587385e-03   9.301485e-07   9454
  4.622489e+00   6.919857e-05   1.631486e-03   9.942748e-07   8316
  4.627854e+00   6.890035e-05   1.608919e-03   9.160035e-07   8622
  4.633459e+00   6.812059e-05   1.597569e-03   9.030370e-07   9006
  4.638817e+00   6.416508e-05   1.610282e-03   9.199339e-07   7698
  4.644188e+00   6.807334e-05   1.545067e-03   9.432553e-07   8406
  4.649796e+00   6.369506e-05   1.648676e-03   8.402028e-07   8646
  4.655134e+00   6.463552e-05   1.566555e-03   9.547441e-07   7014
  4.660482e+00   6.522648e-05   1.557241e-03   9.019983e-07   8510
  4.666168e+00   6.330777e-05   1.641235e-03   8.575886e-07   7890
  4.671505e+00   5.917784e-05   1.574407e-03   8.434811e-07   6966
  4.676764e+00   6.371417e-05   1.504915e-03   8.753104e-07   7902
  4.682374e+00   6.257107e-05   1.641329e-03   9.031072e-07   7278
  4.687828e+00   5.798089e-05   1.612380e-03   8.037366e-07   7338
  4.693196e+00   6.077520e-05   1.493392e-03   8.495333e-07   7254
  4.698697e+00   6.014538e-05   1.608386e-03   8.525308e-07   6678
  4.704032e+00   5.899354e-05   1.606870e-03   8.246133e-07   7286
  4.709691e+00   6.232133e-05   1.589718e-03   9.332532e-07   7200
  4.715313e+00   5.973141e-05   1.543001e-03   8.857716e-07   6234
  4.720293e+00   5.728147e-05   1.546551e-03   8.341052e-07   6630
  4.725937e+00   5.939239e-05   1.594739e-03   8.866861e-07   6822
  4.731533e+00   5.672022e-05   1.502372e-03   9.189479e-07   6078
  4.736631e+00   5.723839e-05   1.597130e-03   8.738743e-07   6528
  4.742272e+00   5.772373e-05   1.526400e-03   8.529492e-07   6034
  4.747672e+00   5.178019e-05   1.563107e-03   7.404650e-07   6190
  4.753036e+00   5.765263e-05   1.605909e-03   8.945225e-07   6270
  4.758704e+00   5.809501e-05   1.444203e-03   9.250566e-07   5520
  4.763890e+00   5.162559e-05   1.616958e-03   7.407430e-07   6126
  4.769317e+00   5.634440e-05   1.511987e-03   8.932932e-07   5562
  4.775011e+00   5.349790e-05   1.511880e-03   7.875449e-07   5790
  4.780175e+00   5.169275e-05   1.547880e-03   7.980670e-07   5496
  4.785646e+00   5.486924e-05   1.559064e-03   8.696193e-07   5262
  4.791216e+00   5.155890e-05   1.535486e-03   8.126452e-07   5774
  4.796542e+00   5.306880e-05   1.521126e-03   8.154898e-07   5124
  4.802154e+00   5.433899e-05   1.525856e-03   8.903507e-07   5070
  4.807432e+00   5.212583e-05   1.588341e-03   7.846801e-07   5430
  4.812826e+00   5.125055e-05   1.483666e-03   8.534121e-07   4680
  4.818540e+00   5.089213e-05   1.536582e-03   7.739020e-07   5370
  4.823790e+00   5.156663e-05   1.468016e-03   8.434322e-07   4638
  4.829137e+00   5.103820e-05   1.543205e-03   8.666921e-07   4536
  4.834713e+00   4.980596e-05   1.545277e-03   7.974164e-07   5222
  4.840070e+00   4.795396e-05   1.418031e-03   8.093556e-07   4254
  4.845561e+00   5.082147e-05   1.563113e-03   8.646479e-07   4548
  4.850865e+00   4.792262e-05   1.515896e-03   7.686619e-07   4638
  4.856279e+00   4.957521e-05   1.496620e-03   8.242030e-07   4176
  4.861899e+00   4.853550e-05   1.501804e-03   7.892357e-07   4518
  4.867234e+00   5.018732e-05   1.513137e-03   8.719311e-07   4278
  4.872549e+00   4.939975e-05   1.464028e-03   8.984204e-07   3732
  4.877994e+00   4.653569e-05   1.546653e-03   7.816640e-07   4502
  4.883481e+00   4.909186e-05   1.503470e-03   8.602751e-07   3984
  4.889020e+00   4.871768e-05   1.557569e-03   8.677005e-07   3726
  4.894174e+00   4.946634e-05   1.501292e-03   9.194523e-07   4014
  4.899605e+00   4.857318e-05   1.574381e-03   8.586249e-07   3756
  4.905398e+00   4.544594e-05   1.580112e-03   7.859046e-07   3894
  4.910659e+00   4.857643e-05   1.546203e-03   8.574065e-07   3744
  4.915968e+00   4.847434e-05   1.571823e-03   9.127081e-07   3174
  4.921505e+00   4.660728e-05   1.608835e-03   8.136340e-07   3968
  4.926991e+00   4.517678e-05   1.622395e-03   8.659528e-07   3522
  4.932722e+00   4.772624e-05   1.666295e-03   8.909516e-07   3198
  4.937920e+00   4.420126e-05   1.632144e-03   7.446702e-07   3648
  4.943345e+00   4.759577e-05   1.659133e-03   9.088584e-07   3054
  4.949062e+00   4.483403e-05   1.560433e-03   8.466486e-07   3312
  4.954266e+00   4.529142e-05   1.648372e-03   8.693509e-07   3354
  4.959775e+00   4.658851e-05   1.630010e-03   9.964513e-07   2624
  4.965165e+00   4.459873e-05   1.590230e-03   7.994162e-07   3462
  4.970648e+00   4.635097e-05   1.658767e-03   8.989162e-07   2976
  4.976433e+00   4.427068e-05   1.570247e-03   8.841246e-07   2670
  4.981450e+00   4.524353e-05   1.634562e-03   8.941505e-07   3186
  4.986828e+00   4.707286e-05   1.526978e-03   1.049319e-06   2376
  4.992553e+00   4.405834e-05   1.609692e-03   8.164786e-07   3102
  4.997840e+00   4.529982e-05   1.575648e-03   9.212089e-07   2688
  5.003337e+00   4.632920e-05   1.643829e-03   1.052123e-06   2286
  5.008726e+00   4.447472e-05   1.585579e-03   8.688193e-07   3020
  5.014174e+00   4.543027e-05   1.510259e-03   9.976259e-07   2310
  5.019958e+00   4.464231e-05   1.669065e-03   9.392594e-07   2544
  5.025112e+00   4.342230e-05   1.556079e-03   8.722639e-07   2526
  5.030503e+00   4.699340e-05   1.598055e-03   1.127049e-06   2112
  5.036149e+00   4.481664e-05   1.535784e-03   9.467995e-07   2538
  5.041490e+00   4.585361e-05   1.597743e-03   1.033915e-06   2304
  5.046925e+00   4.751276e-05   1.576461e-03   1.155323e-06   1902
  5.052197e+00   4.475121e-05   1.506026e-03   9.787256e-07   2408
  5.057655e+00   4.578809e-05   1.588655e-03   1.077683e-06   2094
  5.063468e+00   4.430619e-05   1.618622e-03   1.019826e-06   2028
  5.068570e+00   4.556570e-05   1.535323e-03   1.043023e-06   2094
  5.073985e+00   4.319291e-05   1.674958e-03   9.757467e-07   1920
  5.079736e+00   4.468578e-05   1.412176e-03   1.014980e-06   1926
  5.084997e+00   4.460591e-05   1.648354e-03   1.013078e-06   2088
  5.090349e+00   4.478317e-05   1.445979e-03   1.207822e-06   1434
  5.095727e+00   4.357941e-05   1.528869e-03   1.017960e-06   2048
  5.101055e+00   4.379968e-05   1.524439e-03   1.134098e-06   1758
  5.106921e+00   4.550767e-05   1.681850e-03   1.148689e-06   1584
  5.112297e+00   4.527964e-05   1.666289e-03   1.122976e-06   1998
  5.117737e+00   4.562097e-05   1.517710e-03   1.276570e-06   1428
  5.123436e+00   4.324331e-05   1.270388e-03   1.212034e-06   1488
  5.128415e+00   4.650180e-05   1.618345e-03   1.135570e-06   1806
  5.133668e+00   4.652458e-05   1.473287e-03   1.506176e-06   1040
  5.139281e+00   4.560773e-05   1.543732e-03   1.087522e-06   1782
  5.144417e+00   4.422415e-05   1.459353e-03   1.236203e-06   1428
  5.150558e+00   4.430922e-05   1.752291e-03   1.367821e-06   1206
  5.155754e+00   4.326536e-05   1.628015e-03   1.154722e-06   1728
  5.160990e+00   4.111803e-05   1.525739e-03   1.403074e-06   1038
  5.167027e+00   4.611903e-05   1.237946e-03   1.289692e-06   1248
  5.171798e+00   4.768946e-05   1.578785e-03   1.204574e-06   1530
  5.177034e+00   4.818509e-05   1.447012e-03   2.127580e-06   656
  5.182884e+00   4.652929e-05   1.622270e-03   1.145486e-06   1662
  5.187826e+00   4.542480e-05   1.343030e-03   1.502473e-06   1008
  5.194344e+00   4.650938e-05   1.783380e-03   1.567098e-06   960
  5.199238e+00   4.656823e-05   1.533522e-03   1.386823e-06   1458
  5.204352e+00   4.565237e-05   1.515264e-03   1.988725e-06   672
  5.210626e+00   4.634173e-05   1.187605e-03   1.460467e-06   1062
  5.215066e+00   4.636729e-05   1.540654e-03   1.409298e-06   1224
  5.220385e+00   4.453110e-05   1.345767e-03   2.252734e-06   374
  5.226378e+00   4.595638e-05   1.617607e-03   1.197912e-06   1512
  5.231226e+00   4.565313e-05   1.355537e-03   1.833359e-06   666
  5.238164e+00   4.581395e-05   1.657312e-03   1.742578e-06   720
  5.242515e+00   4.991783e-05   1.484148e-03   1.482003e-06   1224
  5.247863e+00   5.074579e-05   1.475424e-03   2.606298e-06   390
  5.254263e+00   4.535944e-05   1.097036e-03   1.544194e-06   936
  5.258334e+00   5.017147e-05   1.565258e-03   1.716938e-06   882
  5.264148e+00   4.366463e-05   1.528292e-03   3.196913e-06   216
  5.269800e+00   4.816184e-05   1.517469e-03   1.406717e-06   1286
  5.274591e+00   4.977801e-05   1.267641e-03   2.617503e-06   384
  5.281913e+00   4.449513e-05   1.595845e-03   2.046178e-06   576
  5.285704e+00   4.942375e-05   1.430314e-03   1.677190e-06   930
  5.291130e+00   5.028748e-05   1.405067e-03   3.152455e-06   216
  5.298050e+00   4.873963e-05   1.127871e-03   1.614998e-06   918
  5.302037e+00   5.431767e-05   1.519148e-03   2.416639e-06   480
  5.307441e+00   5.208209e-05   1.280066e-03   6.149119e-06   78
  5.313052e+00   5.095890e-05   1.383681e-03   1.814025e-06   1052
  5.318233e+00   5.678889e-05   1.611134e-03   3.769079e-06   240
  5.326163e+00   5.333197e-05   5.882336e-04   2.538633e-06   438
  5.328872e+00   5.190653e-05   1.360971e-03   2.214911e-06   648
  5.333924e+00   6.323398e-05   1.123687e-03   6.444104e-06   78
  5.341457e+00   4.884850e-05   9.804401e-04   1.731420e-06   780
  5.345244e+00   6.080050e-05   1.368055e-03   4.370193e-06   240
  5.349910e+00   6.401187e-05   0.000000e+00   1.997636e-05   6
  5.356198e+00   4.882185e-05   1.253222e-03   1.634946e-06   824
  5.360748e+00   4.250762e-05   9.688384e-04   3.620756e-06   78
  5.369722e+00   5.498611e-05   5.065474e-04   2.679032e-06   432
  5.372065e+00   5.585872e-05   1.225115e-03   3.260806e-06   348
  5.376527e+00   5.314609e-05   0.000000e+00   1.369991e-05   6
  5.384681e+00   5.734006e-05   8.661160e-04   2.611528e-06   600
  5.387907e+00   6.165913e-05   8.155581e-04   6.784466e-06   78
  5.399271e+00   5.501335e-05   1.072115e-03   2.258697e-06   572
  5.403481e+00   4.503365e-05   0.000000e+00   7.107642e-06   6
  5.413189e+00   5.976490e-05   5.033701e-04   2.731514e-06   384
  5.415134e+00   5.693943e-05   7.482049e-04   5.932872e-06   102
  5.427858e+00   6.275023e-05   7.359585e-04   3.450488e-06   396
  5.430766e+00   9.782732e-05   0.000000e+00   2.806216e-05   6
  5.442225e+00   6.256179e-05   6.658608e-04   3.513844e-06   326
  5.456526e+00   6.669329e-05   4.630285e-04   3.898626e-06   252
  5.458378e+00   5.730324e-05   0.000000e+00   1.424402e-05   6
  5.470933e+00   6.502246e-05   4.213345e-04   5.440991e-06   198
  5.485317e+00   6.227619e-05   3.214857e-04   4.370542e-06   146
  5.499721e+00   6.909170e-05   2.359708e-04   7.941858e-06   102
  5.514144e+00   7.262548e-05   1.639936e-04   8.511009e-06   66
  5.528587e+00   6.057072e-05   1.041522e-04   8.192907e-06   38
  5.543047e+00   2.548575e-05   5.371851e-05   5.019235e-06   18
  5.557519e+00   4.805203e-05   5.754450e-08   1.831751e-05   6
