# power spectrum of chi
# redshift z=100.000000
# k              Pk             sigma(k)       sigma(Pk)      count
  2.513274e-02   4.675536e-21   2.247832e-10   1.506046e-21   6
  3.554306e-02   1.682676e-20   0.000000e+00   4.181870e-21   12
  4.353118e-02   9.463703e-21   4.768372e-10   3.865002e-21   8
  5.026548e-02   6.542078e-21   4.495664e-10   2.529394e-21   6
  5.619852e-02   6.168161e-21   8.991328e-10   1.343216e-21   24
  6.156239e-02   7.168736e-21   6.357829e-10   9.573719e-22   24
  7.416620e-02   6.367440e-21   1.948007e-03   9.264749e-22   42
  7.947671e-02   2.491862e-21   0.000000e+00   4.654335e-22   24
  8.335587e-02   3.767314e-21   1.557344e-09   7.350345e-22   24
  8.972863e-02   2.800191e-21   1.539368e-03   6.191330e-22   32
  9.403811e-02   2.692455e-21   0.000000e+00   3.874984e-22   48
  1.005310e-01   9.169368e-22   8.991328e-10   2.072514e-22   6
  1.049125e-01   1.743968e-21   1.486715e-03   1.970115e-22   84
  1.109741e-01   1.706775e-21   1.422978e-03   1.951615e-22   48
  1.160761e-01   1.686193e-21   1.277655e-03   1.503893e-22   72
  1.231248e-01   1.056932e-21   1.271566e-09   1.426737e-22   24
  1.274204e-01   1.142212e-21   1.133933e-03   1.083170e-22   102
  1.338823e-01   8.651794e-22   2.192492e-03   7.070129e-23   104
  1.376577e-01   6.707358e-22   0.000000e+00   9.933215e-23   48
  1.450967e-01   7.287693e-22   1.454852e-03   6.992257e-23   108
  1.494985e-01   8.123402e-22   1.026108e-03   9.908797e-23   78
  1.544156e-01   6.127048e-22   8.885963e-04   5.842245e-23   96
  1.612033e-01   4.472769e-22   1.252396e-03   3.698229e-23   168
  1.674610e-01   4.531963e-22   1.514588e-03   3.583076e-23   120
  1.704585e-01   2.732133e-22   0.000000e+00   3.564193e-23   48
  1.775076e-01   3.887941e-22   1.466362e-03   2.431069e-23   194
  1.836114e-01   2.799492e-22   1.199745e-03   1.976369e-23   192
  1.889121e-01   2.402643e-22   8.359107e-04   2.381688e-23   96
  1.926375e-01   2.523074e-22   7.114371e-04   2.109598e-23   96
  1.973415e-01   2.001183e-22   1.049518e-03   1.783199e-23   174
  2.036605e-01   1.959976e-22   1.032544e-03   1.512926e-23   216
  2.087655e-01   1.634071e-22   1.069752e-03   1.075017e-23   192
  2.153360e-01   1.065811e-22   1.134051e-03   8.260275e-24   204
  2.199701e-01   1.390112e-22   1.553116e-03   1.043196e-23   224
  2.263855e-01   1.106423e-22   8.767448e-04   7.601134e-24   174
  2.313653e-01   1.251818e-22   1.685384e-03   6.840809e-24   288
  2.375440e-01   8.211385e-23   8.296829e-04   4.684488e-24   288
  2.423661e-01   8.659972e-23   1.600294e-03   4.482660e-24   192
  2.486778e-01   7.998660e-23   1.171093e-03   4.642409e-24   252
  2.526714e-01   6.643043e-23   6.978544e-04   3.862112e-24   246
  2.580960e-01   6.677136e-23   1.324197e-03   3.297083e-24   312
  2.629351e-01   5.869793e-23   8.554600e-04   3.387687e-24   248
  2.695776e-01   4.587615e-23   1.809641e-03   2.057286e-24   432
  2.749286e-01   4.427468e-23   1.515534e-03   3.021552e-24   198
  2.802165e-01   4.096611e-23   1.832967e-03   2.066754e-24   456
  2.863920e-01   4.064703e-23   1.069655e-03   2.118877e-24   324
  2.907627e-01   3.642302e-23   1.266356e-03   2.138230e-24   312
  2.961810e-01   3.253731e-23   1.588477e-03   1.407519e-24   408
  3.029220e-01   2.937441e-23   1.466968e-03   1.273511e-24   414
  3.075580e-01   2.486009e-23   1.269406e-03   1.298102e-24   392
  3.123025e-01   1.995561e-23   1.430245e-03   9.698705e-25   408
  3.185470e-01   2.248499e-23   1.518117e-03   9.272332e-25   444
  3.232898e-01   2.518976e-23   1.227263e-03   1.336860e-24   360
  3.293455e-01   2.060603e-23   1.684453e-03   6.871398e-25   678
  3.357501e-01   1.627553e-23   1.079705e-03   7.682914e-25   360
  3.406722e-01   1.589305e-23   1.778081e-03   5.802743e-25   648
  3.453647e-01   1.514673e-23   8.217968e-04   7.709500e-25   288
  3.513418e-01   1.438867e-23   1.531028e-03   5.118350e-25   686
  3.569625e-01   1.370036e-23   1.138289e-03   6.256880e-25   444
  3.620452e-01   1.279338e-23   1.580989e-03   4.583691e-25   696
  3.671010e-01   1.251147e-23   1.502020e-03   5.432174e-25   408
  3.725872e-01   9.164923e-24   1.554025e-03   3.396584e-25   648
  3.782992e-01   1.022942e-23   1.360625e-03   3.764032e-25   582
  3.833918e-01   8.477198e-24   1.703041e-03   3.114751e-25   744
  3.890113e-01   7.665940e-24   1.700144e-03   2.962898e-25   516
  3.941882e-01   7.432979e-24   1.645265e-03   2.491503e-25   728
  3.989676e-01   8.109139e-24   1.363195e-03   3.202036e-25   558
  4.047392e-01   6.491498e-24   1.374231e-03   2.274108e-25   768
  4.109960e-01   6.685026e-24   1.593026e-03   2.016579e-25   960
  4.164620e-01   5.695542e-24   1.114439e-03   2.066172e-25   576
  4.217163e-01   5.869200e-24   1.808947e-03   1.929658e-25   816
  4.273742e-01   5.722906e-24   1.395616e-03   1.945368e-25   666
  4.323421e-01   5.157685e-24   1.636664e-03   1.559860e-25   960
  4.382783e-01   5.057218e-24   1.614107e-03   1.614718e-25   824
  4.440386e-01   4.217552e-24   1.777416e-03   1.329780e-25   936
  4.493430e-01   4.143277e-24   1.321819e-03   1.446775e-25   624
  4.542288e-01   3.721854e-24   1.556102e-03   1.104993e-25   1062
  4.599003e-01   3.396550e-24   1.695132e-03   1.239982e-25   732
  4.648741e-01   3.079144e-24   1.470856e-03   9.216122e-26   1080
  4.708074e-01   3.495917e-24   1.603534e-03   1.169317e-25   936
  4.761732e-01   2.882254e-24   1.731990e-03   9.996854e-26   878
  4.818260e-01   2.958183e-24   1.755225e-03   8.577507e-26   1152
  4.870749e-01   2.769368e-24   1.356663e-03   8.021438e-26   1056
  4.926568e-01   2.692362e-24   1.602363e-03   8.533528e-26   864
  4.976423e-01   2.294284e-24   1.565217e-03   6.781106e-26   1092
  5.036015e-01   2.252341e-24   1.653531e-03   6.561184e-26   1206
  5.092782e-01   2.226852e-24   1.678014e-03   6.061405e-26   1248
  5.145213e-01   2.146677e-24   1.137149e-03   6.804028e-26   864
  5.191890e-01   1.889466e-24   1.180642e-03   5.129347e-26   1152
  5.252742e-01   1.876138e-24   1.757644e-03   4.952120e-26   1382
  5.312134e-01   1.796770e-24   1.566451e-03   4.975178e-26   1188
  5.364142e-01   1.729618e-24   1.659855e-03   4.655426e-26   1248
  5.413249e-01   1.611399e-24   1.574532e-03   4.481371e-26   1152
  5.467138e-01   1.559021e-24   1.729118e-03   4.512188e-26   1320
  5.526917e-01   1.412304e-24   1.146028e-03   3.892411e-26   1206
  5.576517e-01   1.455908e-24   1.665023e-03   3.616911e-26   1560
  5.635439e-01   1.272910e-24   1.549958e-03   3.171163e-26   1280
  5.685850e-01   1.267272e-24   1.560520e-03   3.222791e-26   1308
  5.741001e-01   1.128651e-24   1.566129e-03   2.823461e-26   1512
  5.795940e-01   1.180447e-24   1.277777e-03   3.047523e-26   1350
  5.852552e-01   1.086665e-24   1.688249e-03   2.641595e-26   1608
  5.900948e-01   9.963623e-25   1.451867e-03   2.680118e-26   1320
  5.957309e-01   9.466403e-25   1.748946e-03   2.131234e-26   1656
  6.008045e-01   9.004240e-25   1.374965e-03   2.470187e-26   1254
  6.066730e-01   8.687052e-25   1.569270e-03   1.896448e-26   1932
  6.122044e-01   8.835814e-25   1.409199e-03   2.265420e-26   1640
  6.176544e-01   8.048392e-25   1.462843e-03   1.952270e-26   1488
  6.227944e-01   7.460482e-25   1.414095e-03   1.772355e-26   1560
  6.286404e-01   7.596410e-25   1.698486e-03   1.541462e-26   2046
  6.340669e-01   7.169938e-25   1.523538e-03   1.788531e-26   1512
  6.393232e-01   6.610609e-25   1.516165e-03   1.509072e-26   1764
  6.445652e-01   6.431540e-25   1.511671e-03   1.488297e-26   1776
  6.499746e-01   6.127781e-25   1.817211e-03   1.511264e-26   1704
  6.557781e-01   5.557897e-25   1.779589e-03   1.162334e-26   2126
  6.610046e-01   5.239097e-25   1.236245e-03   1.219347e-26   1632
  6.662499e-01   5.682202e-25   1.646884e-03   1.205202e-26   2064
  6.715382e-01   5.136017e-25   1.357901e-03   1.220672e-26   1680
  6.772924e-01   4.746766e-25   1.523137e-03   1.029694e-26   2154
  6.826481e-01   4.787436e-25   1.541852e-03   1.019121e-26   2016
  6.884154e-01   4.358796e-25   1.692697e-03   8.374585e-27   2304
  6.937001e-01   4.393891e-25   1.347609e-03   1.051724e-26   1680
  6.991903e-01   4.301024e-25   1.561166e-03   7.967319e-27   2432
  7.046941e-01   4.077510e-25   1.538311e-03   8.912619e-27   1902
  7.101567e-01   3.733386e-25   1.581895e-03   7.361931e-27   2292
  7.150285e-01   3.655935e-25   1.252979e-03   8.231686e-27   1992
  7.208092e-01   3.590377e-25   1.606146e-03   7.063722e-27   2568
  7.263678e-01   2.963431e-25   1.402295e-03   6.790707e-27   1806
  7.319849e-01   3.121271e-25   1.724889e-03   5.429412e-27   3000
  7.376724e-01   3.106359e-25   1.569594e-03   6.855864e-27   2016
  7.424201e-01   3.147308e-25   1.465108e-03   6.274727e-27   2168
  7.478330e-01   2.818642e-25   1.496073e-03   5.274724e-27   2412
  7.534914e-01   2.882678e-25   1.636470e-03   5.368418e-27   2550
  7.589365e-01   2.739525e-25   1.624710e-03   5.216727e-27   2592
  7.646194e-01   2.469947e-25   1.496749e-03   4.581199e-27   2496
  7.700227e-01   2.480525e-25   1.655767e-03   4.658616e-27   2688
  7.754124e-01   2.460757e-25   1.430386e-03   4.749117e-27   2424
  7.810929e-01   2.225828e-25   1.312547e-03   4.118237e-27   2634
  7.862125e-01   2.215304e-25   1.574459e-03   4.267673e-27   2552
  7.913127e-01   2.133536e-25   1.651778e-03   3.544384e-27   2832
  7.969736e-01   2.036997e-25   1.568612e-03   3.976993e-27   2424
  8.025554e-01   1.934975e-25   1.740010e-03   3.265161e-27   3198
  8.077809e-01   1.928489e-25   1.388970e-03   3.718749e-27   2400
  8.133203e-01   1.786975e-25   1.597724e-03   2.950099e-27   3336
  8.190443e-01   1.772501e-25   1.344782e-03   3.157146e-27   2508
  8.240739e-01   1.702168e-25   1.620807e-03   3.035727e-27   3104
  8.299549e-01   1.613063e-25   1.630675e-03   2.891697e-27   2934
  8.352548e-01   1.573821e-25   1.499159e-03   2.649500e-27   3120
  8.410021e-01   1.543887e-25   1.672615e-03   2.473858e-27   3288
  8.462971e-01   1.453402e-25   1.408091e-03   2.593742e-27   2808
  8.517341e-01   1.395758e-25   1.767149e-03   2.516914e-27   2988
  8.572072e-01   1.387999e-25   1.617824e-03   2.277658e-27   3486
  8.625080e-01   1.345085e-25   1.531395e-03   2.327918e-27   3000
  8.676262e-01   1.276669e-25   1.332104e-03   2.121889e-27   3024
  8.733607e-01   1.267543e-25   1.466916e-03   1.954283e-27   3584
  8.791129e-01   1.191019e-25   1.571450e-03   1.904723e-27   3486
  8.844786e-01   1.191571e-25   1.415254e-03   1.979038e-27   3120
  8.897252e-01   1.104551e-25   1.397521e-03   1.845445e-27   3396
  8.950216e-01   1.072986e-25   1.596634e-03   1.675975e-27   3552
  9.006758e-01   1.049298e-25   1.536565e-03   1.733241e-27   3384
  9.062646e-01   1.009095e-25   1.564378e-03   1.624102e-27   3726
  9.115861e-01   9.928433e-26   1.516080e-03   1.673873e-27   3344
  9.166417e-01   9.450255e-26   1.557833e-03   1.435839e-27   3744
  9.224231e-01   8.924508e-26   1.516451e-03   1.379286e-27   3540
  9.278433e-01   8.909690e-26   1.609838e-03   1.385057e-27   3822
  9.335305e-01   8.507213e-26   1.580500e-03   1.258973e-27   4056
  9.387066e-01   8.529782e-26   1.452506e-03   1.415674e-27   3288
  9.441340e-01   7.985781e-26   1.677753e-03   1.177985e-27   4056
  9.494626e-01   7.780986e-26   1.536843e-03   1.199591e-27   3984
  9.552959e-01   7.658903e-26   1.413015e-03   1.237249e-27   3662
  9.602370e-01   7.519144e-26   1.541776e-03   1.156736e-27   3828
  9.658108e-01   6.931778e-26   1.742991e-03   9.656260e-28   4632
  9.713679e-01   6.672242e-26   1.345609e-03   1.071283e-27   3600
  9.769230e-01   6.660644e-26   1.597718e-03   9.504159e-28   4320
  9.821794e-01   6.747083e-26   1.253511e-03   1.068993e-27   3918
  9.874859e-01   6.468269e-26   1.442268e-03   9.624128e-28   4200
  9.928210e-01   6.358443e-26   1.636673e-03   9.403729e-28   4188
  9.983519e-01   5.972667e-26   1.662286e-03   8.659033e-28   4360
  1.003968e+00   5.698113e-26   1.662160e-03   8.115478e-28   4582
  1.009399e+00   5.577689e-26   1.477494e-03   8.376835e-28   4128
  1.014920e+00   5.439001e-26   1.587216e-03   7.400386e-28   4752
  1.020120e+00   5.282548e-26   1.461112e-03   8.111398e-28   4176
  1.025775e+00   5.343860e-26   1.680085e-03   7.390427e-28   4848
  1.031437e+00   4.930391e-26   1.459747e-03   6.902655e-28   4338
  1.036771e+00   4.731964e-26   1.593174e-03   6.242013e-28   5160
  1.042045e+00   4.717021e-26   1.291598e-03   7.061005e-28   4008
  1.047767e+00   4.457166e-26   1.707442e-03   5.844873e-28   5360
  1.053032e+00   4.504566e-26   1.588217e-03   6.621297e-28   4110
  1.058510e+00   4.326443e-26   1.701535e-03   5.638162e-28   5424
  1.063733e+00   4.283256e-26   1.454921e-03   6.446879e-28   4140
  1.069227e+00   4.172976e-26   1.625576e-03   5.215345e-28   5664
  1.074866e+00   3.908242e-26   1.412853e-03   5.402954e-28   4632
  1.080236e+00   3.844269e-26   1.490235e-03   5.270315e-28   4902
  1.085555e+00   3.807710e-26   1.592485e-03   5.206282e-28   5072
  1.090999e+00   3.764480e-26   1.501653e-03   5.122055e-28   5472
  1.096387e+00   3.683531e-26   1.526101e-03   5.130158e-28   4704
  1.101916e+00   3.574348e-26   1.676374e-03   4.902303e-28   5436
  1.107545e+00   3.353417e-26   1.596128e-03   4.282572e-28   5646
  1.112664e+00   3.315006e-26   1.428200e-03   4.870988e-28   4512
  1.118112e+00   3.191592e-26   1.824161e-03   3.955263e-28   6120
  1.123729e+00   3.072044e-26   1.411269e-03   3.937078e-28   5112
  1.129131e+00   3.043522e-26   1.667779e-03   3.818875e-28   5606
  1.134567e+00   2.932542e-26   1.554272e-03   3.710951e-28   5328
  1.139989e+00   2.907710e-26   1.565953e-03   3.494940e-28   5964
  1.145435e+00   2.814596e-26   1.590472e-03   3.689039e-28   5448
  1.150957e+00   2.780722e-26   1.628706e-03   3.498976e-28   5904
  1.156600e+00   2.696318e-26   1.600579e-03   3.460962e-28   5598
  1.161806e+00   2.565285e-26   1.501909e-03   3.191137e-28   5952
  1.167187e+00   2.488188e-26   1.643126e-03   3.187254e-28   5688
  1.172631e+00   2.372449e-26   1.575513e-03   2.978408e-28   5876
  1.177964e+00   2.382459e-26   1.536673e-03   2.994840e-28   5784
  1.183501e+00   2.269217e-26   1.532901e-03   2.658678e-28   6462
  1.189054e+00   2.288426e-26   1.653348e-03   2.945577e-28   5688
  1.194197e+00   2.216395e-26   1.525430e-03   2.573031e-28   6408
  1.199756e+00   2.168769e-26   1.574800e-03   2.698375e-28   6000
  1.205422e+00   2.055054e-26   1.694655e-03   2.436306e-28   6582
  1.211021e+00   2.034223e-26   1.612876e-03   2.392223e-28   6564
  1.216263e+00   2.018443e-26   1.422140e-03   2.499062e-28   6048
  1.221699e+00   1.975994e-26   1.629773e-03   2.340709e-28   6512
  1.227397e+00   1.863689e-26   1.620133e-03   2.079819e-28   6816
  1.232850e+00   1.798512e-26   1.416896e-03   2.093557e-28   6222
  1.237968e+00   1.827391e-26   1.476334e-03   2.158593e-28   6432
  1.243434e+00   1.720514e-26   1.553938e-03   1.980609e-28   6804
  1.248868e+00   1.734774e-26   1.464733e-03   2.072180e-28   6432
  1.254187e+00   1.691482e-26   1.722345e-03   1.931521e-28   6846
  1.259590e+00   1.662512e-26   1.572729e-03   1.939361e-28   6424
  1.264755e+00   1.627662e-26   1.411534e-03   1.881194e-28   6952
  1.270430e+00   1.626145e-26   1.700917e-03   1.838825e-28   7560
  1.276003e+00   1.537578e-26   1.461590e-03   1.873491e-28   6648
  1.281750e+00   1.488939e-26   1.606071e-03   1.619028e-28   7578
  1.286810e+00   1.472752e-26   1.450151e-03   1.696275e-28   6552
  1.292277e+00   1.429830e-26   1.596662e-03   1.591017e-28   7536
  1.297851e+00   1.374914e-26   1.461180e-03   1.590944e-28   7272
  1.303277e+00   1.354533e-26   1.556497e-03   1.560590e-28   6936
  1.308485e+00   1.341644e-26   1.596343e-03   1.460853e-28   7430
  1.314120e+00   1.290455e-26   1.672052e-03   1.414648e-28   7644
  1.319350e+00   1.287948e-26   1.489238e-03   1.428866e-28   7248
  1.325034e+00   1.244272e-26   1.703671e-03   1.322435e-28   8232
  1.330590e+00   1.201079e-26   1.553617e-03   1.310728e-28   7038
  1.335931e+00   1.176014e-26   1.510189e-03   1.277758e-28   7824
  1.341174e+00   1.148418e-26   1.590763e-03   1.262288e-28   7752
  1.346585e+00   1.131739e-26   1.605043e-03   1.264520e-28   7480
  1.352208e+00   1.103994e-26   1.618933e-03   1.130353e-28   8404
  1.357671e+00   1.087968e-26   1.503855e-03   1.164989e-28   7614
  1.362913e+00   1.013543e-26   1.575108e-03   1.089545e-28   7776
  1.368188e+00   1.040046e-26   1.502776e-03   1.110460e-28   7944
  1.373702e+00   1.017488e-26   1.562607e-03   1.082164e-28   8424
  1.379142e+00   1.000224e-26   1.533354e-03   1.071406e-28   7872
  1.384762e+00   9.697307e-27   1.540830e-03   9.932744e-29   8658
  1.390152e+00   9.089592e-27   1.537871e-03   9.466403e-29   8352
  1.395701e+00   9.172986e-27   1.544872e-03   9.249040e-29   8648
  1.400946e+00   8.965396e-27   1.463868e-03   9.391564e-29   7680
  1.406459e+00   8.831464e-27   1.524971e-03   9.055550e-29   8646
  1.411581e+00   8.404353e-27   1.477493e-03   8.673489e-29   8448
  1.417243e+00   8.494799e-27   1.570023e-03   8.356183e-29   9120
  1.422706e+00   8.233552e-27   1.534210e-03   8.644441e-29   8316
  1.428231e+00   7.914496e-27   1.655901e-03   7.777948e-29   9504
  1.433780e+00   7.854576e-27   1.505873e-03   8.496173e-29   8358
  1.439318e+00   7.665041e-27   1.591741e-03   7.592996e-29   9584
  1.444669e+00   7.474115e-27   1.523180e-03   7.623068e-29   8616
  1.450194e+00   7.412066e-27   1.658401e-03   7.314730e-29   9432
  1.455837e+00   7.077271e-27   1.687074e-03   7.204896e-29   9018
  1.460959e+00   6.886356e-27   1.428118e-03   7.018170e-29   8568
  1.466312e+00   6.796736e-27   1.589614e-03   6.297579e-29   9816
  1.471848e+00   6.710249e-27   1.504950e-03   6.643793e-29   9000
  1.477320e+00   6.632666e-27   1.574008e-03   6.327418e-29   9504
  1.482769e+00   6.304376e-27   1.610237e-03   6.095020e-29   9446
  1.488128e+00   6.357857e-27   1.539876e-03   6.266779e-29   9696
  1.493639e+00   6.295715e-27   1.432995e-03   6.278417e-29   9180
  1.499052e+00   6.060706e-27   1.656445e-03   5.594592e-29   10512
  1.504580e+00   6.056429e-27   1.565995e-03   6.130047e-29   9048
  1.510050e+00   5.779315e-27   1.502032e-03   5.528199e-29   10014
  1.515115e+00   5.587877e-27   1.465977e-03   5.655830e-29   9096
  1.520624e+00   5.599241e-27   1.678104e-03   5.036680e-29   11088
  1.526481e+00   5.495712e-27   1.632622e-03   5.203247e-29   9860
  1.531846e+00   5.320899e-27   1.547538e-03   5.147473e-29   10110
  1.537226e+00   5.146396e-27   1.610782e-03   4.942319e-29   10104
  1.542638e+00   5.116063e-27   1.527293e-03   4.801246e-29   10392
  1.548117e+00   5.067063e-27   1.580956e-03   4.795494e-29   10104
  1.553700e+00   4.977309e-27   1.636048e-03   4.379891e-29   11352
  1.559389e+00   4.802343e-27   1.498379e-03   4.520101e-29   10014
  1.564440e+00   4.742578e-27   1.383079e-03   4.660219e-29   9636
  1.569783e+00   4.549932e-27   1.639203e-03   4.063965e-29   11552
  1.575422e+00   4.646277e-27   1.523155e-03   4.242779e-29   10488
  1.580867e+00   4.515190e-27   1.590751e-03   4.177556e-29   10254
  1.586166e+00   4.414798e-27   1.497744e-03   3.944995e-29   11304
  1.591672e+00   4.369876e-27   1.520072e-03   3.980541e-29   10872
  1.597152e+00   4.285326e-27   1.630062e-03   3.920172e-29   10932
  1.602461e+00   4.170429e-27   1.470687e-03   3.736607e-29   10848
  1.607949e+00   4.083486e-27   1.538096e-03   3.694760e-29   10998
  1.613393e+00   4.007856e-27   1.616241e-03   3.514691e-29   11720
  1.618857e+00   3.896772e-27   1.486980e-03   3.537066e-29   10776
  1.624233e+00   3.799807e-27   1.626703e-03   3.296192e-29   12072
  1.629803e+00   3.779772e-27   1.491590e-03   3.485358e-29   10704
  1.635146e+00   3.695202e-27   1.530127e-03   3.226675e-29   11730
  1.640724e+00   3.613844e-27   1.589265e-03   3.182059e-29   12144
  1.646103e+00   3.555721e-27   1.505823e-03   3.181200e-29   11568
  1.651732e+00   3.401704e-27   1.628958e-03   2.987426e-29   11552
  1.656794e+00   3.393248e-27   1.470182e-03   3.070188e-29   10926
  1.662301e+00   3.323171e-27   1.665116e-03   2.769418e-29   13032
  1.667699e+00   3.289387e-27   1.360824e-03   3.083539e-29   10776
  1.673163e+00   3.144496e-27   1.675173e-03   2.635632e-29   13116
  1.678750e+00   3.213868e-27   1.576527e-03   2.768808e-29   12288
  1.684254e+00   3.121150e-27   1.448982e-03   2.790906e-29   11262
  1.689407e+00   3.101259e-27   1.565326e-03   2.666953e-29   12672
  1.694949e+00   2.914392e-27   1.534786e-03   2.522215e-29   12624
  1.700444e+00   2.911645e-27   1.539772e-03   2.511039e-29   12392
  1.705894e+00   2.799236e-27   1.578373e-03   2.433278e-29   12060
  1.711417e+00   2.777116e-27   1.664529e-03   2.294522e-29   13662
  1.716714e+00   2.801872e-27   1.437484e-03   2.485782e-29   11592
  1.722229e+00   2.719979e-27   1.708245e-03   2.193148e-29   13776
  1.727732e+00   2.638564e-27   1.452727e-03   2.307570e-29   12240
  1.733259e+00   2.618533e-27   1.673717e-03   2.168143e-29   13662
  1.738451e+00   2.566259e-27   1.438450e-03   2.305002e-29   11520
  1.744057e+00   2.513384e-27   1.657935e-03   1.942900e-29   15044
  1.749584e+00   2.486328e-27   1.490148e-03   2.145807e-29   12384
  1.755011e+00   2.387464e-27   1.568695e-03   1.980693e-29   13176
  1.760324e+00   2.364653e-27   1.420714e-03   1.937842e-29   12798
  1.765805e+00   2.389010e-27   1.613568e-03   1.911072e-29   14376
  1.771131e+00   2.263181e-27   1.533785e-03   1.897788e-29   12528
  1.776603e+00   2.234383e-27   1.610649e-03   1.794172e-29   14100
  1.781897e+00   2.236667e-27   1.461405e-03   1.905637e-29   12630
  1.787364e+00   2.172908e-27   1.587093e-03   1.704559e-29   14624
  1.792771e+00   2.167995e-27   1.583065e-03   1.766435e-29   13272
  1.798277e+00   2.112324e-27   1.613728e-03   1.654740e-29   14664
  1.803884e+00   2.022188e-27   1.649702e-03   1.600694e-29   14328
  1.809294e+00   2.023240e-27   1.531892e-03   1.700711e-29   13086
  1.814778e+00   1.994018e-27   1.648042e-03   1.539226e-29   15612
  1.820245e+00   1.960687e-27   1.420572e-03   1.592524e-29   13416
  1.825554e+00   1.919171e-27   1.670986e-03   1.514223e-29   14360
  1.831007e+00   1.885748e-27   1.563345e-03   1.503702e-29   14064
  1.836565e+00   1.814273e-27   1.608825e-03   1.363929e-29   15750
  1.842043e+00   1.793770e-27   1.519715e-03   1.450208e-29   13680
  1.847448e+00   1.770319e-27   1.654464e-03   1.340428e-29   15468
  1.852944e+00   1.771616e-27   1.594248e-03   1.408378e-29   14352
  1.858276e+00   1.728939e-27   1.572970e-03   1.347802e-29   14454
  1.863633e+00   1.679608e-27   1.615254e-03   1.302119e-29   15048
  1.869150e+00   1.690012e-27   1.497078e-03   1.319638e-29   15360
  1.874596e+00   1.609192e-27   1.645285e-03   1.254921e-29   15224
  1.880069e+00   1.650944e-27   1.557924e-03   1.285952e-29   15096
  1.885497e+00   1.574304e-27   1.522103e-03   1.234483e-29   14514
  1.890790e+00   1.568879e-27   1.595539e-03   1.160706e-29   16416
  1.896345e+00   1.559197e-27   1.570097e-03   1.171731e-29   15216
  1.902017e+00   1.486464e-27   1.580041e-03   1.104778e-29   16440
  1.907431e+00   1.478580e-27   1.589489e-03   1.171059e-29   14904
  1.912612e+00   1.453657e-27   1.493082e-03   1.131123e-29   15134
  1.918128e+00   1.410694e-27   1.670413e-03   1.045061e-29   16644
  1.923636e+00   1.405851e-27   1.568226e-03   1.072178e-29   16128
  1.929039e+00   1.375109e-27   1.558301e-03   1.039286e-29   15384
  1.934362e+00   1.349592e-27   1.531848e-03   1.036332e-29   15462
  1.939814e+00   1.326489e-27   1.636508e-03   9.530172e-30   17304
  1.945372e+00   1.306680e-27   1.543184e-03   9.877938e-30   16176
  1.950827e+00   1.248221e-27   1.632437e-03   9.156422e-30   16824
  1.956411e+00   1.288039e-27   1.501531e-03   9.555019e-30   15980
  1.961671e+00   1.230947e-27   1.494587e-03   9.086481e-30   16326
  1.966974e+00   1.250071e-27   1.595444e-03   9.151228e-30   16488
  1.972469e+00   1.190392e-27   1.547881e-03   8.742802e-30   16944
  1.977987e+00   1.187429e-27   1.628958e-03   8.336193e-30   17256
  1.983307e+00   1.181618e-27   1.510722e-03   8.873162e-30   15966
  1.988830e+00   1.149360e-27   1.604091e-03   8.089526e-30   17628
  1.994237e+00   1.110310e-27   1.523687e-03   8.012551e-30   17280
  1.999700e+00   1.119879e-27   1.677236e-03   8.155749e-30   17056
  2.005087e+00   1.084559e-27   1.581521e-03   7.884357e-30   17296
  2.010708e+00   1.073942e-27   1.549121e-03   7.610193e-30   17526
  2.016014e+00   1.056668e-27   1.559028e-03   7.561224e-30   17592
  2.021539e+00   1.043328e-27   1.621825e-03   7.571084e-30   17880
  2.026921e+00   1.034833e-27   1.503997e-03   7.545843e-30   17028
  2.032244e+00   1.018368e-27   1.529390e-03   7.348140e-30   17376
  2.037659e+00   9.806353e-28   1.518363e-03   6.919488e-30   18414
  2.043253e+00   9.876164e-28   1.557160e-03   7.064067e-30   17840
  2.048675e+00   9.558208e-28   1.634742e-03   6.631066e-30   18960
  2.054080e+00   9.379971e-28   1.518636e-03   6.733728e-30   16992
  2.059506e+00   9.293170e-28   1.672957e-03   6.468871e-30   18378
  2.064817e+00   9.167525e-28   1.489598e-03   6.494021e-30   18192
  2.070342e+00   9.033575e-28   1.590368e-03   6.124471e-30   19320
  2.075827e+00   8.871943e-28   1.542530e-03   6.326592e-30   17856
  2.081294e+00   8.725554e-28   1.592338e-03   5.938912e-30   19128
  2.086669e+00   8.414299e-28   1.472822e-03   6.023952e-30   18246
  2.092142e+00   8.590924e-28   1.530845e-03   5.828761e-30   19184
  2.097560e+00   8.200940e-28   1.566786e-03   5.682014e-30   18900
  2.103127e+00   8.106912e-28   1.634103e-03   5.469564e-30   19776
  2.108435e+00   8.010904e-28   1.499267e-03   5.766877e-30   17814
  2.113953e+00   7.812551e-28   1.631506e-03   5.265360e-30   19944
  2.119331e+00   7.550266e-28   1.609395e-03   5.003819e-30   19536
  2.124895e+00   7.605263e-28   1.592635e-03   5.143855e-30   20112
  2.130295e+00   7.562800e-28   1.480183e-03   5.359161e-30   18116
  2.135677e+00   7.371993e-28   1.543122e-03   4.978810e-30   19878
  2.140967e+00   7.341006e-28   1.559605e-03   4.979653e-30   19800
  2.146556e+00   7.302625e-28   1.559507e-03   4.872357e-30   20136
  2.152123e+00   7.110449e-28   1.640454e-03   4.656588e-30   20808
  2.157545e+00   6.977782e-28   1.486131e-03   4.859241e-30   19152
  2.162999e+00   6.879876e-28   1.569730e-03   4.641490e-30   20526
  2.168508e+00   6.706587e-28   1.615030e-03   4.368526e-30   20532
  2.173853e+00   6.646479e-28   1.604928e-03   4.400989e-30   20120
  2.179147e+00   6.510856e-28   1.495586e-03   4.380060e-30   19512
  2.184682e+00   6.473720e-28   1.624686e-03   4.242680e-30   21246
  2.190096e+00   6.376857e-28   1.477588e-03   4.258862e-30   20112
  2.195583e+00   6.360293e-28   1.645292e-03   4.071319e-30   22104
  2.201050e+00   6.206972e-28   1.614482e-03   4.143248e-30   19620
  2.206482e+00   6.085851e-28   1.604796e-03   3.950099e-30   21912
  2.211921e+00   5.970938e-28   1.497387e-03   3.981164e-30   20070
  2.217337e+00   5.865162e-28   1.630864e-03   3.714729e-30   22064
  2.222850e+00   5.758514e-28   1.548352e-03   3.789513e-30   21048
  2.228199e+00   5.746317e-28   1.514343e-03   3.833105e-30   21168
  2.233635e+00   5.674374e-28   1.637642e-03   3.729248e-30   21384
  2.239216e+00   5.599300e-28   1.481766e-03   3.527735e-30   22146
  2.244666e+00   5.387095e-28   1.585174e-03   3.441211e-30   22200
  2.250163e+00   5.351933e-28   1.501548e-03   3.477472e-30   21648
  2.255545e+00   5.240887e-28   1.607582e-03   3.486141e-30   21144
  2.260867e+00   5.156922e-28   1.529125e-03   3.425838e-30   21710
  2.266343e+00   5.140250e-28   1.624700e-03   3.277518e-30   23112
  2.271991e+00   5.061865e-28   1.620840e-03   3.169672e-30   23064
  2.277435e+00   4.925185e-28   1.500062e-03   3.262120e-30   21252
  2.282668e+00   4.886601e-28   1.503720e-03   3.117976e-30   22128
  2.288126e+00   4.894582e-28   1.558658e-03   3.064982e-30   22446
  2.293582e+00   4.787605e-28   1.527528e-03   2.992841e-30   22848
  2.298983e+00   4.714272e-28   1.529486e-03   2.938583e-30   23208
  2.304508e+00   4.667796e-28   1.574247e-03   2.978037e-30   22536
  2.309946e+00   4.635851e-28   1.596462e-03   2.923957e-30   22586
  2.315370e+00   4.492875e-28   1.627795e-03   2.761293e-30   24096
  2.320825e+00   4.425486e-28   1.527306e-03   2.806002e-30   22440
  2.326212e+00   4.361685e-28   1.664369e-03   2.659666e-30   23400
  2.331602e+00   4.281228e-28   1.511928e-03   2.669878e-30   23232
  2.337168e+00   4.202986e-28   1.592064e-03   2.563924e-30   23886
  2.342533e+00   4.191144e-28   1.530913e-03   2.593775e-30   23376
  2.347967e+00   4.126440e-28   1.544635e-03   2.513247e-30   23540
  2.353338e+00   4.087387e-28   1.532168e-03   2.508040e-30   24240
  2.358915e+00   4.026321e-28   1.612109e-03   2.481134e-30   23952
  2.364402e+00   3.935778e-28   1.508159e-03   2.375508e-30   24006
  2.369901e+00   3.950856e-28   1.691935e-03   2.402294e-30   25560
  2.375221e+00   3.883670e-28   1.500150e-03   2.489026e-30   22728
  2.380552e+00   3.755558e-28   1.511947e-03   2.321595e-30   23556
  2.385955e+00   3.756926e-28   1.577785e-03   2.232071e-30   25398
  2.391435e+00   3.689461e-28   1.545774e-03   2.277688e-30   24088
  2.396892e+00   3.653808e-28   1.609108e-03   2.142218e-30   25696
  2.402362e+00   3.553905e-28   1.511201e-03   2.136596e-30   24144
  2.407786e+00   3.552207e-28   1.615096e-03   2.122464e-30   25560
  2.413246e+00   3.461257e-28   1.489846e-03   2.112752e-30   24246
  2.418724e+00   3.412026e-28   1.581827e-03   1.996204e-30   26292
  2.424188e+00   3.401881e-28   1.560153e-03   2.038514e-30   25200
  2.429626e+00   3.344391e-28   1.624829e-03   1.996934e-30   25296
  2.434943e+00   3.362704e-28   1.483819e-03   2.063606e-30   24192
  2.440599e+00   3.229939e-28   1.638534e-03   1.788319e-30   28646
  2.446110e+00   3.242051e-28   1.506669e-03   1.974651e-30   24552
  2.451515e+00   3.154364e-28   1.579460e-03   1.866957e-30   25788
  2.456795e+00   3.157213e-28   1.491180e-03   1.865707e-30   25272
  2.462256e+00   3.102191e-28   1.613697e-03   1.812793e-30   26118
  2.467607e+00   3.097320e-28   1.579547e-03   1.813039e-30   26016
  2.473206e+00   2.989289e-28   1.595790e-03   1.739866e-30   27792
  2.478571e+00   2.973484e-28   1.565206e-03   1.778948e-30   25072
  2.483982e+00   2.909095e-28   1.621283e-03   1.714958e-30   26824
  2.489402e+00   2.868541e-28   1.480279e-03   1.685841e-30   26106
  2.494915e+00   2.820818e-28   1.629064e-03   1.599527e-30   28296
  2.500377e+00   2.802457e-28   1.567349e-03   1.615897e-30   26640
  2.505822e+00   2.777691e-28   1.492228e-03   1.631666e-30   26064
  2.511215e+00   2.759083e-28   1.637115e-03   1.587691e-30   27822
  2.516572e+00   2.706052e-28   1.521472e-03   1.584416e-30   26160
  2.522001e+00   2.622982e-28   1.673107e-03   1.496516e-30   28108
  2.527479e+00   2.614711e-28   1.599090e-03   1.482940e-30   27664
  2.532916e+00   2.599749e-28   1.590673e-03   1.481513e-30   27600
  2.538445e+00   2.523596e-28   1.594105e-03   1.439378e-30   27510
  2.543900e+00   2.485478e-28   1.577441e-03   1.386544e-30   28848
  2.549331e+00   2.476247e-28   1.562048e-03   1.408099e-30   27744
  2.554787e+00   2.466033e-28   1.521895e-03   1.409746e-30   27888
  2.560210e+00   2.420639e-28   1.547223e-03   1.385537e-30   27780
  2.565645e+00   2.367460e-28   1.558725e-03   1.321950e-30   28734
  2.571023e+00   2.380678e-28   1.609586e-03   1.384116e-30   28232
  2.576527e+00   2.322980e-28   1.600458e-03   1.283291e-30   29016
  2.581909e+00   2.311369e-28   1.581285e-03   1.324459e-30   28056
  2.587324e+00   2.277800e-28   1.534592e-03   1.279723e-30   28710
  2.592790e+00   2.223839e-28   1.621010e-03   1.235778e-30   29220
  2.598465e+00   2.164418e-28   1.658218e-03   1.155163e-30   31584
  2.603840e+00   2.189900e-28   1.528599e-03   1.289707e-30   26904
  2.609079e+00   2.168620e-28   1.485740e-03   1.230653e-30   28512
  2.614658e+00   2.100898e-28   1.600396e-03   1.137274e-30   30878
  2.620190e+00   2.044093e-28   1.607291e-03   1.108002e-30   30408
  2.625603e+00   2.051178e-28   1.552575e-03   1.157400e-30   28632
  2.630926e+00   2.016954e-28   1.494100e-03   1.139267e-30   28764
  2.636301e+00   1.988333e-28   1.662258e-03   1.082165e-30   30630
  2.641825e+00   1.966221e-28   1.539050e-03   1.073826e-30   30240
  2.647360e+00   1.946715e-28   1.576813e-03   1.045414e-30   31008
  2.652753e+00   1.934387e-28   1.510278e-03   1.078738e-30   29240
  2.658053e+00   1.914588e-28   1.541271e-03   1.050445e-30   30000
  2.663579e+00   1.863672e-28   1.631431e-03   1.026518e-30   30978
  2.669020e+00   1.871489e-28   1.538057e-03   1.027481e-30   30696
  2.674440e+00   1.811945e-28   1.612132e-03   9.794524e-31   31320
  2.679792e+00   1.797904e-28   1.506651e-03   1.008308e-30   29280
  2.685220e+00   1.788269e-28   1.611110e-03   9.806251e-31   31488
  2.690645e+00   1.761517e-28   1.512555e-03   9.532778e-31   31326
  2.696128e+00   1.755140e-28   1.624023e-03   9.488561e-31   31480
  2.701662e+00   1.715917e-28   1.575428e-03   9.076117e-31   32572
  2.707181e+00   1.697534e-28   1.576379e-03   9.190220e-31   31296
  2.712540e+00   1.684944e-28   1.532958e-03   9.147814e-31   30798
  2.718010e+00   1.627775e-28   1.631915e-03   8.661184e-31   32256
  2.723379e+00   1.648707e-28   1.576275e-03   8.921000e-31   32088
  2.728754e+00   1.637024e-28   1.559976e-03   8.861227e-31   30936
  2.734196e+00   1.600142e-28   1.621863e-03   8.432748e-31   33036
  2.739744e+00   1.563339e-28   1.570337e-03   8.470974e-31   31846
  2.745145e+00   1.547653e-28   1.600723e-03   8.073658e-31   33832
  2.750571e+00   1.526794e-28   1.482757e-03   8.304146e-31   30912
  2.755951e+00   1.513734e-28   1.554945e-03   8.075971e-31   32976
  2.761359e+00   1.504396e-28   1.534255e-03   8.153027e-31   32712
  2.766879e+00   1.474439e-28   1.551134e-03   7.733570e-31   33438
  2.772315e+00   1.468122e-28   1.561569e-03   7.915028e-31   32556
  2.777612e+00   1.454173e-28   1.547775e-03   7.640972e-31   33144
  2.783077e+00   1.441594e-28   1.531023e-03   7.551426e-31   33504
  2.788685e+00   1.437976e-28   1.585219e-03   7.478135e-31   33542
  2.794001e+00   1.386446e-28   1.561774e-03   7.298208e-31   33768
  2.799514e+00   1.380947e-28   1.582505e-03   7.307876e-31   34368
  2.804894e+00   1.354710e-28   1.503763e-03   7.393601e-31   32856
  2.810386e+00   1.337695e-28   1.555021e-03   6.992680e-31   34524
  2.815774e+00   1.329364e-28   1.476871e-03   7.086185e-31   33510
  2.821310e+00   1.311644e-28   1.652814e-03   6.775287e-31   35856
  2.826780e+00   1.289082e-28   1.566245e-03   6.792199e-31   33888
  2.832150e+00   1.278836e-28   1.534797e-03   6.686044e-31   33752
  2.837510e+00   1.258382e-28   1.613976e-03   6.498810e-31   34902
  2.843143e+00   1.248231e-28   1.578935e-03   6.412947e-31   35484
  2.848630e+00   1.242435e-28   1.625328e-03   6.291811e-31   36648
  2.854056e+00   1.226370e-28   1.503100e-03   6.520891e-31   33000
  2.859416e+00   1.207603e-28   1.625165e-03   6.137430e-31   35520
  2.864954e+00   1.195687e-28   1.587378e-03   6.030171e-31   36078
  2.870343e+00   1.186505e-28   1.553780e-03   6.195495e-31   34992
  2.875726e+00   1.167497e-28   1.537418e-03   6.105826e-31   35072
  2.881222e+00   1.155358e-28   1.612107e-03   5.909968e-31   36876
  2.886535e+00   1.142214e-28   1.490702e-03   5.974463e-31   33216
  2.891986e+00   1.120345e-28   1.651729e-03   5.578536e-31   38382
  2.897574e+00   1.116590e-28   1.549240e-03   5.738282e-31   36072
  2.903069e+00   1.098439e-28   1.551510e-03   5.598549e-31   37464
  2.908437e+00   1.086990e-28   1.491290e-03   5.674005e-31   34416
  2.913907e+00   1.090783e-28   1.634265e-03   5.543024e-31   37386
  2.919336e+00   1.056878e-28   1.560351e-03   5.363517e-31   37040
  2.924747e+00   1.046675e-28   1.519091e-03   5.389330e-31   36240
  2.930120e+00   1.036042e-28   1.620578e-03   5.269256e-31   36432
  2.935572e+00   1.044410e-28   1.530037e-03   5.233403e-31   37560
  2.941044e+00   1.021249e-28   1.585551e-03   5.152823e-31   37350
  2.946615e+00   1.008297e-28   1.620920e-03   5.089533e-31   38616
  2.952019e+00   9.928868e-29   1.527850e-03   5.088573e-31   37092
  2.957454e+00   9.839328e-29   1.469269e-03   4.978147e-31   37272
  2.962879e+00   9.703201e-29   1.617603e-03   4.945931e-31   37616
  2.968367e+00   9.522223e-29   1.566567e-03   4.806570e-31   38478
  2.973773e+00   9.365897e-29   1.591818e-03   4.699229e-31   37992
  2.979169e+00   9.354434e-29   1.560915e-03   4.715005e-31   38232
  2.984576e+00   9.196131e-29   1.529810e-03   4.678364e-31   36708
  2.989998e+00   9.057612e-29   1.601300e-03   4.518402e-31   39534
  2.995476e+00   8.911405e-29   1.604456e-03   4.489143e-31   39336
  3.000916e+00   8.988286e-29   1.543508e-03   4.605293e-31   37624
  3.006363e+00   8.903464e-29   1.579336e-03   4.404611e-31   40408
  3.011852e+00   8.693221e-29   1.510623e-03   4.345169e-31   38256
  3.017315e+00   8.670628e-29   1.543281e-03   4.412008e-31   39438
  3.022829e+00   8.480896e-29   1.592476e-03   4.197751e-31   40524
  3.028194e+00   8.281180e-29   1.503499e-03   4.230869e-31   38448
  3.033601e+00   8.282379e-29   1.582383e-03   4.156311e-31   39312
  3.038992e+00   8.307575e-29   1.512689e-03   4.221535e-31   38718
  3.044403e+00   8.100387e-29   1.614057e-03   4.055193e-31   40872
  3.049845e+00   8.017490e-29   1.532666e-03   4.013580e-31   40088
  3.055371e+00   7.891766e-29   1.633644e-03   3.906497e-31   40644
  3.060822e+00   7.868399e-29   1.532935e-03   3.927284e-31   40176
  3.066304e+00   7.643040e-29   1.625298e-03   3.783935e-31   40998
  3.071650e+00   7.584288e-29   1.490471e-03   3.835700e-31   39192
  3.077083e+00   7.512264e-29   1.573750e-03   3.685560e-31   41640
  3.082545e+00   7.425750e-29   1.578537e-03   3.626456e-31   41400
  3.087927e+00   7.403085e-29   1.553632e-03   3.787194e-31   38640
  3.093396e+00   7.136207e-29   1.594261e-03   3.419989e-31   43658
  3.098867e+00   7.024527e-29   1.533241e-03   3.548205e-31   40608
  3.104282e+00   6.972672e-29   1.565192e-03   3.433849e-31   41880
  3.109810e+00   6.897972e-29   1.547184e-03   3.462891e-31   41712
  3.115335e+00   6.775088e-29   1.615131e-03   3.326016e-31   42942
  3.120741e+00   6.620826e-29   1.534331e-03   3.365552e-31   40896
  3.126165e+00   6.593596e-29   1.580796e-03   3.287160e-31   42708
  3.131542e+00   6.410013e-29   1.496179e-03   3.195251e-31   40968
  3.137007e+00   6.273073e-29   1.625543e-03   3.075394e-31   43496
  3.142457e+00   6.115440e-29   1.556121e-03   3.095886e-31   41454
  3.147915e+00   5.988125e-29   1.607241e-03   2.983064e-31   43704
  3.153202e+00   5.762123e-29   1.481093e-03   2.919549e-31   41208
  3.158685e+00   5.609936e-29   1.625130e-03   2.706325e-31   43944
  3.164222e+00   5.449773e-29   1.568163e-03   2.740148e-31   43218
  3.169711e+00   5.257138e-29   1.573649e-03   2.590560e-31   44136
  3.175074e+00   5.144194e-29   1.550274e-03   2.604676e-31   42304
  3.180483e+00   4.925470e-29   1.574816e-03   2.466090e-31   43096
  3.185809e+00   4.578556e-29   1.541007e-03   2.259788e-31   43464
  3.191366e+00   4.413172e-29   1.606948e-03   2.110922e-31   44382
  3.196804e+00   4.261954e-29   1.605225e-03   2.000871e-31   44316
  3.202282e+00   3.978229e-29   1.582905e-03   1.835268e-31   44592
  3.207694e+00   3.813726e-29   1.548943e-03   1.784416e-31   44328
  3.213178e+00   3.572759e-29   1.523706e-03   1.696393e-31   43560
  3.218610e+00   3.517808e-29   1.570802e-03   1.649921e-31   44763
  3.224020e+00   3.234769e-29   1.574927e-03   1.508568e-31   44216
  3.229465e+00   3.115303e-29   1.604748e-03   1.436984e-31   45144
  3.234953e+00   2.970616e-29   1.525298e-03   1.401837e-31   42876
  3.240354e+00   2.810310e-29   1.662551e-03   1.293890e-31   46164
  3.245765e+00   2.686253e-29   1.526236e-03   1.265194e-31   42360
  3.251284e+00   2.536482e-29   1.607148e-03   1.168153e-31   45324
  3.256678e+00   2.434065e-29   1.599342e-03   1.161375e-31   43320
  3.262107e+00   2.308814e-29   1.611675e-03   1.089157e-31   44580
  3.267667e+00   2.239698e-29   1.609815e-03   1.044617e-31   44468
  3.273119e+00   2.146524e-29   1.531376e-03   1.026271e-31   43416
  3.278411e+00   2.084950e-29   1.520505e-03   1.003699e-31   42264
  3.283884e+00   1.989042e-29   1.597197e-03   9.310554e-32   44580
  3.289368e+00   1.930449e-29   1.621337e-03   9.094641e-32   43824
  3.294829e+00   1.845170e-29   1.523757e-03   8.724282e-32   43392
  3.300224e+00   1.785284e-29   1.553494e-03   8.559232e-32   43296
  3.305724e+00   1.736925e-29   1.495301e-03   8.239202e-32   42656
  3.311087e+00   1.672451e-29   1.596934e-03   8.141840e-32   43728
  3.316591e+00   1.635214e-29   1.610238e-03   7.816439e-32   43536
  3.322030e+00   1.582899e-29   1.602586e-03   7.782538e-32   42180
  3.327473e+00   1.523925e-29   1.551796e-03   7.244481e-32   44136
  3.332939e+00   1.486732e-29   1.563744e-03   7.275278e-32   42372
  3.338336e+00   1.439148e-29   1.528428e-03   7.112615e-32   41604
  3.343731e+00   1.403820e-29   1.610433e-03   6.756429e-32   43440
  3.349182e+00   1.355431e-29   1.611663e-03   6.642200e-32   42488
  3.354561e+00   1.317612e-29   1.547466e-03   6.602615e-32   41496
  3.360074e+00   1.294158e-29   1.615298e-03   6.270829e-32   44112
  3.365562e+00   1.272006e-29   1.540359e-03   6.257988e-32   41688
  3.370956e+00   1.225500e-29   1.604620e-03   6.049140e-32   42276
  3.376369e+00   1.205107e-29   1.547681e-03   5.964336e-32   41172
  3.381820e+00   1.151349e-29   1.622702e-03   5.526134e-32   43536
  3.387296e+00   1.136097e-29   1.510509e-03   5.621140e-32   41496
  3.392714e+00   1.111365e-29   1.602713e-03   5.611395e-32   40764
  3.398118e+00   1.089903e-29   1.572660e-03   5.348226e-32   43220
  3.403602e+00   1.047102e-29   1.558712e-03   5.238194e-32   41076
  3.409040e+00   1.029187e-29   1.557898e-03   5.160875e-32   41532
  3.414506e+00   1.002786e-29   1.586149e-03   5.006722e-32   41928
  3.419924e+00   9.866648e-30   1.518385e-03   4.908942e-32   41412
  3.425338e+00   9.650802e-30   1.580228e-03   4.934456e-32   40032
  3.430721e+00   9.536134e-30   1.567201e-03   4.743679e-32   41880
  3.436133e+00   9.250354e-30   1.559578e-03   4.640106e-32   40264
  3.441614e+00   9.050189e-30   1.596952e-03   4.457820e-32   42592
  3.447111e+00   8.788356e-30   1.531936e-03   4.490457e-32   39588
  3.452537e+00   8.681486e-30   1.583857e-03   4.265700e-32   42180
  3.457928e+00   8.454229e-30   1.528129e-03   4.357116e-32   39240
  3.463345e+00   8.380534e-30   1.603997e-03   4.133939e-32   40920
  3.468834e+00   7.992533e-30   1.583230e-03   3.991506e-32   41184
  3.474296e+00   7.982882e-30   1.568330e-03   4.055939e-32   40872
  3.479702e+00   7.785028e-30   1.491774e-03   3.994511e-32   38748
  3.485168e+00   7.711982e-30   1.587794e-03   3.880734e-32   41420
  3.490553e+00   7.370211e-30   1.557380e-03   3.773490e-32   39816
  3.496030e+00   7.353762e-30   1.561371e-03   3.750671e-32   39792
  3.501436e+00   7.111973e-30   1.491602e-03   3.683451e-32   39816
  3.506965e+00   7.077623e-30   1.612108e-03   3.544794e-32   41064
  3.512408e+00   6.969791e-30   1.546522e-03   3.591303e-32   39204
  3.517925e+00   6.777873e-30   1.631952e-03   3.446023e-32   40080
  3.523223e+00   6.738341e-30   1.507994e-03   3.491972e-32   38332
  3.528672e+00   6.532701e-30   1.573899e-03   3.304776e-32   39952
  3.534102e+00   6.444746e-30   1.572293e-03   3.369720e-32   39000
  3.539668e+00   6.179217e-30   1.614601e-03   3.094111e-32   40356
  3.545098e+00   6.170732e-30   1.584135e-03   3.184420e-32   39300
  3.550517e+00   5.980527e-30   1.562974e-03   3.153322e-32   37452
  3.555894e+00   5.922916e-30   1.549762e-03   3.057983e-32   39732
  3.561429e+00   5.807226e-30   1.557625e-03   2.954304e-32   39312
  3.566817e+00   5.713240e-30   1.583965e-03   2.962058e-32   37632
  3.572234e+00   5.510889e-30   1.557396e-03   2.900112e-32   38420
  3.577674e+00   5.522412e-30   1.609595e-03   2.799488e-32   39564
  3.583132e+00   5.471653e-30   1.548840e-03   2.963087e-32   37236
  3.588516e+00   5.330457e-30   1.565848e-03   2.771964e-32   38100
  3.593924e+00   5.132656e-30   1.539495e-03   2.663051e-32   38208
  3.599440e+00   5.095024e-30   1.602149e-03   2.582680e-32   39072
  3.604845e+00   5.043069e-30   1.480860e-03   2.733623e-32   36192
  3.610293e+00   4.960892e-30   1.600910e-03   2.571977e-32   38928
  3.615801e+00   4.835950e-30   1.590552e-03   2.482399e-32   38768
  3.621383e+00   4.806420e-30   1.562835e-03   2.537825e-32   37596
  3.626841e+00   4.726436e-30   1.555898e-03   2.490067e-32   37296
  3.632194e+00   4.639409e-30   1.557356e-03   2.464383e-32   36948
  3.637577e+00   4.577470e-30   1.597343e-03   2.444353e-32   37248
  3.643147e+00   4.449203e-30   1.577439e-03   2.343278e-32   37152
  3.648492e+00   4.327125e-30   1.574751e-03   2.264410e-32   37512
  3.653954e+00   4.301646e-30   1.507515e-03   2.323137e-32   35876
  3.659374e+00   4.218902e-30   1.606552e-03   2.261480e-32   36936
  3.664880e+00   4.133492e-30   1.600548e-03   2.162887e-32   38028
  3.670348e+00   4.076091e-30   1.522914e-03   2.207135e-32   35592
  3.675687e+00   4.055642e-30   1.511337e-03   2.201460e-32   35508
  3.681088e+00   3.928127e-30   1.567228e-03   2.115270e-32   36492
  3.686612e+00   3.899944e-30   1.616757e-03   2.077016e-32   37608
  3.692081e+00   3.784960e-30   1.595280e-03   2.087413e-32   34848
  3.697390e+00   3.794505e-30   1.496163e-03   2.052279e-32   35220
  3.702857e+00   3.738416e-30   1.560827e-03   1.998434e-32   36884
  3.708318e+00   3.692856e-30   1.549021e-03   2.020446e-32   35412
  3.713858e+00   3.536054e-30   1.603888e-03   1.884148e-32   35652
  3.719249e+00   3.526373e-30   1.603516e-03   1.889709e-32   36072
  3.724653e+00   3.490002e-30   1.545362e-03   1.932194e-32   34368
  3.730119e+00   3.410810e-30   1.565390e-03   1.849375e-32   35484
  3.735586e+00   3.305601e-30   1.549559e-03   1.821378e-32   35256
  3.740941e+00   3.277369e-30   1.612995e-03   1.805164e-32   34476
  3.746410e+00   3.196304e-30   1.582486e-03   1.759181e-32   34916
  3.751834e+00   3.178519e-30   1.560509e-03   1.779573e-32   34596
  3.757263e+00   3.140443e-30   1.526486e-03   1.703657e-32   34656
  3.762714e+00   3.081705e-30   1.581266e-03   1.693832e-32   34596
  3.768200e+00   3.030517e-30   1.534004e-03   1.684519e-32   33984
  3.773562e+00   2.958992e-30   1.566114e-03   1.648256e-32   34080
  3.778963e+00   2.961936e-30   1.572881e-03   1.627801e-32   34140
  3.784487e+00   2.897946e-30   1.624544e-03   1.594982e-32   33804
  3.789951e+00   2.874080e-30   1.561511e-03   1.596305e-32   35096
  3.795448e+00   2.815970e-30   1.548108e-03   1.579593e-32   33108
  3.800788e+00   2.808020e-30   1.540015e-03   1.605425e-32   32280
  3.806205e+00   2.715262e-30   1.567716e-03   1.511236e-32   34404
  3.811718e+00   2.660058e-30   1.599739e-03   1.480168e-32   34248
  3.817250e+00   2.611614e-30   1.498979e-03   1.511138e-32   32016
  3.822674e+00   2.602145e-30   1.582258e-03   1.427250e-32   34344
  3.828141e+00   2.566146e-30   1.521407e-03   1.463259e-32   32024
  3.833419e+00   2.524225e-30   1.577025e-03   1.434099e-32   31908
  3.838903e+00   2.522617e-30   1.580344e-03   1.393580e-32   33192
  3.844404e+00   2.469053e-30   1.637429e-03   1.375769e-32   33288
  3.849795e+00   2.432307e-30   1.490950e-03   1.390928e-32   31356
  3.855259e+00   2.391167e-30   1.613715e-03   1.342568e-32   32496
  3.860695e+00   2.354229e-30   1.533804e-03   1.337216e-32   31944
  3.866002e+00   2.317326e-30   1.574956e-03   1.329392e-32   31512
  3.871427e+00   2.272858e-30   1.528683e-03   1.310686e-32   31156
  3.876990e+00   2.256185e-30   1.610722e-03   1.258095e-32   33352
  3.882440e+00   2.261151e-30   1.562321e-03   1.309478e-32   31344
  3.887945e+00   2.168591e-30   1.617631e-03   1.260069e-32   31068
  3.893365e+00   2.162993e-30   1.595427e-03   1.245216e-32   31752
  3.898694e+00   2.131663e-30   1.472715e-03   1.261964e-32   29868
  3.904158e+00   2.103403e-30   1.618311e-03   1.219501e-32   32052
  3.909662e+00   2.072891e-30   1.535519e-03   1.207170e-32   30012
  3.915037e+00   2.012724e-30   1.611064e-03   1.176030e-32   31520
  3.920567e+00   1.996422e-30   1.575150e-03   1.174000e-32   30648
  3.925929e+00   1.970929e-30   1.553739e-03   1.182828e-32   29304
  3.931379e+00   1.986135e-30   1.540483e-03   1.161436e-32   31140
  3.936935e+00   1.948869e-30   1.641115e-03   1.136788e-32   31320
  3.942387e+00   1.894238e-30   1.548803e-03   1.156825e-32   28356
  3.947754e+00   1.853590e-30   1.583135e-03   1.109401e-32   30288
  3.953106e+00   1.861179e-30   1.573376e-03   1.130419e-32   29472
  3.958489e+00   1.822273e-30   1.555320e-03   1.129995e-32   28716
  3.964046e+00   1.785495e-30   1.543510e-03   1.045371e-32   30740
  3.969538e+00   1.769596e-30   1.574261e-03   1.048768e-32   29304
  3.974923e+00   1.746635e-30   1.567890e-03   1.064597e-32   28476
  3.980403e+00   1.684027e-30   1.588107e-03   1.000904e-32   29304
  3.985849e+00   1.714920e-30   1.586252e-03   1.023024e-32   29280
  3.991362e+00   1.703191e-30   1.582091e-03   1.027557e-32   29100
  3.996850e+00   1.631174e-30   1.550996e-03   1.014560e-32   27816
  4.002128e+00   1.643215e-30   1.557957e-03   1.018937e-32   27692
  4.007580e+00   1.588105e-30   1.619992e-03   9.552195e-33   29724
  4.013138e+00   1.586874e-30   1.544165e-03   1.004447e-32   27240
  4.018514e+00   1.573119e-30   1.500820e-03   9.625622e-33   27588
  4.023894e+00   1.535545e-30   1.561808e-03   9.465837e-33   28560
  4.029394e+00   1.521247e-30   1.581785e-03   9.783055e-33   26952
  4.034839e+00   1.504985e-30   1.583665e-03   9.447907e-33   27516
  4.040261e+00   1.469396e-30   1.600351e-03   9.153084e-33   28344
  4.045759e+00   1.481225e-30   1.576275e-03   9.544619e-33   26196
  4.051072e+00   1.443280e-30   1.541569e-03   9.134779e-33   26360
  4.056519e+00   1.438470e-30   1.593665e-03   8.836451e-33   28152
  4.062017e+00   1.401860e-30   1.541184e-03   9.079700e-33   25896
  4.067403e+00   1.374369e-30   1.577942e-03   8.825095e-33   26592
  4.072863e+00   1.365245e-30   1.510771e-03   8.768458e-33   26568
  4.078361e+00   1.357265e-30   1.598680e-03   8.606387e-33   26832
  4.083715e+00   1.304471e-30   1.515874e-03   8.513520e-33   24972
  4.089266e+00   1.343619e-30   1.598351e-03   8.453544e-33   27000
  4.094669e+00   1.292115e-30   1.532450e-03   8.420878e-33   25448
  4.100056e+00   1.305466e-30   1.584391e-03   8.674383e-33   25476
  4.105587e+00   1.272050e-30   1.553105e-03   8.440875e-33   25152
  4.110933e+00   1.244739e-30   1.592180e-03   8.074666e-33   25968
  4.116439e+00   1.215720e-30   1.585064e-03   7.938497e-33   25320
  4.121936e+00   1.204005e-30   1.497338e-03   8.129897e-33   23796
  4.127194e+00   1.236344e-30   1.571596e-03   8.119462e-33   25500
  4.132663e+00   1.202909e-30   1.566138e-03   8.077982e-33   24420
  4.138205e+00   1.164730e-30   1.621058e-03   7.922700e-33   24656
  4.143555e+00   1.177931e-30   1.535877e-03   8.096157e-33   24036
  4.148982e+00   1.170656e-30   1.588370e-03   8.041728e-33   24528
  4.154373e+00   1.095128e-30   1.534446e-03   7.696618e-33   23004
  4.159821e+00   1.137552e-30   1.575770e-03   7.752189e-33   24576
  4.165293e+00   1.111543e-30   1.505141e-03   7.746085e-33   23736
  4.170760e+00   1.075202e-30   1.599171e-03   7.352698e-33   23712
  4.176262e+00   1.086319e-30   1.552705e-03   7.564332e-33   22992
  4.181681e+00   1.077652e-30   1.541976e-03   7.583820e-33   23984
  4.187096e+00   1.047647e-30   1.540203e-03   7.495372e-33   22344
  4.192540e+00   1.038323e-30   1.562907e-03   7.390461e-33   22536
  4.197951e+00   1.033089e-30   1.546870e-03   7.066521e-33   23268
  4.203353e+00   1.025339e-30   1.588651e-03   7.435449e-33   22152
  4.208799e+00   9.809436e-31   1.568712e-03   7.147573e-33   22068
  4.214381e+00   9.947720e-31   1.610904e-03   6.886336e-33   23664
  4.219765e+00   9.850768e-31   1.496014e-03   7.428952e-33   20640
  4.225141e+00   9.632967e-31   1.587688e-03   6.997795e-33   22376
  4.230687e+00   9.687930e-31   1.561479e-03   7.193924e-33   21444
  4.236032e+00   9.607142e-31   1.618016e-03   7.021909e-33   21576
  4.241470e+00   9.353627e-31   1.604143e-03   6.986731e-33   21660
  4.247060e+00   9.264815e-31   1.622088e-03   6.898076e-33   20916
  4.252463e+00   9.209652e-31   1.591059e-03   6.891796e-33   21504
  4.257831e+00   8.896201e-31   1.516262e-03   6.947319e-33   20508
  4.263333e+00   8.935937e-31   1.620094e-03   6.949410e-33   20036
  4.268738e+00   9.075845e-31   1.567896e-03   6.819235e-33   21276
  4.274208e+00   8.680811e-31   1.552204e-03   6.662716e-33   20652
  4.279668e+00   8.405408e-31   1.544650e-03   6.731769e-33   18696
  4.285116e+00   8.645906e-31   1.616732e-03   6.445014e-33   21504
  4.290573e+00   8.401508e-31   1.511985e-03   6.645064e-33   19284
  4.296019e+00   7.883488e-31   1.630585e-03   6.135973e-33   19356
  4.301432e+00   8.175144e-31   1.540949e-03   6.566478e-33   19236
  4.306795e+00   8.449341e-31   1.571095e-03   7.023992e-33   19476
  4.312272e+00   7.634997e-31   1.634853e-03   6.116499e-33   19184
  4.317835e+00   7.947491e-31   1.583822e-03   6.487060e-33   18852
  4.323254e+00   8.218022e-31   1.533201e-03   6.775392e-33   18876
  4.328571e+00   7.458513e-31   1.593847e-03   6.146045e-33   18336
  4.334078e+00   7.266316e-31   1.599281e-03   6.058106e-33   17820
  4.339614e+00   7.904365e-31   1.614145e-03   6.698807e-33   19392
  4.344985e+00   7.208927e-31   1.598282e-03   6.121904e-33   17616
  4.350318e+00   6.955296e-31   1.504639e-03   5.987409e-33   16320
  4.355861e+00   7.460267e-31   1.629545e-03   6.210798e-33   19292
  4.361241e+00   7.277287e-31   1.561011e-03   6.582890e-33   17112
  4.366853e+00   6.839485e-31   1.582117e-03   6.087558e-33   17388
  4.372327e+00   6.943967e-31   1.481209e-03   6.673323e-33   16692
  4.377488e+00   7.192676e-31   1.566835e-03   6.557104e-33   16956
  4.383124e+00   6.485852e-31   1.580304e-03   5.620738e-33   17040
  4.388630e+00   6.729713e-31   1.563733e-03   6.112543e-33   16092
  4.393862e+00   7.010756e-31   1.553118e-03   6.687967e-33   16380
  4.399428e+00   6.435704e-31   1.596421e-03   5.846277e-33   16688
  4.404886e+00   6.128223e-31   1.596956e-03   5.730543e-33   14940
  4.410242e+00   6.726656e-31   1.605748e-03   6.277580e-33   16668
  4.415795e+00   6.146532e-31   1.568026e-03   5.913533e-33   15804
  4.421181e+00   6.044045e-31   1.557131e-03   5.964169e-33   14280
  4.426622e+00   6.388057e-31   1.532886e-03   5.967545e-33   16068
  4.432054e+00   5.976572e-31   1.562272e-03   5.874611e-33   15048
  4.437457e+00   5.930863e-31   1.592183e-03   6.058600e-33   13940
  4.442869e+00   5.820273e-31   1.521708e-03   5.773021e-33   15072
  4.448295e+00   5.844273e-31   1.622238e-03   5.624905e-33   14808
  4.453669e+00   5.565792e-31   1.506280e-03   5.801170e-33   13200
  4.459194e+00   5.527556e-31   1.595625e-03   5.429409e-33   15156
  4.464724e+00   5.789029e-31   1.556013e-03   6.262173e-33   13788
  4.470151e+00   5.413841e-31   1.533533e-03   5.961739e-33   13608
  4.475573e+00   5.152027e-31   1.461946e-03   5.294263e-33   13224
  4.480979e+00   5.604447e-31   1.576198e-03   6.205776e-33   13320
  4.486355e+00   5.214212e-31   1.554184e-03   5.625778e-33   13220
  4.491886e+00   4.812133e-31   1.570846e-03   4.987979e-33   12984
  4.497444e+00   5.143567e-31   1.589998e-03   5.708780e-33   12780
  4.502691e+00   4.784247e-31   1.504822e-03   5.460826e-33   12360
  4.508225e+00   4.856197e-31   1.583198e-03   5.238207e-33   12480
  4.513746e+00   4.804828e-31   1.537784e-03   5.502566e-33   11892
  4.519015e+00   4.631207e-31   1.594395e-03   5.054594e-33   12192
  4.524529e+00   4.571285e-31   1.563074e-03   5.041444e-33   11328
  4.530016e+00   4.293859e-31   1.657530e-03   4.772462e-33   12020
  4.535376e+00   4.481252e-31   1.523948e-03   5.424127e-33   11052
  4.540948e+00   4.042677e-31   1.618906e-03   4.548450e-33   11304
  4.546169e+00   3.969957e-31   1.489624e-03   4.765680e-33   10368
  4.551511e+00   3.920405e-31   1.550098e-03   4.377196e-33   10899
  4.557146e+00   3.964524e-31   1.554021e-03   4.649278e-33   10752
  4.562496e+00   3.771738e-31   1.559799e-03   4.287615e-33   10446
  4.568012e+00   3.754464e-31   1.535197e-03   4.068666e-33   10092
  4.573476e+00   3.584670e-31   1.555534e-03   4.025273e-33   10220
  4.578755e+00   3.722070e-31   1.523556e-03   4.447356e-33   9636
  4.584373e+00   3.437637e-31   1.567355e-03   3.723762e-33   10020
  4.589883e+00   3.331557e-31   1.628387e-03   3.989597e-33   9906
  4.595217e+00   3.347432e-31   1.510439e-03   3.954840e-33   8940
  4.600749e+00   3.294110e-31   1.531752e-03   3.750355e-33   9558
  4.606151e+00   3.311305e-31   1.668091e-03   3.894992e-33   9180
  4.611496e+00   3.231511e-31   1.596941e-03   3.883739e-33   8674
  4.617087e+00   3.075375e-31   1.587385e-03   3.621688e-33   9454
  4.622489e+00   2.956401e-31   1.631486e-03   3.464466e-33   8316
  4.627854e+00   2.967504e-31   1.608919e-03   3.481741e-33   8622
  4.633459e+00   2.944757e-31   1.597569e-03   3.354045e-33   9006
  4.638817e+00   2.755891e-31   1.610282e-03   3.426437e-33   7698
  4.644188e+00   2.883392e-31   1.545067e-03   3.420488e-33   8406
  4.649796e+00   2.740013e-31   1.648676e-03   3.241529e-33   8646
  4.655134e+00   2.712835e-31   1.566555e-03   3.562745e-33   7014
  4.660482e+00   2.695406e-31   1.557241e-03   3.154377e-33   8510
  4.666168e+00   2.642611e-31   1.641235e-03   3.145308e-33   7890
  4.671505e+00   2.453556e-31   1.574407e-03   3.161267e-33   6966
  4.676764e+00   2.562287e-31   1.504915e-03   3.010503e-33   7902
  4.682374e+00   2.445367e-31   1.641329e-03   2.917978e-33   7278
  4.687828e+00   2.317750e-31   1.612380e-03   2.809518e-33   7338
  4.693196e+00   2.390401e-31   1.493392e-03   3.021165e-33   7254
  4.698697e+00   2.448076e-31   1.608386e-03   3.180315e-33   6678
  4.704032e+00   2.348175e-31   1.606870e-03   3.020244e-33   7286
  4.709691e+00   2.432338e-31   1.589718e-03   3.125058e-33   7200
  4.715313e+00   2.305238e-31   1.543001e-03   3.135711e-33   6234
  4.720293e+00   2.152152e-31   1.546551e-03   2.794133e-33   6630
  4.725937e+00   2.207441e-31   1.594739e-03   2.917322e-33   6822
  4.731533e+00   2.102545e-31   1.502372e-03   2.794063e-33   6078
  4.736631e+00   2.108810e-31   1.597130e-03   2.685640e-33   6528
  4.742272e+00   2.234175e-31   1.526400e-03   2.939262e-33   6034
  4.747672e+00   1.949290e-31   1.563107e-03   2.507932e-33   6190
  4.753036e+00   2.052759e-31   1.605909e-03   2.706146e-33   6270
  4.758704e+00   2.049851e-31   1.444203e-03   2.928199e-33   5520
  4.763890e+00   1.808266e-31   1.616958e-03   2.279108e-33   6126
  4.769317e+00   1.993622e-31   1.511987e-03   2.670507e-33   5562
  4.775011e+00   1.885321e-31   1.511880e-03   2.504421e-33   5790
  4.780175e+00   1.782550e-31   1.547880e-03   2.395742e-33   5496
  4.785646e+00   1.907932e-31   1.559064e-03   2.647137e-33   5262
  4.791216e+00   1.776051e-31   1.535486e-03   2.479344e-33   5774
  4.796542e+00   1.851622e-31   1.521126e-03   2.605440e-33   5124
  4.802154e+00   1.785646e-31   1.525856e-03   2.661496e-33   5070
  4.807432e+00   1.762342e-31   1.588341e-03   2.392631e-33   5430
  4.812826e+00   1.741144e-31   1.483666e-03   2.610069e-33   4680
  4.818540e+00   1.681901e-31   1.536582e-03   2.337605e-33   5370
  4.823790e+00   1.618349e-31   1.468016e-03   2.379463e-33   4638
  4.829137e+00   1.639914e-31   1.543205e-03   2.494171e-33   4536
  4.834713e+00   1.524665e-31   1.545277e-03   2.118800e-33   5222
  4.840070e+00   1.567310e-31   1.418031e-03   2.261299e-33   4254
  4.845561e+00   1.583566e-31   1.563113e-03   2.301419e-33   4548
  4.850865e+00   1.504403e-31   1.515896e-03   2.136147e-33   4638
  4.856279e+00   1.554566e-31   1.496620e-03   2.406876e-33   4176
  4.861899e+00   1.530009e-31   1.501804e-03   2.321949e-33   4518
  4.867234e+00   1.419265e-31   1.513137e-03   2.069811e-33   4278
  4.872549e+00   1.445495e-31   1.464028e-03   2.367438e-33   3732
  4.877994e+00   1.417141e-31   1.546653e-03   2.230632e-33   4502
  4.883481e+00   1.371696e-31   1.503470e-03   2.231405e-33   3984
  4.889020e+00   1.401738e-31   1.557569e-03   2.166997e-33   3726
  4.894174e+00   1.325635e-31   1.501292e-03   1.992117e-33   4014
  4.899605e+00   1.401363e-31   1.574381e-03   2.128630e-33   3756
  4.905398e+00   1.292829e-31   1.580112e-03   2.006181e-33   3894
  4.910659e+00   1.285430e-31   1.546203e-03   2.054238e-33   3744
  4.915968e+00   1.370852e-31   1.571823e-03   2.335460e-33   3174
  4.921505e+00   1.252670e-31   1.608835e-03   1.868590e-33   3968
  4.926991e+00   1.228784e-31   1.622395e-03   2.039052e-33   3522
  4.932722e+00   1.284845e-31   1.666295e-03   2.197650e-33   3198
  4.937920e+00   1.204535e-31   1.632144e-03   1.881569e-33   3648
  4.943345e+00   1.250719e-31   1.659133e-03   2.202446e-33   3054
  4.949062e+00   1.187437e-31   1.560433e-03   1.987454e-33   3312
  4.954266e+00   1.138762e-31   1.648372e-03   1.839962e-33   3354
  4.959775e+00   1.145876e-31   1.630010e-03   2.096843e-33   2624
  4.965165e+00   1.133752e-31   1.590230e-03   1.873207e-33   3462
  4.970648e+00   1.171960e-31   1.658767e-03   2.135559e-33   2976
  4.976433e+00   1.156831e-31   1.570247e-03   2.073766e-33   2670
  4.981450e+00   1.079751e-31   1.634562e-03   1.876905e-33   3186
  4.986828e+00   1.076570e-31   1.526978e-03   2.101950e-33   2376
  4.992553e+00   1.049001e-31   1.609692e-03   1.808501e-33   3102
  4.997840e+00   1.058281e-31   1.575648e-03   1.985026e-33   2688
  5.003337e+00   1.036931e-31   1.643829e-03   2.118574e-33   2286
  5.008726e+00   1.013252e-31   1.585579e-03   1.764012e-33   3020
  5.014174e+00   1.042094e-31   1.510259e-03   2.120723e-33   2310
  5.019958e+00   1.047783e-31   1.669065e-03   1.984169e-33   2544
  5.025112e+00   9.812620e-32   1.556079e-03   1.880146e-33   2526
  5.030503e+00   1.071469e-31   1.598055e-03   2.170236e-33   2112
  5.036149e+00   9.894542e-32   1.535784e-03   1.904273e-33   2538
  5.041490e+00   9.627159e-32   1.597743e-03   1.810626e-33   2304
  5.046925e+00   9.868486e-32   1.576461e-03   2.115859e-33   1902
  5.052197e+00   8.743094e-32   1.506026e-03   1.673211e-33   2408
  5.057655e+00   9.331881e-32   1.588655e-03   1.869172e-33   2094
  5.063468e+00   9.536097e-32   1.618622e-03   1.971957e-33   2028
  5.068570e+00   9.407763e-32   1.535323e-03   1.999379e-33   2094
  5.073985e+00   8.925615e-32   1.674958e-03   2.088844e-33   1920
  5.079736e+00   8.669849e-32   1.412176e-03   1.849095e-33   1926
  5.084997e+00   8.544353e-32   1.648354e-03   1.847117e-33   2088
  5.090349e+00   8.953896e-32   1.445979e-03   2.134488e-33   1434
  5.095727e+00   8.330415e-32   1.528869e-03   1.838590e-33   2048
  5.101055e+00   8.303166e-32   1.524439e-03   1.921882e-33   1758
  5.106921e+00   8.707351e-32   1.681850e-03   1.986791e-33   1584
  5.112297e+00   8.006957e-32   1.666289e-03   1.718911e-33   1998
  5.117737e+00   8.645006e-32   1.517710e-03   2.182222e-33   1428
  5.123436e+00   8.190044e-32   1.270388e-03   1.974049e-33   1488
  5.128415e+00   8.299835e-32   1.618345e-03   1.751589e-33   1806
  5.133668e+00   8.930068e-32   1.473287e-03   2.643887e-33   1040
  5.139281e+00   7.560123e-32   1.543732e-03   1.801780e-33   1782
  5.144417e+00   7.712741e-32   1.459353e-03   1.910961e-33   1428
  5.150558e+00   7.823892e-32   1.752291e-03   2.047829e-33   1206
  5.155754e+00   7.894654e-32   1.628015e-03   1.836344e-33   1728
  5.160990e+00   6.926545e-32   1.525739e-03   1.969531e-33   1038
  5.167027e+00   7.457957e-32   1.237946e-03   1.983742e-33   1248
  5.171798e+00   7.926354e-32   1.578785e-03   1.934791e-33   1530
  5.177034e+00   7.679082e-32   1.447012e-03   2.774651e-33   656
  5.182884e+00   6.955521e-32   1.622270e-03   1.484136e-33   1662
  5.187826e+00   7.417792e-32   1.343030e-03   2.286367e-33   1008
  5.194344e+00   7.592575e-32   1.783380e-03   2.159435e-33   960
  5.199238e+00   6.676869e-32   1.533522e-03   1.586606e-33   1458
  5.204352e+00   7.448258e-32   1.515264e-03   2.684179e-33   672
  5.210626e+00   6.789297e-32   1.187605e-03   2.030995e-33   1062
  5.215066e+00   6.605732e-32   1.540654e-03   1.819464e-33   1224
  5.220385e+00   7.542386e-32   1.345767e-03   3.523714e-33   374
  5.226378e+00   6.715856e-32   1.617607e-03   1.543512e-33   1512
  5.231226e+00   7.144568e-32   1.355537e-03   2.385891e-33   666
  5.238164e+00   6.812200e-32   1.657312e-03   2.302384e-33   720
  5.242515e+00   6.644124e-32   1.484148e-03   1.695215e-33   1224
  5.247863e+00   6.872004e-32   1.475424e-03   3.069293e-33   390
  5.254263e+00   6.527484e-32   1.097036e-03   2.066457e-33   936
  5.258334e+00   7.036451e-32   1.565258e-03   2.029958e-33   882
  5.264148e+00   6.676279e-32   1.528292e-03   3.856013e-33   216
  5.269800e+00   6.193140e-32   1.517469e-03   1.552068e-33   1286
  5.274591e+00   7.100124e-32   1.267641e-03   3.084304e-33   384
  5.281913e+00   5.937433e-32   1.595845e-03   2.290805e-33   576
  5.285704e+00   6.207057e-32   1.430314e-03   1.822891e-33   930
  5.291130e+00   6.673126e-32   1.405067e-03   3.730386e-33   216
  5.298050e+00   5.755986e-32   1.127871e-03   1.852998e-33   918
  5.302037e+00   6.093558e-32   1.519148e-03   3.011624e-33   480
  5.307441e+00   8.747650e-32   1.280066e-03   7.728927e-33   78
  5.313052e+00   6.204449e-32   1.383681e-03   1.778956e-33   1052
  5.318233e+00   6.790657e-32   1.611134e-03   3.612959e-33   240
  5.326163e+00   5.733542e-32   5.882336e-04   2.488293e-33   438
  5.328872e+00   6.473763e-32   1.360971e-03   2.631026e-33   648
  5.333924e+00   9.184978e-32   1.123687e-03   8.027879e-33   78
  5.341457e+00   5.293348e-32   9.804401e-04   1.704127e-33   780
  5.345244e+00   5.733134e-32   1.368055e-03   3.270606e-33   240
  5.349910e+00   7.374279e-32   0.000000e+00   1.030322e-32   6
  5.356198e+00   5.883143e-32   1.253222e-03   1.870112e-33   824
  5.360748e+00   7.447535e-32   9.688384e-04   7.657503e-33   78
  5.369722e+00   4.813650e-32   5.065474e-04   1.935289e-33   432
  5.372065e+00   6.421242e-32   1.225115e-03   3.330978e-33   348
  5.376527e+00   9.940101e-32   0.000000e+00   4.874867e-32   6
  5.384681e+00   5.966180e-32   8.661160e-04   2.098455e-33   600
  5.387907e+00   6.431735e-32   8.155581e-04   5.363588e-33   78
  5.399271e+00   5.181035e-32   1.072115e-03   1.851790e-33   572
  5.403481e+00   5.920667e-32   0.000000e+00   2.783557e-32   6
  5.413189e+00   6.204978e-32   5.033701e-04   3.134541e-33   384
  5.415134e+00   6.671588e-32   7.482049e-04   4.540966e-33   102
  5.427858e+00   5.489318e-32   7.359585e-04   2.479774e-33   396
  5.430766e+00   3.329076e-32   0.000000e+00   5.203294e-33   6
  5.442225e+00   4.806925e-32   6.658608e-04   2.692423e-33   326
  5.456526e+00   4.787959e-32   4.630285e-04   2.868225e-33   252
  5.458378e+00   1.213667e-31   0.000000e+00   4.415252e-32   6
  5.470933e+00   5.326010e-32   4.213345e-04   3.444020e-33   198
  5.485317e+00   5.909673e-32   3.214857e-04   5.086754e-33   146
  5.499721e+00   6.369225e-32   2.359708e-04   5.855144e-33   102
  5.514144e+00   4.429501e-32   1.639936e-04   4.361232e-33   66
  5.528587e+00   4.450209e-32   1.041522e-04   5.278806e-33   38
  5.543047e+00   4.997344e-32   5.371851e-05   9.135400e-33   18
  5.557519e+00   9.142923e-32   5.754450e-08   1.608173e-32   6
