# power spectrum of chi
# redshift z=50.000000
# k              Pk             sigma(k)       sigma(Pk)      count
  2.513274e-02   4.489652e-21   2.247832e-10   1.519920e-21   6
  3.554306e-02   1.616856e-20   0.000000e+00   4.214875e-21   12
  4.353118e-02   9.075456e-21   4.768372e-10   3.893403e-21   8
  5.026548e-02   6.297401e-21   4.495664e-10   2.558056e-21   6
  5.619852e-02   5.934159e-21   8.991328e-10   1.355419e-21   24
  6.156239e-02   6.886424e-21   6.357829e-10   9.653288e-22   24
  7.416620e-02   6.119031e-21   1.948007e-03   9.340519e-22   42
  7.947671e-02   2.398117e-21   0.000000e+00   4.694477e-22   24
  8.335587e-02   3.616035e-21   1.557344e-09   7.412111e-22   24
  8.972863e-02   2.686771e-21   1.539368e-03   6.233905e-22   32
  9.403811e-02   2.587806e-21   0.000000e+00   3.905191e-22   48
  1.005310e-01   8.831243e-22   8.991328e-10   2.094895e-22   6
  1.049125e-01   1.673203e-21   1.486715e-03   1.982370e-22   84
  1.109741e-01   1.639181e-21   1.422978e-03   1.965058e-22   48
  1.160761e-01   1.619666e-21   1.277655e-03   1.518798e-22   72
  1.231248e-01   1.010004e-21   1.271566e-09   1.425391e-22   24
  1.274204e-01   1.095845e-21   1.133933e-03   1.089480e-22   102
  1.338823e-01   8.309295e-22   2.192492e-03   7.123500e-23   104
  1.376577e-01   6.435477e-22   0.000000e+00   9.982747e-23   48
  1.450967e-01   7.004777e-22   1.454852e-03   7.040236e-23   108
  1.494985e-01   7.811636e-22   1.026108e-03   9.983546e-23   78
  1.544156e-01   5.893372e-22   8.885963e-04   5.890468e-23   96
  1.612033e-01   4.290137e-22   1.252396e-03   3.722580e-23   168
  1.674610e-01   4.364843e-22   1.514588e-03   3.615170e-23   120
  1.704585e-01   2.625239e-22   0.000000e+00   3.627518e-23   48
  1.775076e-01   3.735653e-22   1.466362e-03   2.439703e-23   194
  1.836114e-01   2.684447e-22   1.199745e-03   1.990261e-23   192
  1.889121e-01   2.304564e-22   8.359107e-04   2.400707e-23   96
  1.926375e-01   2.425283e-22   7.114371e-04   2.127251e-23   96
  1.973415e-01   1.920674e-22   1.049518e-03   1.795834e-23   174
  2.036605e-01   1.880052e-22   1.032544e-03   1.523839e-23   216
  2.087655e-01   1.566706e-22   1.069752e-03   1.082172e-23   192
  2.153360e-01   1.023596e-22   1.134051e-03   8.243997e-24   204
  2.199701e-01   1.331103e-22   1.553116e-03   1.042298e-23   224
  2.263855e-01   1.059987e-22   8.767448e-04   7.635531e-24   174
  2.313653e-01   1.200128e-22   1.685384e-03   6.875523e-24   288
  2.375440e-01   7.866817e-23   8.296829e-04   4.706406e-24   288
  2.423661e-01   8.293034e-23   1.600294e-03   4.502773e-24   192
  2.486778e-01   7.693685e-23   1.171093e-03   4.663471e-24   252
  2.526714e-01   6.387065e-23   6.978544e-04   3.906480e-24   246
  2.580960e-01   6.392602e-23   1.324197e-03   3.306192e-24   312
  2.629351e-01   5.639632e-23   8.554600e-04   3.406739e-24   248
  2.695776e-01   4.402172e-23   1.809641e-03   2.062872e-24   432
  2.749286e-01   4.249207e-23   1.515534e-03   3.055470e-24   198
  2.802165e-01   3.927724e-23   1.832967e-03   2.083392e-24   456
  2.863920e-01   3.877896e-23   1.069655e-03   2.118135e-24   324
  2.907627e-01   3.485774e-23   1.266356e-03   2.151534e-24   312
  2.961810e-01   3.117499e-23   1.588477e-03   1.410325e-24   408
  3.029220e-01   2.809354e-23   1.466968e-03   1.280369e-24   414
  3.075580e-01   2.383347e-23   1.269406e-03   1.302736e-24   392
  3.123025e-01   1.916369e-23   1.430245e-03   9.774430e-25   408
  3.185470e-01   2.142637e-23   1.518117e-03   9.287635e-25   444
  3.232898e-01   2.409100e-23   1.227263e-03   1.344295e-24   360
  3.293455e-01   1.963651e-23   1.684453e-03   6.844718e-25   678
  3.357501e-01   1.554868e-23   1.079705e-03   7.641973e-25   360
  3.406722e-01   1.522903e-23   1.778081e-03   5.841310e-25   648
  3.453647e-01   1.450495e-23   8.217968e-04   7.770455e-25   288
  3.513418e-01   1.376451e-23   1.531028e-03   5.136222e-25   686
  3.569625e-01   1.309580e-23   1.138289e-03   6.259184e-25   444
  3.620452e-01   1.225659e-23   1.580989e-03   4.603771e-25   696
  3.671010e-01   1.193174e-23   1.502020e-03   5.434151e-25   408
  3.725872e-01   8.731652e-24   1.554025e-03   3.387297e-25   648
  3.782992e-01   9.763976e-24   1.360625e-03   3.775299e-25   582
  3.833918e-01   8.087084e-24   1.703041e-03   3.107393e-25   744
  3.890113e-01   7.302474e-24   1.700144e-03   2.952993e-25   516
  3.941882e-01   7.087572e-24   1.645265e-03   2.483672e-25   728
  3.989676e-01   7.722671e-24   1.363195e-03   3.201909e-25   558
  4.047392e-01   6.178892e-24   1.374231e-03   2.250299e-25   768
  4.109960e-01   6.358700e-24   1.593026e-03   2.018218e-25   960
  4.164620e-01   5.431156e-24   1.114439e-03   2.060778e-25   576
  4.217163e-01   5.607625e-24   1.808947e-03   1.938817e-25   816
  4.273742e-01   5.469817e-24   1.395616e-03   1.947216e-25   666
  4.323421e-01   4.905350e-24   1.636664e-03   1.554293e-25   960
  4.382783e-01   4.804560e-24   1.614107e-03   1.603284e-25   824
  4.440386e-01   4.015548e-24   1.777416e-03   1.329492e-25   936
  4.493430e-01   3.931550e-24   1.321819e-03   1.447113e-25   624
  4.542288e-01   3.537644e-24   1.556102e-03   1.101390e-25   1062
  4.599003e-01   3.231375e-24   1.695132e-03   1.237783e-25   732
  4.648741e-01   2.928601e-24   1.470856e-03   9.237755e-26   1080
  4.708074e-01   3.317401e-24   1.603534e-03   1.168534e-25   936
  4.761732e-01   2.724825e-24   1.731990e-03   9.896797e-26   878
  4.818260e-01   2.810032e-24   1.755225e-03   8.558567e-26   1152
  4.870749e-01   2.623248e-24   1.356663e-03   7.954605e-26   1056
  4.926568e-01   2.555820e-24   1.602363e-03   8.511777e-26   864
  4.976423e-01   2.174591e-24   1.565217e-03   6.739248e-26   1092
  5.036015e-01   2.139352e-24   1.653531e-03   6.559344e-26   1206
  5.092782e-01   2.108396e-24   1.678014e-03   6.048545e-26   1248
  5.145213e-01   2.032001e-24   1.137149e-03   6.736423e-26   864
  5.191890e-01   1.788390e-24   1.180642e-03   5.091707e-26   1152
  5.252742e-01   1.778229e-24   1.757644e-03   4.919030e-26   1382
  5.312134e-01   1.702435e-24   1.566451e-03   4.930523e-26   1188
  5.364142e-01   1.637571e-24   1.659855e-03   4.629535e-26   1248
  5.413249e-01   1.528580e-24   1.574532e-03   4.467196e-26   1152
  5.467138e-01   1.473211e-24   1.729118e-03   4.473349e-26   1320
  5.526917e-01   1.333504e-24   1.146028e-03   3.861735e-26   1206
  5.576517e-01   1.373606e-24   1.665023e-03   3.568293e-26   1560
  5.635439e-01   1.204592e-24   1.549958e-03   3.151160e-26   1280
  5.685850e-01   1.196795e-24   1.560520e-03   3.201354e-26   1308
  5.741001e-01   1.069169e-24   1.566129e-03   2.808996e-26   1512
  5.795940e-01   1.116961e-24   1.277777e-03   3.039428e-26   1350
  5.852552e-01   1.026035e-24   1.688249e-03   2.595018e-26   1608
  5.900948e-01   9.415885e-25   1.451867e-03   2.654470e-26   1320
  5.957309e-01   8.922767e-25   1.748946e-03   2.108376e-26   1656
  6.008045e-01   8.497869e-25   1.374965e-03   2.451868e-26   1254
  6.066730e-01   8.198355e-25   1.569270e-03   1.876630e-26   1932
  6.122044e-01   8.277264e-25   1.409199e-03   2.222196e-26   1640
  6.176544e-01   7.573922e-25   1.462843e-03   1.924472e-26   1488
  6.227944e-01   7.018913e-25   1.414095e-03   1.740719e-26   1560
  6.286404e-01   7.137345e-25   1.698486e-03   1.522118e-26   2046
  6.340669e-01   6.749012e-25   1.523538e-03   1.761177e-26   1512
  6.393232e-01   6.221930e-25   1.516165e-03   1.491601e-26   1764
  6.445652e-01   6.043565e-25   1.511671e-03   1.463338e-26   1776
  6.499746e-01   5.757737e-25   1.817211e-03   1.496810e-26   1704
  6.557781e-01   5.210832e-25   1.779589e-03   1.147624e-26   2126
  6.610046e-01   4.929045e-25   1.236245e-03   1.204834e-26   1632
  6.662499e-01   5.333991e-25   1.646884e-03   1.189361e-26   2064
  6.715382e-01   4.794288e-25   1.357901e-03   1.189388e-26   1680
  6.772924e-01   4.449835e-25   1.523137e-03   1.012585e-26   2154
  6.826481e-01   4.476760e-25   1.541852e-03   9.947914e-27   2016
  6.884154e-01   4.091724e-25   1.692697e-03   8.200597e-27   2304
  6.937001e-01   4.124719e-25   1.347609e-03   1.037586e-26   1680
  6.991903e-01   4.021347e-25   1.561166e-03   7.785741e-27   2432
  7.046941e-01   3.825741e-25   1.538311e-03   8.811889e-27   1902
  7.101567e-01   3.501448e-25   1.581895e-03   7.226407e-27   2292
  7.150285e-01   3.416335e-25   1.252979e-03   8.076514e-27   1992
  7.208092e-01   3.343144e-25   1.606146e-03   6.904860e-27   2568
  7.263678e-01   2.766013e-25   1.402295e-03   6.640533e-27   1806
  7.319849e-01   2.909351e-25   1.724889e-03   5.308137e-27   3000
  7.376724e-01   2.892521e-25   1.569594e-03   6.684359e-27   2016
  7.424201e-01   2.938893e-25   1.465108e-03   6.158976e-27   2168
  7.478330e-01   2.619612e-25   1.496073e-03   5.137649e-27   2412
  7.534914e-01   2.688537e-25   1.636470e-03   5.246402e-27   2550
  7.589365e-01   2.555151e-25   1.624710e-03   5.123465e-27   2592
  7.646194e-01   2.301780e-25   1.496749e-03   4.492560e-27   2496
  7.700227e-01   2.311230e-25   1.655767e-03   4.545963e-27   2688
  7.754124e-01   2.291227e-25   1.430386e-03   4.640962e-27   2424
  7.810929e-01   2.075493e-25   1.312547e-03   4.029528e-27   2634
  7.862125e-01   2.063580e-25   1.574459e-03   4.174324e-27   2552
  7.913127e-01   1.983030e-25   1.651778e-03   3.446389e-27   2832
  7.969736e-01   1.889314e-25   1.568612e-03   3.865280e-27   2424
  8.025554e-01   1.796448e-25   1.740010e-03   3.175756e-27   3198
  8.077809e-01   1.790503e-25   1.388970e-03   3.636785e-27   2400
  8.133203e-01   1.658262e-25   1.597724e-03   2.891992e-27   3336
  8.190443e-01   1.640839e-25   1.344782e-03   3.077799e-27   2508
  8.240739e-01   1.573661e-25   1.620807e-03   2.939566e-27   3104
  8.299549e-01   1.490908e-25   1.630675e-03   2.803902e-27   2934
  8.352548e-01   1.460224e-25   1.499159e-03   2.572543e-27   3120
  8.410021e-01   1.428819e-25   1.672615e-03   2.404476e-27   3288
  8.462971e-01   1.340380e-25   1.408091e-03   2.501036e-27   2808
  8.517341e-01   1.289456e-25   1.767149e-03   2.441534e-27   2988
  8.572072e-01   1.284710e-25   1.617824e-03   2.215212e-27   3486
  8.625080e-01   1.243571e-25   1.531395e-03   2.260876e-27   3000
  8.676262e-01   1.183037e-25   1.332104e-03   2.058991e-27   3024
  8.733607e-01   1.164823e-25   1.466916e-03   1.892566e-27   3584
  8.791129e-01   1.100616e-25   1.571450e-03   1.845421e-27   3486
  8.844786e-01   1.097495e-25   1.415254e-03   1.912165e-27   3120
  8.897252e-01   1.021038e-25   1.397521e-03   1.792121e-27   3396
  8.950216e-01   9.818988e-26   1.596634e-03   1.606559e-27   3552
  9.006758e-01   9.640872e-26   1.536565e-03   1.667686e-27   3384
  9.062646e-01   9.286560e-26   1.564378e-03   1.577771e-27   3726
  9.115861e-01   9.134808e-26   1.516080e-03   1.618969e-27   3344
  9.166417e-01   8.731500e-26   1.557833e-03   1.404248e-27   3744
  9.224231e-01   8.208848e-26   1.516451e-03   1.327947e-27   3540
  9.278433e-01   8.149765e-26   1.609838e-03   1.337543e-27   3822
  9.335305e-01   7.820366e-26   1.580500e-03   1.216867e-27   4056
  9.387066e-01   7.841345e-26   1.452506e-03   1.364305e-27   3288
  9.441340e-01   7.320061e-26   1.677753e-03   1.141227e-27   4056
  9.494626e-01   7.146782e-26   1.536843e-03   1.160911e-27   3984
  9.552959e-01   7.007485e-26   1.413015e-03   1.194252e-27   3662
  9.602370e-01   6.884043e-26   1.541776e-03   1.107441e-27   3828
  9.658108e-01   6.323816e-26   1.742991e-03   9.284607e-28   4632
  9.713679e-01   6.092543e-26   1.345609e-03   1.028739e-27   3600
  9.769230e-01   6.064537e-26   1.597718e-03   9.113073e-28   4320
  9.821794e-01   6.164994e-26   1.253511e-03   1.024651e-27   3918
  9.874859e-01   5.891141e-26   1.442268e-03   9.206065e-28   4200
  9.928210e-01   5.795827e-26   1.636673e-03   8.976703e-28   4188
  9.983519e-01   5.414848e-26   1.662286e-03   8.210275e-28   4360
  1.003968e+00   5.178131e-26   1.662160e-03   7.765443e-28   4582
  1.009399e+00   5.064989e-26   1.477494e-03   7.994888e-28   4128
  1.014920e+00   4.949724e-26   1.587216e-03   7.093257e-28   4752
  1.020120e+00   4.802387e-26   1.461112e-03   7.733760e-28   4176
  1.025775e+00   4.850039e-26   1.680085e-03   7.047047e-28   4848
  1.031437e+00   4.461466e-26   1.459747e-03   6.548530e-28   4338
  1.036771e+00   4.298364e-26   1.593174e-03   5.929545e-28   5160
  1.042045e+00   4.286376e-26   1.291598e-03   6.756403e-28   4008
  1.047767e+00   4.039442e-26   1.707442e-03   5.557767e-28   5360
  1.053032e+00   4.083663e-26   1.588217e-03   6.341868e-28   4110
  1.058510e+00   3.930776e-26   1.701535e-03   5.397361e-28   5424
  1.063733e+00   3.887005e-26   1.454921e-03   6.126403e-28   4140
  1.069227e+00   3.756106e-26   1.625576e-03   4.939531e-28   5664
  1.074866e+00   3.536342e-26   1.412853e-03   5.160395e-28   4632
  1.080236e+00   3.468052e-26   1.490235e-03   5.026935e-28   4902
  1.085555e+00   3.449232e-26   1.592485e-03   4.970244e-28   5072
  1.090999e+00   3.388367e-26   1.501653e-03   4.828502e-28   5472
  1.096387e+00   3.319716e-26   1.526101e-03   4.850934e-28   4704
  1.101916e+00   3.224884e-26   1.676374e-03   4.653034e-28   5436
  1.107545e+00   3.016700e-26   1.596128e-03   4.037648e-28   5646
  1.112664e+00   2.992635e-26   1.428200e-03   4.638126e-28   4512
  1.118112e+00   2.865746e-26   1.824161e-03   3.721288e-28   6120
  1.123729e+00   2.753417e-26   1.411269e-03   3.725444e-28   5112
  1.129131e+00   2.729960e-26   1.667779e-03   3.608951e-28   5606
  1.134567e+00   2.631064e-26   1.554272e-03   3.496375e-28   5328
  1.139989e+00   2.614563e-26   1.565953e-03   3.301184e-28   5964
  1.145435e+00   2.526376e-26   1.590472e-03   3.485354e-28   5448
  1.150957e+00   2.484677e-26   1.628706e-03   3.278634e-28   5904
  1.156600e+00   2.410323e-26   1.600579e-03   3.265304e-28   5598
  1.161806e+00   2.297823e-26   1.501909e-03   2.998279e-28   5952
  1.167187e+00   2.220789e-26   1.643126e-03   2.990597e-28   5688
  1.172631e+00   2.119188e-26   1.575513e-03   2.804022e-28   5876
  1.177964e+00   2.124373e-26   1.536673e-03   2.808428e-28   5784
  1.183501e+00   2.022250e-26   1.532901e-03   2.491418e-28   6462
  1.189054e+00   2.037218e-26   1.653348e-03   2.772020e-28   5688
  1.194197e+00   1.972985e-26   1.525430e-03   2.406391e-28   6408
  1.199756e+00   1.924278e-26   1.574800e-03   2.526364e-28   6000
  1.205422e+00   1.828264e-26   1.694655e-03   2.293063e-28   6582
  1.211021e+00   1.808062e-26   1.612876e-03   2.231149e-28   6564
  1.216263e+00   1.789634e-26   1.422140e-03   2.321994e-28   6048
  1.221699e+00   1.749934e-26   1.629773e-03   2.176538e-28   6512
  1.227397e+00   1.653680e-26   1.620133e-03   1.950251e-28   6816
  1.232850e+00   1.598996e-26   1.416896e-03   1.961802e-28   6222
  1.237968e+00   1.625905e-26   1.476334e-03   2.028263e-28   6432
  1.243434e+00   1.523726e-26   1.553938e-03   1.849743e-28   6804
  1.248868e+00   1.534489e-26   1.464733e-03   1.934797e-28   6432
  1.254187e+00   1.489577e-26   1.722345e-03   1.785983e-28   6846
  1.259590e+00   1.471802e-26   1.572729e-03   1.810907e-28   6424
  1.264755e+00   1.433459e-26   1.411534e-03   1.748903e-28   6952
  1.270430e+00   1.434399e-26   1.700917e-03   1.702697e-28   7560
  1.276003e+00   1.352318e-26   1.461590e-03   1.723794e-28   6648
  1.281750e+00   1.307846e-26   1.606071e-03   1.500731e-28   7578
  1.286810e+00   1.297861e-26   1.450151e-03   1.577994e-28   6552
  1.292277e+00   1.258237e-26   1.596662e-03   1.470459e-28   7536
  1.297851e+00   1.208969e-26   1.461180e-03   1.477321e-28   7272
  1.303277e+00   1.186628e-26   1.556497e-03   1.441427e-28   6936
  1.308485e+00   1.174954e-26   1.596343e-03   1.349053e-28   7430
  1.314120e+00   1.132389e-26   1.672052e-03   1.319637e-28   7644
  1.319350e+00   1.124708e-26   1.489238e-03   1.314440e-28   7248
  1.325034e+00   1.082055e-26   1.703671e-03   1.206048e-28   8232
  1.330590e+00   1.048222e-26   1.553617e-03   1.210647e-28   7038
  1.335931e+00   1.026126e-26   1.510189e-03   1.171717e-28   7824
  1.341174e+00   1.003197e-26   1.590763e-03   1.161669e-28   7752
  1.346585e+00   9.894552e-27   1.605043e-03   1.172068e-28   7480
  1.352208e+00   9.576291e-27   1.618933e-03   1.028321e-28   8404
  1.357671e+00   9.492363e-27   1.503855e-03   1.070874e-28   7614
  1.362913e+00   8.837945e-27   1.575108e-03   1.000565e-28   7776
  1.368188e+00   9.052981e-27   1.502776e-03   1.014682e-28   7944
  1.373702e+00   8.835190e-27   1.562607e-03   9.866981e-29   8424
  1.379142e+00   8.664124e-27   1.533354e-03   9.780798e-29   7872
  1.384762e+00   8.442182e-27   1.540830e-03   9.162475e-29   8658
  1.390152e+00   7.879158e-27   1.537871e-03   8.677805e-29   8352
  1.395701e+00   7.902489e-27   1.544872e-03   8.406145e-29   8648
  1.400946e+00   7.738311e-27   1.463868e-03   8.560193e-29   7680
  1.406459e+00   7.633583e-27   1.524971e-03   8.253972e-29   8646
  1.411581e+00   7.301705e-27   1.477493e-03   7.903737e-29   8448
  1.417243e+00   7.336837e-27   1.570023e-03   7.588590e-29   9120
  1.422706e+00   7.105653e-27   1.534210e-03   7.861799e-29   8316
  1.428231e+00   6.831894e-27   1.655901e-03   7.012840e-29   9504
  1.433780e+00   6.812545e-27   1.505873e-03   7.856831e-29   8358
  1.439318e+00   6.625510e-27   1.591741e-03   6.942966e-29   9584
  1.444669e+00   6.446857e-27   1.523180e-03   6.894655e-29   8616
  1.450194e+00   6.366945e-27   1.658401e-03   6.620989e-29   9432
  1.455837e+00   6.037455e-27   1.687074e-03   6.453899e-29   9018
  1.460959e+00   5.898411e-27   1.428118e-03   6.349208e-29   8568
  1.466312e+00   5.838906e-27   1.589614e-03   5.725931e-29   9816
  1.471848e+00   5.737048e-27   1.504950e-03   6.016604e-29   9000
  1.477320e+00   5.674108e-27   1.574008e-03   5.728118e-29   9504
  1.482769e+00   5.379294e-27   1.610237e-03   5.503141e-29   9446
  1.488128e+00   5.454196e-27   1.539876e-03   5.699609e-29   9696
  1.493639e+00   5.366475e-27   1.432995e-03   5.614994e-29   9180
  1.499052e+00   5.163305e-27   1.656445e-03   5.009656e-29   10512
  1.504580e+00   5.152714e-27   1.565995e-03   5.506669e-29   9048
  1.510050e+00   4.934494e-27   1.502032e-03   5.012068e-29   10014
  1.515115e+00   4.754776e-27   1.465977e-03   5.077571e-29   9096
  1.520624e+00   4.768171e-27   1.678104e-03   4.546675e-29   11088
  1.526481e+00   4.668768e-27   1.632622e-03   4.698234e-29   9860
  1.531846e+00   4.494809e-27   1.547538e-03   4.587114e-29   10110
  1.537226e+00   4.384367e-27   1.610782e-03   4.438163e-29   10104
  1.542638e+00   4.334379e-27   1.527293e-03   4.292945e-29   10392
  1.548117e+00   4.297450e-27   1.580956e-03   4.319422e-29   10104
  1.553700e+00   4.189017e-27   1.636048e-03   3.909956e-29   11352
  1.559389e+00   4.059636e-27   1.498379e-03   4.044425e-29   10014
  1.564440e+00   4.019254e-27   1.383079e-03   4.173949e-29   9636
  1.569783e+00   3.830464e-27   1.639203e-03   3.620113e-29   11552
  1.575422e+00   3.931961e-27   1.523155e-03   3.778781e-29   10488
  1.580867e+00   3.807365e-27   1.590751e-03   3.727239e-29   10254
  1.586166e+00   3.709221e-27   1.497744e-03   3.520064e-29   11304
  1.591672e+00   3.675872e-27   1.520072e-03   3.566599e-29   10872
  1.597152e+00   3.598011e-27   1.630062e-03   3.473060e-29   10932
  1.602461e+00   3.494327e-27   1.470687e-03   3.302672e-29   10848
  1.607949e+00   3.439452e-27   1.538096e-03   3.314397e-29   10998
  1.613393e+00   3.369540e-27   1.616241e-03   3.129067e-29   11720
  1.618857e+00   3.271123e-27   1.486980e-03   3.156443e-29   10776
  1.624233e+00   3.170111e-27   1.626703e-03   2.904550e-29   12072
  1.629803e+00   3.143388e-27   1.491590e-03   3.051750e-29   10704
  1.635146e+00   3.101811e-27   1.530127e-03   2.903396e-29   11730
  1.640724e+00   3.021307e-27   1.589265e-03   2.845981e-29   12144
  1.646103e+00   2.974723e-27   1.505823e-03   2.820227e-29   11568
  1.651732e+00   2.840986e-27   1.628958e-03   2.667551e-29   11552
  1.656794e+00   2.809882e-27   1.470182e-03   2.695532e-29   10926
  1.662301e+00   2.776483e-27   1.665116e-03   2.468892e-29   13032
  1.667699e+00   2.743049e-27   1.360824e-03   2.721223e-29   10776
  1.673163e+00   2.599296e-27   1.675173e-03   2.307148e-29   13116
  1.678750e+00   2.664050e-27   1.576527e-03   2.419824e-29   12288
  1.684254e+00   2.580306e-27   1.448982e-03   2.465779e-29   11262
  1.689407e+00   2.581368e-27   1.565326e-03   2.368341e-29   12672
  1.694949e+00   2.417961e-27   1.534786e-03   2.234333e-29   12624
  1.700444e+00   2.406366e-27   1.539772e-03   2.204120e-29   12392
  1.705894e+00   2.320742e-27   1.578373e-03   2.148028e-29   12060
  1.711417e+00   2.298280e-27   1.664529e-03   2.016320e-29   13662
  1.716714e+00   2.309149e-27   1.437484e-03   2.158495e-29   11592
  1.722229e+00   2.247241e-27   1.708245e-03   1.924758e-29   13776
  1.727732e+00   2.161112e-27   1.452727e-03   1.994244e-29   12240
  1.733259e+00   2.149415e-27   1.673717e-03   1.892427e-29   13662
  1.738451e+00   2.119491e-27   1.438450e-03   2.018915e-29   11520
  1.744057e+00   2.064248e-27   1.657935e-03   1.707533e-29   15044
  1.749584e+00   2.043195e-27   1.490148e-03   1.880577e-29   12384
  1.755011e+00   1.953383e-27   1.568695e-03   1.727643e-29   13176
  1.760324e+00   1.939739e-27   1.420714e-03   1.684054e-29   12798
  1.765805e+00   1.967500e-27   1.613568e-03   1.670778e-29   14376
  1.771131e+00   1.848977e-27   1.533785e-03   1.654583e-29   12528
  1.776603e+00   1.826055e-27   1.610649e-03   1.557962e-29   14100
  1.781897e+00   1.827744e-27   1.461405e-03   1.655572e-29   12630
  1.787364e+00   1.776759e-27   1.587093e-03   1.489692e-29   14624
  1.792771e+00   1.776414e-27   1.583065e-03   1.547992e-29   13272
  1.798277e+00   1.723720e-27   1.613728e-03   1.442246e-29   14664
  1.803884e+00   1.644946e-27   1.649702e-03   1.395042e-29   14328
  1.809294e+00   1.640297e-27   1.531892e-03   1.459778e-29   13086
  1.814778e+00   1.621697e-27   1.648042e-03   1.341186e-29   15612
  1.820245e+00   1.591248e-27   1.420572e-03   1.370449e-29   13416
  1.825554e+00   1.557083e-27   1.670986e-03   1.320940e-29   14360
  1.831007e+00   1.519956e-27   1.563345e-03   1.298004e-29   14064
  1.836565e+00   1.465164e-27   1.608825e-03   1.181759e-29   15750
  1.842043e+00   1.448015e-27   1.519715e-03   1.235180e-29   13680
  1.847448e+00   1.427352e-27   1.654464e-03   1.154083e-29   15468
  1.852944e+00   1.421979e-27   1.594248e-03   1.213310e-29   14352
  1.858276e+00   1.386810e-27   1.572970e-03   1.152678e-29   14454
  1.863633e+00   1.360594e-27   1.615254e-03   1.114630e-29   15048
  1.869150e+00   1.359987e-27   1.497078e-03   1.122744e-29   15360
  1.874596e+00   1.297594e-27   1.645285e-03   1.083357e-29   15224
  1.880069e+00   1.328988e-27   1.557924e-03   1.105423e-29   15096
  1.885497e+00   1.264095e-27   1.522103e-03   1.059623e-29   14514
  1.890790e+00   1.263055e-27   1.595539e-03   1.000041e-29   16416
  1.896345e+00   1.249025e-27   1.570097e-03   9.980309e-30   15216
  1.902017e+00   1.188685e-27   1.580041e-03   9.430718e-30   16440
  1.907431e+00   1.177677e-27   1.589489e-03   9.967491e-30   14904
  1.912612e+00   1.167195e-27   1.493082e-03   9.754559e-30   15134
  1.918128e+00   1.132195e-27   1.670413e-03   9.116744e-30   16644
  1.923636e+00   1.116101e-27   1.568226e-03   9.077131e-30   16128
  1.929039e+00   1.090835e-27   1.558301e-03   8.855365e-30   15384
  1.934362e+00   1.075125e-27   1.531848e-03   8.945727e-30   15462
  1.939814e+00   1.060625e-27   1.636508e-03   8.139889e-30   17304
  1.945372e+00   1.035581e-27   1.543184e-03   8.386124e-30   16176
  1.950827e+00   9.893737e-28   1.632437e-03   7.727183e-30   16824
  1.956411e+00   1.020362e-27   1.501531e-03   8.091272e-30   15980
  1.961671e+00   9.731477e-28   1.494587e-03   7.724869e-30   16326
  1.966974e+00   9.965905e-28   1.595444e-03   7.891709e-30   16488
  1.972469e+00   9.427675e-28   1.547881e-03   7.398800e-30   16944
  1.977987e+00   9.334090e-28   1.628958e-03   7.027807e-30   17256
  1.983307e+00   9.319365e-28   1.510722e-03   7.443482e-30   15966
  1.988830e+00   9.090011e-28   1.604091e-03   6.892911e-30   17628
  1.994237e+00   8.721841e-28   1.523687e-03   6.739659e-30   17280
  1.999700e+00   8.860942e-28   1.677236e-03   6.918523e-30   17056
  2.005087e+00   8.577900e-28   1.581521e-03   6.783997e-30   17296
  2.010708e+00   8.428313e-28   1.549121e-03   6.402396e-30   17526
  2.016014e+00   8.322912e-28   1.559028e-03   6.400782e-30   17592
  2.021539e+00   8.237361e-28   1.621825e-03   6.428630e-30   17880
  2.026921e+00   8.121991e-28   1.503997e-03   6.327620e-30   17028
  2.032244e+00   7.952540e-28   1.529390e-03   6.177007e-30   17376
  2.037659e+00   7.694547e-28   1.518363e-03   5.827530e-30   18414
  2.043253e+00   7.745452e-28   1.557160e-03   5.930481e-30   17840
  2.048675e+00   7.433334e-28   1.634742e-03   5.520682e-30   18960
  2.054080e+00   7.325415e-28   1.518636e-03   5.678695e-30   16992
  2.059506e+00   7.232694e-28   1.672957e-03   5.423885e-30   18378
  2.064817e+00   7.156897e-28   1.489598e-03   5.518017e-30   18192
  2.070342e+00   7.045389e-28   1.590368e-03   5.149514e-30   19320
  2.075827e+00   6.893186e-28   1.542530e-03   5.278444e-30   17856
  2.081294e+00   6.740743e-28   1.592338e-03   4.936363e-30   19128
  2.086669e+00   6.519088e-28   1.472822e-03   5.029300e-30   18246
  2.092142e+00   6.697502e-28   1.530845e-03   4.915034e-30   19184
  2.097560e+00   6.355277e-28   1.566786e-03   4.708383e-30   18900
  2.103127e+00   6.270771e-28   1.634103e-03   4.529571e-30   19776
  2.108435e+00   6.160304e-28   1.499267e-03   4.787068e-30   17814
  2.113953e+00   6.071604e-28   1.631506e-03   4.414728e-30   19944
  2.119331e+00   5.847089e-28   1.609395e-03   4.204421e-30   19536
  2.124895e+00   5.886805e-28   1.592635e-03   4.290886e-30   20112
  2.130295e+00   5.804553e-28   1.480183e-03   4.435013e-30   18116
  2.135677e+00   5.633823e-28   1.543122e-03   4.088193e-30   19878
  2.140967e+00   5.684982e-28   1.559605e-03   4.151583e-30   19800
  2.146556e+00   5.623579e-28   1.559507e-03   4.042242e-30   20136
  2.152123e+00   5.449377e-28   1.640454e-03   3.851767e-30   20808
  2.157545e+00   5.337284e-28   1.486131e-03   4.029417e-30   19152
  2.162999e+00   5.317890e-28   1.569730e-03   3.861549e-30   20526
  2.168508e+00   5.140805e-28   1.615030e-03   3.651380e-30   20532
  2.173853e+00   5.103400e-28   1.604928e-03   3.652579e-30   20120
  2.179147e+00   4.964759e-28   1.495586e-03   3.581806e-30   19512
  2.184682e+00   4.945650e-28   1.624686e-03   3.501496e-30   21246
  2.190096e+00   4.857252e-28   1.477588e-03   3.500555e-30   20112
  2.195583e+00   4.864874e-28   1.645292e-03   3.381731e-30   22104
  2.201050e+00   4.754340e-28   1.614482e-03   3.443526e-30   19620
  2.206482e+00   4.621336e-28   1.604796e-03   3.236612e-30   21912
  2.211921e+00   4.561075e-28   1.497387e-03   3.317087e-30   20070
  2.217337e+00   4.472984e-28   1.630864e-03   3.070124e-30   22064
  2.222850e+00   4.346591e-28   1.548352e-03   3.105877e-30   21048
  2.228199e+00   4.348292e-28   1.514343e-03   3.134644e-30   21168
  2.233635e+00   4.286290e-28   1.637642e-03   3.055693e-30   21384
  2.239216e+00   4.222112e-28   1.481766e-03   2.886023e-30   22146
  2.244666e+00   4.108734e-28   1.585174e-03   2.896877e-30   22200
  2.250163e+00   4.049284e-28   1.501548e-03   2.848099e-30   21648
  2.255545e+00   3.931416e-28   1.607582e-03   2.813201e-30   21144
  2.260867e+00   3.867246e-28   1.529125e-03   2.798027e-30   21710
  2.266343e+00   3.900601e-28   1.624700e-03   2.700136e-30   23112
  2.271991e+00   3.818922e-28   1.620840e-03   2.594711e-30   23064
  2.277435e+00   3.709990e-28   1.500062e-03   2.666029e-30   21252
  2.282668e+00   3.642808e-28   1.503720e-03   2.513738e-30   22128
  2.288126e+00   3.680503e-28   1.558658e-03   2.507184e-30   22446
  2.293582e+00   3.600574e-28   1.527528e-03   2.437423e-30   22848
  2.298983e+00   3.529999e-28   1.529486e-03   2.384502e-30   23208
  2.304508e+00   3.498717e-28   1.574247e-03   2.434456e-30   22536
  2.309946e+00   3.444620e-28   1.596462e-03   2.381939e-30   22586
  2.315370e+00   3.378255e-28   1.627795e-03   2.259681e-30   24096
  2.320825e+00   3.315384e-28   1.527306e-03   2.272861e-30   22440
  2.326212e+00   3.239501e-28   1.664369e-03   2.150469e-30   23400
  2.331602e+00   3.181911e-28   1.511928e-03   2.171184e-30   23232
  2.337168e+00   3.126097e-28   1.592064e-03   2.077680e-30   23886
  2.342533e+00   3.144321e-28   1.530913e-03   2.106976e-30   23376
  2.347967e+00   3.062741e-28   1.544635e-03   2.023826e-30   23540
  2.353338e+00   3.029525e-28   1.532168e-03   2.029552e-30   24240
  2.358915e+00   2.993724e-28   1.612109e-03   2.010587e-30   23952
  2.364402e+00   2.924536e-28   1.508159e-03   1.923825e-30   24006
  2.369901e+00   2.940757e-28   1.691935e-03   1.968396e-30   25560
  2.375221e+00   2.899534e-28   1.500150e-03   2.025530e-30   22728
  2.380552e+00   2.766881e-28   1.511947e-03   1.884708e-30   23556
  2.385955e+00   2.766178e-28   1.577785e-03   1.800912e-30   25398
  2.391435e+00   2.741930e-28   1.545774e-03   1.849939e-30   24088
  2.396892e+00   2.699300e-28   1.609108e-03   1.717023e-30   25696
  2.402362e+00   2.610614e-28   1.511201e-03   1.708993e-30   24144
  2.407786e+00   2.615624e-28   1.615096e-03   1.717694e-30   25560
  2.413246e+00   2.537544e-28   1.489846e-03   1.695816e-30   24246
  2.418724e+00   2.521896e-28   1.581827e-03   1.617047e-30   26292
  2.424188e+00   2.501468e-28   1.560153e-03   1.639131e-30   25200
  2.429626e+00   2.455543e-28   1.624829e-03   1.617720e-30   25296
  2.434943e+00   2.448331e-28   1.483819e-03   1.644946e-30   24192
  2.440599e+00   2.366448e-28   1.638534e-03   1.437751e-30   28646
  2.446110e+00   2.376090e-28   1.506669e-03   1.598258e-30   24552
  2.451515e+00   2.309784e-28   1.579460e-03   1.497271e-30   25788
  2.456795e+00   2.301838e-28   1.491180e-03   1.503411e-30   25272
  2.462256e+00   2.261204e-28   1.613697e-03   1.457368e-30   26118
  2.467607e+00   2.272895e-28   1.579547e-03   1.463339e-30   26016
  2.473206e+00   2.180853e-28   1.595790e-03   1.402032e-30   27792
  2.478571e+00   2.168617e-28   1.565206e-03   1.444416e-30   25072
  2.483982e+00   2.117760e-28   1.621283e-03   1.363050e-30   26824
  2.489402e+00   2.092675e-28   1.480279e-03   1.349314e-30   26106
  2.494915e+00   2.066619e-28   1.629064e-03   1.284596e-30   28296
  2.500377e+00   2.033250e-28   1.567349e-03   1.284120e-30   26640
  2.505822e+00   2.002819e-28   1.492228e-03   1.303393e-30   26064
  2.511215e+00   1.987258e-28   1.637115e-03   1.260381e-30   27822
  2.516572e+00   1.963732e-28   1.521472e-03   1.274032e-30   26160
  2.522001e+00   1.903237e-28   1.673107e-03   1.187362e-30   28108
  2.527479e+00   1.886327e-28   1.599090e-03   1.174654e-30   27664
  2.532916e+00   1.873168e-28   1.590673e-03   1.180208e-30   27600
  2.538445e+00   1.825923e-28   1.594105e-03   1.146115e-30   27510
  2.543900e+00   1.801320e-28   1.577441e-03   1.116794e-30   28848
  2.549331e+00   1.784543e-28   1.562048e-03   1.122012e-30   27744
  2.554787e+00   1.777113e-28   1.521895e-03   1.124963e-30   27888
  2.560210e+00   1.734046e-28   1.547223e-03   1.098685e-30   27780
  2.565645e+00   1.702323e-28   1.558725e-03   1.046934e-30   28734
  2.571023e+00   1.719168e-28   1.609586e-03   1.101211e-30   28232
  2.576527e+00   1.669741e-28   1.600458e-03   1.020241e-30   29016
  2.581909e+00   1.655076e-28   1.581285e-03   1.056303e-30   28056
  2.587324e+00   1.622680e-28   1.534592e-03   1.013270e-30   28710
  2.592790e+00   1.610560e-28   1.621010e-03   9.929567e-31   29220
  2.598465e+00   1.543530e-28   1.658218e-03   9.225793e-31   31584
  2.603840e+00   1.569528e-28   1.528599e-03   1.028596e-30   26904
  2.609079e+00   1.548603e-28   1.485740e-03   9.884002e-31   28512
  2.614658e+00   1.502687e-28   1.600396e-03   9.048528e-31   30878
  2.620190e+00   1.462837e-28   1.607291e-03   8.760124e-31   30408
  2.625603e+00   1.465079e-28   1.552575e-03   9.149813e-31   28632
  2.630926e+00   1.437194e-28   1.494100e-03   9.094747e-31   28764
  2.636301e+00   1.407042e-28   1.662258e-03   8.510269e-31   30630
  2.641825e+00   1.406497e-28   1.539050e-03   8.588799e-31   30240
  2.647360e+00   1.386036e-28   1.576813e-03   8.296501e-31   31008
  2.652753e+00   1.376581e-28   1.510278e-03   8.541380e-31   29240
  2.658053e+00   1.354303e-28   1.541271e-03   8.373411e-31   30000
  2.663579e+00   1.325026e-28   1.631431e-03   8.092076e-31   30978
  2.669020e+00   1.334030e-28   1.538057e-03   8.160450e-31   30696
  2.674440e+00   1.283739e-28   1.612132e-03   7.759084e-31   31320
  2.679792e+00   1.282300e-28   1.506651e-03   8.036315e-31   29280
  2.685220e+00   1.254510e-28   1.611110e-03   7.610133e-31   31488
  2.690645e+00   1.252492e-28   1.512555e-03   7.576145e-31   31326
  2.696128e+00   1.252591e-28   1.624023e-03   7.592079e-31   31480
  2.701662e+00   1.203446e-28   1.575428e-03   7.082742e-31   32572
  2.707181e+00   1.192359e-28   1.576379e-03   7.184316e-31   31296
  2.712540e+00   1.185063e-28   1.532958e-03   7.215739e-31   30798
  2.718010e+00   1.157698e-28   1.631915e-03   6.949343e-31   32256
  2.723379e+00   1.157880e-28   1.576275e-03   7.036203e-31   32088
  2.728754e+00   1.148371e-28   1.559976e-03   6.999121e-31   30936
  2.734196e+00   1.126994e-28   1.621863e-03   6.704417e-31   33036
  2.739744e+00   1.094016e-28   1.570337e-03   6.634070e-31   31846
  2.745145e+00   1.094170e-28   1.600723e-03   6.351189e-31   33832
  2.750571e+00   1.081808e-28   1.482757e-03   6.683199e-31   30912
  2.755951e+00   1.058179e-28   1.554945e-03   6.372970e-31   32976
  2.761359e+00   1.054641e-28   1.534255e-03   6.494284e-31   32712
  2.766879e+00   1.041349e-28   1.551134e-03   6.152904e-31   33438
  2.772315e+00   1.030787e-28   1.561569e-03   6.276180e-31   32556
  2.777612e+00   1.020007e-28   1.547775e-03   6.041338e-31   33144
  2.783077e+00   1.006580e-28   1.531023e-03   5.980531e-31   33504
  2.788685e+00   1.004920e-28   1.585219e-03   6.008191e-31   33542
  2.794001e+00   9.764210e-29   1.561774e-03   5.757599e-31   33768
  2.799514e+00   9.666025e-29   1.582505e-03   5.822832e-31   34368
  2.804894e+00   9.468743e-29   1.503763e-03   5.869053e-31   32856
  2.810386e+00   9.272145e-29   1.555021e-03   5.500376e-31   34524
  2.815774e+00   9.319699e-29   1.476871e-03   5.676284e-31   33510
  2.821310e+00   9.187071e-29   1.652814e-03   5.328821e-31   35856
  2.826780e+00   8.979732e-29   1.566245e-03   5.357026e-31   33888
  2.832150e+00   8.859190e-29   1.534797e-03   5.253571e-31   33752
  2.837510e+00   8.729423e-29   1.613976e-03   5.092365e-31   34902
  2.843143e+00   8.717775e-29   1.578935e-03   5.116735e-31   35484
  2.848630e+00   8.721966e-29   1.625328e-03   5.058983e-31   36648
  2.854056e+00   8.530005e-29   1.503100e-03   5.190052e-31   33000
  2.859416e+00   8.392020e-29   1.625165e-03   4.852384e-31   35520
  2.864954e+00   8.254770e-29   1.587378e-03   4.740475e-31   36078
  2.870343e+00   8.317723e-29   1.553780e-03   4.955468e-31   34992
  2.875726e+00   8.134914e-29   1.537418e-03   4.834203e-31   35072
  2.881222e+00   8.042458e-29   1.612107e-03   4.711482e-31   36876
  2.886535e+00   7.871357e-29   1.490702e-03   4.755684e-31   33216
  2.891986e+00   7.808604e-29   1.651729e-03   4.439771e-31   38382
  2.897574e+00   7.760208e-29   1.549240e-03   4.521312e-31   36072
  2.903069e+00   7.646891e-29   1.551510e-03   4.444528e-31   37464
  2.908437e+00   7.494691e-29   1.491290e-03   4.508802e-31   34416
  2.913907e+00   7.542717e-29   1.634265e-03   4.434943e-31   37386
  2.919336e+00   7.367275e-29   1.560351e-03   4.325935e-31   37040
  2.924747e+00   7.250019e-29   1.519091e-03   4.321534e-31   36240
  2.930120e+00   7.200517e-29   1.620578e-03   4.215358e-31   36432
  2.935572e+00   7.180511e-29   1.530037e-03   4.194967e-31   37560
  2.941044e+00   7.076732e-29   1.585551e-03   4.082380e-31   37350
  2.946615e+00   7.029947e-29   1.620920e-03   4.092076e-31   38616
  2.952019e+00   6.890176e-29   1.527850e-03   4.074706e-31   37092
  2.957454e+00   6.777324e-29   1.469269e-03   3.959685e-31   37272
  2.962879e+00   6.711336e-29   1.617603e-03   4.022171e-31   37616
  2.968367e+00   6.623167e-29   1.566567e-03   3.853856e-31   38478
  2.973773e+00   6.493561e-29   1.591818e-03   3.760445e-31   37992
  2.979169e+00   6.470349e-29   1.560915e-03   3.768813e-31   38232
  2.984576e+00   6.317317e-29   1.529810e-03   3.722788e-31   36708
  2.989998e+00   6.251401e-29   1.601300e-03   3.627242e-31   39534
  2.995476e+00   6.205930e-29   1.604456e-03   3.615527e-31   39336
  3.000916e+00   6.200242e-29   1.543508e-03   3.738793e-31   37624
  3.006363e+00   6.122965e-29   1.579336e-03   3.533831e-31   40408
  3.011852e+00   5.959960e-29   1.510623e-03   3.514224e-31   38256
  3.017315e+00   5.987113e-29   1.543281e-03   3.551238e-31   39438
  3.022829e+00   5.898935e-29   1.592476e-03   3.397818e-31   40524
  3.028194e+00   5.705725e-29   1.503499e-03   3.434840e-31   38448
  3.033601e+00   5.701847e-29   1.582383e-03   3.371631e-31   39312
  3.038992e+00   5.702587e-29   1.512689e-03   3.450263e-31   38718
  3.044403e+00   5.616534e-29   1.614057e-03   3.270400e-31   40872
  3.049845e+00   5.573857e-29   1.532666e-03   3.271271e-31   40088
  3.055371e+00   5.463714e-29   1.633644e-03   3.190597e-31   40644
  3.060822e+00   5.390582e-29   1.532935e-03   3.172053e-31   40176
  3.066304e+00   5.316364e-29   1.625298e-03   3.134937e-31   40998
  3.071650e+00   5.258902e-29   1.490471e-03   3.129362e-31   39192
  3.077083e+00   5.199612e-29   1.573750e-03   3.003456e-31   41640
  3.082545e+00   5.083963e-29   1.578537e-03   2.963185e-31   41400
  3.087927e+00   5.055630e-29   1.553632e-03   3.046340e-31   38640
  3.093396e+00   4.976947e-29   1.594261e-03   2.843729e-31   43658
  3.098867e+00   4.865243e-29   1.533241e-03   2.930361e-31   40608
  3.104282e+00   4.836025e-29   1.565192e-03   2.850564e-31   41880
  3.109810e+00   4.764415e-29   1.547184e-03   2.823017e-31   41712
  3.115335e+00   4.673062e-29   1.615131e-03   2.697915e-31   42942
  3.120741e+00   4.637859e-29   1.534331e-03   2.769898e-31   40896
  3.126165e+00   4.587266e-29   1.580796e-03   2.729815e-31   42708
  3.131542e+00   4.424315e-29   1.496179e-03   2.633978e-31   40968
  3.137007e+00   4.336731e-29   1.625543e-03   2.533975e-31   43496
  3.142457e+00   4.294583e-29   1.556121e-03   2.625005e-31   41454
  3.147915e+00   4.266409e-29   1.607241e-03   2.554493e-31   43704
  3.153202e+00   4.058446e-29   1.481093e-03   2.446164e-31   41208
  3.158685e+00   3.948843e-29   1.625130e-03   2.319096e-31   43944
  3.164222e+00   3.843716e-29   1.568163e-03   2.362391e-31   43218
  3.169711e+00   3.778794e-29   1.573649e-03   2.254694e-31   44136
  3.175074e+00   3.711501e-29   1.550274e-03   2.297080e-31   42304
  3.180483e+00   3.555481e-29   1.574816e-03   2.195947e-31   43096
  3.185809e+00   3.300525e-29   1.541007e-03   2.016982e-31   43464
  3.191366e+00   3.194045e-29   1.606948e-03   1.918781e-31   44382
  3.196804e+00   3.097568e-29   1.605225e-03   1.780701e-31   44316
  3.202282e+00   2.849605e-29   1.582905e-03   1.605312e-31   44592
  3.207694e+00   2.769981e-29   1.548943e-03   1.596475e-31   44328
  3.213178e+00   2.618360e-29   1.523706e-03   1.555690e-31   43560
  3.218610e+00   2.603478e-29   1.570802e-03   1.518797e-31   44763
  3.224020e+00   2.388378e-29   1.574927e-03   1.384192e-31   44216
  3.229465e+00   2.343244e-29   1.604748e-03   1.384699e-31   45144
  3.234953e+00   2.208309e-29   1.525298e-03   1.314753e-31   42876
  3.240354e+00   2.107966e-29   1.662551e-03   1.210207e-31   46164
  3.245765e+00   2.011678e-29   1.526236e-03   1.202701e-31   42360
  3.251284e+00   1.918317e-29   1.607148e-03   1.109660e-31   45324
  3.256678e+00   1.836176e-29   1.599342e-03   1.114618e-31   43320
  3.262107e+00   1.752862e-29   1.611675e-03   1.049331e-31   44580
  3.267667e+00   1.710063e-29   1.609815e-03   1.015522e-31   44468
  3.273119e+00   1.627568e-29   1.531376e-03   9.862655e-32   43416
  3.278411e+00   1.596710e-29   1.520505e-03   9.716754e-32   42264
  3.283884e+00   1.525012e-29   1.597197e-03   8.996043e-32   44580
  3.289368e+00   1.482221e-29   1.621337e-03   8.978189e-32   43824
  3.294829e+00   1.418507e-29   1.523757e-03   8.481271e-32   43392
  3.300224e+00   1.373663e-29   1.553494e-03   8.224620e-32   43296
  3.305724e+00   1.344303e-29   1.495301e-03   8.067237e-32   42656
  3.311087e+00   1.293307e-29   1.596934e-03   7.889605e-32   43728
  3.316591e+00   1.265009e-29   1.610238e-03   7.478359e-32   43536
  3.322030e+00   1.231712e-29   1.602586e-03   7.664789e-32   42180
  3.327473e+00   1.174866e-29   1.551796e-03   7.023810e-32   44136
  3.332939e+00   1.160867e-29   1.563744e-03   7.143414e-32   42372
  3.338336e+00   1.120032e-29   1.528428e-03   6.956612e-32   41604
  3.343731e+00   1.085088e-29   1.610433e-03   6.527451e-32   43440
  3.349182e+00   1.069321e-29   1.611663e-03   6.670739e-32   42488
  3.354561e+00   1.032422e-29   1.547466e-03   6.539835e-32   41496
  3.360074e+00   1.007597e-29   1.615298e-03   6.011553e-32   44112
  3.365562e+00   9.948311e-30   1.540359e-03   6.136156e-32   41688
  3.370956e+00   9.680761e-30   1.604620e-03   5.979653e-32   42276
  3.376369e+00   9.435246e-30   1.547681e-03   5.787587e-32   41172
  3.381820e+00   9.113100e-30   1.622702e-03   5.467854e-32   43536
  3.387296e+00   8.934363e-30   1.510509e-03   5.468473e-32   41496
  3.392714e+00   8.781155e-30   1.602713e-03   5.567789e-32   40764
  3.398118e+00   8.647817e-30   1.572660e-03   5.266435e-32   43220
  3.403602e+00   8.301672e-30   1.558712e-03   5.225361e-32   41076
  3.409040e+00   8.181116e-30   1.557898e-03   5.163971e-32   41532
  3.414506e+00   7.933811e-30   1.586149e-03   4.887490e-32   41928
  3.419924e+00   7.843739e-30   1.518385e-03   4.824915e-32   41412
  3.425338e+00   7.691112e-30   1.580228e-03   4.893678e-32   40032
  3.430721e+00   7.608976e-30   1.567201e-03   4.749547e-32   41880
  3.436133e+00   7.353320e-30   1.559578e-03   4.543073e-32   40264
  3.441614e+00   7.266884e-30   1.596952e-03   4.401449e-32   42592
  3.447111e+00   7.025123e-30   1.531936e-03   4.414377e-32   39588
  3.452537e+00   6.948520e-30   1.583857e-03   4.243251e-32   42180
  3.457928e+00   6.842689e-30   1.528129e-03   4.420042e-32   39240
  3.463345e+00   6.801715e-30   1.603997e-03   4.308903e-32   40920
  3.468834e+00   6.436444e-30   1.583230e-03   3.972511e-32   41184
  3.474296e+00   6.453533e-30   1.568330e-03   4.076249e-32   40872
  3.479702e+00   6.353987e-30   1.491774e-03   4.132859e-32   38748
  3.485168e+00   6.265357e-30   1.587794e-03   3.893658e-32   41420
  3.490553e+00   6.041381e-30   1.557380e-03   3.839749e-32   39816
  3.496030e+00   6.004601e-30   1.561371e-03   3.791695e-32   39792
  3.501436e+00   5.790007e-30   1.491602e-03   3.633843e-32   39816
  3.506965e+00   5.806348e-30   1.612108e-03   3.655736e-32   41064
  3.512408e+00   5.666370e-30   1.546522e-03   3.637627e-32   39204
  3.517925e+00   5.603152e-30   1.631952e-03   3.520733e-32   40080
  3.523223e+00   5.504804e-30   1.507994e-03   3.612569e-32   38332
  3.528672e+00   5.353266e-30   1.573899e-03   3.419141e-32   39952
  3.534102e+00   5.342038e-30   1.572293e-03   3.449895e-32   39000
  3.539668e+00   5.092225e-30   1.614601e-03   3.225968e-32   40356
  3.545098e+00   5.112481e-30   1.584135e-03   3.298510e-32   39300
  3.550517e+00   4.978764e-30   1.562974e-03   3.314859e-32   37452
  3.555894e+00   4.944897e-30   1.549762e-03   3.259280e-32   39732
  3.561429e+00   4.851099e-30   1.557625e-03   3.144669e-32   39312
  3.566817e+00   4.793784e-30   1.583965e-03   3.189405e-32   37632
  3.572234e+00   4.621047e-30   1.557396e-03   3.033416e-32   38420
  3.577674e+00   4.640465e-30   1.609595e-03   2.980156e-32   39564
  3.583132e+00   4.592939e-30   1.548840e-03   3.096762e-32   37236
  3.588516e+00   4.528146e-30   1.565848e-03   3.044559e-32   38100
  3.593924e+00   4.350431e-30   1.539495e-03   2.823346e-32   38208
  3.599440e+00   4.350425e-30   1.602149e-03   2.858755e-32   39072
  3.604845e+00   4.281859e-30   1.480860e-03   2.919254e-32   36192
  3.610293e+00   4.233100e-30   1.600910e-03   2.796370e-32   38928
  3.615801e+00   4.185248e-30   1.590552e-03   2.786233e-32   38768
  3.621383e+00   4.129152e-30   1.562835e-03   2.812299e-32   37596
  3.626841e+00   4.042649e-30   1.555898e-03   2.691577e-32   37296
  3.632194e+00   4.018798e-30   1.557356e-03   2.730706e-32   36948
  3.637577e+00   3.950539e-30   1.597343e-03   2.655476e-32   37248
  3.643147e+00   3.848260e-30   1.577439e-03   2.654228e-32   37152
  3.648492e+00   3.776164e-30   1.574751e-03   2.579302e-32   37512
  3.653954e+00   3.753119e-30   1.507515e-03   2.593493e-32   35876
  3.659374e+00   3.695909e-30   1.606552e-03   2.586236e-32   36936
  3.664880e+00   3.678721e-30   1.600548e-03   2.473034e-32   38028
  3.670348e+00   3.610060e-30   1.522914e-03   2.511973e-32   35592
  3.675687e+00   3.588532e-30   1.511337e-03   2.547713e-32   35508
  3.681088e+00   3.503494e-30   1.567228e-03   2.420805e-32   36492
  3.686612e+00   3.483556e-30   1.616757e-03   2.413561e-32   37608
  3.692081e+00   3.421127e-30   1.595280e-03   2.478643e-32   34848
  3.697390e+00   3.421360e-30   1.496163e-03   2.459836e-32   35220
  3.702857e+00   3.387543e-30   1.560827e-03   2.401402e-32   36884
  3.708318e+00   3.331543e-30   1.549021e-03   2.413938e-32   35412
  3.713858e+00   3.247195e-30   1.603888e-03   2.308476e-32   35652
  3.719249e+00   3.217804e-30   1.603516e-03   2.244055e-32   36072
  3.724653e+00   3.199424e-30   1.545362e-03   2.276322e-32   34368
  3.730119e+00   3.158669e-30   1.565390e-03   2.278046e-32   35484
  3.735586e+00   3.055954e-30   1.549559e-03   2.216639e-32   35256
  3.740941e+00   3.048344e-30   1.612995e-03   2.235110e-32   34476
  3.746410e+00   2.965459e-30   1.582486e-03   2.189930e-32   34916
  3.751834e+00   3.009545e-30   1.560509e-03   2.259134e-32   34596
  3.757263e+00   2.976702e-30   1.526486e-03   2.171340e-32   34656
  3.762714e+00   2.904298e-30   1.581266e-03   2.145945e-32   34596
  3.768200e+00   2.909702e-30   1.534004e-03   2.150422e-32   33984
  3.773562e+00   2.839144e-30   1.566114e-03   2.098726e-32   34080
  3.778963e+00   2.842006e-30   1.572881e-03   2.106497e-32   34140
  3.784487e+00   2.775608e-30   1.624544e-03   2.038717e-32   33804
  3.789951e+00   2.744618e-30   1.561511e-03   2.024217e-32   35096
  3.795448e+00   2.728265e-30   1.548108e-03   2.069540e-32   33108
  3.800788e+00   2.733423e-30   1.540015e-03   2.088983e-32   32280
  3.806205e+00   2.622017e-30   1.567716e-03   1.977048e-32   34404
  3.811718e+00   2.602260e-30   1.599739e-03   1.974468e-32   34248
  3.817250e+00   2.555554e-30   1.498979e-03   2.002677e-32   32016
  3.822674e+00   2.572290e-30   1.582258e-03   1.942883e-32   34344
  3.828141e+00   2.540631e-30   1.521407e-03   1.992567e-32   32024
  3.833419e+00   2.536160e-30   1.577025e-03   1.962463e-32   31908
  3.838903e+00   2.503271e-30   1.580344e-03   1.908394e-32   33192
  3.844404e+00   2.474692e-30   1.637429e-03   1.830887e-32   33288
  3.849795e+00   2.438652e-30   1.490950e-03   1.930635e-32   31356
  3.855259e+00   2.413385e-30   1.613715e-03   1.945219e-32   32496
  3.860695e+00   2.363334e-30   1.533804e-03   1.864632e-32   31944
  3.866002e+00   2.342448e-30   1.574956e-03   1.831168e-32   31512
  3.871427e+00   2.332900e-30   1.528683e-03   1.875607e-32   31156
  3.876990e+00   2.322070e-30   1.610722e-03   1.815637e-32   33352
  3.882440e+00   2.330423e-30   1.562321e-03   1.862292e-32   31344
  3.887945e+00   2.250343e-30   1.617631e-03   1.799573e-32   31068
  3.893365e+00   2.254040e-30   1.595427e-03   1.817344e-32   31752
  3.898694e+00   2.208327e-30   1.472715e-03   1.798966e-32   29868
  3.904158e+00   2.218029e-30   1.618311e-03   1.689763e-32   32052
  3.909662e+00   2.184233e-30   1.535519e-03   1.752134e-32   30012
  3.915037e+00   2.157568e-30   1.611064e-03   1.695186e-32   31520
  3.920567e+00   2.115376e-30   1.575150e-03   1.741698e-32   30648
  3.925929e+00   2.097250e-30   1.553739e-03   1.743049e-32   29304
  3.931379e+00   2.135123e-30   1.540483e-03   1.696414e-32   31140
  3.936935e+00   2.069532e-30   1.641115e-03   1.633838e-32   31320
  3.942387e+00   2.059415e-30   1.548803e-03   1.775562e-32   28356
  3.947754e+00   2.018273e-30   1.583135e-03   1.635010e-32   30288
  3.953106e+00   2.031823e-30   1.573376e-03   1.709671e-32   29472
  3.958489e+00   2.020344e-30   1.555320e-03   1.695953e-32   28716
  3.964046e+00   1.982901e-30   1.543510e-03   1.590888e-32   30740
  3.969538e+00   1.972499e-30   1.574261e-03   1.616153e-32   29304
  3.974923e+00   1.948589e-30   1.567890e-03   1.624088e-32   28476
  3.980403e+00   1.867193e-30   1.588107e-03   1.593507e-32   29304
  3.985849e+00   1.942074e-30   1.586252e-03   1.619961e-32   29280
  3.991362e+00   1.912216e-30   1.582091e-03   1.620055e-32   29100
  3.996850e+00   1.847029e-30   1.550996e-03   1.604752e-32   27816
  4.002128e+00   1.866677e-30   1.557957e-03   1.585596e-32   27692
  4.007580e+00   1.807709e-30   1.619992e-03   1.552277e-32   29724
  4.013138e+00   1.805687e-30   1.544165e-03   1.618935e-32   27240
  4.018514e+00   1.806138e-30   1.500820e-03   1.542706e-32   27588
  4.023894e+00   1.785622e-30   1.561808e-03   1.516618e-32   28560
  4.029394e+00   1.768418e-30   1.581785e-03   1.581207e-32   26952
  4.034839e+00   1.750094e-30   1.583665e-03   1.573568e-32   27516
  4.040261e+00   1.721680e-30   1.600351e-03   1.508911e-32   28344
  4.045759e+00   1.739260e-30   1.576275e-03   1.601205e-32   26196
  4.051072e+00   1.705703e-30   1.541569e-03   1.561076e-32   26360
  4.056519e+00   1.735993e-30   1.593665e-03   1.501749e-32   28152
  4.062017e+00   1.686913e-30   1.541184e-03   1.536461e-32   25896
  4.067403e+00   1.633397e-30   1.577942e-03   1.489568e-32   26592
  4.072863e+00   1.661746e-30   1.510771e-03   1.503354e-32   26568
  4.078361e+00   1.637556e-30   1.598680e-03   1.507890e-32   26832
  4.083715e+00   1.577597e-30   1.515874e-03   1.514381e-32   24972
  4.089266e+00   1.626007e-30   1.598351e-03   1.435577e-32   27000
  4.094669e+00   1.582416e-30   1.532450e-03   1.422846e-32   25448
  4.100056e+00   1.576480e-30   1.584391e-03   1.492941e-32   25476
  4.105587e+00   1.558706e-30   1.553105e-03   1.475050e-32   25152
  4.110933e+00   1.551456e-30   1.592180e-03   1.441013e-32   25968
  4.116439e+00   1.519013e-30   1.585064e-03   1.449238e-32   25320
  4.121936e+00   1.504053e-30   1.497338e-03   1.470922e-32   23796
  4.127194e+00   1.545770e-30   1.571596e-03   1.443414e-32   25500
  4.132663e+00   1.526521e-30   1.566138e-03   1.509616e-32   24420
  4.138205e+00   1.456562e-30   1.621058e-03   1.407655e-32   24656
  4.143555e+00   1.508931e-30   1.535877e-03   1.433232e-32   24036
  4.148982e+00   1.478469e-30   1.588370e-03   1.440577e-32   24528
  4.154373e+00   1.438766e-30   1.534446e-03   1.480826e-32   23004
  4.159821e+00   1.458870e-30   1.575770e-03   1.348382e-32   24576
  4.165293e+00   1.427378e-30   1.505141e-03   1.425526e-32   23736
  4.170760e+00   1.407550e-30   1.599171e-03   1.380669e-32   23712
  4.176262e+00   1.426251e-30   1.552705e-03   1.377991e-32   22992
  4.181681e+00   1.414424e-30   1.541976e-03   1.409260e-32   23984
  4.187096e+00   1.377025e-30   1.540203e-03   1.402242e-32   22344
  4.192540e+00   1.386916e-30   1.562907e-03   1.401843e-32   22536
  4.197951e+00   1.382706e-30   1.546870e-03   1.375530e-32   23268
  4.203353e+00   1.386348e-30   1.588651e-03   1.417553e-32   22152
  4.208799e+00   1.332345e-30   1.568712e-03   1.395142e-32   22068
  4.214381e+00   1.346606e-30   1.610904e-03   1.398023e-32   23664
  4.219765e+00   1.351299e-30   1.496014e-03   1.503317e-32   20640
  4.225141e+00   1.294243e-30   1.587688e-03   1.392613e-32   22376
  4.230687e+00   1.307328e-30   1.561479e-03   1.354650e-32   21444
  4.236032e+00   1.315751e-30   1.618016e-03   1.404483e-32   21576
  4.241470e+00   1.295183e-30   1.604143e-03   1.403229e-32   21660
  4.247060e+00   1.307903e-30   1.622088e-03   1.461844e-32   20916
  4.252463e+00   1.292242e-30   1.591059e-03   1.381224e-32   21504
  4.257831e+00   1.279633e-30   1.516262e-03   1.419090e-32   20508
  4.263333e+00   1.256157e-30   1.620094e-03   1.396791e-32   20036
  4.268738e+00   1.299791e-30   1.567896e-03   1.439871e-32   21276
  4.274208e+00   1.263008e-30   1.552204e-03   1.446444e-32   20652
  4.279668e+00   1.214401e-30   1.544650e-03   1.424101e-32   18696
  4.285116e+00   1.240444e-30   1.616732e-03   1.362681e-32   21504
  4.290573e+00   1.247930e-30   1.511985e-03   1.485030e-32   19284
  4.296019e+00   1.173233e-30   1.630585e-03   1.365963e-32   19356
  4.301432e+00   1.210178e-30   1.540949e-03   1.394562e-32   19236
  4.306795e+00   1.246090e-30   1.571095e-03   1.484640e-32   19476
  4.312272e+00   1.151377e-30   1.634853e-03   1.380652e-32   19184
  4.317835e+00   1.194232e-30   1.583822e-03   1.404788e-32   18852
  4.323254e+00   1.246658e-30   1.533201e-03   1.515344e-32   18876
  4.328571e+00   1.147316e-30   1.593847e-03   1.375039e-32   18336
  4.334078e+00   1.133545e-30   1.599281e-03   1.357501e-32   17820
  4.339614e+00   1.200934e-30   1.614145e-03   1.527846e-32   19392
  4.344985e+00   1.130076e-30   1.598282e-03   1.465802e-32   17616
  4.350318e+00   1.098322e-30   1.504639e-03   1.454197e-32   16320
  4.355861e+00   1.153721e-30   1.629545e-03   1.397126e-32   19292
  4.361241e+00   1.144090e-30   1.561011e-03   1.519692e-32   17112
  4.366853e+00   1.076241e-30   1.582117e-03   1.363139e-32   17388
  4.372327e+00   1.110450e-30   1.481209e-03   1.476315e-32   16692
  4.377488e+00   1.131818e-30   1.566835e-03   1.540823e-32   16956
  4.383124e+00   1.048547e-30   1.580304e-03   1.382640e-32   17040
  4.388630e+00   1.075797e-30   1.563733e-03   1.469630e-32   16092
  4.393862e+00   1.152327e-30   1.553118e-03   1.571341e-32   16380
  4.399428e+00   1.048413e-30   1.596421e-03   1.413737e-32   16688
  4.404886e+00   1.018445e-30   1.596956e-03   1.402993e-32   14940
  4.410242e+00   1.103119e-30   1.605748e-03   1.498607e-32   16668
  4.415795e+00   1.013256e-30   1.568026e-03   1.397200e-32   15804
  4.421181e+00   9.806130e-31   1.557131e-03   1.405599e-32   14280
  4.426622e+00   1.059428e-30   1.532886e-03   1.435366e-32   16068
  4.432054e+00   9.994149e-31   1.562272e-03   1.408376e-32   15048
  4.437457e+00   9.627086e-31   1.592183e-03   1.409164e-32   13940
  4.442869e+00   9.762785e-31   1.521708e-03   1.400936e-32   15072
  4.448295e+00   9.854437e-31   1.622238e-03   1.382495e-32   14808
  4.453669e+00   9.376040e-31   1.506280e-03   1.459667e-32   13200
  4.459194e+00   9.511189e-31   1.595625e-03   1.383241e-32   15156
  4.464724e+00   9.842062e-31   1.556013e-03   1.517218e-32   13788
  4.470151e+00   9.010706e-31   1.533533e-03   1.390063e-32   13608
  4.475573e+00   9.086376e-31   1.461946e-03   1.322695e-32   13224
  4.480979e+00   9.358596e-31   1.576198e-03   1.500127e-32   13320
  4.486355e+00   8.850973e-31   1.554184e-03   1.404543e-32   13220
  4.491886e+00   8.453818e-31   1.570846e-03   1.294498e-32   12984
  4.497444e+00   8.931504e-31   1.589998e-03   1.327175e-32   12780
  4.502691e+00   8.441119e-31   1.504822e-03   1.376669e-32   12360
  4.508225e+00   8.447937e-31   1.583198e-03   1.291197e-32   12480
  4.513746e+00   8.497649e-31   1.537784e-03   1.410366e-32   11892
  4.519015e+00   8.226388e-31   1.594395e-03   1.304528e-32   12192
  4.524529e+00   7.996129e-31   1.563074e-03   1.321366e-32   11328
  4.530016e+00   7.595461e-31   1.657530e-03   1.201467e-32   12020
  4.535376e+00   8.027901e-31   1.523948e-03   1.374246e-32   11052
  4.540948e+00   7.495999e-31   1.618906e-03   1.195491e-32   11304
  4.546169e+00   7.292349e-31   1.489624e-03   1.253954e-32   10368
  4.551511e+00   7.408846e-31   1.550098e-03   1.196631e-32   10899
  4.557146e+00   7.372596e-31   1.554021e-03   1.294192e-32   10752
  4.562496e+00   6.871490e-31   1.559799e-03   1.137704e-32   10446
  4.568012e+00   7.080913e-31   1.535197e-03   1.086110e-32   10092
  4.573476e+00   6.721096e-31   1.555534e-03   1.087909e-32   10220
  4.578755e+00   6.934184e-31   1.523556e-03   1.110356e-32   9636
  4.584373e+00   6.699025e-31   1.567355e-03   1.085391e-32   10020
  4.589883e+00   6.334141e-31   1.628387e-03   9.968149e-33   9906
  4.595217e+00   6.623820e-31   1.510439e-03   1.150081e-32   8940
  4.600749e+00   6.488394e-31   1.531752e-03   1.010021e-32   9558
  4.606151e+00   6.325473e-31   1.668091e-03   1.080449e-32   9180
  4.611496e+00   6.263493e-31   1.596941e-03   1.034451e-32   8674
  4.617087e+00   6.121971e-31   1.587385e-03   1.045217e-32   9454
  4.622489e+00   5.819608e-31   1.631486e-03   1.003632e-32   8316
  4.627854e+00   6.228463e-31   1.608919e-03   1.069704e-32   8622
  4.633459e+00   5.873506e-31   1.597569e-03   9.525782e-33   9006
  4.638817e+00   5.649873e-31   1.610282e-03   9.682990e-33   7698
  4.644188e+00   5.865840e-31   1.545067e-03   9.865763e-33   8406
  4.649796e+00   5.653776e-31   1.648676e-03   9.692778e-33   8646
  4.655134e+00   5.431021e-31   1.566555e-03   9.809916e-33   7014
  4.660482e+00   5.726324e-31   1.557241e-03   9.358784e-33   8510
  4.666168e+00   5.598090e-31   1.641235e-03   9.176182e-33   7890
  4.671505e+00   5.239368e-31   1.574407e-03   9.608397e-33   6966
  4.676764e+00   5.495871e-31   1.504915e-03   9.209132e-33   7902
  4.682374e+00   5.390193e-31   1.641329e-03   9.369945e-33   7278
  4.687828e+00   5.088450e-31   1.612380e-03   9.349369e-33   7338
  4.693196e+00   5.263825e-31   1.493392e-03   9.397348e-33   7254
  4.698697e+00   5.348842e-31   1.608386e-03   1.006194e-32   6678
  4.704032e+00   4.883173e-31   1.606870e-03   8.623454e-33   7286
  4.709691e+00   5.198692e-31   1.589718e-03   8.753599e-33   7200
  4.715313e+00   4.997847e-31   1.543001e-03   9.106168e-33   6234
  4.720293e+00   4.922121e-31   1.546551e-03   9.269811e-33   6630
  4.725937e+00   5.012917e-31   1.594739e-03   8.941846e-33   6822
  4.731533e+00   4.703843e-31   1.502372e-03   8.898414e-33   6078
  4.736631e+00   4.780939e-31   1.597130e-03   8.836075e-33   6528
  4.742272e+00   4.897571e-31   1.526400e-03   9.667822e-33   6034
  4.747672e+00   4.415124e-31   1.563107e-03   8.193668e-33   6190
  4.753036e+00   4.764075e-31   1.605909e-03   9.208593e-33   6270
  4.758704e+00   4.743564e-31   1.444203e-03   9.983588e-33   5520
  4.763890e+00   4.324331e-31   1.616958e-03   8.129821e-33   6126
  4.769317e+00   4.663974e-31   1.511987e-03   9.691452e-33   5562
  4.775011e+00   4.529647e-31   1.511880e-03   8.737764e-33   5790
  4.780175e+00   4.253039e-31   1.547880e-03   8.317280e-33   5496
  4.785646e+00   4.512797e-31   1.559064e-03   9.074679e-33   5262
  4.791216e+00   4.223655e-31   1.535486e-03   8.276280e-33   5774
  4.796542e+00   4.333815e-31   1.521126e-03   8.729691e-33   5124
  4.802154e+00   4.413585e-31   1.525856e-03   9.432357e-33   5070
  4.807432e+00   4.229284e-31   1.588341e-03   8.766628e-33   5430
  4.812826e+00   4.329479e-31   1.483666e-03   9.007636e-33   4680
  4.818540e+00   4.155886e-31   1.536582e-03   8.689303e-33   5370
  4.823790e+00   4.186385e-31   1.468016e-03   9.246393e-33   4638
  4.829137e+00   4.184625e-31   1.543205e-03   9.233991e-33   4536
  4.834713e+00   4.059226e-31   1.545277e-03   8.527599e-33   5222
  4.840070e+00   3.984041e-31   1.418031e-03   8.674571e-33   4254
  4.845561e+00   4.064948e-31   1.563113e-03   9.199284e-33   4548
  4.850865e+00   3.945263e-31   1.515896e-03   8.525267e-33   4638
  4.856279e+00   4.086056e-31   1.496620e-03   9.065415e-33   4176
  4.861899e+00   3.986769e-31   1.501804e-03   8.538146e-33   4518
  4.867234e+00   3.912227e-31   1.513137e-03   8.386176e-33   4278
  4.872549e+00   4.005722e-31   1.464028e-03   9.681665e-33   3732
  4.877994e+00   3.741999e-31   1.546653e-03   8.476819e-33   4502
  4.883481e+00   3.875133e-31   1.503470e-03   8.655766e-33   3984
  4.889020e+00   3.824163e-31   1.557569e-03   8.881173e-33   3726
  4.894174e+00   3.838049e-31   1.501292e-03   8.989383e-33   4014
  4.899605e+00   3.857184e-31   1.574381e-03   9.229921e-33   3756
  4.905398e+00   3.740564e-31   1.580112e-03   8.294477e-33   3894
  4.910659e+00   3.804759e-31   1.546203e-03   8.967226e-33   3744
  4.915968e+00   3.945348e-31   1.571823e-03   9.296029e-33   3174
  4.921505e+00   3.639013e-31   1.608835e-03   8.129352e-33   3968
  4.926991e+00   3.722944e-31   1.622395e-03   8.883135e-33   3522
  4.932722e+00   3.796723e-31   1.666295e-03   9.653710e-33   3198
  4.937920e+00   3.650976e-31   1.632144e-03   8.474480e-33   3648
  4.943345e+00   3.801374e-31   1.659133e-03   9.590299e-33   3054
  4.949062e+00   3.594550e-31   1.560433e-03   8.908002e-33   3312
  4.954266e+00   3.628844e-31   1.648372e-03   9.082229e-33   3354
  4.959775e+00   3.738296e-31   1.630010e-03   9.831873e-33   2624
  4.965165e+00   3.533733e-31   1.590230e-03   8.326362e-33   3462
  4.970648e+00   3.641672e-31   1.658767e-03   9.407413e-33   2976
  4.976433e+00   3.527400e-31   1.570247e-03   9.512243e-33   2670
  4.981450e+00   3.513079e-31   1.634562e-03   8.466958e-33   3186
  4.986828e+00   3.632693e-31   1.526978e-03   1.010963e-32   2376
  4.992553e+00   3.474650e-31   1.609692e-03   8.734127e-33   3102
  4.997840e+00   3.582732e-31   1.575648e-03   9.732734e-33   2688
  5.003337e+00   3.648763e-31   1.643829e-03   1.044340e-32   2286
  5.008726e+00   3.483558e-31   1.585579e-03   9.199180e-33   3020
  5.014174e+00   3.483446e-31   1.510259e-03   1.053118e-32   2310
  5.019958e+00   3.505802e-31   1.669065e-03   9.407586e-33   2544
  5.025112e+00   3.403690e-31   1.556079e-03   9.748392e-33   2526
  5.030503e+00   3.526393e-31   1.598055e-03   1.043914e-32   2112
  5.036149e+00   3.501658e-31   1.535784e-03   9.544258e-33   2538
  5.041490e+00   3.418237e-31   1.597743e-03   1.053753e-32   2304
  5.046925e+00   3.611050e-31   1.576461e-03   1.254209e-32   1902
  5.052197e+00   3.304474e-31   1.506026e-03   9.908739e-33   2408
  5.057655e+00   3.573966e-31   1.588655e-03   1.160944e-32   2094
  5.063468e+00   3.366020e-31   1.618622e-03   1.037310e-32   2028
  5.068570e+00   3.163694e-31   1.535323e-03   9.684501e-33   2094
  5.073985e+00   3.440896e-31   1.674958e-03   1.042666e-32   1920
  5.079736e+00   3.339396e-31   1.412176e-03   1.026960e-32   1926
  5.084997e+00   3.419304e-31   1.648354e-03   1.047012e-32   2088
  5.090349e+00   3.315291e-31   1.445979e-03   1.194046e-32   1434
  5.095727e+00   3.374405e-31   1.528869e-03   1.080528e-32   2048
  5.101055e+00   3.346514e-31   1.524439e-03   1.146222e-32   1758
  5.106921e+00   3.312767e-31   1.681850e-03   1.177500e-32   1584
  5.112297e+00   3.296183e-31   1.666289e-03   1.021200e-32   1998
  5.117737e+00   3.409215e-31   1.517710e-03   1.351695e-32   1428
  5.123436e+00   3.307021e-31   1.270388e-03   1.178748e-32   1488
  5.128415e+00   3.333001e-31   1.618345e-03   1.093707e-32   1806
  5.133668e+00   3.368573e-31   1.473287e-03   1.567378e-32   1040
  5.139281e+00   3.220764e-31   1.543732e-03   1.129218e-32   1782
  5.144417e+00   3.403960e-31   1.459353e-03   1.259712e-32   1428
  5.150558e+00   3.231921e-31   1.752291e-03   1.461039e-32   1206
  5.155754e+00   3.320697e-31   1.628015e-03   1.067299e-32   1728
  5.160990e+00   3.355968e-31   1.525739e-03   1.475376e-32   1038
  5.167027e+00   3.278381e-31   1.237946e-03   1.269513e-32   1248
  5.171798e+00   3.276484e-31   1.578785e-03   1.163363e-32   1530
  5.177034e+00   3.642497e-31   1.447012e-03   2.217197e-32   656
  5.182884e+00   3.269475e-31   1.622270e-03   1.252238e-32   1662
  5.187826e+00   3.329316e-31   1.343030e-03   1.509177e-32   1008
  5.194344e+00   3.477831e-31   1.783380e-03   1.573679e-32   960
  5.199238e+00   3.130070e-31   1.533522e-03   1.156400e-32   1458
  5.204352e+00   3.571102e-31   1.515264e-03   1.882450e-32   672
  5.210626e+00   3.202237e-31   1.187605e-03   1.433452e-32   1062
  5.215066e+00   3.169935e-31   1.540654e-03   1.218151e-32   1224
  5.220385e+00   3.404358e-31   1.345767e-03   2.717161e-32   374
  5.226378e+00   3.236379e-31   1.617607e-03   1.265088e-32   1512
  5.231226e+00   3.610619e-31   1.355537e-03   1.948537e-32   666
  5.238164e+00   3.264713e-31   1.657312e-03   1.751796e-32   720
  5.242515e+00   3.284145e-31   1.484148e-03   1.318711e-32   1224
  5.247863e+00   3.466209e-31   1.475424e-03   2.540378e-32   390
  5.254263e+00   3.164978e-31   1.097036e-03   1.525506e-32   936
  5.258334e+00   3.402535e-31   1.565258e-03   1.632245e-32   882
  5.264148e+00   3.659638e-31   1.528292e-03   3.598700e-32   216
  5.269800e+00   3.214966e-31   1.517469e-03   1.300939e-32   1286
  5.274591e+00   3.521838e-31   1.267641e-03   2.620230e-32   384
  5.281913e+00   3.360130e-31   1.595845e-03   2.161955e-32   576
  5.285704e+00   3.243359e-31   1.430314e-03   1.688088e-32   930
  5.291130e+00   3.426490e-31   1.405067e-03   4.179084e-32   216
  5.298050e+00   3.174237e-31   1.127871e-03   1.603530e-32   918
  5.302037e+00   3.310061e-31   1.519148e-03   1.987330e-32   480
  5.307441e+00   3.412709e-31   1.280066e-03   5.299556e-32   78
  5.313052e+00   3.290377e-31   1.383681e-03   1.405425e-32   1052
  5.318233e+00   3.236158e-31   1.611134e-03   3.170185e-32   240
  5.326163e+00   3.358508e-31   5.882336e-04   2.747864e-32   438
  5.328872e+00   3.422346e-31   1.360971e-03   1.840755e-32   648
  5.333924e+00   3.789791e-31   1.123687e-03   5.965271e-32   78
  5.341457e+00   3.235149e-31   9.804401e-04   1.788075e-32   780
  5.345244e+00   3.416266e-31   1.368055e-03   2.673838e-32   240
  5.349910e+00   3.844263e-31   0.000000e+00   6.091941e-32   6
  5.356198e+00   3.341661e-31   1.253222e-03   1.647745e-32   824
  5.360748e+00   3.432346e-31   9.688384e-04   4.669873e-32   78
  5.369722e+00   3.104842e-31   5.065474e-04   2.331319e-32   432
  5.372065e+00   3.461989e-31   1.225115e-03   2.470527e-32   348
  5.376527e+00   3.498784e-31   0.000000e+00   2.284568e-31   6
  5.384681e+00   3.436820e-31   8.661160e-04   2.089675e-32   600
  5.387907e+00   3.023368e-31   8.155581e-04   4.983424e-32   78
  5.399271e+00   3.466233e-31   1.072115e-03   2.226486e-32   572
  5.403481e+00   1.263802e-31   0.000000e+00   5.464304e-32   6
  5.413189e+00   3.747697e-31   5.033701e-04   3.207687e-32   384
  5.415134e+00   2.833445e-31   7.482049e-04   4.462401e-32   102
  5.427858e+00   3.738202e-31   7.359585e-04   2.743417e-32   396
  5.430766e+00   1.296403e-31   0.000000e+00   1.667403e-32   6
  5.442225e+00   3.558291e-31   6.658608e-04   3.607699e-32   326
  5.456526e+00   3.816483e-31   4.630285e-04   4.123340e-32   252
  5.458378e+00   3.111561e-31   0.000000e+00   1.336625e-31   6
  5.470933e+00   4.181298e-31   4.213345e-04   4.837734e-32   198
  5.485317e+00   4.059523e-31   3.214857e-04   6.059682e-32   146
  5.499721e+00   4.067429e-31   2.359708e-04   7.106513e-32   102
  5.514144e+00   4.116132e-31   1.639936e-04   1.001077e-31   66
  5.528587e+00   4.238111e-31   1.041522e-04   9.044184e-32   38
  5.543047e+00   6.118610e-31   5.371851e-05   2.269555e-31   18
  5.557519e+00   2.387202e-31   5.754450e-08   1.528762e-31   6
