# power spectrum of delta
# redshift z=50.000000
# k              Pk             sigma(k)       sigma(Pk)      count
  2.513274e-02   7.145940e-06   2.247832e-10   3.054446e-06   6
  3.554306e-02   1.043113e-05   0.000000e+00   2.208287e-06   12
  4.353118e-02   1.305149e-05   4.768372e-10   2.822785e-06   8
  5.026548e-02   6.389844e-05   4.495664e-10   7.292752e-06   6
  5.619852e-02   6.134811e-05   8.991328e-10   2.074022e-05   24
  6.156239e-02   1.153130e-04   6.357829e-10   2.064681e-05   24
  7.416620e-02   9.817117e-05   1.948007e-03   1.832469e-05   42
  7.947671e-02   1.514583e-04   0.000000e+00   3.535583e-05   24
  8.335587e-02   1.538191e-04   1.557344e-09   4.046918e-05   24
  8.972863e-02   1.850983e-04   1.539368e-03   2.087820e-05   32
  9.403811e-02   1.841404e-04   0.000000e+00   2.749543e-05   48
  1.005310e-01   2.520634e-04   8.991328e-10   1.175196e-04   6
  1.049125e-01   2.178578e-04   1.486715e-03   2.124777e-05   84
  1.109741e-01   2.772748e-04   1.422978e-03   4.352742e-05   48
  1.160761e-01   2.542721e-04   1.277655e-03   2.771330e-05   72
  1.231248e-01   3.219190e-04   1.271566e-09   5.350988e-05   24
  1.274204e-01   2.568691e-04   1.133933e-03   2.510732e-05   102
  1.338823e-01   3.671813e-04   2.192492e-03   3.984650e-05   104
  1.376577e-01   2.597186e-04   0.000000e+00   4.029972e-05   48
  1.450967e-01   2.774567e-04   1.454852e-03   2.623548e-05   108
  1.494985e-01   4.174836e-04   1.026108e-03   4.667313e-05   78
  1.544156e-01   4.537878e-04   8.885963e-04   4.494996e-05   96
  1.612033e-01   4.013124e-04   1.252396e-03   3.225223e-05   168
  1.674610e-01   4.491281e-04   1.514588e-03   5.001303e-05   120
  1.704585e-01   4.405473e-04   0.000000e+00   7.177070e-05   48
  1.775076e-01   4.975820e-04   1.466362e-03   4.553230e-05   194
  1.836114e-01   4.932959e-04   1.199745e-03   4.220128e-05   192
  1.889121e-01   6.569845e-04   8.359107e-04   5.756585e-05   96
  1.926375e-01   4.732708e-04   7.114371e-04   4.749446e-05   96
  1.973415e-01   5.397159e-04   1.049518e-03   4.670809e-05   174
  2.036605e-01   6.246613e-04   1.032544e-03   4.622835e-05   216
  2.087655e-01   5.377153e-04   1.069752e-03   3.928565e-05   192
  2.153360e-01   6.010211e-04   1.134051e-03   4.395017e-05   204
  2.199701e-01   4.912463e-04   1.553116e-03   3.265987e-05   224
  2.263855e-01   6.995614e-04   8.767448e-04   5.714596e-05   174
  2.313653e-01   6.334598e-04   1.685384e-03   3.836987e-05   288
  2.375440e-01   6.048271e-04   8.296829e-04   3.868019e-05   288
  2.423661e-01   5.904640e-04   1.600294e-03   4.523748e-05   192
  2.486778e-01   7.044877e-04   1.171093e-03   4.421935e-05   252
  2.526714e-01   7.325373e-04   6.978544e-04   4.932373e-05   246
  2.580960e-01   7.073226e-04   1.324197e-03   4.484026e-05   312
  2.629351e-01   7.587601e-04   8.554600e-04   4.192524e-05   248
  2.695776e-01   6.704977e-04   1.809641e-03   3.495292e-05   432
  2.749286e-01   8.700446e-04   1.515534e-03   6.323437e-05   198
  2.802165e-01   9.267594e-04   1.832967e-03   4.490717e-05   456
  2.863920e-01   7.970649e-04   1.069655e-03   5.164187e-05   324
  2.907627e-01   8.008354e-04   1.266356e-03   4.697779e-05   312
  2.961810e-01   7.982257e-04   1.588477e-03   4.374292e-05   408
  3.029220e-01   8.051099e-04   1.466968e-03   4.277508e-05   414
  3.075580e-01   7.314852e-04   1.269406e-03   3.915292e-05   392
  3.123025e-01   9.614698e-04   1.430245e-03   5.105177e-05   408
  3.185470e-01   9.296750e-04   1.518117e-03   4.490862e-05   444
  3.232898e-01   9.380985e-04   1.227263e-03   4.920804e-05   360
  3.293455e-01   9.186478e-04   1.684453e-03   3.713573e-05   678
  3.357501e-01   1.026306e-03   1.079705e-03   6.222406e-05   360
  3.406722e-01   9.326106e-04   1.778081e-03   4.346312e-05   648
  3.453647e-01   9.604656e-04   8.217968e-04   6.599672e-05   288
  3.513418e-01   9.801940e-04   1.531028e-03   3.929925e-05   686
  3.569625e-01   1.039067e-03   1.138289e-03   5.421691e-05   444
  3.620452e-01   1.002977e-03   1.580989e-03   4.172739e-05   696
  3.671010e-01   1.104389e-03   1.502020e-03   5.447565e-05   408
  3.725872e-01   1.001275e-03   1.554025e-03   4.036407e-05   648
  3.782992e-01   1.181136e-03   1.360625e-03   5.424355e-05   582
  3.833918e-01   9.982343e-04   1.703041e-03   4.274805e-05   744
  3.890113e-01   1.192605e-03   1.700144e-03   5.266256e-05   516
  3.941882e-01   1.190098e-03   1.645265e-03   5.251350e-05   728
  3.989676e-01   1.135936e-03   1.363195e-03   5.002872e-05   558
  4.047392e-01   1.016748e-03   1.374231e-03   3.828083e-05   768
  4.109960e-01   1.218696e-03   1.593026e-03   4.110928e-05   960
  4.164620e-01   1.176365e-03   1.114439e-03   5.451940e-05   576
  4.217163e-01   1.279432e-03   1.808947e-03   4.694892e-05   816
  4.273742e-01   1.099574e-03   1.395616e-03   4.101097e-05   666
  4.323421e-01   1.250199e-03   1.636664e-03   4.328929e-05   960
  4.382783e-01   1.236577e-03   1.614107e-03   4.632446e-05   824
  4.440386e-01   1.264059e-03   1.777416e-03   4.302563e-05   936
  4.493430e-01   1.200530e-03   1.321819e-03   4.870647e-05   624
  4.542288e-01   1.335725e-03   1.556102e-03   4.562509e-05   1062
  4.599003e-01   1.369417e-03   1.695132e-03   5.168396e-05   732
  4.648741e-01   1.255744e-03   1.470856e-03   4.144987e-05   1080
  4.708074e-01   1.347340e-03   1.603534e-03   4.859965e-05   936
  4.761732e-01   1.249350e-03   1.731990e-03   4.399387e-05   878
  4.818260e-01   1.272957e-03   1.755225e-03   3.949887e-05   1152
  4.870749e-01   1.292571e-03   1.356663e-03   4.348565e-05   1056
  4.926568e-01   1.407227e-03   1.602363e-03   4.963040e-05   864
  4.976423e-01   1.364677e-03   1.565217e-03   4.471007e-05   1092
  5.036015e-01   1.434819e-03   1.653531e-03   4.500954e-05   1206
  5.092782e-01   1.417979e-03   1.678014e-03   4.252672e-05   1248
  5.145213e-01   1.399819e-03   1.137149e-03   5.149796e-05   864
  5.191890e-01   1.461493e-03   1.180642e-03   4.786547e-05   1152
  5.252742e-01   1.494974e-03   1.757644e-03   4.359653e-05   1382
  5.312134e-01   1.513655e-03   1.566451e-03   4.634065e-05   1188
  5.364142e-01   1.396087e-03   1.659855e-03   4.309378e-05   1248
  5.413249e-01   1.465618e-03   1.574532e-03   4.871599e-05   1152
  5.467138e-01   1.581087e-03   1.729118e-03   4.487017e-05   1320
  5.526917e-01   1.488379e-03   1.146028e-03   4.514637e-05   1206
  5.576517e-01   1.565452e-03   1.665023e-03   4.200603e-05   1560
  5.635439e-01   1.570132e-03   1.549958e-03   4.490748e-05   1280
  5.685850e-01   1.497819e-03   1.560520e-03   4.236377e-05   1308
  5.741001e-01   1.581519e-03   1.566129e-03   4.069210e-05   1512
  5.795940e-01   1.489355e-03   1.277777e-03   4.283537e-05   1350
  5.852552e-01   1.576095e-03   1.688249e-03   4.074118e-05   1608
  5.900948e-01   1.648939e-03   1.451867e-03   4.819738e-05   1320
  5.957309e-01   1.685389e-03   1.748946e-03   4.480383e-05   1656
  6.008045e-01   1.595272e-03   1.374965e-03   4.500750e-05   1254
  6.066730e-01   1.670323e-03   1.569270e-03   4.000974e-05   1932
  6.122044e-01   1.715197e-03   1.409199e-03   4.789851e-05   1640
  6.176544e-01   1.645524e-03   1.462843e-03   4.390919e-05   1488
  6.227944e-01   1.667785e-03   1.414095e-03   4.530948e-05   1560
  6.286404e-01   1.628370e-03   1.698486e-03   4.089948e-05   2046
  6.340669e-01   1.650118e-03   1.523538e-03   4.559733e-05   1512
  6.393232e-01   1.735096e-03   1.516165e-03   4.233842e-05   1764
  6.445652e-01   1.666149e-03   1.511671e-03   4.094017e-05   1776
  6.499746e-01   1.737337e-03   1.817211e-03   4.373985e-05   1704
  6.557781e-01   1.695369e-03   1.779589e-03   3.814207e-05   2126
  6.610046e-01   1.693836e-03   1.236245e-03   4.203093e-05   1632
  6.662499e-01   1.741528e-03   1.646884e-03   3.915458e-05   2064
  6.715382e-01   1.854525e-03   1.357901e-03   4.701616e-05   1680
  6.772924e-01   1.768109e-03   1.523137e-03   4.178740e-05   2154
  6.826481e-01   1.799513e-03   1.541852e-03   4.173462e-05   2016
  6.884154e-01   1.767061e-03   1.692697e-03   3.736133e-05   2304
  6.937001e-01   1.903173e-03   1.347609e-03   5.036465e-05   1680
  6.991903e-01   1.854054e-03   1.561166e-03   4.203315e-05   2432
  7.046941e-01   1.786558e-03   1.538311e-03   4.318579e-05   1902
  7.101567e-01   1.795803e-03   1.581895e-03   3.796963e-05   2292
  7.150285e-01   1.766742e-03   1.252979e-03   4.266120e-05   1992
  7.208092e-01   1.798212e-03   1.606146e-03   3.637270e-05   2568
  7.263678e-01   1.834396e-03   1.402295e-03   4.507197e-05   1806
  7.319849e-01   1.922618e-03   1.724889e-03   3.929154e-05   3000
  7.376724e-01   1.938133e-03   1.569594e-03   4.533297e-05   2016
  7.424201e-01   1.991395e-03   1.465108e-03   4.496332e-05   2168
  7.478330e-01   1.965561e-03   1.496073e-03   4.351118e-05   2412
  7.534914e-01   1.858517e-03   1.636470e-03   3.915613e-05   2550
  7.589365e-01   1.997112e-03   1.624710e-03   4.100893e-05   2592
  7.646194e-01   1.910948e-03   1.496749e-03   4.187326e-05   2496
  7.700227e-01   1.900300e-03   1.655767e-03   3.920563e-05   2688
  7.754124e-01   1.919420e-03   1.430386e-03   4.032109e-05   2424
  7.810929e-01   1.917456e-03   1.312547e-03   3.976781e-05   2634
  7.862125e-01   1.968330e-03   1.574459e-03   4.049802e-05   2552
  7.913127e-01   1.983885e-03   1.651778e-03   3.998448e-05   2832
  7.969736e-01   1.938554e-03   1.568612e-03   4.058855e-05   2424
  8.025554e-01   1.918456e-03   1.740010e-03   3.460139e-05   3198
  8.077809e-01   2.007625e-03   1.388970e-03   4.091558e-05   2400
  8.133203e-01   2.107235e-03   1.597724e-03   3.872371e-05   3336
  8.190443e-01   1.958078e-03   1.344782e-03   4.368369e-05   2508
  8.240739e-01   2.038591e-03   1.620807e-03   4.014400e-05   3104
  8.299549e-01   2.047621e-03   1.630675e-03   3.910064e-05   2934
  8.352548e-01   2.039986e-03   1.499159e-03   3.969732e-05   3120
  8.410021e-01   1.981981e-03   1.672615e-03   3.498890e-05   3288
  8.462971e-01   2.077393e-03   1.408091e-03   4.086825e-05   2808
  8.517341e-01   1.952197e-03   1.767149e-03   3.813486e-05   2988
  8.572072e-01   2.016579e-03   1.617824e-03   3.783460e-05   3486
  8.625080e-01   2.158430e-03   1.531395e-03   4.481530e-05   3000
  8.676262e-01   2.141080e-03   1.332104e-03   4.000486e-05   3024
  8.733607e-01   2.067071e-03   1.466916e-03   3.669711e-05   3584
  8.791129e-01   2.168690e-03   1.571450e-03   3.888656e-05   3486
  8.844786e-01   2.113111e-03   1.415254e-03   4.000340e-05   3120
  8.897252e-01   2.167355e-03   1.397521e-03   3.814281e-05   3396
  8.950216e-01   2.072170e-03   1.596634e-03   3.769712e-05   3552
  9.006758e-01   2.120595e-03   1.536565e-03   3.679298e-05   3384
  9.062646e-01   2.153804e-03   1.564378e-03   3.827710e-05   3726
  9.115861e-01   2.171896e-03   1.516080e-03   4.112281e-05   3344
  9.166417e-01   2.248630e-03   1.557833e-03   3.897890e-05   3744
  9.224231e-01   2.154742e-03   1.516451e-03   3.812674e-05   3540
  9.278433e-01   2.169979e-03   1.609838e-03   3.559636e-05   3822
  9.335305e-01   2.167213e-03   1.580500e-03   3.437644e-05   4056
  9.387066e-01   2.182621e-03   1.452506e-03   3.853241e-05   3288
  9.441340e-01   2.118549e-03   1.677753e-03   3.611827e-05   4056
  9.494626e-01   2.195940e-03   1.536843e-03   3.711768e-05   3984
  9.552959e-01   2.268787e-03   1.413015e-03   3.989142e-05   3662
  9.602370e-01   2.225429e-03   1.541776e-03   3.958013e-05   3828
  9.658108e-01   2.244016e-03   1.742991e-03   3.277581e-05   4632
  9.713679e-01   2.250340e-03   1.345609e-03   3.979085e-05   3600
  9.769230e-01   2.175509e-03   1.597718e-03   3.639247e-05   4320
  9.821794e-01   2.180111e-03   1.253511e-03   3.602635e-05   3918
  9.874859e-01   2.287574e-03   1.442268e-03   3.776885e-05   4200
  9.928210e-01   2.331851e-03   1.636673e-03   3.848160e-05   4188
  9.983519e-01   2.235105e-03   1.662286e-03   3.489518e-05   4360
  1.003968e+00   2.243934e-03   1.662160e-03   3.535588e-05   4582
  1.009399e+00   2.343822e-03   1.477494e-03   4.048784e-05   4128
  1.014920e+00   2.299433e-03   1.587216e-03   3.603001e-05   4752
  1.020120e+00   2.396885e-03   1.461112e-03   3.851622e-05   4176
  1.025775e+00   2.229915e-03   1.680085e-03   3.423345e-05   4848
  1.031437e+00   2.323486e-03   1.459747e-03   3.808680e-05   4338
  1.036771e+00   2.373832e-03   1.593174e-03   3.564166e-05   5160
  1.042045e+00   2.357564e-03   1.291598e-03   3.986963e-05   4008
  1.047767e+00   2.311453e-03   1.707442e-03   3.437827e-05   5360
  1.053032e+00   2.347688e-03   1.588217e-03   3.775456e-05   4110
  1.058510e+00   2.379096e-03   1.701535e-03   3.434274e-05   5424
  1.063733e+00   2.299823e-03   1.454921e-03   3.933866e-05   4140
  1.069227e+00   2.390513e-03   1.625576e-03   3.323802e-05   5664
  1.074866e+00   2.381400e-03   1.412853e-03   3.593854e-05   4632
  1.080236e+00   2.369547e-03   1.490235e-03   3.602915e-05   4902
  1.085555e+00   2.467529e-03   1.592485e-03   3.679332e-05   5072
  1.090999e+00   2.478906e-03   1.501653e-03   3.543599e-05   5472
  1.096387e+00   2.423362e-03   1.526101e-03   3.694333e-05   4704
  1.101916e+00   2.476738e-03   1.676374e-03   3.585494e-05   5436
  1.107545e+00   2.438336e-03   1.596128e-03   3.354660e-05   5646
  1.112664e+00   2.502845e-03   1.428200e-03   3.874113e-05   4512
  1.118112e+00   2.419278e-03   1.824161e-03   3.273526e-05   6120
  1.123729e+00   2.473410e-03   1.411269e-03   3.667418e-05   5112
  1.129131e+00   2.518053e-03   1.667779e-03   3.502396e-05   5606
  1.134567e+00   2.454755e-03   1.554272e-03   3.613519e-05   5328
  1.139989e+00   2.435066e-03   1.565953e-03   3.422969e-05   5964
  1.145435e+00   2.455190e-03   1.590472e-03   3.571930e-05   5448
  1.150957e+00   2.399303e-03   1.628706e-03   3.307269e-05   5904
  1.156600e+00   2.443428e-03   1.600579e-03   3.435026e-05   5598
  1.161806e+00   2.481465e-03   1.501909e-03   3.431305e-05   5952
  1.167187e+00   2.469906e-03   1.643126e-03   3.569832e-05   5688
  1.172631e+00   2.512344e-03   1.575513e-03   3.475979e-05   5876
  1.177964e+00   2.521570e-03   1.536673e-03   3.538326e-05   5784
  1.183501e+00   2.430987e-03   1.532901e-03   3.172974e-05   6462
  1.189054e+00   2.593477e-03   1.653348e-03   3.721633e-05   5688
  1.194197e+00   2.558836e-03   1.525430e-03   3.505821e-05   6408
  1.199756e+00   2.456472e-03   1.574800e-03   3.280536e-05   6000
  1.205422e+00   2.530427e-03   1.694655e-03   3.272967e-05   6582
  1.211021e+00   2.541925e-03   1.612876e-03   3.409780e-05   6564
  1.216263e+00   2.524323e-03   1.422140e-03   3.440684e-05   6048
  1.221699e+00   2.470518e-03   1.629773e-03   3.291240e-05   6512
  1.227397e+00   2.574933e-03   1.620133e-03   3.345475e-05   6816
  1.232850e+00   2.620707e-03   1.416896e-03   3.631633e-05   6222
  1.237968e+00   2.597260e-03   1.476334e-03   3.517261e-05   6432
  1.243434e+00   2.568403e-03   1.553938e-03   3.258951e-05   6804
  1.248868e+00   2.616275e-03   1.464733e-03   3.522289e-05   6432
  1.254187e+00   2.560795e-03   1.722345e-03   3.321514e-05   6846
  1.259590e+00   2.612074e-03   1.572729e-03   3.434606e-05   6424
  1.264755e+00   2.536243e-03   1.411534e-03   3.337809e-05   6952
  1.270430e+00   2.618799e-03   1.700917e-03   3.164236e-05   7560
  1.276003e+00   2.604154e-03   1.461590e-03   3.389541e-05   6648
  1.281750e+00   2.612719e-03   1.606071e-03   3.266291e-05   7578
  1.286810e+00   2.627261e-03   1.450151e-03   3.428761e-05   6552
  1.292277e+00   2.569082e-03   1.596662e-03   3.235273e-05   7536
  1.297851e+00   2.572889e-03   1.461180e-03   3.155598e-05   7272
  1.303277e+00   2.645857e-03   1.556497e-03   3.366741e-05   6936
  1.308485e+00   2.583025e-03   1.596343e-03   3.140258e-05   7430
  1.314120e+00   2.620835e-03   1.672052e-03   3.151380e-05   7644
  1.319350e+00   2.576092e-03   1.489238e-03   3.246342e-05   7248
  1.325034e+00   2.607081e-03   1.703671e-03   3.030646e-05   8232
  1.330590e+00   2.611820e-03   1.553617e-03   3.312287e-05   7038
  1.335931e+00   2.650486e-03   1.510189e-03   3.199362e-05   7824
  1.341174e+00   2.612522e-03   1.590763e-03   3.145951e-05   7752
  1.346585e+00   2.549538e-03   1.605043e-03   3.144724e-05   7480
  1.352208e+00   2.648500e-03   1.618933e-03   3.079724e-05   8404
  1.357671e+00   2.711760e-03   1.503855e-03   3.205847e-05   7614
  1.362913e+00   2.684966e-03   1.575108e-03   3.264843e-05   7776
  1.368188e+00   2.692939e-03   1.502776e-03   3.230041e-05   7944
  1.373702e+00   2.685717e-03   1.562607e-03   3.117982e-05   8424
  1.379142e+00   2.615899e-03   1.533354e-03   3.208477e-05   7872
  1.384762e+00   2.637810e-03   1.540830e-03   3.001688e-05   8658
  1.390152e+00   2.714029e-03   1.537871e-03   3.220961e-05   8352
  1.395701e+00   2.708101e-03   1.544872e-03   3.133781e-05   8648
  1.400946e+00   2.779434e-03   1.463868e-03   3.300332e-05   7680
  1.406459e+00   2.675155e-03   1.524971e-03   3.032164e-05   8646
  1.411581e+00   2.776125e-03   1.477493e-03   3.152010e-05   8448
  1.417243e+00   2.797052e-03   1.570023e-03   3.191918e-05   9120
  1.422706e+00   2.632908e-03   1.534210e-03   3.071259e-05   8316
  1.428231e+00   2.751212e-03   1.655901e-03   2.985261e-05   9504
  1.433780e+00   2.784253e-03   1.505873e-03   3.253411e-05   8358
  1.439318e+00   2.689373e-03   1.591741e-03   2.963819e-05   9584
  1.444669e+00   2.692737e-03   1.523180e-03   3.061176e-05   8616
  1.450194e+00   2.796733e-03   1.658401e-03   3.017966e-05   9432
  1.455837e+00   2.787663e-03   1.687074e-03   3.145986e-05   9018
  1.460959e+00   2.737234e-03   1.428118e-03   3.079474e-05   8568
  1.466312e+00   2.701984e-03   1.589614e-03   2.809367e-05   9816
  1.471848e+00   2.813344e-03   1.504950e-03   3.156021e-05   9000
  1.477320e+00   2.789377e-03   1.574008e-03   3.102941e-05   9504
  1.482769e+00   2.724575e-03   1.610237e-03   2.938699e-05   9446
  1.488128e+00   2.834443e-03   1.539876e-03   3.015603e-05   9696
  1.493639e+00   2.762956e-03   1.432995e-03   3.007316e-05   9180
  1.499052e+00   2.734158e-03   1.656445e-03   2.866049e-05   10512
  1.504580e+00   2.853063e-03   1.565995e-03   3.186158e-05   9048
  1.510050e+00   2.725448e-03   1.502032e-03   2.885587e-05   10014
  1.515115e+00   2.761550e-03   1.465977e-03   3.154274e-05   9096
  1.520624e+00   2.759051e-03   1.678104e-03   2.764929e-05   11088
  1.526481e+00   2.861659e-03   1.632622e-03   3.038368e-05   9860
  1.531846e+00   2.730030e-03   1.547538e-03   2.932386e-05   10110
  1.537226e+00   2.853965e-03   1.610782e-03   3.081699e-05   10104
  1.542638e+00   2.832322e-03   1.527293e-03   2.978019e-05   10392
  1.548117e+00   2.807304e-03   1.580956e-03   2.893433e-05   10104
  1.553700e+00   2.835338e-03   1.636048e-03   2.791029e-05   11352
  1.559389e+00   2.770862e-03   1.498379e-03   2.969087e-05   10014
  1.564440e+00   2.848475e-03   1.383079e-03   3.090423e-05   9636
  1.569783e+00   2.787798e-03   1.639203e-03   2.749968e-05   11552
  1.575422e+00   2.782308e-03   1.523155e-03   2.922387e-05   10488
  1.580867e+00   2.845716e-03   1.590751e-03   3.012292e-05   10254
  1.586166e+00   2.778126e-03   1.497744e-03   2.769650e-05   11304
  1.591672e+00   2.858291e-03   1.520072e-03   2.945863e-05   10872
  1.597152e+00   2.832458e-03   1.630062e-03   2.886155e-05   10932
  1.602461e+00   2.798706e-03   1.470687e-03   2.936225e-05   10848
  1.607949e+00   2.832522e-03   1.538096e-03   2.844862e-05   10998
  1.613393e+00   2.829067e-03   1.616241e-03   2.775290e-05   11720
  1.618857e+00   2.885590e-03   1.486980e-03   2.965279e-05   10776
  1.624233e+00   2.836306e-03   1.626703e-03   2.750823e-05   12072
  1.629803e+00   2.787333e-03   1.491590e-03   2.865712e-05   10704
  1.635146e+00   2.871048e-03   1.530127e-03   2.847013e-05   11730
  1.640724e+00   2.861500e-03   1.589265e-03   2.785603e-05   12144
  1.646103e+00   2.824618e-03   1.505823e-03   2.815216e-05   11568
  1.651732e+00   2.810517e-03   1.628958e-03   2.741631e-05   11552
  1.656794e+00   2.841128e-03   1.470182e-03   2.864667e-05   10926
  1.662301e+00   2.920124e-03   1.665116e-03   2.683103e-05   13032
  1.667699e+00   2.968480e-03   1.360824e-03   3.079855e-05   10776
  1.673163e+00   2.863610e-03   1.675173e-03   2.631671e-05   13116
  1.678750e+00   2.858875e-03   1.576527e-03   2.769561e-05   12288
  1.684254e+00   2.799064e-03   1.448982e-03   2.826975e-05   11262
  1.689407e+00   2.885478e-03   1.565326e-03   2.760343e-05   12672
  1.694949e+00   2.893522e-03   1.534786e-03   2.703108e-05   12624
  1.700444e+00   2.861571e-03   1.539772e-03   2.731575e-05   12392
  1.705894e+00   2.873408e-03   1.578373e-03   2.803531e-05   12060
  1.711417e+00   2.915771e-03   1.664529e-03   2.688752e-05   13662
  1.716714e+00   2.871044e-03   1.437484e-03   2.812201e-05   11592
  1.722229e+00   2.875753e-03   1.708245e-03   2.679620e-05   13776
  1.727732e+00   2.920635e-03   1.452727e-03   2.822754e-05   12240
  1.733259e+00   2.846857e-03   1.673717e-03   2.614201e-05   13662
  1.738451e+00   2.921988e-03   1.438450e-03   2.846011e-05   11520
  1.744057e+00   2.903954e-03   1.657935e-03   2.518105e-05   15044
  1.749584e+00   2.928586e-03   1.490148e-03   2.796196e-05   12384
  1.755011e+00   2.827284e-03   1.568695e-03   2.702455e-05   13176
  1.760324e+00   2.852944e-03   1.420714e-03   2.674060e-05   12798
  1.765805e+00   2.966681e-03   1.613568e-03   2.692637e-05   14376
  1.771131e+00   2.876642e-03   1.533785e-03   2.747069e-05   12528
  1.776603e+00   2.910601e-03   1.610649e-03   2.640311e-05   14100
  1.781897e+00   2.966260e-03   1.461405e-03   2.958633e-05   12630
  1.787364e+00   2.881246e-03   1.587093e-03   2.567895e-05   14624
  1.792771e+00   2.974949e-03   1.583065e-03   2.756982e-05   13272
  1.798277e+00   2.935063e-03   1.613728e-03   2.598258e-05   14664
  1.803884e+00   2.857073e-03   1.649702e-03   2.500879e-05   14328
  1.809294e+00   2.907441e-03   1.531892e-03   2.704714e-05   13086
  1.814778e+00   2.907085e-03   1.648042e-03   2.494551e-05   15612
  1.820245e+00   2.973311e-03   1.420572e-03   2.792368e-05   13416
  1.825554e+00   2.937675e-03   1.670986e-03   2.610004e-05   14360
  1.831007e+00   2.929580e-03   1.563345e-03   2.629575e-05   14064
  1.836565e+00   2.955414e-03   1.608825e-03   2.556736e-05   15750
  1.842043e+00   2.896231e-03   1.519715e-03   2.641665e-05   13680
  1.847448e+00   2.995296e-03   1.654464e-03   2.616237e-05   15468
  1.852944e+00   2.888506e-03   1.594248e-03   2.603845e-05   14352
  1.858276e+00   2.925955e-03   1.572970e-03   2.559741e-05   14454
  1.863633e+00   3.012225e-03   1.615254e-03   2.646884e-05   15048
  1.869150e+00   2.847713e-03   1.497078e-03   2.497248e-05   15360
  1.874596e+00   2.971984e-03   1.645285e-03   2.552719e-05   15224
  1.880069e+00   2.929953e-03   1.557924e-03   2.538479e-05   15096
  1.885497e+00   3.004204e-03   1.522103e-03   2.655124e-05   14514
  1.890790e+00   3.018304e-03   1.595539e-03   2.570922e-05   16416
  1.896345e+00   2.949542e-03   1.570097e-03   2.565046e-05   15216
  1.902017e+00   3.005725e-03   1.580041e-03   2.539916e-05   16440
  1.907431e+00   2.988082e-03   1.589489e-03   2.649901e-05   14904
  1.912612e+00   2.981664e-03   1.493082e-03   2.589468e-05   15134
  1.918128e+00   3.022081e-03   1.670413e-03   2.566241e-05   16644
  1.923636e+00   2.941661e-03   1.568226e-03   2.552235e-05   16128
  1.929039e+00   3.022222e-03   1.558301e-03   2.626863e-05   15384
  1.934362e+00   2.987950e-03   1.531848e-03   2.565157e-05   15462
  1.939814e+00   3.025831e-03   1.636508e-03   2.435450e-05   17304
  1.945372e+00   2.980310e-03   1.543184e-03   2.519616e-05   16176
  1.950827e+00   3.034798e-03   1.632437e-03   2.514458e-05   16824
  1.956411e+00   2.909647e-03   1.501531e-03   2.489799e-05   15980
  1.961671e+00   3.021403e-03   1.494587e-03   2.564529e-05   16326
  1.966974e+00   2.990449e-03   1.595444e-03   2.516720e-05   16488
  1.972469e+00   2.979105e-03   1.547881e-03   2.475292e-05   16944
  1.977987e+00   2.998374e-03   1.628958e-03   2.463789e-05   17256
  1.983307e+00   2.934696e-03   1.510722e-03   2.483600e-05   15966
  1.988830e+00   3.029095e-03   1.604091e-03   2.491720e-05   17628
  1.994237e+00   2.943444e-03   1.523687e-03   2.456922e-05   17280
  1.999700e+00   2.953733e-03   1.677236e-03   2.414130e-05   17056
  2.005087e+00   2.970796e-03   1.581521e-03   2.448666e-05   17296
  2.010708e+00   2.928964e-03   1.549121e-03   2.364926e-05   17526
  2.016014e+00   3.001361e-03   1.559028e-03   2.432274e-05   17592
  2.021539e+00   3.010199e-03   1.621825e-03   2.430618e-05   17880
  2.026921e+00   3.005645e-03   1.503997e-03   2.522741e-05   17028
  2.032244e+00   3.031626e-03   1.529390e-03   2.483238e-05   17376
  2.037659e+00   3.084639e-03   1.518363e-03   2.448092e-05   18414
  2.043253e+00   2.992422e-03   1.557160e-03   2.375287e-05   17840
  2.048675e+00   2.986786e-03   1.634742e-03   2.366421e-05   18960
  2.054080e+00   2.988627e-03   1.518636e-03   2.477906e-05   16992
  2.059506e+00   3.018080e-03   1.672957e-03   2.400472e-05   18378
  2.064817e+00   3.073084e-03   1.489598e-03   2.529473e-05   18192
  2.070342e+00   3.007908e-03   1.590368e-03   2.342507e-05   19320
  2.075827e+00   2.998252e-03   1.542530e-03   2.409873e-05   17856
  2.081294e+00   2.902964e-03   1.592338e-03   2.297018e-05   19128
  2.086669e+00   3.023348e-03   1.472822e-03   2.421853e-05   18246
  2.092142e+00   3.050004e-03   1.530845e-03   2.366650e-05   19184
  2.097560e+00   2.953535e-03   1.566786e-03   2.302040e-05   18900
  2.103127e+00   2.990116e-03   1.634103e-03   2.297414e-05   19776
  2.108435e+00   3.029025e-03   1.499267e-03   2.526312e-05   17814
  2.113953e+00   3.036290e-03   1.631506e-03   2.350050e-05   19944
  2.119331e+00   3.075963e-03   1.609395e-03   2.387142e-05   19536
  2.124895e+00   3.020549e-03   1.592635e-03   2.287708e-05   20112
  2.130295e+00   2.975651e-03   1.480183e-03   2.440307e-05   18116
  2.135677e+00   2.979932e-03   1.543122e-03   2.243387e-05   19878
  2.140967e+00   3.034651e-03   1.559605e-03   2.320759e-05   19800
  2.146556e+00   3.067519e-03   1.559507e-03   2.357995e-05   20136
  2.152123e+00   2.979982e-03   1.640454e-03   2.276729e-05   20808
  2.157545e+00   2.990241e-03   1.486131e-03   2.377818e-05   19152
  2.162999e+00   2.993193e-03   1.569730e-03   2.288118e-05   20526
  2.168508e+00   3.009834e-03   1.615030e-03   2.355099e-05   20532
  2.173853e+00   3.065310e-03   1.604928e-03   2.350208e-05   20120
  2.179147e+00   2.977443e-03   1.495586e-03   2.357029e-05   19512
  2.184682e+00   2.984265e-03   1.624686e-03   2.249607e-05   21246
  2.190096e+00   3.068771e-03   1.477588e-03   2.382338e-05   20112
  2.195583e+00   3.043610e-03   1.645292e-03   2.229085e-05   22104
  2.201050e+00   2.992685e-03   1.614482e-03   2.326782e-05   19620
  2.206482e+00   2.970200e-03   1.604796e-03   2.205441e-05   21912
  2.211921e+00   3.050721e-03   1.497387e-03   2.356607e-05   20070
  2.217337e+00   3.048289e-03   1.630864e-03   2.249018e-05   22064
  2.222850e+00   3.007237e-03   1.548352e-03   2.252987e-05   21048
  2.228199e+00   3.059867e-03   1.514343e-03   2.280578e-05   21168
  2.233635e+00   3.074380e-03   1.637642e-03   2.298403e-05   21384
  2.239216e+00   2.979783e-03   1.481766e-03   2.205256e-05   22146
  2.244666e+00   3.130717e-03   1.585174e-03   2.295564e-05   22200
  2.250163e+00   2.979186e-03   1.501548e-03   2.221700e-05   21648
  2.255545e+00   2.950683e-03   1.607582e-03   2.226192e-05   21144
  2.260867e+00   2.971388e-03   1.529125e-03   2.188113e-05   21710
  2.266343e+00   3.007124e-03   1.624700e-03   2.135663e-05   23112
  2.271991e+00   3.039156e-03   1.620840e-03   2.183777e-05   23064
  2.277435e+00   3.034968e-03   1.500062e-03   2.256118e-05   21252
  2.282668e+00   3.014113e-03   1.503720e-03   2.170435e-05   22128
  2.288126e+00   3.071633e-03   1.558658e-03   2.228930e-05   22446
  2.293582e+00   2.966184e-03   1.527528e-03   2.178858e-05   22848
  2.298983e+00   3.029524e-03   1.529486e-03   2.187633e-05   23208
  2.304508e+00   3.052314e-03   1.574247e-03   2.196761e-05   22536
  2.309946e+00   3.006923e-03   1.596462e-03   2.173347e-05   22586
  2.315370e+00   3.091915e-03   1.627795e-03   2.197039e-05   24096
  2.320825e+00   3.067972e-03   1.527306e-03   2.264178e-05   22440
  2.326212e+00   3.092277e-03   1.664369e-03   2.204601e-05   23400
  2.331602e+00   2.999386e-03   1.511928e-03   2.159352e-05   23232
  2.337168e+00   3.041760e-03   1.592064e-03   2.160621e-05   23886
  2.342533e+00   3.039650e-03   1.530913e-03   2.230425e-05   23376
  2.347967e+00   3.056771e-03   1.544635e-03   2.194912e-05   23540
  2.353338e+00   3.009319e-03   1.532168e-03   2.127243e-05   24240
  2.358915e+00   3.044785e-03   1.612109e-03   2.185260e-05   23952
  2.364402e+00   3.047534e-03   1.508159e-03   2.175428e-05   24006
  2.369901e+00   3.032785e-03   1.691935e-03   2.090978e-05   25560
  2.375221e+00   3.050532e-03   1.500150e-03   2.212885e-05   22728
  2.380552e+00   3.022337e-03   1.511947e-03   2.144709e-05   23556
  2.385955e+00   3.028484e-03   1.577785e-03   2.131314e-05   25398
  2.391435e+00   3.127580e-03   1.545774e-03   2.220624e-05   24088
  2.396892e+00   3.087627e-03   1.609108e-03   2.112799e-05   25696
  2.402362e+00   3.076589e-03   1.511201e-03   2.214298e-05   24144
  2.407786e+00   2.978081e-03   1.615096e-03   2.079779e-05   25560
  2.413246e+00   3.027125e-03   1.489846e-03   2.168687e-05   24246
  2.418724e+00   3.120395e-03   1.581827e-03   2.121247e-05   26292
  2.424188e+00   3.050599e-03   1.560153e-03   2.157043e-05   25200
  2.429626e+00   3.045620e-03   1.624829e-03   2.124855e-05   25296
  2.434943e+00   3.014042e-03   1.483819e-03   2.132576e-05   24192
  2.440599e+00   3.049851e-03   1.638534e-03   2.003655e-05   28646
  2.446110e+00   3.037488e-03   1.506669e-03   2.154853e-05   24552
  2.451515e+00   3.066113e-03   1.579460e-03   2.138653e-05   25788
  2.456795e+00   3.027425e-03   1.491180e-03   2.119573e-05   25272
  2.462256e+00   3.010936e-03   1.613697e-03   2.097622e-05   26118
  2.467607e+00   3.059440e-03   1.579547e-03   2.119633e-05   26016
  2.473206e+00   3.016924e-03   1.595790e-03   1.998281e-05   27792
  2.478571e+00   3.047216e-03   1.565206e-03   2.136898e-05   25072
  2.483982e+00   3.003988e-03   1.621283e-03   2.021610e-05   26824
  2.489402e+00   3.055409e-03   1.480279e-03   2.113403e-05   26106
  2.494915e+00   3.042197e-03   1.629064e-03   2.030443e-05   28296
  2.500377e+00   3.062076e-03   1.567349e-03   2.093055e-05   26640
  2.505822e+00   3.007286e-03   1.492228e-03   2.036088e-05   26064
  2.511215e+00   3.034242e-03   1.637115e-03   1.976584e-05   27822
  2.516572e+00   3.093404e-03   1.521472e-03   2.159018e-05   26160
  2.522001e+00   3.107402e-03   1.673107e-03   2.097851e-05   28108
  2.527479e+00   3.080588e-03   1.599090e-03   2.098045e-05   27664
  2.532916e+00   3.057222e-03   1.590673e-03   2.049017e-05   27600
  2.538445e+00   3.037151e-03   1.594105e-03   2.033927e-05   27510
  2.543900e+00   3.089697e-03   1.577441e-03   2.070384e-05   28848
  2.549331e+00   3.029353e-03   1.562048e-03   2.041107e-05   27744
  2.554787e+00   3.054478e-03   1.521895e-03   2.010248e-05   27888
  2.560210e+00   3.047320e-03   1.547223e-03   2.038785e-05   27780
  2.565645e+00   3.102840e-03   1.558725e-03   2.051986e-05   28734
  2.571023e+00   3.076843e-03   1.609586e-03   2.062468e-05   28232
  2.576527e+00   3.075838e-03   1.600458e-03   1.994446e-05   29016
  2.581909e+00   3.052774e-03   1.581285e-03   2.010238e-05   28056
  2.587324e+00   3.088711e-03   1.534592e-03   2.044398e-05   28710
  2.592790e+00   3.106873e-03   1.621010e-03   2.039735e-05   29220
  2.598465e+00   3.032396e-03   1.658218e-03   1.946419e-05   31584
  2.603840e+00   3.030651e-03   1.528599e-03   2.057531e-05   26904
  2.609079e+00   3.061919e-03   1.485740e-03   2.045446e-05   28512
  2.614658e+00   3.044383e-03   1.600396e-03   1.936918e-05   30878
  2.620190e+00   3.080983e-03   1.607291e-03   1.980843e-05   30408
  2.625603e+00   3.094293e-03   1.552575e-03   2.027480e-05   28632
  2.630926e+00   3.049666e-03   1.494100e-03   1.980041e-05   28764
  2.636301e+00   3.043171e-03   1.662258e-03   1.955066e-05   30630
  2.641825e+00   3.051878e-03   1.539050e-03   1.992717e-05   30240
  2.647360e+00   3.099394e-03   1.576813e-03   1.986873e-05   31008
  2.652753e+00   3.079387e-03   1.510278e-03   2.036517e-05   29240
  2.658053e+00   3.006950e-03   1.541271e-03   1.956541e-05   30000
  2.663579e+00   3.065827e-03   1.631431e-03   1.965212e-05   30978
  2.669020e+00   3.014863e-03   1.538057e-03   1.941770e-05   30696
  2.674440e+00   3.067521e-03   1.612132e-03   1.954028e-05   31320
  2.679792e+00   3.035294e-03   1.506651e-03   1.999913e-05   29280
  2.685220e+00   3.016319e-03   1.611110e-03   1.924872e-05   31488
  2.690645e+00   3.044246e-03   1.512555e-03   1.954656e-05   31326
  2.696128e+00   3.089549e-03   1.624023e-03   1.994903e-05   31480
  2.701662e+00   3.082594e-03   1.575428e-03   1.924670e-05   32572
  2.707181e+00   3.036229e-03   1.576379e-03   1.932370e-05   31296
  2.712540e+00   3.057996e-03   1.532958e-03   1.995186e-05   30798
  2.718010e+00   3.110900e-03   1.631915e-03   1.998991e-05   32256
  2.723379e+00   3.060843e-03   1.576275e-03   1.926620e-05   32088
  2.728754e+00   3.053392e-03   1.559976e-03   1.990987e-05   30936
  2.734196e+00   3.064867e-03   1.621863e-03   1.911954e-05   33036
  2.739744e+00   3.034022e-03   1.570337e-03   1.955349e-05   31846
  2.745145e+00   3.063275e-03   1.600723e-03   1.880435e-05   33832
  2.750571e+00   3.065170e-03   1.482757e-03   1.973728e-05   30912
  2.755951e+00   3.027678e-03   1.554945e-03   1.896447e-05   32976
  2.761359e+00   3.008807e-03   1.534255e-03   1.877621e-05   32712
  2.766879e+00   3.053824e-03   1.551134e-03   1.890206e-05   33438
  2.772315e+00   3.103849e-03   1.561569e-03   1.944170e-05   32556
  2.777612e+00   3.041945e-03   1.547775e-03   1.904604e-05   33144
  2.783077e+00   3.065657e-03   1.531023e-03   1.932951e-05   33504
  2.788685e+00   3.049687e-03   1.585219e-03   1.908486e-05   33542
  2.794001e+00   3.071501e-03   1.561774e-03   1.901117e-05   33768
  2.799514e+00   3.059713e-03   1.582505e-03   1.860104e-05   34368
  2.804894e+00   3.082996e-03   1.503763e-03   1.948750e-05   32856
  2.810386e+00   3.044057e-03   1.555021e-03   1.851201e-05   34524
  2.815774e+00   3.076326e-03   1.476871e-03   1.943844e-05   33510
  2.821310e+00   3.092155e-03   1.652814e-03   1.863211e-05   35856
  2.826780e+00   3.051109e-03   1.566245e-03   1.923384e-05   33888
  2.832150e+00   3.044053e-03   1.534797e-03   1.919473e-05   33752
  2.837510e+00   3.053794e-03   1.613976e-03   1.845634e-05   34902
  2.843143e+00   3.079469e-03   1.578935e-03   1.901313e-05   35484
  2.848630e+00   3.072522e-03   1.625328e-03   1.864903e-05   36648
  2.854056e+00   3.028401e-03   1.503100e-03   1.901290e-05   33000
  2.859416e+00   3.047351e-03   1.625165e-03   1.840004e-05   35520
  2.864954e+00   3.025700e-03   1.587378e-03   1.811075e-05   36078
  2.870343e+00   3.127730e-03   1.553780e-03   1.937026e-05   34992
  2.875726e+00   3.050575e-03   1.537418e-03   1.894183e-05   35072
  2.881222e+00   3.047325e-03   1.612107e-03   1.811553e-05   36876
  2.886535e+00   3.050452e-03   1.490702e-03   1.965337e-05   33216
  2.891986e+00   3.056659e-03   1.651729e-03   1.804879e-05   38382
  2.897574e+00   3.048725e-03   1.549240e-03   1.851015e-05   36072
  2.903069e+00   3.051283e-03   1.551510e-03   1.817024e-05   37464
  2.908437e+00   3.039558e-03   1.491290e-03   1.891096e-05   34416
  2.913907e+00   3.084205e-03   1.634265e-03   1.824837e-05   37386
  2.919336e+00   3.136143e-03   1.560351e-03   1.909894e-05   37040
  2.924747e+00   3.094279e-03   1.519091e-03   1.878713e-05   36240
  2.930120e+00   3.049745e-03   1.620578e-03   1.833855e-05   36432
  2.935572e+00   3.010066e-03   1.530037e-03   1.796795e-05   37560
  2.941044e+00   3.076866e-03   1.585551e-03   1.876699e-05   37350
  2.946615e+00   3.062660e-03   1.620920e-03   1.824817e-05   38616
  2.952019e+00   3.032470e-03   1.527850e-03   1.832392e-05   37092
  2.957454e+00   3.039448e-03   1.469269e-03   1.810360e-05   37272
  2.962879e+00   2.983981e-03   1.617603e-03   1.776900e-05   37616
  2.968367e+00   3.028799e-03   1.566567e-03   1.752166e-05   38478
  2.973773e+00   3.079759e-03   1.591818e-03   1.838495e-05   37992
  2.979169e+00   3.053136e-03   1.560915e-03   1.817042e-05   38232
  2.984576e+00   3.009890e-03   1.529810e-03   1.815267e-05   36708
  2.989998e+00   3.011799e-03   1.601300e-03   1.760903e-05   39534
  2.995476e+00   3.098649e-03   1.604456e-03   1.838029e-05   39336
  3.000916e+00   3.062075e-03   1.543508e-03   1.831779e-05   37624
  3.006363e+00   3.013534e-03   1.579336e-03   1.740979e-05   40408
  3.011852e+00   3.007757e-03   1.510623e-03   1.774379e-05   38256
  3.017315e+00   3.046535e-03   1.543281e-03   1.788031e-05   39438
  3.022829e+00   3.039952e-03   1.592476e-03   1.749137e-05   40524
  3.028194e+00   3.059281e-03   1.503499e-03   1.810743e-05   38448
  3.033601e+00   3.030956e-03   1.582383e-03   1.786971e-05   39312
  3.038992e+00   3.022309e-03   1.512689e-03   1.812331e-05   38718
  3.044403e+00   3.050586e-03   1.614057e-03   1.801633e-05   40872
  3.049845e+00   3.014704e-03   1.532666e-03   1.776205e-05   40088
  3.055371e+00   3.046941e-03   1.633644e-03   1.788595e-05   40644
  3.060822e+00   2.989911e-03   1.532935e-03   1.755722e-05   40176
  3.066304e+00   3.003285e-03   1.625298e-03   1.727332e-05   40998
  3.071650e+00   3.112019e-03   1.490471e-03   1.887983e-05   39192
  3.077083e+00   3.062605e-03   1.573750e-03   1.816147e-05   41640
  3.082545e+00   3.028198e-03   1.578537e-03   1.782634e-05   41400
  3.087927e+00   3.024493e-03   1.553632e-03   1.828176e-05   38640
  3.093396e+00   3.057402e-03   1.594261e-03   1.720733e-05   43658
  3.098867e+00   3.038233e-03   1.533241e-03   1.801046e-05   40608
  3.104282e+00   3.028565e-03   1.565192e-03   1.743342e-05   41880
  3.109810e+00   3.064229e-03   1.547184e-03   1.786432e-05   41712
  3.115335e+00   3.034998e-03   1.615131e-03   1.726554e-05   42942
  3.120741e+00   3.060275e-03   1.534331e-03   1.793129e-05   40896
  3.126165e+00   3.047412e-03   1.580796e-03   1.756592e-05   42708
  3.131542e+00   3.080629e-03   1.496179e-03   1.816384e-05   40968
  3.137007e+00   3.010921e-03   1.625543e-03   1.705904e-05   43496
  3.142457e+00   3.072509e-03   1.556121e-03   1.805497e-05   41454
  3.147915e+00   3.051300e-03   1.607241e-03   1.740404e-05   43704
  3.153202e+00   2.999104e-03   1.481093e-03   1.777812e-05   41208
  3.158685e+00   3.001971e-03   1.625130e-03   1.695742e-05   43944
  3.164222e+00   2.989932e-03   1.568163e-03   1.727900e-05   43218
  3.169711e+00   3.010271e-03   1.573649e-03   1.745510e-05   44136
  3.175074e+00   3.029214e-03   1.550274e-03   1.745771e-05   42304
  3.180483e+00   3.020870e-03   1.574816e-03   1.720552e-05   43096
  3.185809e+00   3.013965e-03   1.541007e-03   1.732210e-05   43464
  3.191366e+00   1.638121e-03   1.606948e-03   1.396708e-05   44382
  3.196804e+00   8.696937e-05   1.605225e-03   5.562253e-07   44316
  3.202282e+00   8.658138e-05   1.582905e-03   5.472918e-07   44592
  3.207694e+00   8.104345e-05   1.548943e-03   5.293331e-07   44328
  3.213178e+00   7.584052e-05   1.523706e-03   4.928855e-07   43560
  3.218610e+00   7.576170e-05   1.570802e-03   4.873921e-07   44763
  3.224020e+00   7.069022e-05   1.574927e-03   4.567762e-07   44216
  3.229465e+00   6.657947e-05   1.604748e-03   4.259525e-07   45144
  3.234953e+00   6.590208e-05   1.525298e-03   4.331980e-07   42876
  3.240354e+00   6.347298e-05   1.662551e-03   4.048036e-07   46164
  3.245765e+00   5.928064e-05   1.526236e-03   3.858713e-07   42360
  3.251284e+00   5.618448e-05   1.607148e-03   3.541684e-07   45324
  3.256678e+00   5.553839e-05   1.599342e-03   3.596526e-07   43320
  3.262107e+00   5.193155e-05   1.611675e-03   3.270321e-07   44580
  3.267667e+00   5.059050e-05   1.609815e-03   3.133689e-07   44468
  3.273119e+00   4.956095e-05   1.531376e-03   3.146880e-07   43416
  3.278411e+00   4.825806e-05   1.520505e-03   3.098468e-07   42264
  3.283884e+00   4.606049e-05   1.597197e-03   2.811251e-07   44580
  3.289368e+00   4.505956e-05   1.621337e-03   2.789351e-07   43824
  3.294829e+00   4.427170e-05   1.523757e-03   2.726872e-07   43392
  3.300224e+00   4.255942e-05   1.553494e-03   2.633617e-07   43296
  3.305724e+00   4.110672e-05   1.495301e-03   2.537696e-07   42656
  3.311087e+00   4.130850e-05   1.596934e-03   2.544619e-07   43728
  3.316591e+00   3.950826e-05   1.610238e-03   2.430740e-07   43536
  3.322030e+00   3.879316e-05   1.602586e-03   2.368697e-07   42180
  3.327473e+00   3.856864e-05   1.551796e-03   2.306764e-07   44136
  3.332939e+00   3.715013e-05   1.563744e-03   2.251050e-07   42372
  3.338336e+00   3.663436e-05   1.528428e-03   2.244057e-07   41604
  3.343731e+00   3.637897e-05   1.610433e-03   2.193383e-07   43440
  3.349182e+00   3.471701e-05   1.611663e-03   2.061256e-07   42488
  3.354561e+00   3.468758e-05   1.547466e-03   2.106739e-07   41496
  3.360074e+00   3.485080e-05   1.615298e-03   2.045944e-07   44112
  3.365562e+00   3.405523e-05   1.540359e-03   2.045854e-07   41688
  3.370956e+00   3.337950e-05   1.604620e-03   1.980322e-07   42276
  3.376369e+00   3.303811e-05   1.547681e-03   1.995288e-07   41172
  3.381820e+00   3.208286e-05   1.622702e-03   1.841190e-07   43536
  3.387296e+00   3.207846e-05   1.510509e-03   1.890285e-07   41496
  3.392714e+00   3.160917e-05   1.602713e-03   1.898200e-07   40764
  3.398118e+00   3.129895e-05   1.572660e-03   1.809144e-07   43220
  3.403602e+00   3.099561e-05   1.558712e-03   1.826129e-07   41076
  3.409040e+00   3.020840e-05   1.557898e-03   1.760559e-07   41532
  3.414506e+00   3.060639e-05   1.586149e-03   1.805951e-07   41928
  3.419924e+00   2.976180e-05   1.518385e-03   1.754457e-07   41412
  3.425338e+00   2.992754e-05   1.580228e-03   1.780037e-07   40032
  3.430721e+00   2.936438e-05   1.567201e-03   1.689509e-07   41880
  3.436133e+00   2.947937e-05   1.559578e-03   1.730631e-07   40264
  3.441614e+00   2.862198e-05   1.596952e-03   1.625851e-07   42592
  3.447111e+00   2.853064e-05   1.531936e-03   1.663423e-07   39588
  3.452537e+00   2.856953e-05   1.583857e-03   1.615756e-07   42180
  3.457928e+00   2.807993e-05   1.528129e-03   1.664712e-07   39240
  3.463345e+00   2.773429e-05   1.603997e-03   1.577530e-07   40920
  3.468834e+00   2.777504e-05   1.583230e-03   1.589655e-07   41184
  3.474296e+00   2.735594e-05   1.568330e-03   1.559684e-07   40872
  3.479702e+00   2.711275e-05   1.491774e-03   1.564922e-07   38748
  3.485168e+00   2.750994e-05   1.587794e-03   1.561428e-07   41420
  3.490553e+00   2.653828e-05   1.557380e-03   1.546326e-07   39816
  3.496030e+00   2.651459e-05   1.561371e-03   1.507996e-07   39792
  3.501436e+00   2.611492e-05   1.491602e-03   1.514244e-07   39816
  3.506965e+00   2.658156e-05   1.612108e-03   1.502130e-07   41064
  3.512408e+00   2.649293e-05   1.546522e-03   1.514393e-07   39204
  3.517925e+00   2.602110e-05   1.631952e-03   1.486180e-07   40080
  3.523223e+00   2.594753e-05   1.507994e-03   1.498995e-07   38332
  3.528672e+00   2.602828e-05   1.573899e-03   1.492450e-07   39952
  3.534102e+00   2.526460e-05   1.572293e-03   1.454362e-07   39000
  3.539668e+00   2.546095e-05   1.614601e-03   1.451931e-07   40356
  3.545098e+00   2.527707e-05   1.584135e-03   1.433381e-07   39300
  3.550517e+00   2.472852e-05   1.562974e-03   1.438803e-07   37452
  3.555894e+00   2.480795e-05   1.549762e-03   1.415387e-07   39732
  3.561429e+00   2.502013e-05   1.557625e-03   1.429595e-07   39312
  3.566817e+00   2.472988e-05   1.583965e-03   1.437856e-07   37632
  3.572234e+00   2.425567e-05   1.557396e-03   1.434128e-07   38420
  3.577674e+00   2.451834e-05   1.609595e-03   1.382293e-07   39564
  3.583132e+00   2.444280e-05   1.548840e-03   1.439156e-07   37236
  3.588516e+00   2.405752e-05   1.565848e-03   1.381514e-07   38100
  3.593924e+00   2.395024e-05   1.539495e-03   1.402122e-07   38208
  3.599440e+00   2.389754e-05   1.602149e-03   1.361621e-07   39072
  3.604845e+00   2.385173e-05   1.480860e-03   1.423776e-07   36192
  3.610293e+00   2.398432e-05   1.600910e-03   1.369790e-07   38928
  3.615801e+00   2.349935e-05   1.590552e-03   1.343773e-07   38768
  3.621383e+00   2.355947e-05   1.562835e-03   1.352714e-07   37596
  3.626841e+00   2.357141e-05   1.555898e-03   1.366943e-07   37296
  3.632194e+00   2.346844e-05   1.557356e-03   1.380334e-07   36948
  3.637577e+00   2.337048e-05   1.597343e-03   1.360605e-07   37248
  3.643147e+00   2.307991e-05   1.577439e-03   1.345559e-07   37152
  3.648492e+00   2.291978e-05   1.574751e-03   1.319330e-07   37512
  3.653954e+00   2.283565e-05   1.507515e-03   1.380110e-07   35876
  3.659374e+00   2.288215e-05   1.606552e-03   1.348059e-07   36936
  3.664880e+00   2.265800e-05   1.600548e-03   1.330306e-07   38028
  3.670348e+00   2.273973e-05   1.522914e-03   1.367467e-07   35592
  3.675687e+00   2.259597e-05   1.511337e-03   1.364224e-07   35508
  3.681088e+00   2.238105e-05   1.567228e-03   1.335330e-07   36492
  3.686612e+00   2.250149e-05   1.616757e-03   1.336290e-07   37608
  3.692081e+00   2.207700e-05   1.595280e-03   1.345782e-07   34848
  3.697390e+00   2.247244e-05   1.496163e-03   1.360731e-07   35220
  3.702857e+00   2.242869e-05   1.560827e-03   1.334683e-07   36884
  3.708318e+00   2.228696e-05   1.549021e-03   1.353164e-07   35412
  3.713858e+00   2.200049e-05   1.603888e-03   1.315142e-07   35652
  3.719249e+00   2.201167e-05   1.603516e-03   1.316580e-07   36072
  3.724653e+00   2.200191e-05   1.545362e-03   1.352635e-07   34368
  3.730119e+00   2.174969e-05   1.565390e-03   1.319069e-07   35484
  3.735586e+00   2.158731e-05   1.549559e-03   1.335852e-07   35256
  3.740941e+00   2.125174e-05   1.612995e-03   1.295682e-07   34476
  3.746410e+00   2.116801e-05   1.582486e-03   1.305957e-07   34916
  3.751834e+00   2.160455e-05   1.560509e-03   1.362369e-07   34596
  3.757263e+00   2.142696e-05   1.526486e-03   1.321898e-07   34656
  3.762714e+00   2.129793e-05   1.581266e-03   1.309070e-07   34596
  3.768200e+00   2.116616e-05   1.534004e-03   1.325938e-07   33984
  3.773562e+00   2.113888e-05   1.566114e-03   1.333672e-07   34080
  3.778963e+00   2.098133e-05   1.572881e-03   1.300373e-07   34140
  3.784487e+00   2.100667e-05   1.624544e-03   1.304978e-07   33804
  3.789951e+00   2.100648e-05   1.561511e-03   1.320801e-07   35096
  3.795448e+00   2.101840e-05   1.548108e-03   1.331623e-07   33108
  3.800788e+00   2.083027e-05   1.540015e-03   1.338936e-07   32280
  3.806205e+00   2.086255e-05   1.567716e-03   1.316689e-07   34404
  3.811718e+00   2.051065e-05   1.599739e-03   1.289372e-07   34248
  3.817250e+00   2.034091e-05   1.498979e-03   1.331046e-07   32016
  3.822674e+00   2.060353e-05   1.582258e-03   1.288129e-07   34344
  3.828141e+00   2.049660e-05   1.521407e-03   1.324965e-07   32024
  3.833419e+00   2.033057e-05   1.577025e-03   1.317828e-07   31908
  3.838903e+00   2.060277e-05   1.580344e-03   1.306308e-07   33192
  3.844404e+00   2.051134e-05   1.637429e-03   1.300825e-07   33288
  3.849795e+00   2.025244e-05   1.490950e-03   1.322776e-07   31356
  3.855259e+00   2.020507e-05   1.613715e-03   1.295069e-07   32496
  3.860695e+00   2.026155e-05   1.533804e-03   1.333764e-07   31944
  3.866002e+00   2.018468e-05   1.574956e-03   1.328795e-07   31512
  3.871427e+00   1.980824e-05   1.528683e-03   1.316971e-07   31156
  3.876990e+00   2.008500e-05   1.610722e-03   1.293660e-07   33352
  3.882440e+00   2.029302e-05   1.562321e-03   1.346923e-07   31344
  3.887945e+00   1.969930e-05   1.617631e-03   1.326767e-07   31068
  3.893365e+00   1.987441e-05   1.595427e-03   1.319695e-07   31752
  3.898694e+00   1.987866e-05   1.472715e-03   1.366016e-07   29868
  3.904158e+00   1.987760e-05   1.618311e-03   1.334605e-07   32052
  3.909662e+00   1.968369e-05   1.535519e-03   1.337901e-07   30012
  3.915037e+00   1.953417e-05   1.611064e-03   1.309796e-07   31520
  3.920567e+00   1.934129e-05   1.575150e-03   1.317652e-07   30648
  3.925929e+00   1.935424e-05   1.553739e-03   1.334173e-07   29304
  3.931379e+00   1.975371e-05   1.540483e-03   1.346936e-07   31140
  3.936935e+00   1.959805e-05   1.641115e-03   1.318619e-07   31320
  3.942387e+00   1.913762e-05   1.548803e-03   1.358468e-07   28356
  3.947754e+00   1.935184e-05   1.583135e-03   1.349274e-07   30288
  3.953106e+00   1.937443e-05   1.573376e-03   1.386692e-07   29472
  3.958489e+00   1.913723e-05   1.555320e-03   1.393106e-07   28716
  3.964046e+00   1.902261e-05   1.543510e-03   1.305637e-07   30740
  3.969538e+00   1.900639e-05   1.574261e-03   1.319470e-07   29304
  3.974923e+00   1.889342e-05   1.567890e-03   1.346558e-07   28476
  3.980403e+00   1.864805e-05   1.588107e-03   1.298507e-07   29304
  3.985849e+00   1.915701e-05   1.586252e-03   1.351778e-07   29280
  3.991362e+00   1.906653e-05   1.582091e-03   1.356396e-07   29100
  3.996850e+00   1.851629e-05   1.550996e-03   1.362669e-07   27816
  4.002128e+00   1.912788e-05   1.557957e-03   1.411275e-07   27692
  4.007580e+00   1.842512e-05   1.619992e-03   1.309101e-07   29724
  4.013138e+00   1.854211e-05   1.544165e-03   1.377471e-07   27240
  4.018514e+00   1.879666e-05   1.500820e-03   1.376113e-07   27588
  4.023894e+00   1.842931e-05   1.561808e-03   1.356255e-07   28560
  4.029394e+00   1.840009e-05   1.581785e-03   1.405871e-07   26952
  4.034839e+00   1.850761e-05   1.583665e-03   1.395259e-07   27516
  4.040261e+00   1.835466e-05   1.600351e-03   1.374419e-07   28344
  4.045759e+00   1.859649e-05   1.576275e-03   1.435031e-07   26196
  4.051072e+00   1.825776e-05   1.541569e-03   1.385648e-07   26360
  4.056519e+00   1.845023e-05   1.593665e-03   1.350485e-07   28152
  4.062017e+00   1.814331e-05   1.541184e-03   1.426733e-07   25896
  4.067403e+00   1.780267e-05   1.577942e-03   1.364773e-07   26592
  4.072863e+00   1.810940e-05   1.510771e-03   1.403404e-07   26568
  4.078361e+00   1.805105e-05   1.598680e-03   1.382468e-07   26832
  4.083715e+00   1.755105e-05   1.515874e-03   1.391554e-07   24972
  4.089266e+00   1.839470e-05   1.598351e-03   1.410716e-07   27000
  4.094669e+00   1.770959e-05   1.532450e-03   1.395683e-07   25448
  4.100056e+00   1.804500e-05   1.584391e-03   1.454087e-07   25476
  4.105587e+00   1.782779e-05   1.553105e-03   1.421931e-07   25152
  4.110933e+00   1.769171e-05   1.592180e-03   1.408576e-07   25968
  4.116439e+00   1.743725e-05   1.585064e-03   1.386913e-07   25320
  4.121936e+00   1.733409e-05   1.497338e-03   1.427868e-07   23796
  4.127194e+00   1.793441e-05   1.571596e-03   1.425886e-07   25500
  4.132663e+00   1.786441e-05   1.566138e-03   1.465787e-07   24420
  4.138205e+00   1.724152e-05   1.621058e-03   1.428976e-07   24656
  4.143555e+00   1.780819e-05   1.535877e-03   1.471581e-07   24036
  4.148982e+00   1.774371e-05   1.588370e-03   1.473172e-07   24528
  4.154373e+00   1.680338e-05   1.534446e-03   1.444041e-07   23004
  4.159821e+00   1.760419e-05   1.575770e-03   1.466743e-07   24576
  4.165293e+00   1.746802e-05   1.505141e-03   1.501863e-07   23736
  4.170760e+00   1.692906e-05   1.599171e-03   1.431810e-07   23712
  4.176262e+00   1.734437e-05   1.552705e-03   1.467482e-07   22992
  4.181681e+00   1.739168e-05   1.541976e-03   1.523875e-07   23984
  4.187096e+00   1.707810e-05   1.540203e-03   1.518555e-07   22344
  4.192540e+00   1.702987e-05   1.562907e-03   1.488088e-07   22536
  4.197951e+00   1.720867e-05   1.546870e-03   1.467203e-07   23268
  4.203353e+00   1.718040e-05   1.588651e-03   1.552599e-07   22152
  4.208799e+00   1.635349e-05   1.568712e-03   1.452561e-07   22068
  4.214381e+00   1.698299e-05   1.610904e-03   1.469177e-07   23664
  4.219765e+00   1.693008e-05   1.496014e-03   1.591429e-07   20640
  4.225141e+00   1.663593e-05   1.587688e-03   1.501487e-07   22376
  4.230687e+00   1.702526e-05   1.561479e-03   1.577891e-07   21444
  4.236032e+00   1.700468e-05   1.618016e-03   1.547226e-07   21576
  4.241470e+00   1.659422e-05   1.604143e-03   1.536592e-07   21660
  4.247060e+00   1.665794e-05   1.622088e-03   1.561559e-07   20916
  4.252463e+00   1.690032e-05   1.591059e-03   1.588543e-07   21504
  4.257831e+00   1.625462e-05   1.516262e-03   1.570089e-07   20508
  4.263333e+00   1.640958e-05   1.620094e-03   1.608168e-07   20036
  4.268738e+00   1.708026e-05   1.567896e-03   1.627804e-07   21276
  4.274208e+00   1.624412e-05   1.552204e-03   1.559775e-07   20652
  4.279668e+00   1.577569e-05   1.544650e-03   1.593809e-07   18696
  4.285116e+00   1.671907e-05   1.616732e-03   1.581133e-07   21504
  4.290573e+00   1.641296e-05   1.511985e-03   1.631469e-07   19284
  4.296019e+00   1.521181e-05   1.630585e-03   1.520538e-07   19356
  4.301432e+00   1.608996e-05   1.540949e-03   1.654878e-07   19236
  4.306795e+00   1.689247e-05   1.571095e-03   1.766178e-07   19476
  4.312272e+00   1.511992e-05   1.634853e-03   1.533042e-07   19184
  4.317835e+00   1.607117e-05   1.583822e-03   1.648205e-07   18852
  4.323254e+00   1.678206e-05   1.533201e-03   1.751448e-07   18876
  4.328571e+00   1.517112e-05   1.593847e-03   1.584474e-07   18336
  4.334078e+00   1.498845e-05   1.599281e-03   1.568829e-07   17820
  4.339614e+00   1.662862e-05   1.614145e-03   1.796032e-07   19392
  4.344985e+00   1.508553e-05   1.598282e-03   1.644287e-07   17616
  4.350318e+00   1.456304e-05   1.504639e-03   1.605004e-07   16320
  4.355861e+00   1.603512e-05   1.629545e-03   1.703303e-07   19292
  4.361241e+00   1.559828e-05   1.561011e-03   1.792121e-07   17112
  4.366853e+00   1.465397e-05   1.582117e-03   1.640353e-07   17388
  4.372327e+00   1.516933e-05   1.481209e-03   1.854563e-07   16692
  4.377488e+00   1.569736e-05   1.566835e-03   1.822486e-07   16956
  4.383124e+00   1.421315e-05   1.580304e-03   1.576527e-07   17040
  4.388630e+00   1.483564e-05   1.563733e-03   1.721366e-07   16092
  4.393862e+00   1.575907e-05   1.553118e-03   1.914947e-07   16380
  4.399428e+00   1.432997e-05   1.596421e-03   1.669312e-07   16688
  4.404886e+00   1.377464e-05   1.596956e-03   1.673967e-07   14940
  4.410242e+00   1.551135e-05   1.605748e-03   1.850024e-07   16668
  4.415795e+00   1.405844e-05   1.568026e-03   1.705253e-07   15804
  4.421181e+00   1.399293e-05   1.557131e-03   1.810062e-07   14280
  4.426622e+00   1.505052e-05   1.532886e-03   1.824201e-07   16068
  4.432054e+00   1.403002e-05   1.562272e-03   1.800890e-07   15048
  4.437457e+00   1.391782e-05   1.592183e-03   1.860633e-07   13940
  4.442869e+00   1.377074e-05   1.521708e-03   1.765922e-07   15072
  4.448295e+00   1.412441e-05   1.622238e-03   1.775115e-07   14808
  4.453669e+00   1.328511e-05   1.506280e-03   1.807406e-07   13200
  4.459194e+00   1.331358e-05   1.595625e-03   1.697287e-07   15156
  4.464724e+00   1.416940e-05   1.556013e-03   2.019388e-07   13788
  4.470151e+00   1.313990e-05   1.533533e-03   1.890537e-07   13608
  4.475573e+00   1.259521e-05   1.461946e-03   1.658307e-07   13224
  4.480979e+00   1.382375e-05   1.576198e-03   1.997703e-07   13320
  4.486355e+00   1.294010e-05   1.554184e-03   1.831388e-07   13220
  4.491886e+00   1.203589e-05   1.570846e-03   1.632944e-07   12984
  4.497444e+00   1.306117e-05   1.589998e-03   1.891716e-07   12780
  4.502691e+00   1.199503e-05   1.504822e-03   1.798563e-07   12360
  4.508225e+00   1.231550e-05   1.583198e-03   1.727063e-07   12480
  4.513746e+00   1.215476e-05   1.537784e-03   1.826830e-07   11892
  4.519015e+00   1.184556e-05   1.594395e-03   1.714150e-07   12192
  4.524529e+00   1.177127e-05   1.563074e-03   1.694482e-07   11328
  4.530016e+00   1.097490e-05   1.657530e-03   1.636574e-07   12020
  4.535376e+00   1.158548e-05   1.523948e-03   1.822314e-07   11052
  4.540948e+00   1.044071e-05   1.618906e-03   1.546599e-07   11304
  4.546169e+00   1.027706e-05   1.489624e-03   1.646007e-07   10368
  4.551511e+00   1.016721e-05   1.550098e-03   1.503404e-07   10899
  4.557146e+00   1.034114e-05   1.554021e-03   1.622701e-07   10752
  4.562496e+00   9.809674e-06   1.559799e-03   1.525487e-07   10446
  4.568012e+00   9.974068e-06   1.535197e-03   1.455529e-07   10092
  4.573476e+00   9.255222e-06   1.555534e-03   1.376304e-07   10220
  4.578755e+00   9.921016e-06   1.523556e-03   1.577361e-07   9636
  4.584373e+00   9.082778e-06   1.567355e-03   1.318988e-07   10020
  4.589883e+00   8.705097e-06   1.628387e-03   1.410525e-07   9906
  4.595217e+00   8.988170e-06   1.510439e-03   1.400002e-07   8940
  4.600749e+00   8.789567e-06   1.531752e-03   1.339600e-07   9558
  4.606151e+00   8.811240e-06   1.668091e-03   1.400784e-07   9180
  4.611496e+00   8.662910e-06   1.596941e-03   1.394767e-07   8674
  4.617087e+00   8.349356e-06   1.587385e-03   1.283299e-07   9454
  4.622489e+00   7.767421e-06   1.631486e-03   1.245528e-07   8316
  4.627854e+00   8.037033e-06   1.608919e-03   1.239101e-07   8622
  4.633459e+00   7.938823e-06   1.597569e-03   1.211575e-07   9006
  4.638817e+00   7.375712e-06   1.610282e-03   1.219485e-07   7698
  4.644188e+00   7.884045e-06   1.545067e-03   1.228811e-07   8406
  4.649796e+00   7.490928e-06   1.648676e-03   1.179925e-07   8646
  4.655134e+00   7.248152e-06   1.566555e-03   1.279896e-07   7014
  4.660482e+00   7.517312e-06   1.557241e-03   1.175377e-07   8510
  4.666168e+00   7.145088e-06   1.641235e-03   1.128068e-07   7890
  4.671505e+00   6.565389e-06   1.574407e-03   1.112923e-07   6966
  4.676764e+00   7.037578e-06   1.504915e-03   1.090840e-07   7902
  4.682374e+00   6.754233e-06   1.641329e-03   1.054320e-07   7278
  4.687828e+00   6.302453e-06   1.612380e-03   1.015467e-07   7338
  4.693196e+00   6.680335e-06   1.493392e-03   1.123383e-07   7254
  4.698697e+00   6.798956e-06   1.608386e-03   1.146542e-07   6678
  4.704032e+00   6.473960e-06   1.606870e-03   1.087835e-07   7286
  4.709691e+00   6.825064e-06   1.589718e-03   1.186389e-07   7200
  4.715313e+00   6.413754e-06   1.543001e-03   1.157637e-07   6234
  4.720293e+00   5.947890e-06   1.546551e-03   1.006608e-07   6630
  4.725937e+00   6.275950e-06   1.594739e-03   1.105410e-07   6822
  4.731533e+00   5.768833e-06   1.502372e-03   9.812368e-08   6078
  4.736631e+00   5.874841e-06   1.597130e-03   9.745655e-08   6528
  4.742272e+00   6.362098e-06   1.526400e-03   1.107474e-07   6034
  4.747672e+00   5.345701e-06   1.563107e-03   8.781426e-08   6190
  4.753036e+00   5.820183e-06   1.605909e-03   9.913667e-08   6270
  4.758704e+00   5.893449e-06   1.444203e-03   1.131272e-07   5520
  4.763890e+00   4.932735e-06   1.616958e-03   7.857593e-08   6126
  4.769317e+00   5.718716e-06   1.511987e-03   9.800879e-08   5562
  4.775011e+00   5.299181e-06   1.511880e-03   9.220584e-08   5790
  4.780175e+00   4.910792e-06   1.547880e-03   8.225328e-08   5496
  4.785646e+00   5.492643e-06   1.559064e-03   9.730820e-08   5262
  4.791216e+00   5.033787e-06   1.535486e-03   9.206925e-08   5774
  4.796542e+00   5.252394e-06   1.521126e-03   9.331452e-08   5124
  4.802154e+00   5.144185e-06   1.525856e-03   1.015097e-07   5070
  4.807432e+00   4.990549e-06   1.588341e-03   8.549549e-08   5430
  4.812826e+00   5.001871e-06   1.483666e-03   9.504687e-08   4680
  4.818540e+00   4.749559e-06   1.536582e-03   8.431690e-08   5370
  4.823790e+00   4.614449e-06   1.468016e-03   8.681798e-08   4638
  4.829137e+00   4.752138e-06   1.543205e-03   9.261965e-08   4536
  4.834713e+00   4.418201e-06   1.545277e-03   8.039649e-08   5222
  4.840070e+00   4.448091e-06   1.418031e-03   8.176867e-08   4254
  4.845561e+00   4.597246e-06   1.563113e-03   8.351889e-08   4548
  4.850865e+00   4.414948e-06   1.515896e-03   7.925248e-08   4638
  4.856279e+00   4.487495e-06   1.496620e-03   8.706314e-08   4176
  4.861899e+00   4.440644e-06   1.501804e-03   8.358754e-08   4518
  4.867234e+00   4.084943e-06   1.513137e-03   7.558949e-08   4278
  4.872549e+00   4.215694e-06   1.464028e-03   8.653080e-08   3732
  4.877994e+00   4.134528e-06   1.546653e-03   8.379712e-08   4502
  4.883481e+00   4.078031e-06   1.503470e-03   8.162426e-08   3984
  4.889020e+00   4.152831e-06   1.557569e-03   7.818375e-08   3726
  4.894174e+00   3.843439e-06   1.501292e-03   7.161829e-08   4014
  4.899605e+00   4.117845e-06   1.574381e-03   7.729806e-08   3756
  4.905398e+00   3.757793e-06   1.580112e-03   7.454425e-08   3894
  4.910659e+00   3.816080e-06   1.546203e-03   7.692249e-08   3744
  4.915968e+00   4.059442e-06   1.571823e-03   8.739920e-08   3174
  4.921505e+00   3.696237e-06   1.608835e-03   6.903528e-08   3968
  4.926991e+00   3.676970e-06   1.622395e-03   7.696439e-08   3522
  4.932722e+00   3.877667e-06   1.666295e-03   8.135322e-08   3198
  4.937920e+00   3.497829e-06   1.632144e-03   6.853892e-08   3648
  4.943345e+00   3.751109e-06   1.659133e-03   8.302426e-08   3054
  4.949062e+00   3.526147e-06   1.560433e-03   7.135834e-08   3312
  4.954266e+00   3.353821e-06   1.648372e-03   6.661608e-08   3354
  4.959775e+00   3.440974e-06   1.630010e-03   7.780658e-08   2624
  4.965165e+00   3.254589e-06   1.590230e-03   6.800728e-08   3462
  4.970648e+00   3.510952e-06   1.658767e-03   7.979282e-08   2976
  4.976433e+00   3.404839e-06   1.570247e-03   7.349036e-08   2670
  4.981450e+00   3.271918e-06   1.634562e-03   6.928296e-08   3186
  4.986828e+00   3.379796e-06   1.526978e-03   8.221490e-08   2376
  4.992553e+00   3.235641e-06   1.609692e-03   6.943003e-08   3102
  4.997840e+00   3.315422e-06   1.575648e-03   7.752504e-08   2688
  5.003337e+00   3.192600e-06   1.643829e-03   8.353544e-08   2286
  5.008726e+00   3.096035e-06   1.585579e-03   6.577947e-08   3020
  5.014174e+00   3.194445e-06   1.510259e-03   7.676070e-08   2310
  5.019958e+00   3.193576e-06   1.669065e-03   7.305612e-08   2544
  5.025112e+00   2.992759e-06   1.556079e-03   6.800747e-08   2526
  5.030503e+00   3.182444e-06   1.598055e-03   8.067982e-08   2112
  5.036149e+00   3.026105e-06   1.535784e-03   7.144401e-08   2538
  5.041490e+00   2.977729e-06   1.597743e-03   6.698859e-08   2304
  5.046925e+00   3.235299e-06   1.576461e-03   8.470350e-08   1902
  5.052197e+00   2.764940e-06   1.506026e-03   6.462858e-08   2408
  5.057655e+00   2.984594e-06   1.588655e-03   7.396215e-08   2094
  5.063468e+00   2.924758e-06   1.618622e-03   7.274988e-08   2028
  5.068570e+00   3.006405e-06   1.535323e-03   7.690881e-08   2094
  5.073985e+00   2.880137e-06   1.674958e-03   7.997093e-08   1920
  5.079736e+00   2.860058e-06   1.412176e-03   7.629454e-08   1926
  5.084997e+00   2.755418e-06   1.648354e-03   7.072524e-08   2088
  5.090349e+00   2.872817e-06   1.445979e-03   8.432877e-08   1434
  5.095727e+00   2.734918e-06   1.528869e-03   7.210509e-08   2048
  5.101055e+00   2.717463e-06   1.524439e-03   7.962235e-08   1758
  5.106921e+00   2.710040e-06   1.681850e-03   7.118202e-08   1584
  5.112297e+00   2.748871e-06   1.666289e-03   7.500761e-08   1998
  5.117737e+00   2.921182e-06   1.517710e-03   8.746192e-08   1428
  5.123436e+00   2.637826e-06   1.270388e-03   7.763036e-08   1488
  5.128415e+00   2.751131e-06   1.618345e-03   7.237741e-08   1806
  5.133668e+00   2.879223e-06   1.473287e-03   1.016864e-07   1040
  5.139281e+00   2.537722e-06   1.543732e-03   7.160282e-08   1782
  5.144417e+00   2.659640e-06   1.459353e-03   8.092356e-08   1428
  5.150558e+00   2.650571e-06   1.752291e-03   8.333458e-08   1206
  5.155754e+00   2.749173e-06   1.628015e-03   7.084301e-08   1728
  5.160990e+00   2.401563e-06   1.525739e-03   7.903419e-08   1038
  5.167027e+00   2.405445e-06   1.237946e-03   7.308762e-08   1248
  5.171798e+00   2.709993e-06   1.578785e-03   7.699415e-08   1530
  5.177034e+00   2.635496e-06   1.447012e-03   1.244139e-07   656
  5.182884e+00   2.461701e-06   1.622270e-03   6.635641e-08   1662
  5.187826e+00   2.457289e-06   1.343030e-03   8.869112e-08   1008
  5.194344e+00   2.546862e-06   1.783380e-03   9.596688e-08   960
  5.199238e+00   2.342487e-06   1.533522e-03   6.730234e-08   1458
  5.204352e+00   2.696132e-06   1.515264e-03   1.224833e-07   672
  5.210626e+00   2.451603e-06   1.187605e-03   8.726173e-08   1062
  5.215066e+00   2.333084e-06   1.540654e-03   7.562368e-08   1224
  5.220385e+00   2.766191e-06   1.345767e-03   1.422738e-07   374
  5.226378e+00   2.613952e-06   1.617607e-03   7.267675e-08   1512
  5.231226e+00   2.708505e-06   1.355537e-03   1.168098e-07   666
  5.238164e+00   2.398293e-06   1.657312e-03   9.715938e-08   720
  5.242515e+00   2.412067e-06   1.484148e-03   7.489365e-08   1224
  5.247863e+00   2.656293e-06   1.475424e-03   1.500540e-07   390
  5.254263e+00   2.468793e-06   1.097036e-03   9.625265e-08   936
  5.258334e+00   2.645124e-06   1.565258e-03   9.579286e-08   882
  5.264148e+00   2.665876e-06   1.528292e-03   2.067013e-07   216
  5.269800e+00   2.340203e-06   1.517469e-03   7.150255e-08   1286
  5.274591e+00   2.773755e-06   1.267641e-03   1.538294e-07   384
  5.281913e+00   2.385109e-06   1.595845e-03   1.187340e-07   576
  5.285704e+00   2.508614e-06   1.430314e-03   9.244475e-08   930
  5.291130e+00   2.423687e-06   1.405067e-03   1.739486e-07   216
  5.298050e+00   2.418919e-06   1.127871e-03   8.964472e-08   918
  5.302037e+00   2.553386e-06   1.519148e-03   1.362047e-07   480
  5.307441e+00   2.800023e-06   1.280066e-03   3.391154e-07   78
  5.313052e+00   2.321108e-06   1.383681e-03   8.049281e-08   1052
  5.318233e+00   2.794296e-06   1.611134e-03   1.959664e-07   240
  5.326163e+00   2.361428e-06   5.882336e-04   1.290392e-07   438
  5.328872e+00   2.658941e-06   1.360971e-03   1.224475e-07   648
  5.333924e+00   3.445907e-06   1.123687e-03   3.543523e-07   78
  5.341457e+00   2.306615e-06   9.804401e-04   8.128015e-08   780
  5.345244e+00   2.466852e-06   1.368055e-03   1.803240e-07   240
  5.349910e+00   3.654965e-06   0.000000e+00   4.222412e-07   6
  5.356198e+00   2.418690e-06   1.253222e-03   9.246602e-08   824
  5.360748e+00   3.824880e-06   9.688384e-04   4.423303e-07   78
  5.369722e+00   2.370393e-06   5.065474e-04   1.287423e-07   432
  5.372065e+00   2.456967e-06   1.225115e-03   1.307235e-07   348
  5.376527e+00   4.258029e-06   0.000000e+00   2.113281e-06   6
  5.384681e+00   2.604088e-06   8.661160e-04   1.154830e-07   600
  5.387907e+00   3.210110e-06   8.155581e-04   4.181732e-07   78
  5.399271e+00   2.497186e-06   1.072115e-03   1.132523e-07   572
  5.403481e+00   8.289214e-07   0.000000e+00   2.393237e-07   6
  5.413189e+00   2.797836e-06   5.033701e-04   1.677745e-07   384
  5.415134e+00   2.851267e-06   7.482049e-04   2.477309e-07   102
  5.427858e+00   2.526056e-06   7.359585e-04   1.499825e-07   396
  5.430766e+00   1.606318e-06   0.000000e+00   5.532419e-07   6
  5.442225e+00   2.517791e-06   6.658608e-04   1.563621e-07   326
  5.456526e+00   2.813882e-06   4.630285e-04   1.999449e-07   252
  5.458378e+00   2.808724e-06   0.000000e+00   1.974609e-06   6
  5.470933e+00   2.218192e-06   4.213345e-04   1.864321e-07   198
  5.485317e+00   3.144058e-06   3.214857e-04   2.930566e-07   146
  5.499721e+00   3.091141e-06   2.359708e-04   3.732504e-07   102
  5.514144e+00   2.952156e-06   1.639936e-04   5.724964e-07   66
  5.528587e+00   1.679419e-06   1.041522e-04   2.203535e-07   38
  5.543047e+00   2.609765e-06   5.371851e-05   3.483419e-07   18
  5.557519e+00   4.773848e-06   5.754450e-08   2.629602e-06   6
