# power spectrum of phi
# redshift z=3.000000
# k              Pk             sigma(k)       sigma(Pk)      count
  2.513274e-02   1.163465e-10   2.247832e-10   4.710235e-11   6
  3.554306e-02   4.255908e-11   0.000000e+00   8.543375e-12   12
  4.353118e-02   2.381858e-11   4.768372e-10   5.145987e-12   8
  5.026548e-02   6.466018e-11   4.495664e-10   7.223781e-12   6
  5.619852e-02   3.993908e-11   8.991328e-10   1.267297e-11   24
  6.156239e-02   5.171676e-11   6.357829e-10   9.043424e-12   24
  7.416620e-02   2.010748e-11   1.948007e-03   3.479428e-12   42
  7.947671e-02   2.448922e-11   0.000000e+00   5.168843e-12   24
  8.335587e-02   2.103963e-11   1.557344e-09   5.180921e-12   24
  8.972863e-02   1.813269e-11   1.539368e-03   1.973254e-12   32
  9.403811e-02   1.501675e-11   0.000000e+00   2.180166e-12   48
  1.005310e-01   1.447242e-11   8.991328e-10   6.346551e-12   6
  1.049125e-01   1.133563e-11   1.486715e-03   1.135678e-12   84
  1.109741e-01   1.244151e-11   1.422978e-03   1.893068e-12   48
  1.160761e-01   8.959974e-12   1.277655e-03   8.836931e-13   72
  1.231248e-01   9.722952e-12   1.271566e-09   1.379799e-12   24
  1.274204e-01   6.515854e-12   1.133933e-03   6.106896e-13   102
  1.338823e-01   7.588687e-12   2.192492e-03   7.994995e-13   104
  1.376577e-01   4.270955e-12   0.000000e+00   6.578059e-13   48
  1.450967e-01   4.339267e-12   1.454852e-03   3.565385e-13   108
  1.494985e-01   5.201771e-12   1.026108e-03   5.889718e-13   78
  1.544156e-01   5.763993e-12   8.885963e-04   5.350055e-13   96
  1.612033e-01   3.754706e-12   1.252396e-03   3.076431e-13   168
  1.674610e-01   3.512041e-12   1.514588e-03   3.413999e-13   120
  1.704585e-01   3.345070e-12   0.000000e+00   4.678165e-13   48
  1.775076e-01   3.402793e-12   1.466362e-03   2.796580e-13   194
  1.836114e-01   2.800102e-12   1.199745e-03   2.223741e-13   192
  1.889121e-01   3.346033e-12   8.359107e-04   2.695449e-13   96
  1.926375e-01   2.394380e-12   7.114371e-04   2.108499e-13   96
  1.973415e-01   2.343708e-12   1.049518e-03   1.858371e-13   174
  2.036605e-01   2.334195e-12   1.032544e-03   1.716627e-13   216
  2.087655e-01   1.815795e-12   1.069752e-03   1.405167e-13   192
  2.153360e-01   1.725399e-12   1.134051e-03   1.209861e-13   204
  2.199701e-01   1.474015e-12   1.553116e-03   1.041877e-13   224
  2.263855e-01   1.875593e-12   8.767448e-04   1.535994e-13   174
  2.313653e-01   1.573133e-12   1.685384e-03   8.321849e-14   288
  2.375440e-01   1.272152e-12   8.296829e-04   7.970703e-14   288
  2.423661e-01   1.203367e-12   1.600294e-03   8.884105e-14   192
  2.486778e-01   1.245443e-12   1.171093e-03   7.268446e-14   252
  2.526714e-01   1.225424e-12   6.978544e-04   7.332941e-14   246
  2.580960e-01   1.062835e-12   1.324197e-03   6.042586e-14   312
  2.629351e-01   1.102793e-12   8.554600e-04   6.055029e-14   248
  2.695776e-01   8.614072e-13   1.809641e-03   4.314530e-14   432
  2.749286e-01   1.118459e-12   1.515534e-03   7.990228e-14   198
  2.802165e-01   9.601700e-13   1.832967e-03   4.206553e-14   456
  2.863920e-01   7.995158e-13   1.069655e-03   5.130724e-14   324
  2.907627e-01   7.936616e-13   1.266356e-03   5.133333e-14   312
  2.961810e-01   6.907792e-13   1.588477e-03   3.313156e-14   408
  3.029220e-01   6.862986e-13   1.466968e-03   3.428612e-14   414
  3.075580e-01   5.528549e-13   1.269406e-03   2.769326e-14   392
  3.123025e-01   7.433504e-13   1.430245e-03   3.464107e-14   408
  3.185470e-01   6.424481e-13   1.518117e-03   3.099222e-14   444
  3.232898e-01   6.161879e-13   1.227263e-03   2.867094e-14   360
  3.293455e-01   5.513222e-13   1.684453e-03   2.096553e-14   678
  3.357501e-01   5.222795e-13   1.079705e-03   2.593906e-14   360
  3.406722e-01   5.111862e-13   1.778081e-03   2.157994e-14   648
  3.453647e-01   4.795287e-13   8.217968e-04   2.700443e-14   288
  3.513418e-01   4.203432e-13   1.531028e-03   1.633702e-14   686
  3.569625e-01   4.298925e-13   1.138289e-03   1.900363e-14   444
  3.620452e-01   4.317799e-13   1.580989e-03   1.705978e-14   696
  3.671010e-01   4.339238e-13   1.502020e-03   2.134292e-14   408
  3.725872e-01   3.714191e-13   1.554025e-03   1.413465e-14   648
  3.782992e-01   3.809504e-13   1.360625e-03   1.561238e-14   582
  3.833918e-01   3.313975e-13   1.703041e-03   1.237711e-14   744
  3.890113e-01   3.691718e-13   1.700144e-03   1.616351e-14   516
  3.941882e-01   3.379095e-13   1.645265e-03   1.271325e-14   728
  3.989676e-01   3.194882e-13   1.363195e-03   1.444911e-14   558
  4.047392e-01   2.799325e-13   1.374231e-03   8.992682e-15   768
  4.109960e-01   2.872072e-13   1.593026e-03   9.712226e-15   960
  4.164620e-01   2.936963e-13   1.114439e-03   1.252809e-14   576
  4.217163e-01   2.893158e-13   1.808947e-03   9.979511e-15   816
  4.273742e-01   2.493425e-13   1.395616e-03   8.622589e-15   666
  4.323421e-01   2.588050e-13   1.636664e-03   8.293280e-15   960
  4.382783e-01   2.402657e-13   1.614107e-03   9.361597e-15   824
  4.440386e-01   2.252897e-13   1.777416e-03   6.868903e-15   936
  4.493430e-01   2.174378e-13   1.321819e-03   8.801593e-15   624
  4.542288e-01   2.166109e-13   1.556102e-03   7.564248e-15   1062
  4.599003e-01   1.999745e-13   1.695132e-03   7.753819e-15   732
  4.648741e-01   1.892105e-13   1.470856e-03   5.907505e-15   1080
  4.708074e-01   1.954281e-13   1.603534e-03   6.727168e-15   936
  4.761732e-01   1.837406e-13   1.731990e-03   6.358082e-15   878
  4.818260e-01   1.801865e-13   1.755225e-03   5.693245e-15   1152
  4.870749e-01   1.756419e-13   1.356663e-03   5.391965e-15   1056
  4.926568e-01   1.697582e-13   1.602363e-03   6.024792e-15   864
  4.976423e-01   1.709573e-13   1.565217e-03   5.239800e-15   1092
  5.036015e-01   1.596408e-13   1.653531e-03   4.641748e-15   1206
  5.092782e-01   1.573387e-13   1.678014e-03   4.620604e-15   1248
  5.145213e-01   1.528519e-13   1.137149e-03   5.038884e-15   864
  5.191890e-01   1.455436e-13   1.180642e-03   4.475233e-15   1152
  5.252742e-01   1.431355e-13   1.757644e-03   4.079274e-15   1382
  5.312134e-01   1.389519e-13   1.566451e-03   4.195509e-15   1188
  5.364142e-01   1.319065e-13   1.659855e-03   3.917070e-15   1248
  5.413249e-01   1.383742e-13   1.574532e-03   4.175692e-15   1152
  5.467138e-01   1.291357e-13   1.729118e-03   3.556946e-15   1320
  5.526917e-01   1.153118e-13   1.146028e-03   3.518892e-15   1206
  5.576517e-01   1.287443e-13   1.665023e-03   3.286818e-15   1560
  5.635439e-01   1.146046e-13   1.549958e-03   3.178237e-15   1280
  5.685850e-01   1.122738e-13   1.560520e-03   3.104488e-15   1308
  5.741001e-01   1.129336e-13   1.566129e-03   2.743989e-15   1512
  5.795940e-01   1.094280e-13   1.277777e-03   2.912533e-15   1350
  5.852552e-01   1.075602e-13   1.688249e-03   2.643374e-15   1608
  5.900948e-01   1.024715e-13   1.451867e-03   2.758477e-15   1320
  5.957309e-01   9.702213e-14   1.748946e-03   2.285074e-15   1656
  6.008045e-01   9.413479e-14   1.374965e-03   2.620930e-15   1254
  6.066730e-01   9.320421e-14   1.569270e-03   2.150194e-15   1932
  6.122044e-01   8.971383e-14   1.409199e-03   2.151383e-15   1640
  6.176544e-01   9.513459e-14   1.462843e-03   2.336651e-15   1488
  6.227944e-01   8.266948e-14   1.414095e-03   2.143441e-15   1560
  6.286404e-01   8.780034e-14   1.698486e-03   1.934326e-15   2046
  6.340669e-01   7.946876e-14   1.523538e-03   2.156729e-15   1512
  6.393232e-01   7.814354e-14   1.516165e-03   1.959638e-15   1764
  6.445652e-01   7.621492e-14   1.511671e-03   1.847238e-15   1776
  6.499746e-01   7.645251e-14   1.817211e-03   1.853314e-15   1704
  6.557781e-01   7.485606e-14   1.779589e-03   1.617432e-15   2126
  6.610046e-01   7.677392e-14   1.236245e-03   1.824852e-15   1632
  6.662499e-01   7.306032e-14   1.646884e-03   1.661045e-15   2064
  6.715382e-01   6.929276e-14   1.357901e-03   1.618166e-15   1680
  6.772924e-01   6.862387e-14   1.523137e-03   1.533800e-15   2154
  6.826481e-01   6.471625e-14   1.541852e-03   1.401207e-15   2016
  6.884154e-01   6.582281e-14   1.692697e-03   1.324913e-15   2304
  6.937001e-01   6.609431e-14   1.347609e-03   1.606149e-15   1680
  6.991903e-01   6.366707e-14   1.561166e-03   1.228456e-15   2432
  7.046941e-01   6.325448e-14   1.538311e-03   1.446481e-15   1902
  7.101567e-01   5.954658e-14   1.581895e-03   1.228578e-15   2292
  7.150285e-01   5.729105e-14   1.252979e-03   1.247252e-15   1992
  7.208092e-01   5.596212e-14   1.606146e-03   1.093976e-15   2568
  7.263678e-01   5.296172e-14   1.402295e-03   1.243064e-15   1806
  7.319849e-01   5.283389e-14   1.724889e-03   9.151922e-16   3000
  7.376724e-01   5.107019e-14   1.569594e-03   1.095988e-15   2016
  7.424201e-01   5.288493e-14   1.465108e-03   1.164990e-15   2168
  7.478330e-01   5.074551e-14   1.496073e-03   1.077265e-15   2412
  7.534914e-01   4.946097e-14   1.636470e-03   9.939752e-16   2550
  7.589365e-01   4.860947e-14   1.624710e-03   1.008954e-15   2592
  7.646194e-01   4.373439e-14   1.496749e-03   9.210765e-16   2496
  7.700227e-01   4.571357e-14   1.655767e-03   8.975656e-16   2688
  7.754124e-01   4.549115e-14   1.430386e-03   9.619332e-16   2424
  7.810929e-01   4.260323e-14   1.312547e-03   8.254200e-16   2634
  7.862125e-01   4.358320e-14   1.574459e-03   8.811309e-16   2552
  7.913127e-01   4.052631e-14   1.651778e-03   7.561892e-16   2832
  7.969736e-01   4.340674e-14   1.568612e-03   9.239855e-16   2424
  8.025554e-01   4.109216e-14   1.740010e-03   7.696171e-16   3198
  8.077809e-01   4.030662e-14   1.388970e-03   7.977870e-16   2400
  8.133203e-01   3.874781e-14   1.597724e-03   6.599211e-16   3336
  8.190443e-01   3.875813e-14   1.344782e-03   8.118016e-16   2508
  8.240739e-01   3.848527e-14   1.620807e-03   7.624290e-16   3104
  8.299549e-01   3.648994e-14   1.630675e-03   7.137528e-16   2934
  8.352548e-01   3.671104e-14   1.499159e-03   6.486376e-16   3120
  8.410021e-01   3.489114e-14   1.672615e-03   6.138412e-16   3288
  8.462971e-01   3.420985e-14   1.408091e-03   6.457584e-16   2808
  8.517341e-01   3.236150e-14   1.767149e-03   5.946347e-16   2988
  8.572072e-01   3.318569e-14   1.617824e-03   5.667108e-16   3486
  8.625080e-01   3.117058e-14   1.531395e-03   5.761427e-16   3000
  8.676262e-01   3.286460e-14   1.332104e-03   6.039672e-16   3024
  8.733607e-01   3.049898e-14   1.466916e-03   5.120250e-16   3584
  8.791129e-01   3.056926e-14   1.571450e-03   5.108194e-16   3486
  8.844786e-01   2.992179e-14   1.415254e-03   5.247337e-16   3120
  8.897252e-01   3.122309e-14   1.397521e-03   5.298830e-16   3396
  8.950216e-01   2.786118e-14   1.596634e-03   4.598567e-16   3552
  9.006758e-01   2.876310e-14   1.536565e-03   4.763790e-16   3384
  9.062646e-01   2.665258e-14   1.564378e-03   4.340665e-16   3726
  9.115861e-01   2.673772e-14   1.516080e-03   4.623072e-16   3344
  9.166417e-01   2.822427e-14   1.557833e-03   4.605764e-16   3744
  9.224231e-01   2.577016e-14   1.516451e-03   4.480885e-16   3540
  9.278433e-01   2.603320e-14   1.609838e-03   4.168281e-16   3822
  9.335305e-01   2.585665e-14   1.580500e-03   3.975441e-16   4056
  9.387066e-01   2.608044e-14   1.452506e-03   4.576584e-16   3288
  9.441340e-01   2.476599e-14   1.677753e-03   3.958171e-16   4056
  9.494626e-01   2.441635e-14   1.536843e-03   3.949853e-16   3984
  9.552959e-01   2.343582e-14   1.413015e-03   3.962450e-16   3662
  9.602370e-01   2.331825e-14   1.541776e-03   3.919729e-16   3828
  9.658108e-01   2.308584e-14   1.742991e-03   3.588638e-16   4632
  9.713679e-01   2.191581e-14   1.345609e-03   3.597917e-16   3600
  9.769230e-01   2.131455e-14   1.597718e-03   3.194191e-16   4320
  9.821794e-01   2.244229e-14   1.253511e-03   3.571965e-16   3918
  9.874859e-01   2.174726e-14   1.442268e-03   3.448200e-16   4200
  9.928210e-01   2.084006e-14   1.636673e-03   3.327999e-16   4188
  9.983519e-01   2.090142e-14   1.662286e-03   3.159999e-16   4360
  1.003968e+00   1.991514e-14   1.662160e-03   2.906747e-16   4582
  1.009399e+00   1.972509e-14   1.477494e-03   3.121114e-16   4128
  1.014920e+00   1.961701e-14   1.587216e-03   2.782991e-16   4752
  1.020120e+00   1.973082e-14   1.461112e-03   3.047796e-16   4176
  1.025775e+00   1.924751e-14   1.680085e-03   2.755094e-16   4848
  1.031437e+00   1.914093e-14   1.459747e-03   2.939185e-16   4338
  1.036771e+00   1.954383e-14   1.593174e-03   2.832690e-16   5160
  1.042045e+00   1.806308e-14   1.291598e-03   2.840744e-16   4008
  1.047767e+00   1.815040e-14   1.707442e-03   2.470476e-16   5360
  1.053032e+00   1.750132e-14   1.588217e-03   2.849882e-16   4110
  1.058510e+00   1.742015e-14   1.701535e-03   2.369158e-16   5424
  1.063733e+00   1.746571e-14   1.454921e-03   2.707718e-16   4140
  1.069227e+00   1.654933e-14   1.625576e-03   2.213088e-16   5664
  1.074866e+00   1.694280e-14   1.412853e-03   2.464806e-16   4632
  1.080236e+00   1.634255e-14   1.490235e-03   2.251508e-16   4902
  1.085555e+00   1.648785e-14   1.592485e-03   2.316625e-16   5072
  1.090999e+00   1.539464e-14   1.501653e-03   2.159315e-16   5472
  1.096387e+00   1.581359e-14   1.526101e-03   2.417531e-16   4704
  1.101916e+00   1.477290e-14   1.676374e-03   2.032154e-16   5436
  1.107545e+00   1.527427e-14   1.596128e-03   2.098880e-16   5646
  1.112664e+00   1.523064e-14   1.428200e-03   2.390024e-16   4512
  1.118112e+00   1.473760e-14   1.824161e-03   1.894685e-16   6120
  1.123729e+00   1.416375e-14   1.411269e-03   2.001752e-16   5112
  1.129131e+00   1.407770e-14   1.667779e-03   1.861642e-16   5606
  1.134567e+00   1.395074e-14   1.554272e-03   1.983314e-16   5328
  1.139989e+00   1.397803e-14   1.565953e-03   1.844383e-16   5964
  1.145435e+00   1.368839e-14   1.590472e-03   1.937998e-16   5448
  1.150957e+00   1.310064e-14   1.628706e-03   1.704219e-16   5904
  1.156600e+00   1.340679e-14   1.600579e-03   1.826926e-16   5598
  1.161806e+00   1.328604e-14   1.501909e-03   1.784500e-16   5952
  1.167187e+00   1.263645e-14   1.643126e-03   1.690514e-16   5688
  1.172631e+00   1.286641e-14   1.575513e-03   1.732630e-16   5876
  1.177964e+00   1.237994e-14   1.536673e-03   1.644532e-16   5784
  1.183501e+00   1.201923e-14   1.532901e-03   1.508478e-16   6462
  1.189054e+00   1.233528e-14   1.653348e-03   1.653395e-16   5688
  1.194197e+00   1.188147e-14   1.525430e-03   1.501400e-16   6408
  1.199756e+00   1.142282e-14   1.574800e-03   1.493236e-16   6000
  1.205422e+00   1.158639e-14   1.694655e-03   1.483084e-16   6582
  1.211021e+00   1.097505e-14   1.612876e-03   1.342957e-16   6564
  1.216263e+00   1.103889e-14   1.422140e-03   1.476535e-16   6048
  1.221699e+00   1.087227e-14   1.629773e-03   1.410185e-16   6512
  1.227397e+00   1.097939e-14   1.620133e-03   1.342517e-16   6816
  1.232850e+00   1.074942e-14   1.416896e-03   1.342066e-16   6222
  1.237968e+00   1.064201e-14   1.476334e-03   1.327323e-16   6432
  1.243434e+00   1.030378e-14   1.553938e-03   1.292667e-16   6804
  1.248868e+00   1.046435e-14   1.464733e-03   1.354967e-16   6432
  1.254187e+00   1.010997e-14   1.722345e-03   1.256114e-16   6846
  1.259590e+00   1.035576e-14   1.572729e-03   1.328720e-16   6424
  1.264755e+00   9.906109e-15   1.411534e-03   1.157717e-16   6952
  1.270430e+00   9.602165e-15   1.700917e-03   1.146195e-16   7560
  1.276003e+00   9.805000e-15   1.461590e-03   1.242775e-16   6648
  1.281750e+00   9.449821e-15   1.606071e-03   1.117088e-16   7578
  1.286810e+00   9.873922e-15   1.450151e-03   1.254055e-16   6552
  1.292277e+00   9.398580e-15   1.596662e-03   1.135846e-16   7536
  1.297851e+00   9.094499e-15   1.461180e-03   1.127551e-16   7272
  1.303277e+00   8.877270e-15   1.556497e-03   1.067422e-16   6936
  1.308485e+00   9.160402e-15   1.596343e-03   1.089256e-16   7430
  1.314120e+00   8.674609e-15   1.672052e-03   1.002646e-16   7644
  1.319350e+00   8.875064e-15   1.489238e-03   1.068244e-16   7248
  1.325034e+00   8.737487e-15   1.703671e-03   9.701266e-17   8232
  1.330590e+00   8.186155e-15   1.553617e-03   9.900847e-17   7038
  1.335931e+00   8.177238e-15   1.510189e-03   9.352178e-17   7824
  1.341174e+00   8.214769e-15   1.590763e-03   9.705735e-17   7752
  1.346585e+00   8.294241e-15   1.605043e-03   9.920582e-17   7480
  1.352208e+00   8.012293e-15   1.618933e-03   8.916766e-17   8404
  1.357671e+00   8.014547e-15   1.503855e-03   9.234448e-17   7614
  1.362913e+00   7.902089e-15   1.575108e-03   9.270900e-17   7776
  1.368188e+00   7.408854e-15   1.502776e-03   8.266862e-17   7944
  1.373702e+00   7.513913e-15   1.562607e-03   8.323098e-17   8424
  1.379142e+00   7.544543e-15   1.533354e-03   8.672549e-17   7872
  1.384762e+00   7.612546e-15   1.540830e-03   8.469277e-17   8658
  1.390152e+00   7.268376e-15   1.537871e-03   8.257593e-17   8352
  1.395701e+00   7.263005e-15   1.544872e-03   8.021019e-17   8648
  1.400946e+00   7.441927e-15   1.463868e-03   8.846637e-17   7680
  1.406459e+00   6.890625e-15   1.524971e-03   7.386214e-17   8646
  1.411581e+00   6.873950e-15   1.477493e-03   7.726885e-17   8448
  1.417243e+00   7.019809e-15   1.570023e-03   7.654068e-17   9120
  1.422706e+00   6.827501e-15   1.534210e-03   7.508645e-17   8316
  1.428231e+00   6.586280e-15   1.655901e-03   6.858210e-17   9504
  1.433780e+00   6.656020e-15   1.505873e-03   7.372689e-17   8358
  1.439318e+00   6.673417e-15   1.591741e-03   7.143676e-17   9584
  1.444669e+00   6.416473e-15   1.523180e-03   7.128649e-17   8616
  1.450194e+00   6.483691e-15   1.658401e-03   6.882144e-17   9432
  1.455837e+00   6.336002e-15   1.687074e-03   6.814304e-17   9018
  1.460959e+00   6.110636e-15   1.428118e-03   6.671068e-17   8568
  1.466312e+00   6.401790e-15   1.589614e-03   6.759606e-17   9816
  1.471848e+00   6.116364e-15   1.504950e-03   6.653796e-17   9000
  1.477320e+00   6.108941e-15   1.574008e-03   6.436682e-17   9504
  1.482769e+00   5.873799e-15   1.610237e-03   6.227433e-17   9446
  1.488128e+00   6.006763e-15   1.539876e-03   6.385549e-17   9696
  1.493639e+00   5.876707e-15   1.432995e-03   6.374797e-17   9180
  1.499052e+00   5.649807e-15   1.656445e-03   5.592534e-17   10512
  1.504580e+00   5.630266e-15   1.565995e-03   6.096520e-17   9048
  1.510050e+00   5.712232e-15   1.502032e-03   5.850792e-17   10014
  1.515115e+00   5.516629e-15   1.465977e-03   6.001158e-17   9096
  1.520624e+00   5.541287e-15   1.678104e-03   5.273266e-17   11088
  1.526481e+00   5.295893e-15   1.632622e-03   5.375095e-17   9860
  1.531846e+00   5.284508e-15   1.547538e-03   5.431732e-17   10110
  1.537226e+00   5.281748e-15   1.610782e-03   5.563325e-17   10104
  1.542638e+00   5.226912e-15   1.527293e-03   5.224750e-17   10392
  1.548117e+00   5.366435e-15   1.580956e-03   5.552721e-17   10104
  1.553700e+00   5.224004e-15   1.636048e-03   5.136132e-17   11352
  1.559389e+00   5.029839e-15   1.498379e-03   5.102752e-17   10014
  1.564440e+00   5.159708e-15   1.383079e-03   5.507425e-17   9636
  1.569783e+00   4.987559e-15   1.639203e-03   4.975491e-17   11552
  1.575422e+00   4.812375e-15   1.523155e-03   4.936066e-17   10488
  1.580867e+00   4.839094e-15   1.590751e-03   4.957192e-17   10254
  1.586166e+00   4.949443e-15   1.497744e-03   4.760871e-17   11304
  1.591672e+00   4.760100e-15   1.520072e-03   4.674304e-17   10872
  1.597152e+00   4.714207e-15   1.630062e-03   4.624638e-17   10932
  1.602461e+00   4.646339e-15   1.470687e-03   4.623053e-17   10848
  1.607949e+00   4.607087e-15   1.538096e-03   4.488383e-17   10998
  1.613393e+00   4.561039e-15   1.616241e-03   4.383189e-17   11720
  1.618857e+00   4.549231e-15   1.486980e-03   4.658240e-17   10776
  1.624233e+00   4.358038e-15   1.626703e-03   4.171924e-17   12072
  1.629803e+00   4.380653e-15   1.491590e-03   4.475383e-17   10704
  1.635146e+00   4.422232e-15   1.530127e-03   4.189860e-17   11730
  1.640724e+00   4.416262e-15   1.589265e-03   4.173325e-17   12144
  1.646103e+00   4.180698e-15   1.505823e-03   4.053953e-17   11568
  1.651732e+00   4.133318e-15   1.628958e-03   3.977787e-17   11552
  1.656794e+00   4.085922e-15   1.470182e-03   4.111684e-17   10926
  1.662301e+00   4.076756e-15   1.665116e-03   3.686976e-17   13032
  1.667699e+00   4.030779e-15   1.360824e-03   4.063673e-17   10776
  1.673163e+00   3.999069e-15   1.675173e-03   3.667197e-17   13116
  1.678750e+00   3.969549e-15   1.576527e-03   3.763497e-17   12288
  1.684254e+00   3.989008e-15   1.448982e-03   3.950035e-17   11262
  1.689407e+00   3.954781e-15   1.565326e-03   3.817244e-17   12672
  1.694949e+00   3.857360e-15   1.534786e-03   3.532201e-17   12624
  1.700444e+00   3.849697e-15   1.539772e-03   3.535141e-17   12392
  1.705894e+00   3.761011e-15   1.578373e-03   3.558029e-17   12060
  1.711417e+00   3.786556e-15   1.664529e-03   3.378509e-17   13662
  1.716714e+00   3.725419e-15   1.437484e-03   3.665317e-17   11592
  1.722229e+00   3.644761e-15   1.708245e-03   3.225457e-17   13776
  1.727732e+00   3.597640e-15   1.452727e-03   3.352372e-17   12240
  1.733259e+00   3.590025e-15   1.673717e-03   3.259049e-17   13662
  1.738451e+00   3.562237e-15   1.438450e-03   3.433113e-17   11520
  1.744057e+00   3.507568e-15   1.657935e-03   2.989974e-17   15044
  1.749584e+00   3.470495e-15   1.490148e-03   3.265620e-17   12384
  1.755011e+00   3.400555e-15   1.568695e-03   3.162854e-17   13176
  1.760324e+00   3.493124e-15   1.420714e-03   3.286500e-17   12798
  1.765805e+00   3.389252e-15   1.613568e-03   2.950644e-17   14376
  1.771131e+00   3.356444e-15   1.533785e-03   3.216983e-17   12528
  1.776603e+00   3.265892e-15   1.610649e-03   2.940441e-17   14100
  1.781897e+00   3.285173e-15   1.461405e-03   3.065946e-17   12630
  1.787364e+00   3.183169e-15   1.587093e-03   2.775087e-17   14624
  1.792771e+00   3.258547e-15   1.583065e-03   2.960947e-17   13272
  1.798277e+00   3.189152e-15   1.613728e-03   2.779525e-17   14664
  1.803884e+00   3.138466e-15   1.649702e-03   2.807773e-17   14328
  1.809294e+00   3.146999e-15   1.531892e-03   2.921167e-17   13086
  1.814778e+00   3.130358e-15   1.648042e-03   2.685785e-17   15612
  1.820245e+00   3.065862e-15   1.420572e-03   2.716210e-17   13416
  1.825554e+00   3.036031e-15   1.670986e-03   2.604573e-17   14360
  1.831007e+00   2.952410e-15   1.563345e-03   2.636580e-17   14064
  1.836565e+00   2.978215e-15   1.608825e-03   2.575856e-17   15750
  1.842043e+00   2.969963e-15   1.519715e-03   2.647395e-17   13680
  1.847448e+00   2.886921e-15   1.654464e-03   2.463614e-17   15468
  1.852944e+00   2.917110e-15   1.594248e-03   2.502708e-17   14352
  1.858276e+00   2.857993e-15   1.572970e-03   2.576820e-17   14454
  1.863633e+00   2.862798e-15   1.615254e-03   2.519593e-17   15048
  1.869150e+00   2.813540e-15   1.497078e-03   2.379071e-17   15360
  1.874596e+00   2.805674e-15   1.645285e-03   2.396453e-17   15224
  1.880069e+00   2.696897e-15   1.557924e-03   2.309708e-17   15096
  1.885497e+00   2.727982e-15   1.522103e-03   2.372505e-17   14514
  1.890790e+00   2.783689e-15   1.595539e-03   2.302240e-17   16416
  1.896345e+00   2.655206e-15   1.570097e-03   2.233664e-17   15216
  1.902017e+00   2.666624e-15   1.580041e-03   2.206821e-17   16440
  1.907431e+00   2.572201e-15   1.589489e-03   2.264015e-17   14904
  1.912612e+00   2.617616e-15   1.493082e-03   2.244856e-17   15134
  1.918128e+00   2.613829e-15   1.670413e-03   2.138245e-17   16644
  1.923636e+00   2.513658e-15   1.568226e-03   2.103634e-17   16128
  1.929039e+00   2.475454e-15   1.558301e-03   2.165860e-17   15384
  1.934362e+00   2.512303e-15   1.531848e-03   2.166582e-17   15462
  1.939814e+00   2.503011e-15   1.636508e-03   1.996478e-17   17304
  1.945372e+00   2.417592e-15   1.543184e-03   1.989209e-17   16176
  1.950827e+00   2.432992e-15   1.632437e-03   2.013444e-17   16824
  1.956411e+00   2.406119e-15   1.501531e-03   2.004274e-17   15980
  1.961671e+00   2.365061e-15   1.494587e-03   1.971022e-17   16326
  1.966974e+00   2.423843e-15   1.595444e-03   2.042306e-17   16488
  1.972469e+00   2.354124e-15   1.547881e-03   1.907634e-17   16944
  1.977987e+00   2.323612e-15   1.628958e-03   1.915873e-17   17256
  1.983307e+00   2.305252e-15   1.510722e-03   1.946920e-17   15966
  1.988830e+00   2.281055e-15   1.604091e-03   1.851729e-17   17628
  1.994237e+00   2.226130e-15   1.523687e-03   1.847777e-17   17280
  1.999700e+00   2.215538e-15   1.677236e-03   1.819486e-17   17056
  2.005087e+00   2.263904e-15   1.581521e-03   1.857695e-17   17296
  2.010708e+00   2.215654e-15   1.549121e-03   1.787178e-17   17526
  2.016014e+00   2.188324e-15   1.559028e-03   1.788179e-17   17592
  2.021539e+00   2.164243e-15   1.621825e-03   1.696975e-17   17880
  2.026921e+00   2.103437e-15   1.503997e-03   1.741837e-17   17028
  2.032244e+00   2.064177e-15   1.529390e-03   1.643708e-17   17376
  2.037659e+00   2.093397e-15   1.518363e-03   1.644360e-17   18414
  2.043253e+00   2.061860e-15   1.557160e-03   1.646802e-17   17840
  2.048675e+00   2.009539e-15   1.634742e-03   1.556829e-17   18960
  2.054080e+00   2.028914e-15   1.518636e-03   1.667848e-17   16992
  2.059506e+00   2.003896e-15   1.672957e-03   1.582358e-17   18378
  2.064817e+00   2.044260e-15   1.489598e-03   1.627303e-17   18192
  2.070342e+00   1.979163e-15   1.590368e-03   1.552738e-17   19320
  2.075827e+00   1.964331e-15   1.542530e-03   1.611924e-17   17856
  2.081294e+00   1.938260e-15   1.592338e-03   1.489457e-17   19128
  2.086669e+00   1.962340e-15   1.472822e-03   1.577194e-17   18246
  2.092142e+00   1.946833e-15   1.530845e-03   1.505403e-17   19184
  2.097560e+00   1.884857e-15   1.566786e-03   1.498356e-17   18900
  2.103127e+00   1.880783e-15   1.634103e-03   1.446029e-17   19776
  2.108435e+00   1.847325e-15   1.499267e-03   1.504453e-17   17814
  2.113953e+00   1.883420e-15   1.631506e-03   1.457720e-17   19944
  2.119331e+00   1.805043e-15   1.609395e-03   1.391030e-17   19536
  2.124895e+00   1.830696e-15   1.592635e-03   1.397340e-17   20112
  2.130295e+00   1.821655e-15   1.480183e-03   1.480633e-17   18116
  2.135677e+00   1.800113e-15   1.543122e-03   1.367652e-17   19878
  2.140967e+00   1.826906e-15   1.559605e-03   1.434820e-17   19800
  2.146556e+00   1.760323e-15   1.559507e-03   1.369406e-17   20136
  2.152123e+00   1.718152e-15   1.640454e-03   1.287916e-17   20808
  2.157545e+00   1.726439e-15   1.486131e-03   1.330252e-17   19152
  2.162999e+00   1.729760e-15   1.569730e-03   1.300077e-17   20526
  2.168508e+00   1.691312e-15   1.615030e-03   1.277220e-17   20532
  2.173853e+00   1.718407e-15   1.604928e-03   1.319051e-17   20120
  2.179147e+00   1.644358e-15   1.495586e-03   1.241324e-17   19512
  2.184682e+00   1.639970e-15   1.624686e-03   1.238077e-17   21246
  2.190096e+00   1.654393e-15   1.477588e-03   1.285791e-17   20112
  2.195583e+00   1.624676e-15   1.645292e-03   1.197955e-17   22104
  2.201050e+00   1.638752e-15   1.614482e-03   1.292773e-17   19620
  2.206482e+00   1.584245e-15   1.604796e-03   1.160484e-17   21912
  2.211921e+00   1.594105e-15   1.497387e-03   1.234241e-17   20070
  2.217337e+00   1.606872e-15   1.630864e-03   1.189949e-17   22064
  2.222850e+00   1.562788e-15   1.548352e-03   1.175966e-17   21048
  2.228199e+00   1.557189e-15   1.514343e-03   1.195288e-17   21168
  2.233635e+00   1.495481e-15   1.637642e-03   1.130268e-17   21384
  2.239216e+00   1.508791e-15   1.481766e-03   1.111348e-17   22146
  2.244666e+00   1.530168e-15   1.585174e-03   1.150070e-17   22200
  2.250163e+00   1.489307e-15   1.501548e-03   1.128912e-17   21648
  2.255545e+00   1.474263e-15   1.607582e-03   1.102306e-17   21144
  2.260867e+00   1.470123e-15   1.529125e-03   1.088220e-17   21710
  2.266343e+00   1.485498e-15   1.624700e-03   1.112064e-17   23112
  2.271991e+00   1.466663e-15   1.620840e-03   1.063117e-17   23064
  2.277435e+00   1.448470e-15   1.500062e-03   1.120928e-17   21252
  2.282668e+00   1.426177e-15   1.503720e-03   1.047933e-17   22128
  2.288126e+00   1.434363e-15   1.558658e-03   1.054133e-17   22446
  2.293582e+00   1.434859e-15   1.527528e-03   1.050884e-17   22848
  2.298983e+00   1.389684e-15   1.529486e-03   1.019062e-17   23208
  2.304508e+00   1.374382e-15   1.574247e-03   1.004238e-17   22536
  2.309946e+00   1.363401e-15   1.596462e-03   9.967091e-18   22586
  2.315370e+00   1.387196e-15   1.627795e-03   1.014900e-17   24096
  2.320825e+00   1.342580e-15   1.527306e-03   1.011279e-17   22440
  2.326212e+00   1.333921e-15   1.664369e-03   9.735434e-18   23400
  2.331602e+00   1.317626e-15   1.511928e-03   9.571510e-18   23232
  2.337168e+00   1.321954e-15   1.592064e-03   9.743504e-18   23886
  2.342533e+00   1.350356e-15   1.530913e-03   1.002958e-17   23376
  2.347967e+00   1.281030e-15   1.544635e-03   9.164183e-18   23540
  2.353338e+00   1.266431e-15   1.532168e-03   8.998723e-18   24240
  2.358915e+00   1.268788e-15   1.612109e-03   9.280627e-18   23952
  2.364402e+00   1.294741e-15   1.508159e-03   9.597542e-18   24006
  2.369901e+00   1.287913e-15   1.691935e-03   9.180096e-18   25560
  2.375221e+00   1.251554e-15   1.500150e-03   9.149075e-18   22728
  2.380552e+00   1.212569e-15   1.511947e-03   8.818698e-18   23556
  2.385955e+00   1.213255e-15   1.577785e-03   8.422226e-18   25398
  2.391435e+00   1.233926e-15   1.545774e-03   8.942908e-18   24088
  2.396892e+00   1.238435e-15   1.609108e-03   8.745052e-18   25696
  2.402362e+00   1.207121e-15   1.511201e-03   8.799163e-18   24144
  2.407786e+00   1.181235e-15   1.615096e-03   8.352963e-18   25560
  2.413246e+00   1.172784e-15   1.489846e-03   8.514492e-18   24246
  2.418724e+00   1.204498e-15   1.581827e-03   8.711493e-18   26292
  2.424188e+00   1.177666e-15   1.560153e-03   8.501611e-18   25200
  2.429626e+00   1.161844e-15   1.624829e-03   8.208619e-18   25296
  2.434943e+00   1.141887e-15   1.483819e-03   8.220895e-18   24192
  2.440599e+00   1.159434e-15   1.638534e-03   7.957135e-18   28646
  2.446110e+00   1.146112e-15   1.506669e-03   8.391230e-18   24552
  2.451515e+00   1.128648e-15   1.579460e-03   8.012888e-18   25788
  2.456795e+00   1.099115e-15   1.491180e-03   7.916873e-18   25272
  2.462256e+00   1.108819e-15   1.613697e-03   7.857318e-18   26118
  2.467607e+00   1.124649e-15   1.579547e-03   8.140015e-18   26016
  2.473206e+00   1.100489e-15   1.595790e-03   7.691687e-18   27792
  2.478571e+00   1.084182e-15   1.565206e-03   7.938765e-18   25072
  2.483982e+00   1.050058e-15   1.621283e-03   7.236844e-18   26824
  2.489402e+00   1.075487e-15   1.480279e-03   7.749090e-18   26106
  2.494915e+00   1.083386e-15   1.629064e-03   7.500593e-18   28296
  2.500377e+00   1.038221e-15   1.567349e-03   7.199162e-18   26640
  2.505822e+00   1.053165e-15   1.492228e-03   7.583382e-18   26064
  2.511215e+00   1.014701e-15   1.637115e-03   6.921876e-18   27822
  2.516572e+00   1.060538e-15   1.521472e-03   7.724986e-18   26160
  2.522001e+00   1.036210e-15   1.673107e-03   7.178255e-18   28108
  2.527479e+00   9.966241e-16   1.599090e-03   6.944291e-18   27664
  2.532916e+00   1.009269e-15   1.590673e-03   7.052864e-18   27600
  2.538445e+00   9.981430e-16   1.594105e-03   6.836986e-18   27510
  2.543900e+00   1.022316e-15   1.577441e-03   7.344105e-18   28848
  2.549331e+00   9.995559e-16   1.562048e-03   6.955286e-18   27744
  2.554787e+00   9.802944e-16   1.521895e-03   6.943666e-18   27888
  2.560210e+00   9.555331e-16   1.547223e-03   6.576317e-18   27780
  2.565645e+00   9.660877e-16   1.558725e-03   6.771509e-18   28734
  2.571023e+00   9.738712e-16   1.609586e-03   6.633965e-18   28232
  2.576527e+00   9.635871e-16   1.600458e-03   6.771614e-18   29016
  2.581909e+00   9.557475e-16   1.581285e-03   6.809231e-18   28056
  2.587324e+00   9.343025e-16   1.534592e-03   6.489079e-18   28710
  2.592790e+00   9.550590e-16   1.621010e-03   6.739147e-18   29220
  2.598465e+00   9.184774e-16   1.658218e-03   6.245570e-18   31584
  2.603840e+00   9.191631e-16   1.528599e-03   6.454443e-18   26904
  2.609079e+00   9.175056e-16   1.485740e-03   6.479368e-18   28512
  2.614658e+00   9.128316e-16   1.600396e-03   6.188520e-18   30878
  2.620190e+00   9.124618e-16   1.607291e-03   6.140917e-18   30408
  2.625603e+00   9.071223e-16   1.552575e-03   6.479911e-18   28632
  2.630926e+00   8.842893e-16   1.494100e-03   6.190763e-18   28764
  2.636301e+00   8.691622e-16   1.662258e-03   5.825830e-18   30630
  2.641825e+00   8.980610e-16   1.539050e-03   6.373548e-18   30240
  2.647360e+00   8.924394e-16   1.576813e-03   6.091965e-18   31008
  2.652753e+00   8.668753e-16   1.510278e-03   5.997004e-18   29240
  2.658053e+00   8.348473e-16   1.541271e-03   5.686004e-18   30000
  2.663579e+00   8.688147e-16   1.631431e-03   5.989968e-18   30978
  2.669020e+00   8.532566e-16   1.538057e-03   5.854622e-18   30696
  2.674440e+00   8.560259e-16   1.612132e-03   5.869242e-18   31320
  2.679792e+00   8.568644e-16   1.506651e-03   5.977033e-18   29280
  2.685220e+00   8.284901e-16   1.611110e-03   5.634851e-18   31488
  2.690645e+00   8.381146e-16   1.512555e-03   5.870196e-18   31326
  2.696128e+00   8.461620e-16   1.624023e-03   5.737109e-18   31480
  2.701662e+00   8.357865e-16   1.575428e-03   5.729296e-18   32572
  2.707181e+00   8.202113e-16   1.576379e-03   5.463833e-18   31296
  2.712540e+00   8.015470e-16   1.532958e-03   5.505581e-18   30798
  2.718010e+00   8.275556e-16   1.631915e-03   5.773423e-18   32256
  2.723379e+00   8.092042e-16   1.576275e-03   5.543044e-18   32088
  2.728754e+00   8.019830e-16   1.559976e-03   5.542220e-18   30936
  2.734196e+00   7.934096e-16   1.621863e-03   5.315057e-18   33036
  2.739744e+00   7.836161e-16   1.570337e-03   5.424033e-18   31846
  2.745145e+00   7.977747e-16   1.600723e-03   5.512820e-18   33832
  2.750571e+00   7.743590e-16   1.482757e-03   5.483162e-18   30912
  2.755951e+00   7.758570e-16   1.554945e-03   5.333985e-18   32976
  2.761359e+00   7.584635e-16   1.534255e-03   5.141736e-18   32712
  2.766879e+00   7.866856e-16   1.551134e-03   5.547645e-18   33438
  2.772315e+00   7.596500e-16   1.561569e-03   5.348357e-18   32556
  2.777612e+00   7.490427e-16   1.547775e-03   5.144327e-18   33144
  2.783077e+00   7.341942e-16   1.531023e-03   4.932557e-18   33504
  2.788685e+00   7.536613e-16   1.585219e-03   5.219105e-18   33542
  2.794001e+00   7.512505e-16   1.561774e-03   5.149204e-18   33768
  2.799514e+00   7.380014e-16   1.582505e-03   5.100745e-18   34368
  2.804894e+00   7.292187e-16   1.503763e-03   5.031779e-18   32856
  2.810386e+00   7.195562e-16   1.555021e-03   4.867760e-18   34524
  2.815774e+00   7.267197e-16   1.476871e-03   5.171644e-18   33510
  2.821310e+00   7.365673e-16   1.652814e-03   4.928632e-18   35856
  2.826780e+00   7.252546e-16   1.566245e-03   5.104101e-18   33888
  2.832150e+00   7.076394e-16   1.534797e-03   4.878050e-18   33752
  2.837510e+00   7.098020e-16   1.613976e-03   4.752439e-18   34902
  2.843143e+00   7.333453e-16   1.578935e-03   5.258618e-18   35484
  2.848630e+00   6.958790e-16   1.625328e-03   4.640370e-18   36648
  2.854056e+00   7.075429e-16   1.503100e-03   4.958076e-18   33000
  2.859416e+00   6.899048e-16   1.625165e-03   4.648263e-18   35520
  2.864954e+00   6.884933e-16   1.587378e-03   4.714971e-18   36078
  2.870343e+00   7.092857e-16   1.553780e-03   5.055161e-18   34992
  2.875726e+00   6.869977e-16   1.537418e-03   4.854177e-18   35072
  2.881222e+00   6.764207e-16   1.612107e-03   4.516898e-18   36876
  2.886535e+00   6.710210e-16   1.490702e-03   4.826592e-18   33216
  2.891986e+00   6.814497e-16   1.651729e-03   4.658162e-18   38382
  2.897574e+00   6.852758e-16   1.549240e-03   5.008835e-18   36072
  2.903069e+00   6.749305e-16   1.551510e-03   4.673372e-18   37464
  2.908437e+00   6.481889e-16   1.491290e-03   4.511946e-18   34416
  2.913907e+00   6.630128e-16   1.634265e-03   4.606006e-18   37386
  2.919336e+00   6.846776e-16   1.560351e-03   4.922303e-18   37040
  2.924747e+00   6.644306e-16   1.519091e-03   4.688403e-18   36240
  2.930120e+00   6.498891e-16   1.620578e-03   4.547129e-18   36432
  2.935572e+00   6.335827e-16   1.530037e-03   4.259214e-18   37560
  2.941044e+00   6.701415e-16   1.585551e-03   4.626678e-18   37350
  2.946615e+00   6.558296e-16   1.620920e-03   4.483055e-18   38616
  2.952019e+00   6.536597e-16   1.527850e-03   4.665219e-18   37092
  2.957454e+00   6.282089e-16   1.469269e-03   4.250626e-18   37272
  2.962879e+00   6.382986e-16   1.617603e-03   4.490230e-18   37616
  2.968367e+00   6.606064e-16   1.566567e-03   4.863909e-18   38478
  2.973773e+00   6.508999e-16   1.591818e-03   4.612975e-18   37992
  2.979169e+00   6.203789e-16   1.560915e-03   4.285651e-18   38232
  2.984576e+00   6.157375e-16   1.529810e-03   4.325006e-18   36708
  2.989998e+00   6.261720e-16   1.601300e-03   4.297342e-18   39534
  2.995476e+00   6.293548e-16   1.604456e-03   4.381496e-18   39336
  3.000916e+00   6.365374e-16   1.543508e-03   4.599322e-18   37624
  3.006363e+00   6.079638e-16   1.579336e-03   4.163841e-18   40408
  3.011852e+00   5.953675e-16   1.510623e-03   4.194027e-18   38256
  3.017315e+00   6.210687e-16   1.543281e-03   4.424643e-18   39438
  3.022829e+00   6.292958e-16   1.592476e-03   4.500797e-18   40524
  3.028194e+00   6.065505e-16   1.503499e-03   4.361176e-18   38448
  3.033601e+00   6.092581e-16   1.582383e-03   4.283907e-18   39312
  3.038992e+00   5.975857e-16   1.512689e-03   4.215308e-18   38718
  3.044403e+00   6.227550e-16   1.614057e-03   4.511813e-18   40872
  3.049845e+00   6.026618e-16   1.532666e-03   4.383194e-18   40088
  3.055371e+00   5.977968e-16   1.633644e-03   4.291908e-18   40644
  3.060822e+00   5.877049e-16   1.532935e-03   4.143696e-18   40176
  3.066304e+00   5.977463e-16   1.625298e-03   4.239741e-18   40998
  3.071650e+00   6.113306e-16   1.490471e-03   4.438601e-18   39192
  3.077083e+00   5.975192e-16   1.573750e-03   4.333769e-18   41640
  3.082545e+00   5.829923e-16   1.578537e-03   4.180216e-18   41400
  3.087927e+00   5.669327e-16   1.553632e-03   3.993864e-18   38640
  3.093396e+00   6.045384e-16   1.594261e-03   4.296878e-18   43658
  3.098867e+00   5.973562e-16   1.533241e-03   4.486499e-18   40608
  3.104282e+00   5.794237e-16   1.565192e-03   4.172431e-18   41880
  3.109810e+00   5.760403e-16   1.547184e-03   4.251312e-18   41712
  3.115335e+00   5.662410e-16   1.615131e-03   3.983247e-18   42942
  3.120741e+00   5.957659e-16   1.534331e-03   4.441898e-18   40896
  3.126165e+00   5.932404e-16   1.580796e-03   4.227117e-18   42708
  3.131542e+00   5.578489e-16   1.496179e-03   4.080658e-18   40968
  3.137007e+00   5.419222e-16   1.625543e-03   3.677343e-18   43496
  3.142457e+00   5.871915e-16   1.556121e-03   4.478638e-18   41454
  3.147915e+00   5.836444e-16   1.607241e-03   4.242396e-18   43704
  3.153202e+00   5.559102e-16   1.481093e-03   4.201937e-18   41208
  3.158685e+00   5.589221e-16   1.625130e-03   3.962408e-18   43944
  3.164222e+00   5.498034e-16   1.568163e-03   3.982018e-18   43218
  3.169711e+00   5.833113e-16   1.573649e-03   4.507402e-18   44136
  3.175074e+00   5.668786e-16   1.550274e-03   4.292228e-18   42304
  3.180483e+00   5.444607e-16   1.574816e-03   3.925765e-18   43096
  3.185809e+00   5.473389e-16   1.541007e-03   4.099639e-18   43464
  3.191366e+00   5.505656e-16   1.606948e-03   4.058455e-18   44382
  3.196804e+00   5.751166e-16   1.605225e-03   4.206620e-18   44316
  3.202282e+00   5.545646e-16   1.582905e-03   4.128303e-18   44592
  3.207694e+00   5.564316e-16   1.548943e-03   4.164502e-18   44328
  3.213178e+00   5.490840e-16   1.523706e-03   4.066334e-18   43560
  3.218610e+00   5.490213e-16   1.570802e-03   4.096158e-18   44763
  3.224020e+00   5.339486e-16   1.574927e-03   4.088145e-18   44216
  3.229465e+00   5.366408e-16   1.604748e-03   3.971915e-18   45144
  3.234953e+00   5.176191e-16   1.525298e-03   3.870442e-18   42876
  3.240354e+00   5.093671e-16   1.662551e-03   3.596790e-18   46164
  3.245765e+00   5.000516e-16   1.526236e-03   3.675156e-18   42360
  3.251284e+00   5.021837e-16   1.607148e-03   3.596816e-18   45324
  3.256678e+00   4.862603e-16   1.599342e-03   3.610340e-18   43320
  3.262107e+00   4.764200e-16   1.611675e-03   3.340037e-18   44580
  3.267667e+00   4.762480e-16   1.609815e-03   3.354783e-18   44468
  3.273119e+00   4.533009e-16   1.531376e-03   3.063819e-18   43416
  3.278411e+00   4.568959e-16   1.520505e-03   3.249320e-18   42264
  3.283884e+00   4.516277e-16   1.597197e-03   3.099761e-18   44580
  3.289368e+00   4.411375e-16   1.621337e-03   3.052835e-18   43824
  3.294829e+00   4.270352e-16   1.523757e-03   2.852840e-18   43392
  3.300224e+00   4.279088e-16   1.553494e-03   2.960209e-18   43296
  3.305724e+00   4.229253e-16   1.495301e-03   2.847488e-18   42656
  3.311087e+00   3.990789e-16   1.596934e-03   2.647023e-18   43728
  3.316591e+00   4.047894e-16   1.610238e-03   2.673182e-18   43536
  3.322030e+00   4.017740e-16   1.602586e-03   2.691254e-18   42180
  3.327473e+00   3.903717e-16   1.551796e-03   2.545620e-18   44136
  3.332939e+00   3.880720e-16   1.563744e-03   2.532083e-18   42372
  3.338336e+00   3.782829e-16   1.528428e-03   2.508434e-18   41604
  3.343731e+00   3.800196e-16   1.610433e-03   2.442288e-18   43440
  3.349182e+00   3.791811e-16   1.611663e-03   2.500301e-18   42488
  3.354561e+00   3.657870e-16   1.547466e-03   2.464218e-18   41496
  3.360074e+00   3.610685e-16   1.615298e-03   2.248189e-18   44112
  3.365562e+00   3.595132e-16   1.540359e-03   2.302417e-18   41688
  3.370956e+00   3.521441e-16   1.604620e-03   2.243211e-18   42276
  3.376369e+00   3.461314e-16   1.547681e-03   2.230107e-18   41172
  3.381820e+00   3.446081e-16   1.622702e-03   2.177446e-18   43536
  3.387296e+00   3.396283e-16   1.510509e-03   2.156826e-18   41496
  3.392714e+00   3.361483e-16   1.602713e-03   2.118617e-18   40764
  3.398118e+00   3.323522e-16   1.572660e-03   2.059531e-18   43220
  3.403602e+00   3.272665e-16   1.558712e-03   2.072845e-18   41076
  3.409040e+00   3.278842e-16   1.557898e-03   2.082044e-18   41532
  3.414506e+00   3.183954e-16   1.586149e-03   2.023174e-18   41928
  3.419924e+00   3.177829e-16   1.518385e-03   1.989400e-18   41412
  3.425338e+00   3.049246e-16   1.580228e-03   1.924960e-18   40032
  3.430721e+00   3.052049e-16   1.567201e-03   1.865516e-18   41880
  3.436133e+00   3.046081e-16   1.559578e-03   1.894127e-18   40264
  3.441614e+00   3.055891e-16   1.596952e-03   1.852072e-18   42592
  3.447111e+00   2.949838e-16   1.531936e-03   1.860610e-18   39588
  3.452537e+00   2.960088e-16   1.583857e-03   1.793139e-18   42180
  3.457928e+00   2.881573e-16   1.528129e-03   1.803405e-18   39240
  3.463345e+00   2.912340e-16   1.603997e-03   1.765929e-18   40920
  3.468834e+00   2.820081e-16   1.583230e-03   1.722916e-18   41184
  3.474296e+00   2.810035e-16   1.568330e-03   1.702929e-18   40872
  3.479702e+00   2.791046e-16   1.491774e-03   1.738367e-18   38748
  3.485168e+00   2.717110e-16   1.587794e-03   1.635732e-18   41420
  3.490553e+00   2.752194e-16   1.557380e-03   1.682439e-18   39816
  3.496030e+00   2.695389e-16   1.561371e-03   1.642535e-18   39792
  3.501436e+00   2.661802e-16   1.491602e-03   1.617795e-18   39816
  3.506965e+00   2.618037e-16   1.612108e-03   1.560761e-18   41064
  3.512408e+00   2.573267e-16   1.546522e-03   1.588164e-18   39204
  3.517925e+00   2.555843e-16   1.631952e-03   1.543050e-18   40080
  3.523223e+00   2.566821e-16   1.507994e-03   1.583801e-18   38332
  3.528672e+00   2.465348e-16   1.573899e-03   1.488557e-18   39952
  3.534102e+00   2.553353e-16   1.572293e-03   1.543658e-18   39000
  3.539668e+00   2.436518e-16   1.614601e-03   1.443110e-18   40356
  3.545098e+00   2.477721e-16   1.584135e-03   1.487477e-18   39300
  3.550517e+00   2.414128e-16   1.562974e-03   1.465835e-18   37452
  3.555894e+00   2.398298e-16   1.549762e-03   1.439703e-18   39732
  3.561429e+00   2.326042e-16   1.557625e-03   1.364537e-18   39312
  3.566817e+00   2.369276e-16   1.583965e-03   1.445177e-18   37632
  3.572234e+00   2.292134e-16   1.557396e-03   1.379971e-18   38420
  3.577674e+00   2.298261e-16   1.609595e-03   1.391167e-18   39564
  3.583132e+00   2.252002e-16   1.548840e-03   1.356486e-18   37236
  3.588516e+00   2.284387e-16   1.565848e-03   1.400625e-18   38100
  3.593924e+00   2.212730e-16   1.539495e-03   1.318591e-18   38208
  3.599440e+00   2.215200e-16   1.602149e-03   1.309104e-18   39072
  3.604845e+00   2.182763e-16   1.480860e-03   1.349203e-18   36192
  3.610293e+00   2.173224e-16   1.600910e-03   1.277978e-18   38928
  3.615801e+00   2.096756e-16   1.590552e-03   1.226499e-18   38768
  3.621383e+00   2.121227e-16   1.562835e-03   1.275768e-18   37596
  3.626841e+00   2.097874e-16   1.555898e-03   1.268959e-18   37296
  3.632194e+00   2.094526e-16   1.557356e-03   1.280282e-18   36948
  3.637577e+00   2.078122e-16   1.597343e-03   1.233957e-18   37248
  3.643147e+00   2.054428e-16   1.577439e-03   1.233832e-18   37152
  3.648492e+00   2.004275e-16   1.574751e-03   1.180992e-18   37512
  3.653954e+00   1.986619e-16   1.507515e-03   1.212553e-18   35876
  3.659374e+00   1.996152e-16   1.606552e-03   1.199725e-18   36936
  3.664880e+00   1.992955e-16   1.600548e-03   1.188659e-18   38028
  3.670348e+00   1.952331e-16   1.522914e-03   1.184441e-18   35592
  3.675687e+00   1.921734e-16   1.511337e-03   1.167671e-18   35508
  3.681088e+00   1.903683e-16   1.567228e-03   1.141449e-18   36492
  3.686612e+00   1.909564e-16   1.616757e-03   1.140297e-18   37608
  3.692081e+00   1.885929e-16   1.595280e-03   1.171982e-18   34848
  3.697390e+00   1.857728e-16   1.496163e-03   1.123881e-18   35220
  3.702857e+00   1.860466e-16   1.560827e-03   1.109646e-18   36884
  3.708318e+00   1.832563e-16   1.549021e-03   1.086672e-18   35412
  3.713858e+00   1.821301e-16   1.603888e-03   1.102218e-18   35652
  3.719249e+00   1.800711e-16   1.603516e-03   1.071189e-18   36072
  3.724653e+00   1.796467e-16   1.545362e-03   1.093732e-18   34368
  3.730119e+00   1.747233e-16   1.565390e-03   1.060888e-18   35484
  3.735586e+00   1.750496e-16   1.549559e-03   1.047272e-18   35256
  3.740941e+00   1.747658e-16   1.612995e-03   1.069210e-18   34476
  3.746410e+00   1.694704e-16   1.582486e-03   1.014964e-18   34916
  3.751834e+00   1.708987e-16   1.560509e-03   1.046112e-18   34596
  3.757263e+00   1.704016e-16   1.526486e-03   1.046795e-18   34656
  3.762714e+00   1.682694e-16   1.581266e-03   1.023691e-18   34596
  3.768200e+00   1.677319e-16   1.534004e-03   1.007289e-18   33984
  3.773562e+00   1.658508e-16   1.566114e-03   1.039431e-18   34080
  3.778963e+00   1.643162e-16   1.572881e-03   1.005928e-18   34140
  3.784487e+00   1.625784e-16   1.624544e-03   1.001401e-18   33804
  3.789951e+00   1.618795e-16   1.561511e-03   9.725965e-19   35096
  3.795448e+00   1.608106e-16   1.548108e-03   1.006868e-18   33108
  3.800788e+00   1.624388e-16   1.540015e-03   1.016841e-18   32280
  3.806205e+00   1.563142e-16   1.567716e-03   9.547523e-19   34404
  3.811718e+00   1.590526e-16   1.599739e-03   9.792839e-19   34248
  3.817250e+00   1.534920e-16   1.498979e-03   9.732647e-19   32016
  3.822674e+00   1.559895e-16   1.582258e-03   9.482145e-19   34344
  3.828141e+00   1.557207e-16   1.521407e-03   9.712009e-19   32024
  3.833419e+00   1.525759e-16   1.577025e-03   9.552746e-19   31908
  3.838903e+00   1.520095e-16   1.580344e-03   9.271626e-19   33192
  3.844404e+00   1.507508e-16   1.637429e-03   9.258832e-19   33288
  3.849795e+00   1.500607e-16   1.490950e-03   9.336362e-19   31356
  3.855259e+00   1.493808e-16   1.613715e-03   9.319629e-19   32496
  3.860695e+00   1.476180e-16   1.533804e-03   9.342223e-19   31944
  3.866002e+00   1.465753e-16   1.574956e-03   9.361702e-19   31512
  3.871427e+00   1.456388e-16   1.528683e-03   9.492617e-19   31156
  3.876990e+00   1.434166e-16   1.610722e-03   8.832037e-19   33352
  3.882440e+00   1.432517e-16   1.562321e-03   9.103091e-19   31344
  3.887945e+00   1.401019e-16   1.617631e-03   8.793427e-19   31068
  3.893365e+00   1.408552e-16   1.595427e-03   8.969747e-19   31752
  3.898694e+00   1.393074e-16   1.472715e-03   8.862262e-19   29868
  3.904158e+00   1.383874e-16   1.618311e-03   8.687711e-19   32052
  3.909662e+00   1.359080e-16   1.535519e-03   8.808943e-19   30012
  3.915037e+00   1.380789e-16   1.611064e-03   8.575175e-19   31520
  3.920567e+00   1.348493e-16   1.575150e-03   8.783151e-19   30648
  3.925929e+00   1.359482e-16   1.553739e-03   8.914216e-19   29304
  3.931379e+00   1.362694e-16   1.540483e-03   8.561274e-19   31140
  3.936935e+00   1.332880e-16   1.641115e-03   8.482107e-19   31320
  3.942387e+00   1.329782e-16   1.548803e-03   8.981705e-19   28356
  3.947754e+00   1.313774e-16   1.583135e-03   8.512711e-19   30288
  3.953106e+00   1.322098e-16   1.573376e-03   8.545058e-19   29472
  3.958489e+00   1.327856e-16   1.555320e-03   8.819848e-19   28716
  3.964046e+00   1.285133e-16   1.543510e-03   8.333859e-19   30740
  3.969538e+00   1.275232e-16   1.574261e-03   8.288203e-19   29304
  3.974923e+00   1.279500e-16   1.567890e-03   8.480046e-19   28476
  3.980403e+00   1.248756e-16   1.588107e-03   8.123599e-19   29304
  3.985849e+00   1.301376e-16   1.586252e-03   8.508275e-19   29280
  3.991362e+00   1.252258e-16   1.582091e-03   8.320976e-19   29100
  3.996850e+00   1.258428e-16   1.550996e-03   8.609724e-19   27816
  4.002128e+00   1.244919e-16   1.557957e-03   8.596436e-19   27692
  4.007580e+00   1.212932e-16   1.619992e-03   7.895868e-19   29724
  4.013138e+00   1.217474e-16   1.544165e-03   8.283237e-19   27240
  4.018514e+00   1.251438e-16   1.500820e-03   8.569138e-19   27588
  4.023894e+00   1.192617e-16   1.561808e-03   7.926906e-19   28560
  4.029394e+00   1.202176e-16   1.581785e-03   8.170417e-19   26952
  4.034839e+00   1.202659e-16   1.583665e-03   8.160699e-19   27516
  4.040261e+00   1.191747e-16   1.600351e-03   8.014866e-19   28344
  4.045759e+00   1.183450e-16   1.576275e-03   8.240192e-19   26196
  4.051072e+00   1.138841e-16   1.541569e-03   8.002948e-19   26360
  4.056519e+00   1.161513e-16   1.593665e-03   8.005795e-19   28152
  4.062017e+00   1.156553e-16   1.541184e-03   8.333973e-19   25896
  4.067403e+00   1.153713e-16   1.577942e-03   8.156762e-19   26592
  4.072863e+00   1.131334e-16   1.510771e-03   7.961237e-19   26568
  4.078361e+00   1.160718e-16   1.598680e-03   8.169611e-19   26832
  4.083715e+00   1.111146e-16   1.515874e-03   7.992320e-19   24972
  4.089266e+00   1.138980e-16   1.598351e-03   7.805725e-19   27000
  4.094669e+00   1.112447e-16   1.532450e-03   7.958460e-19   25448
  4.100056e+00   1.117510e-16   1.584391e-03   8.113775e-19   25476
  4.105587e+00   1.125843e-16   1.553105e-03   8.206286e-19   25152
  4.110933e+00   1.107677e-16   1.592180e-03   7.937547e-19   25968
  4.116439e+00   1.069577e-16   1.585064e-03   7.632499e-19   25320
  4.121936e+00   1.072943e-16   1.497338e-03   7.946241e-19   23796
  4.127194e+00   1.113560e-16   1.571596e-03   7.997443e-19   25500
  4.132663e+00   1.079399e-16   1.566138e-03   7.941671e-19   24420
  4.138205e+00   1.054341e-16   1.621058e-03   7.503241e-19   24656
  4.143555e+00   1.064955e-16   1.535877e-03   8.020428e-19   24036
  4.148982e+00   1.081746e-16   1.588370e-03   8.054313e-19   24528
  4.154373e+00   1.035015e-16   1.534446e-03   7.908855e-19   23004
  4.159821e+00   1.081609e-16   1.575770e-03   8.154432e-19   24576
  4.165293e+00   1.044463e-16   1.505141e-03   7.848300e-19   23736
  4.170760e+00   1.011261e-16   1.599171e-03   7.568398e-19   23712
  4.176262e+00   1.053356e-16   1.552705e-03   7.905574e-19   22992
  4.181681e+00   1.023283e-16   1.541976e-03   7.659206e-19   23984
  4.187096e+00   9.923145e-17   1.540203e-03   7.910035e-19   22344
  4.192540e+00   1.027872e-16   1.562907e-03   8.097143e-19   22536
  4.197951e+00   1.024825e-16   1.546870e-03   8.135799e-19   23268
  4.203353e+00   1.017698e-16   1.588651e-03   8.103368e-19   22152
  4.208799e+00   9.653900e-17   1.568712e-03   7.576776e-19   22068
  4.214381e+00   9.933873e-17   1.610904e-03   7.561044e-19   23664
  4.219765e+00   1.006830e-16   1.496014e-03   8.291203e-19   20640
  4.225141e+00   9.719334e-17   1.587688e-03   7.648333e-19   22376
  4.230687e+00   9.635528e-17   1.561479e-03   7.676764e-19   21444
  4.236032e+00   9.942909e-17   1.618016e-03   8.251541e-19   21576
  4.241470e+00   9.345369e-17   1.604143e-03   7.444931e-19   21660
  4.247060e+00   9.544205e-17   1.622088e-03   7.713825e-19   20916
  4.252463e+00   9.696668e-17   1.591059e-03   7.932322e-19   21504
  4.257831e+00   9.392588e-17   1.516262e-03   7.923489e-19   20508
  4.263333e+00   9.372739e-17   1.620094e-03   7.918912e-19   20036
  4.268738e+00   9.581363e-17   1.567896e-03   7.823558e-19   21276
  4.274208e+00   9.116715e-17   1.552204e-03   7.419154e-19   20652
  4.279668e+00   9.085420e-17   1.544650e-03   7.983802e-19   18696
  4.285116e+00   9.390909e-17   1.616732e-03   7.646146e-19   21504
  4.290573e+00   9.412159e-17   1.511985e-03   8.175818e-19   19284
  4.296019e+00   8.777770e-17   1.630585e-03   7.529514e-19   19356
  4.301432e+00   9.169975e-17   1.540949e-03   8.041257e-19   19236
  4.306795e+00   9.250892e-17   1.571095e-03   7.963302e-19   19476
  4.312272e+00   8.840244e-17   1.634853e-03   7.743102e-19   19184
  4.317835e+00   8.949247e-17   1.583822e-03   7.772142e-19   18852
  4.323254e+00   9.268923e-17   1.533201e-03   8.396447e-19   18876
  4.328571e+00   8.842143e-17   1.593847e-03   7.962067e-19   18336
  4.334078e+00   8.467944e-17   1.599281e-03   7.715584e-19   17820
  4.339614e+00   9.051979e-17   1.614145e-03   7.958365e-19   19392
  4.344985e+00   8.457748e-17   1.598282e-03   7.675258e-19   17616
  4.350318e+00   8.322524e-17   1.504639e-03   7.795068e-19   16320
  4.355861e+00   8.931258e-17   1.629545e-03   8.174990e-19   19292
  4.361241e+00   8.416263e-17   1.561011e-03   7.757757e-19   17112
  4.366853e+00   8.282007e-17   1.582117e-03   7.662360e-19   17388
  4.372327e+00   8.579781e-17   1.481209e-03   8.348978e-19   16692
  4.377488e+00   8.686757e-17   1.566835e-03   8.294828e-19   16956
  4.383124e+00   8.030940e-17   1.580304e-03   7.530129e-19   17040
  4.388630e+00   8.325386e-17   1.563733e-03   8.338001e-19   16092
  4.393862e+00   8.679582e-17   1.553118e-03   8.722518e-19   16380
  4.399428e+00   7.796187e-17   1.596421e-03   7.527816e-19   16688
  4.404886e+00   7.952064e-17   1.596956e-03   8.002603e-19   14940
  4.410242e+00   8.442951e-17   1.605748e-03   8.343655e-19   16668
  4.415795e+00   8.092811e-17   1.568026e-03   8.236595e-19   15804
  4.421181e+00   7.735475e-17   1.557131e-03   7.984318e-19   14280
  4.426622e+00   8.376261e-17   1.532886e-03   8.621447e-19   16068
  4.432054e+00   7.826929e-17   1.562272e-03   8.077700e-19   15048
  4.437457e+00   7.595364e-17   1.592183e-03   7.924768e-19   13940
  4.442869e+00   7.740080e-17   1.521708e-03   7.916604e-19   15072
  4.448295e+00   7.744794e-17   1.622238e-03   7.928166e-19   14808
  4.453669e+00   7.417918e-17   1.506280e-03   8.107735e-19   13200
  4.459194e+00   7.558363e-17   1.595625e-03   7.758500e-19   15156
  4.464724e+00   7.556897e-17   1.556013e-03   8.331410e-19   13788
  4.470151e+00   7.021680e-17   1.533533e-03   7.428782e-19   13608
  4.475573e+00   7.074821e-17   1.461946e-03   7.696580e-19   13224
  4.480979e+00   7.530432e-17   1.576198e-03   8.289648e-19   13320
  4.486355e+00   6.927049e-17   1.554184e-03   7.628572e-19   13220
  4.491886e+00   6.873397e-17   1.570846e-03   7.453942e-19   12984
  4.497444e+00   7.376946e-17   1.589998e-03   8.632909e-19   12780
  4.502691e+00   6.680996e-17   1.504822e-03   7.383147e-19   12360
  4.508225e+00   6.734038e-17   1.583198e-03   7.585554e-19   12480
  4.513746e+00   6.735265e-17   1.537784e-03   7.855606e-19   11892
  4.519015e+00   6.650290e-17   1.594395e-03   7.722182e-19   12192
  4.524529e+00   6.519868e-17   1.563074e-03   7.391295e-19   11328
  4.530016e+00   6.160371e-17   1.657530e-03   7.010592e-19   12020
  4.535376e+00   6.499313e-17   1.523948e-03   7.814966e-19   11052
  4.540948e+00   6.231710e-17   1.618906e-03   7.043113e-19   11304
  4.546169e+00   6.085134e-17   1.489624e-03   7.538363e-19   10368
  4.551511e+00   6.239263e-17   1.550098e-03   7.352866e-19   10899
  4.557146e+00   5.846797e-17   1.554021e-03   6.988385e-19   10752
  4.562496e+00   5.897251e-17   1.559799e-03   7.051424e-19   10446
  4.568012e+00   6.066544e-17   1.535197e-03   6.949614e-19   10092
  4.573476e+00   5.548386e-17   1.555534e-03   6.626855e-19   10220
  4.578755e+00   5.890612e-17   1.523556e-03   7.387546e-19   9636
  4.584373e+00   5.689816e-17   1.567355e-03   6.592716e-19   10020
  4.589883e+00   5.376954e-17   1.628387e-03   6.328701e-19   9906
  4.595217e+00   5.609865e-17   1.510439e-03   6.823042e-19   8940
  4.600749e+00   5.324799e-17   1.531752e-03   6.327785e-19   9558
  4.606151e+00   5.345608e-17   1.668091e-03   6.377120e-19   9180
  4.611496e+00   5.333683e-17   1.596941e-03   6.492829e-19   8674
  4.617087e+00   5.203223e-17   1.587385e-03   6.186265e-19   9454
  4.622489e+00   5.000868e-17   1.631486e-03   6.065499e-19   8316
  4.627854e+00   5.282921e-17   1.608919e-03   6.669403e-19   8622
  4.633459e+00   5.091553e-17   1.597569e-03   6.312795e-19   9006
  4.638817e+00   4.880218e-17   1.610282e-03   6.358255e-19   7698
  4.644188e+00   5.043858e-17   1.545067e-03   6.164648e-19   8406
  4.649796e+00   5.020524e-17   1.648676e-03   5.957655e-19   8646
  4.655134e+00   4.755124e-17   1.566555e-03   6.325866e-19   7014
  4.660482e+00   4.961714e-17   1.557241e-03   5.864858e-19   8510
  4.666168e+00   4.870242e-17   1.641235e-03   6.165452e-19   7890
  4.671505e+00   4.693399e-17   1.574407e-03   6.065366e-19   6966
  4.676764e+00   4.825533e-17   1.504915e-03   5.963411e-19   7902
  4.682374e+00   4.780370e-17   1.641329e-03   6.356917e-19   7278
  4.687828e+00   4.538372e-17   1.612380e-03   6.282996e-19   7338
  4.693196e+00   4.595459e-17   1.493392e-03   6.009609e-19   7254
  4.698697e+00   4.774389e-17   1.608386e-03   6.297179e-19   6678
  4.704032e+00   4.421669e-17   1.606870e-03   5.529774e-19   7286
  4.709691e+00   4.600814e-17   1.589718e-03   6.092639e-19   7200
  4.715313e+00   4.580313e-17   1.543001e-03   6.233046e-19   6234
  4.720293e+00   4.278268e-17   1.546551e-03   5.506473e-19   6630
  4.725937e+00   4.381691e-17   1.594739e-03   5.912057e-19   6822
  4.731533e+00   4.158457e-17   1.502372e-03   5.566618e-19   6078
  4.736631e+00   4.403726e-17   1.597130e-03   5.654541e-19   6528
  4.742272e+00   4.458311e-17   1.526400e-03   6.304679e-19   6034
  4.747672e+00   4.118025e-17   1.563107e-03   5.441131e-19   6190
  4.753036e+00   4.336142e-17   1.605909e-03   6.081655e-19   6270
  4.758704e+00   4.257494e-17   1.444203e-03   6.272601e-19   5520
  4.763890e+00   4.014718e-17   1.616958e-03   5.371155e-19   6126
  4.769317e+00   4.208224e-17   1.511987e-03   6.210453e-19   5562
  4.775011e+00   4.091679e-17   1.511880e-03   5.839618e-19   5790
  4.780175e+00   4.064740e-17   1.547880e-03   5.707352e-19   5496
  4.785646e+00   4.229261e-17   1.559064e-03   5.931735e-19   5262
  4.791216e+00   4.090916e-17   1.535486e-03   5.488729e-19   5774
  4.796542e+00   3.962076e-17   1.521126e-03   5.896760e-19   5124
  4.802154e+00   4.005343e-17   1.525856e-03   6.025488e-19   5070
  4.807432e+00   3.812482e-17   1.588341e-03   5.492332e-19   5430
  4.812826e+00   3.887349e-17   1.483666e-03   5.795675e-19   4680
  4.818540e+00   3.853301e-17   1.536582e-03   5.486070e-19   5370
  4.823790e+00   3.935489e-17   1.468016e-03   6.194049e-19   4638
  4.829137e+00   3.974473e-17   1.543205e-03   6.381623e-19   4536
  4.834713e+00   3.887555e-17   1.545277e-03   5.808937e-19   5222
  4.840070e+00   3.799151e-17   1.418031e-03   6.186797e-19   4254
  4.845561e+00   3.821737e-17   1.563113e-03   5.962843e-19   4548
  4.850865e+00   3.911635e-17   1.515896e-03   6.032363e-19   4638
  4.856279e+00   3.984087e-17   1.496620e-03   6.187106e-19   4176
  4.861899e+00   3.788799e-17   1.501804e-03   5.836442e-19   4518
  4.867234e+00   3.714988e-17   1.513137e-03   5.846226e-19   4278
  4.872549e+00   4.005618e-17   1.464028e-03   6.881931e-19   3732
  4.877994e+00   3.540813e-17   1.546653e-03   5.405716e-19   4502
  4.883481e+00   3.817659e-17   1.503470e-03   6.466241e-19   3984
  4.889020e+00   3.910771e-17   1.557569e-03   6.365550e-19   3726
  4.894174e+00   3.661885e-17   1.501292e-03   5.754167e-19   4014
  4.899605e+00   3.798802e-17   1.574381e-03   6.451663e-19   3756
  4.905398e+00   3.615719e-17   1.580112e-03   6.142353e-19   3894
  4.910659e+00   3.623540e-17   1.546203e-03   6.231813e-19   3744
  4.915968e+00   3.598445e-17   1.571823e-03   6.827887e-19   3174
  4.921505e+00   3.518829e-17   1.608835e-03   5.885576e-19   3968
  4.926991e+00   3.629293e-17   1.622395e-03   6.279275e-19   3522
  4.932722e+00   3.707432e-17   1.666295e-03   6.833622e-19   3198
  4.937920e+00   3.582737e-17   1.632144e-03   5.990427e-19   3648
  4.943345e+00   3.476414e-17   1.659133e-03   6.333263e-19   3054
  4.949062e+00   3.393535e-17   1.560433e-03   5.808668e-19   3312
  4.954266e+00   3.436069e-17   1.648372e-03   6.347011e-19   3354
  4.959775e+00   3.326435e-17   1.630010e-03   6.552356e-19   2624
  4.965165e+00   3.226121e-17   1.590230e-03   5.594361e-19   3462
  4.970648e+00   3.513945e-17   1.658767e-03   6.684447e-19   2976
  4.976433e+00   3.466111e-17   1.570247e-03   6.727520e-19   2670
  4.981450e+00   3.509725e-17   1.634562e-03   6.520701e-19   3186
  4.986828e+00   3.273117e-17   1.526978e-03   7.149514e-19   2376
  4.992553e+00   3.350272e-17   1.609692e-03   6.371939e-19   3102
  4.997840e+00   3.426582e-17   1.575648e-03   6.476902e-19   2688
  5.003337e+00   3.386239e-17   1.643829e-03   7.547652e-19   2286
  5.008726e+00   3.259882e-17   1.585579e-03   6.417392e-19   3020
  5.014174e+00   3.380406e-17   1.510259e-03   7.312699e-19   2310
  5.019958e+00   3.396782e-17   1.669065e-03   6.847089e-19   2544
  5.025112e+00   3.257957e-17   1.556079e-03   6.673137e-19   2526
  5.030503e+00   3.330939e-17   1.598055e-03   7.299985e-19   2112
  5.036149e+00   3.375543e-17   1.535784e-03   6.901962e-19   2538
  5.041490e+00   3.381899e-17   1.597743e-03   7.469271e-19   2304
  5.046925e+00   3.342155e-17   1.576461e-03   8.158591e-19   1902
  5.052197e+00   3.075126e-17   1.506026e-03   6.851922e-19   2408
  5.057655e+00   3.434337e-17   1.588655e-03   7.344567e-19   2094
  5.063468e+00   3.255525e-17   1.618622e-03   7.280219e-19   2028
  5.068570e+00   3.147294e-17   1.535323e-03   7.049099e-19   2094
  5.073985e+00   3.382804e-17   1.674958e-03   7.858474e-19   1920
  5.079736e+00   3.238594e-17   1.412176e-03   7.319287e-19   1926
  5.084997e+00   3.282978e-17   1.648354e-03   7.193360e-19   2088
  5.090349e+00   3.347713e-17   1.445979e-03   9.329381e-19   1434
  5.095727e+00   3.198772e-17   1.528869e-03   7.180787e-19   2048
  5.101055e+00   3.304293e-17   1.524439e-03   8.041475e-19   1758
  5.106921e+00   3.127801e-17   1.681850e-03   8.863742e-19   1584
  5.112297e+00   3.249255e-17   1.666289e-03   7.371323e-19   1998
  5.117737e+00   3.365458e-17   1.517710e-03   9.124890e-19   1428
  5.123436e+00   3.323066e-17   1.270388e-03   9.119717e-19   1488
  5.128415e+00   3.230179e-17   1.618345e-03   7.940527e-19   1806
  5.133668e+00   3.358224e-17   1.473287e-03   9.723470e-19   1040
  5.139281e+00   3.121681e-17   1.543732e-03   7.590137e-19   1782
  5.144417e+00   3.255038e-17   1.459353e-03   8.710613e-19   1428
  5.150558e+00   3.263038e-17   1.752291e-03   9.172048e-19   1206
  5.155754e+00   3.243986e-17   1.628015e-03   7.759580e-19   1728
  5.160990e+00   3.242264e-17   1.525739e-03   1.064888e-18   1038
  5.167027e+00   2.999084e-17   1.237946e-03   8.646159e-19   1248
  5.171798e+00   3.258525e-17   1.578785e-03   8.411142e-19   1530
  5.177034e+00   3.365773e-17   1.447012e-03   1.426906e-18   656
  5.182884e+00   3.347389e-17   1.622270e-03   8.541723e-19   1662
  5.187826e+00   3.199707e-17   1.343030e-03   1.118859e-18   1008
  5.194344e+00   3.179239e-17   1.783380e-03   9.995644e-19   960
  5.199238e+00   3.042001e-17   1.533522e-03   8.392978e-19   1458
  5.204352e+00   3.288471e-17   1.515264e-03   1.319874e-18   672
  5.210626e+00   3.034046e-17   1.187605e-03   9.414334e-19   1062
  5.215066e+00   3.219529e-17   1.540654e-03   9.276490e-19   1224
  5.220385e+00   3.554304e-17   1.345767e-03   1.815934e-18   374
  5.226378e+00   3.225747e-17   1.617607e-03   8.361709e-19   1512
  5.231226e+00   3.676885e-17   1.355537e-03   1.487369e-18   666
  5.238164e+00   3.334668e-17   1.657312e-03   1.197476e-18   720
  5.242515e+00   3.251086e-17   1.484148e-03   9.470190e-19   1224
  5.247863e+00   3.237698e-17   1.475424e-03   1.640184e-18   390
  5.254263e+00   3.286408e-17   1.097036e-03   1.092163e-18   936
  5.258334e+00   3.218958e-17   1.565258e-03   1.071024e-18   882
  5.264148e+00   3.025107e-17   1.528292e-03   2.056731e-18   216
  5.269800e+00   3.057357e-17   1.517469e-03   8.868231e-19   1286
  5.274591e+00   3.097970e-17   1.267641e-03   1.626096e-18   384
  5.281913e+00   3.060381e-17   1.595845e-03   1.286524e-18   576
  5.285704e+00   2.973927e-17   1.430314e-03   1.045791e-18   930
  5.291130e+00   2.907831e-17   1.405067e-03   1.944343e-18   216
  5.298050e+00   3.137862e-17   1.127871e-03   1.061152e-18   918
  5.302037e+00   3.286287e-17   1.519148e-03   1.664954e-18   480
  5.307441e+00   3.209127e-17   1.280066e-03   3.051364e-18   78
  5.313052e+00   3.190339e-17   1.383681e-03   9.815307e-19   1052
  5.318233e+00   2.838744e-17   1.611134e-03   1.605346e-18   240
  5.326163e+00   2.916382e-17   5.882336e-04   1.516373e-18   438
  5.328872e+00   3.641646e-17   1.360971e-03   1.410066e-18   648
  5.333924e+00   3.208003e-17   1.123687e-03   3.297427e-18   78
  5.341457e+00   3.329907e-17   9.804401e-04   1.176540e-18   780
  5.345244e+00   3.409248e-17   1.368055e-03   2.185841e-18   240
  5.349910e+00   3.767042e-17   0.000000e+00   1.224441e-17   6
  5.356198e+00   3.282362e-17   1.253222e-03   1.046260e-18   824
  5.360748e+00   3.011107e-17   9.688384e-04   2.980327e-18   78
  5.369722e+00   3.071152e-17   5.065474e-04   1.370931e-18   432
  5.372065e+00   3.272702e-17   1.225115e-03   1.680650e-18   348
  5.376527e+00   2.666969e-17   0.000000e+00   5.800958e-18   6
  5.384681e+00   3.054695e-17   8.661160e-04   1.410069e-18   600
  5.387907e+00   3.078402e-17   8.155581e-04   3.054225e-18   78
  5.399271e+00   3.306074e-17   1.072115e-03   1.421558e-18   572
  5.403481e+00   2.458888e-17   0.000000e+00   1.166818e-17   6
  5.413189e+00   3.167896e-17   5.033701e-04   1.579724e-18   384
  5.415134e+00   3.247058e-17   7.482049e-04   3.484634e-18   102
  5.427858e+00   3.238574e-17   7.359585e-04   1.806442e-18   396
  5.430766e+00   6.216841e-17   0.000000e+00   1.307170e-17   6
  5.442225e+00   3.722383e-17   6.658608e-04   1.951762e-18   326
  5.456526e+00   3.604459e-17   4.630285e-04   2.224206e-18   252
  5.458378e+00   5.246314e-17   0.000000e+00   7.065962e-18   6
  5.470933e+00   3.869906e-17   4.213345e-04   2.459198e-18   198
  5.485317e+00   3.395638e-17   3.214857e-04   3.201967e-18   146
  5.499721e+00   3.784699e-17   2.359708e-04   3.521124e-18   102
  5.514144e+00   3.591222e-17   1.639936e-04   2.355127e-18   66
  5.528587e+00   3.817821e-17   1.041522e-04   5.470513e-18   38
  5.543047e+00   4.672069e-17   5.371851e-05   9.759404e-18   18
  5.557519e+00   1.833250e-17   5.754450e-08   1.261114e-18   6
