# power spectrum of chi
# redshift z=30.000000
# k              Pk             sigma(k)       sigma(Pk)      count
  2.513274e-02   4.535510e-21   2.247832e-10   1.547406e-21   6
  3.554306e-02   1.638181e-20   0.000000e+00   4.270716e-21   12
  4.353118e-02   9.201523e-21   4.768372e-10   3.964962e-21   8
  5.026548e-02   6.385937e-21   4.495664e-10   2.604835e-21   6
  5.619852e-02   6.017403e-21   8.991328e-10   1.374879e-21   24
  6.156239e-02   6.977979e-21   6.357829e-10   9.803432e-22   24
  7.416620e-02   6.207172e-21   1.948007e-03   9.460116e-22   42
  7.947671e-02   2.435497e-21   0.000000e+00   4.749481e-22   24
  8.335587e-02   3.659545e-21   1.557344e-09   7.530392e-22   24
  8.972863e-02   2.715829e-21   1.539368e-03   6.308059e-22   32
  9.403811e-02   2.627685e-21   0.000000e+00   3.958103e-22   48
  1.005310e-01   8.928244e-22   8.991328e-10   2.109209e-22   6
  1.049125e-01   1.688073e-21   1.486715e-03   1.999995e-22   84
  1.109741e-01   1.654859e-21   1.422978e-03   1.975807e-22   48
  1.160761e-01   1.635533e-21   1.277655e-03   1.536972e-22   72
  1.231248e-01   1.008756e-21   1.271566e-09   1.407592e-22   24
  1.274204e-01   1.106774e-21   1.133933e-03   1.098469e-22   102
  1.338823e-01   8.397017e-22   2.192492e-03   7.214699e-23   104
  1.376577e-01   6.482456e-22   0.000000e+00   9.984795e-23   48
  1.450967e-01   7.089975e-22   1.454852e-03   7.092676e-23   108
  1.494985e-01   7.931530e-22   1.026108e-03   1.012137e-22   78
  1.544156e-01   5.981585e-22   8.885963e-04   5.985961e-23   96
  1.612033e-01   4.342266e-22   1.252396e-03   3.794364e-23   168
  1.674610e-01   4.463118e-22   1.514588e-03   3.695642e-23   120
  1.704585e-01   2.663818e-22   0.000000e+00   3.755553e-23   48
  1.775076e-01   3.784943e-22   1.466362e-03   2.450767e-23   194
  1.836114e-01   2.707303e-22   1.199745e-03   2.011574e-23   192
  1.889121e-01   2.323418e-22   8.359107e-04   2.417014e-23   96
  1.926375e-01   2.452307e-22   7.114371e-04   2.137580e-23   96
  1.973415e-01   1.944434e-22   1.049518e-03   1.814734e-23   174
  2.036605e-01   1.899464e-22   1.032544e-03   1.543096e-23   216
  2.087655e-01   1.582595e-22   1.069752e-03   1.095914e-23   192
  2.153360e-01   1.037212e-22   1.134051e-03   8.159729e-24   204
  2.199701e-01   1.342904e-22   1.553116e-03   1.036672e-23   224
  2.263855e-01   1.068435e-22   8.767448e-04   7.695300e-24   174
  2.313653e-01   1.214422e-22   1.685384e-03   6.926839e-24   288
  2.375440e-01   7.935175e-23   8.296829e-04   4.734079e-24   288
  2.423661e-01   8.376213e-23   1.600294e-03   4.568256e-24   192
  2.486778e-01   7.819752e-23   1.171093e-03   4.707725e-24   252
  2.526714e-01   6.512132e-23   6.978544e-04   3.993897e-24   246
  2.580960e-01   6.472660e-23   1.324197e-03   3.320094e-24   312
  2.629351e-01   5.753470e-23   8.554600e-04   3.448403e-24   248
  2.695776e-01   4.478010e-23   1.809641e-03   2.077396e-24   432
  2.749286e-01   4.337544e-23   1.515534e-03   3.153066e-24   198
  2.802165e-01   3.974045e-23   1.832967e-03   2.115394e-24   456
  2.863920e-01   3.868983e-23   1.069655e-03   2.112929e-24   324
  2.907627e-01   3.542752e-23   1.266356e-03   2.221852e-24   312
  2.961810e-01   3.167697e-23   1.588477e-03   1.411594e-24   408
  3.029220e-01   2.844092e-23   1.466968e-03   1.305611e-24   414
  3.075580e-01   2.425576e-23   1.269406e-03   1.325564e-24   392
  3.123025e-01   1.957947e-23   1.430245e-03   9.917679e-25   408
  3.185470e-01   2.143039e-23   1.518117e-03   9.386199e-25   444
  3.232898e-01   2.436194e-23   1.227263e-03   1.364053e-24   360
  3.293455e-01   1.961267e-23   1.684453e-03   6.789868e-25   678
  3.357501e-01   1.567672e-23   1.079705e-03   7.596763e-25   360
  3.406722e-01   1.554073e-23   1.778081e-03   5.947616e-25   648
  3.453647e-01   1.481433e-23   8.217968e-04   8.004718e-25   288
  3.513418e-01   1.395207e-23   1.531028e-03   5.224574e-25   686
  3.569625e-01   1.322140e-23   1.138289e-03   6.313714e-25   444
  3.620452e-01   1.250149e-23   1.580989e-03   4.655708e-25   696
  3.671010e-01   1.195264e-23   1.502020e-03   5.458123e-25   408
  3.725872e-01   8.743618e-24   1.554025e-03   3.411170e-25   648
  3.782992e-01   9.874110e-24   1.360625e-03   3.845801e-25   582
  3.833918e-01   8.124433e-24   1.703041e-03   3.075771e-25   744
  3.890113e-01   7.408043e-24   1.700144e-03   2.991666e-25   516
  3.941882e-01   7.165335e-24   1.645265e-03   2.493215e-25   728
  3.989676e-01   7.742599e-24   1.363195e-03   3.190080e-25   558
  4.047392e-01   6.207793e-24   1.374231e-03   2.202506e-25   768
  4.109960e-01   6.407355e-24   1.593026e-03   2.057942e-25   960
  4.164620e-01   5.490033e-24   1.114439e-03   2.077669e-25   576
  4.217163e-01   5.700665e-24   1.808947e-03   1.985079e-25   816
  4.273742e-01   5.565870e-24   1.395616e-03   1.980751e-25   666
  4.323421e-01   4.928162e-24   1.636664e-03   1.544824e-25   960
  4.382783e-01   4.825019e-24   1.614107e-03   1.605193e-25   824
  4.440386e-01   4.067536e-24   1.777416e-03   1.347069e-25   936
  4.493430e-01   3.919853e-24   1.321819e-03   1.465821e-25   624
  4.542288e-01   3.569119e-24   1.556102e-03   1.108827e-25   1062
  4.599003e-01   3.283810e-24   1.695132e-03   1.265474e-25   732
  4.648741e-01   2.971286e-24   1.470856e-03   9.488018e-26   1080
  4.708074e-01   3.340146e-24   1.603534e-03   1.185038e-25   936
  4.761732e-01   2.730549e-24   1.731990e-03   9.887115e-26   878
  4.818260e-01   2.833011e-24   1.755225e-03   8.626744e-26   1152
  4.870749e-01   2.635907e-24   1.356663e-03   7.991583e-26   1056
  4.926568e-01   2.593892e-24   1.602363e-03   8.736442e-26   864
  4.976423e-01   2.218349e-24   1.565217e-03   6.907266e-26   1092
  5.036015e-01   2.162640e-24   1.653531e-03   6.652773e-26   1206
  5.092782e-01   2.102383e-24   1.678014e-03   6.118753e-26   1248
  5.145213e-01   2.045657e-24   1.137149e-03   6.702272e-26   864
  5.191890e-01   1.799359e-24   1.180642e-03   5.117253e-26   1152
  5.252742e-01   1.782911e-24   1.757644e-03   4.877761e-26   1382
  5.312134e-01   1.709242e-24   1.566451e-03   4.897816e-26   1188
  5.364142e-01   1.655901e-24   1.659855e-03   4.784946e-26   1248
  5.413249e-01   1.543277e-24   1.574532e-03   4.556779e-26   1152
  5.467138e-01   1.489336e-24   1.729118e-03   4.524960e-26   1320
  5.526917e-01   1.351620e-24   1.146028e-03   3.936712e-26   1206
  5.576517e-01   1.367032e-24   1.665023e-03   3.508007e-26   1560
  5.635439e-01   1.225815e-24   1.549958e-03   3.225291e-26   1280
  5.685850e-01   1.207382e-24   1.560520e-03   3.274921e-26   1308
  5.741001e-01   1.091966e-24   1.566129e-03   2.880859e-26   1512
  5.795940e-01   1.136987e-24   1.277777e-03   3.145467e-26   1350
  5.852552e-01   1.037353e-24   1.688249e-03   2.559860e-26   1608
  5.900948e-01   9.475828e-25   1.451867e-03   2.681395e-26   1320
  5.957309e-01   8.937588e-25   1.748946e-03   2.133902e-26   1656
  6.008045e-01   8.706407e-25   1.374965e-03   2.530587e-26   1254
  6.066730e-01   8.267761e-25   1.569270e-03   1.876093e-26   1932
  6.122044e-01   8.244881e-25   1.409199e-03   2.179894e-26   1640
  6.176544e-01   7.640869e-25   1.462843e-03   1.932005e-26   1488
  6.227944e-01   7.062993e-25   1.414095e-03   1.733183e-26   1560
  6.286404e-01   7.166726e-25   1.698486e-03   1.515682e-26   2046
  6.340669e-01   6.799043e-25   1.523538e-03   1.784136e-26   1512
  6.393232e-01   6.235915e-25   1.516165e-03   1.498319e-26   1764
  6.445652e-01   6.099497e-25   1.511671e-03   1.452190e-26   1776
  6.499746e-01   5.784758e-25   1.817211e-03   1.517967e-26   1704
  6.557781e-01   5.211464e-25   1.779589e-03   1.153995e-26   2126
  6.610046e-01   5.032644e-25   1.236245e-03   1.229632e-26   1632
  6.662499e-01   5.371383e-25   1.646884e-03   1.216068e-26   2064
  6.715382e-01   4.779662e-25   1.357901e-03   1.174122e-26   1680
  6.772924e-01   4.507370e-25   1.523137e-03   1.028867e-26   2154
  6.826481e-01   4.452043e-25   1.541852e-03   9.720114e-27   2016
  6.884154e-01   4.157809e-25   1.692697e-03   8.115536e-27   2304
  6.937001e-01   4.169937e-25   1.347609e-03   1.053561e-26   1680
  6.991903e-01   4.049975e-25   1.561166e-03   7.772541e-27   2432
  7.046941e-01   3.887525e-25   1.538311e-03   9.097230e-27   1902
  7.101567e-01   3.520465e-25   1.581895e-03   7.263596e-27   2292
  7.150285e-01   3.449304e-25   1.252979e-03   8.175876e-27   1992
  7.208092e-01   3.355823e-25   1.606146e-03   6.890038e-27   2568
  7.263678e-01   2.820805e-25   1.402295e-03   6.762785e-27   1806
  7.319849e-01   2.918528e-25   1.724889e-03   5.346629e-27   3000
  7.376724e-01   2.898474e-25   1.569594e-03   6.646476e-27   2016
  7.424201e-01   2.955231e-25   1.465108e-03   6.317103e-27   2168
  7.478330e-01   2.615169e-25   1.496073e-03   5.151925e-27   2412
  7.534914e-01   2.705459e-25   1.636470e-03   5.256961e-27   2550
  7.589365e-01   2.571401e-25   1.624710e-03   5.171536e-27   2592
  7.646194e-01   2.313050e-25   1.496749e-03   4.559017e-27   2496
  7.700227e-01   2.366308e-25   1.655767e-03   4.582609e-27   2688
  7.754124e-01   2.322778e-25   1.430386e-03   4.755351e-27   2424
  7.810929e-01   2.104245e-25   1.312547e-03   4.107763e-27   2634
  7.862125e-01   2.068950e-25   1.574459e-03   4.210374e-27   2552
  7.913127e-01   1.998981e-25   1.651778e-03   3.451570e-27   2832
  7.969736e-01   1.907002e-25   1.568612e-03   3.862970e-27   2424
  8.025554e-01   1.813577e-25   1.740010e-03   3.239932e-27   3198
  8.077809e-01   1.818351e-25   1.388970e-03   3.704484e-27   2400
  8.133203e-01   1.676819e-25   1.597724e-03   2.958980e-27   3336
  8.190443e-01   1.648048e-25   1.344782e-03   3.127334e-27   2508
  8.240739e-01   1.581107e-25   1.620807e-03   2.925235e-27   3104
  8.299549e-01   1.504121e-25   1.630675e-03   2.815560e-27   2934
  8.352548e-01   1.486016e-25   1.499159e-03   2.616576e-27   3120
  8.410021e-01   1.463306e-25   1.672615e-03   2.459229e-27   3288
  8.462971e-01   1.378674e-25   1.408091e-03   2.565614e-27   2808
  8.517341e-01   1.294315e-25   1.767149e-03   2.403256e-27   2988
  8.572072e-01   1.301918e-25   1.617824e-03   2.251114e-27   3486
  8.625080e-01   1.258571e-25   1.531395e-03   2.298874e-27   3000
  8.676262e-01   1.201344e-25   1.332104e-03   2.084210e-27   3024
  8.733607e-01   1.176014e-25   1.466916e-03   1.929809e-27   3584
  8.791129e-01   1.123483e-25   1.571450e-03   1.896874e-27   3486
  8.844786e-01   1.094946e-25   1.415254e-03   1.905943e-27   3120
  8.897252e-01   1.040542e-25   1.397521e-03   1.794090e-27   3396
  8.950216e-01   9.727738e-26   1.596634e-03   1.582908e-27   3552
  9.006758e-01   9.762282e-26   1.536565e-03   1.687045e-27   3384
  9.062646e-01   9.365279e-26   1.564378e-03   1.602102e-27   3726
  9.115861e-01   9.184226e-26   1.516080e-03   1.622102e-27   3344
  9.166417e-01   8.912036e-26   1.557833e-03   1.477055e-27   3744
  9.224231e-01   8.319616e-26   1.516451e-03   1.346199e-27   3540
  9.278433e-01   8.202876e-26   1.609838e-03   1.353865e-27   3822
  9.335305e-01   7.960140e-26   1.580500e-03   1.253771e-27   4056
  9.387066e-01   8.008636e-26   1.452506e-03   1.376723e-27   3288
  9.441340e-01   7.423581e-26   1.677753e-03   1.167597e-27   4056
  9.494626e-01   7.312448e-26   1.536843e-03   1.190642e-27   3984
  9.552959e-01   7.067164e-26   1.413015e-03   1.206337e-27   3662
  9.602370e-01   7.011698e-26   1.541776e-03   1.123657e-27   3828
  9.658108e-01   6.427319e-26   1.742991e-03   9.612316e-28   4632
  9.713679e-01   6.229411e-26   1.345609e-03   1.032983e-27   3600
  9.769230e-01   6.151304e-26   1.597718e-03   9.364780e-28   4320
  9.821794e-01   6.211426e-26   1.253511e-03   1.021157e-27   3918
  9.874859e-01   5.920816e-26   1.442268e-03   9.297580e-28   4200
  9.928210e-01   5.862611e-26   1.636673e-03   8.964470e-28   4188
  9.983519e-01   5.373892e-26   1.662286e-03   8.198435e-28   4360
  1.003968e+00   5.173118e-26   1.662160e-03   7.687484e-28   4582
  1.009399e+00   5.069624e-26   1.477494e-03   8.142441e-28   4128
  1.014920e+00   4.987255e-26   1.587216e-03   7.312061e-28   4752
  1.020120e+00   4.889067e-26   1.461112e-03   7.701183e-28   4176
  1.025775e+00   4.856740e-26   1.680085e-03   7.003608e-28   4848
  1.031437e+00   4.514837e-26   1.459747e-03   6.798380e-28   4338
  1.036771e+00   4.361934e-26   1.593174e-03   5.894330e-28   5160
  1.042045e+00   4.346496e-26   1.291598e-03   6.953833e-28   4008
  1.047767e+00   4.137949e-26   1.707442e-03   5.709112e-28   5360
  1.053032e+00   4.095875e-26   1.588217e-03   6.521028e-28   4110
  1.058510e+00   3.988081e-26   1.701535e-03   5.470462e-28   5424
  1.063733e+00   3.989072e-26   1.454921e-03   6.270217e-28   4140
  1.069227e+00   3.788548e-26   1.625576e-03   4.959728e-28   5664
  1.074866e+00   3.645871e-26   1.412853e-03   5.443393e-28   4632
  1.080236e+00   3.490677e-26   1.490235e-03   5.187305e-28   4902
  1.085555e+00   3.544148e-26   1.592485e-03   5.127270e-28   5072
  1.090999e+00   3.405606e-26   1.501653e-03   4.850378e-28   5472
  1.096387e+00   3.367151e-26   1.526101e-03   4.820781e-28   4704
  1.101916e+00   3.298135e-26   1.676374e-03   4.742551e-28   5436
  1.107545e+00   3.063450e-26   1.596128e-03   4.035760e-28   5646
  1.112664e+00   3.021514e-26   1.428200e-03   4.674258e-28   4512
  1.118112e+00   2.908344e-26   1.824161e-03   3.788422e-28   6120
  1.123729e+00   2.792959e-26   1.411269e-03   3.860380e-28   5112
  1.129131e+00   2.761016e-26   1.667779e-03   3.661945e-28   5606
  1.134567e+00   2.679258e-26   1.554272e-03   3.582876e-28   5328
  1.139989e+00   2.660192e-26   1.565953e-03   3.352296e-28   5964
  1.145435e+00   2.605115e-26   1.590472e-03   3.572599e-28   5448
  1.150957e+00   2.538623e-26   1.628706e-03   3.347519e-28   5904
  1.156600e+00   2.458369e-26   1.600579e-03   3.332278e-28   5598
  1.161806e+00   2.347301e-26   1.501909e-03   3.008406e-28   5952
  1.167187e+00   2.278836e-26   1.643126e-03   3.097650e-28   5688
  1.172631e+00   2.194045e-26   1.575513e-03   2.921997e-28   5876
  1.177964e+00   2.163364e-26   1.536673e-03   2.870996e-28   5784
  1.183501e+00   2.057557e-26   1.532901e-03   2.533357e-28   6462
  1.189054e+00   2.069569e-26   1.653348e-03   2.841350e-28   5688
  1.194197e+00   2.018731e-26   1.525430e-03   2.478564e-28   6408
  1.199756e+00   1.951352e-26   1.574800e-03   2.588289e-28   6000
  1.205422e+00   1.867728e-26   1.694655e-03   2.361926e-28   6582
  1.211021e+00   1.836975e-26   1.612876e-03   2.233784e-28   6564
  1.216263e+00   1.823863e-26   1.422140e-03   2.359218e-28   6048
  1.221699e+00   1.782872e-26   1.629773e-03   2.212088e-28   6512
  1.227397e+00   1.694568e-26   1.620133e-03   2.008376e-28   6816
  1.232850e+00   1.630957e-26   1.416896e-03   2.038280e-28   6222
  1.237968e+00   1.667411e-26   1.476334e-03   2.115136e-28   6432
  1.243434e+00   1.575506e-26   1.553938e-03   1.927196e-28   6804
  1.248868e+00   1.582336e-26   1.464733e-03   2.017432e-28   6432
  1.254187e+00   1.508634e-26   1.722345e-03   1.817563e-28   6846
  1.259590e+00   1.497807e-26   1.572729e-03   1.874455e-28   6424
  1.264755e+00   1.458882e-26   1.411534e-03   1.820058e-28   6952
  1.270430e+00   1.467578e-26   1.700917e-03   1.719704e-28   7560
  1.276003e+00   1.398266e-26   1.461590e-03   1.770979e-28   6648
  1.281750e+00   1.339453e-26   1.606071e-03   1.557945e-28   7578
  1.286810e+00   1.331475e-26   1.450151e-03   1.657740e-28   6552
  1.292277e+00   1.297961e-26   1.596662e-03   1.543793e-28   7536
  1.297851e+00   1.236747e-26   1.461180e-03   1.517950e-28   7272
  1.303277e+00   1.222039e-26   1.556497e-03   1.444562e-28   6936
  1.308485e+00   1.198457e-26   1.596343e-03   1.391240e-28   7430
  1.314120e+00   1.160392e-26   1.672052e-03   1.353557e-28   7644
  1.319350e+00   1.154291e-26   1.489238e-03   1.369453e-28   7248
  1.325034e+00   1.100826e-26   1.703671e-03   1.227757e-28   8232
  1.330590e+00   1.066382e-26   1.553617e-03   1.257764e-28   7038
  1.335931e+00   1.055207e-26   1.510189e-03   1.186107e-28   7824
  1.341174e+00   1.046098e-26   1.590763e-03   1.211787e-28   7752
  1.346585e+00   1.024767e-26   1.605043e-03   1.219482e-28   7480
  1.352208e+00   9.715756e-27   1.618933e-03   1.039890e-28   8404
  1.357671e+00   9.888797e-27   1.503855e-03   1.126726e-28   7614
  1.362913e+00   9.115693e-27   1.575108e-03   1.046920e-28   7776
  1.368188e+00   9.289275e-27   1.502776e-03   1.038130e-28   7944
  1.373702e+00   9.107461e-27   1.562607e-03   1.027874e-28   8424
  1.379142e+00   8.843021e-27   1.533354e-03   9.998778e-29   7872
  1.384762e+00   8.600153e-27   1.540830e-03   9.535731e-29   8658
  1.390152e+00   8.110173e-27   1.537871e-03   8.966217e-29   8352
  1.395701e+00   8.104509e-27   1.544872e-03   8.630821e-29   8648
  1.400946e+00   7.948863e-27   1.463868e-03   9.040760e-29   7680
  1.406459e+00   7.870102e-27   1.524971e-03   8.551233e-29   8646
  1.411581e+00   7.718195e-27   1.477493e-03   8.394557e-29   8448
  1.417243e+00   7.649809e-27   1.570023e-03   7.964409e-29   9120
  1.422706e+00   7.403483e-27   1.534210e-03   8.067040e-29   8316
  1.428231e+00   7.112641e-27   1.655901e-03   7.212649e-29   9504
  1.433780e+00   7.053815e-27   1.505873e-03   8.202013e-29   8358
  1.439318e+00   6.910422e-27   1.591741e-03   7.254403e-29   9584
  1.444669e+00   6.694269e-27   1.523180e-03   7.124772e-29   8616
  1.450194e+00   6.620209e-27   1.658401e-03   6.979014e-29   9432
  1.455837e+00   6.316487e-27   1.687074e-03   6.555863e-29   9018
  1.460959e+00   6.104625e-27   1.428118e-03   6.631815e-29   8568
  1.466312e+00   6.087707e-27   1.589614e-03   6.044646e-29   9816
  1.471848e+00   5.980445e-27   1.504950e-03   6.298426e-29   9000
  1.477320e+00   5.939142e-27   1.574008e-03   6.127067e-29   9504
  1.482769e+00   5.619792e-27   1.610237e-03   5.775737e-29   9446
  1.488128e+00   5.610047e-27   1.539876e-03   5.915658e-29   9696
  1.493639e+00   5.555316e-27   1.432995e-03   5.893181e-29   9180
  1.499052e+00   5.415887e-27   1.656445e-03   5.140830e-29   10512
  1.504580e+00   5.399379e-27   1.565995e-03   5.647611e-29   9048
  1.510050e+00   5.142787e-27   1.502032e-03   5.331073e-29   10014
  1.515115e+00   4.935100e-27   1.465977e-03   5.198828e-29   9096
  1.520624e+00   5.007334e-27   1.678104e-03   4.763851e-29   11088
  1.526481e+00   4.809324e-27   1.632622e-03   4.849568e-29   9860
  1.531846e+00   4.688899e-27   1.547538e-03   4.807922e-29   10110
  1.537226e+00   4.554393e-27   1.610782e-03   4.540587e-29   10104
  1.542638e+00   4.523604e-27   1.527293e-03   4.440178e-29   10392
  1.548117e+00   4.575793e-27   1.580956e-03   4.629151e-29   10104
  1.553700e+00   4.356059e-27   1.636048e-03   4.166891e-29   11352
  1.559389e+00   4.348713e-27   1.498379e-03   4.369702e-29   10014
  1.564440e+00   4.226849e-27   1.383079e-03   4.435841e-29   9636
  1.569783e+00   4.029116e-27   1.639203e-03   3.787559e-29   11552
  1.575422e+00   4.227332e-27   1.523155e-03   4.099160e-29   10488
  1.580867e+00   4.050279e-27   1.590751e-03   4.027884e-29   10254
  1.586166e+00   3.874539e-27   1.497744e-03   3.686866e-29   11304
  1.591672e+00   3.896348e-27   1.520072e-03   3.749745e-29   10872
  1.597152e+00   3.788318e-27   1.630062e-03   3.659582e-29   10932
  1.602461e+00   3.720300e-27   1.470687e-03   3.598944e-29   10848
  1.607949e+00   3.637916e-27   1.538096e-03   3.528875e-29   10998
  1.613393e+00   3.561481e-27   1.616241e-03   3.335862e-29   11720
  1.618857e+00   3.486504e-27   1.486980e-03   3.389867e-29   10776
  1.624233e+00   3.383348e-27   1.626703e-03   3.063323e-29   12072
  1.629803e+00   3.292223e-27   1.491590e-03   3.151905e-29   10704
  1.635146e+00   3.340011e-27   1.530127e-03   3.192276e-29   11730
  1.640724e+00   3.206418e-27   1.589265e-03   3.045256e-29   12144
  1.646103e+00   3.171311e-27   1.505823e-03   3.048039e-29   11568
  1.651732e+00   3.085180e-27   1.628958e-03   2.980446e-29   11552
  1.656794e+00   2.990311e-27   1.470182e-03   2.869875e-29   10926
  1.662301e+00   3.017339e-27   1.665116e-03   2.760186e-29   13032
  1.667699e+00   2.889142e-27   1.360824e-03   2.897958e-29   10776
  1.673163e+00   2.767721e-27   1.675173e-03   2.484799e-29   13116
  1.678750e+00   2.848930e-27   1.576527e-03   2.637803e-29   12288
  1.684254e+00   2.722608e-27   1.448982e-03   2.626355e-29   11262
  1.689407e+00   2.778562e-27   1.565326e-03   2.599951e-29   12672
  1.694949e+00   2.645342e-27   1.534786e-03   2.425589e-29   12624
  1.700444e+00   2.581363e-27   1.539772e-03   2.382789e-29   12392
  1.705894e+00   2.560410e-27   1.578373e-03   2.350291e-29   12060
  1.711417e+00   2.457050e-27   1.664529e-03   2.150974e-29   13662
  1.716714e+00   2.489003e-27   1.437484e-03   2.294892e-29   11592
  1.722229e+00   2.454634e-27   1.708245e-03   2.142980e-29   13776
  1.727732e+00   2.319118e-27   1.452727e-03   2.148447e-29   12240
  1.733259e+00   2.330157e-27   1.673717e-03   2.055941e-29   13662
  1.738451e+00   2.276170e-27   1.438450e-03   2.175370e-29   11520
  1.744057e+00   2.243538e-27   1.657935e-03   1.928724e-29   15044
  1.749584e+00   2.231007e-27   1.490148e-03   2.100064e-29   12384
  1.755011e+00   2.143734e-27   1.568695e-03   1.911675e-29   13176
  1.760324e+00   2.131822e-27   1.420714e-03   1.918518e-29   12798
  1.765805e+00   2.161580e-27   1.613568e-03   1.856309e-29   14376
  1.771131e+00   2.021291e-27   1.533785e-03   1.829119e-29   12528
  1.776603e+00   2.003602e-27   1.610649e-03   1.723707e-29   14100
  1.781897e+00   2.033193e-27   1.461405e-03   1.862255e-29   12630
  1.787364e+00   1.997371e-27   1.587093e-03   1.679202e-29   14624
  1.792771e+00   1.942076e-27   1.583065e-03   1.721591e-29   13272
  1.798277e+00   1.902760e-27   1.613728e-03   1.604972e-29   14664
  1.803884e+00   1.833699e-27   1.649702e-03   1.575840e-29   14328
  1.809294e+00   1.800890e-27   1.531892e-03   1.618376e-29   13086
  1.814778e+00   1.773879e-27   1.648042e-03   1.460248e-29   15612
  1.820245e+00   1.808802e-27   1.420572e-03   1.576283e-29   13416
  1.825554e+00   1.706288e-27   1.670986e-03   1.482717e-29   14360
  1.831007e+00   1.666447e-27   1.563345e-03   1.429285e-29   14064
  1.836565e+00   1.635551e-27   1.608825e-03   1.361967e-29   15750
  1.842043e+00   1.600586e-27   1.519715e-03   1.406197e-29   13680
  1.847448e+00   1.585286e-27   1.654464e-03   1.297382e-29   15468
  1.852944e+00   1.577010e-27   1.594248e-03   1.338273e-29   14352
  1.858276e+00   1.532784e-27   1.572970e-03   1.302127e-29   14454
  1.863633e+00   1.546615e-27   1.615254e-03   1.297063e-29   15048
  1.869150e+00   1.510008e-27   1.497078e-03   1.216238e-29   15360
  1.874596e+00   1.479980e-27   1.645285e-03   1.230724e-29   15224
  1.880069e+00   1.491021e-27   1.557924e-03   1.255309e-29   15096
  1.885497e+00   1.422500e-27   1.522103e-03   1.204268e-29   14514
  1.890790e+00   1.428898e-27   1.595539e-03   1.152263e-29   16416
  1.896345e+00   1.403969e-27   1.570097e-03   1.143610e-29   15216
  1.902017e+00   1.345354e-27   1.580041e-03   1.053120e-29   16440
  1.907431e+00   1.351482e-27   1.589489e-03   1.132881e-29   14904
  1.912612e+00   1.328469e-27   1.493082e-03   1.105715e-29   15134
  1.918128e+00   1.304047e-27   1.670413e-03   1.036870e-29   16644
  1.923636e+00   1.274302e-27   1.568226e-03   1.021416e-29   16128
  1.929039e+00   1.248586e-27   1.558301e-03   1.042816e-29   15384
  1.934362e+00   1.228377e-27   1.531848e-03   1.026722e-29   15462
  1.939814e+00   1.221118e-27   1.636508e-03   9.610990e-30   17304
  1.945372e+00   1.189814e-27   1.543184e-03   9.676666e-30   16176
  1.950827e+00   1.157459e-27   1.632437e-03   9.291682e-30   16824
  1.956411e+00   1.191139e-27   1.501531e-03   9.606694e-30   15980
  1.961671e+00   1.116017e-27   1.494587e-03   8.830830e-30   16326
  1.966974e+00   1.139644e-27   1.595444e-03   9.352491e-30   16488
  1.972469e+00   1.091052e-27   1.547881e-03   8.555953e-30   16944
  1.977987e+00   1.080861e-27   1.628958e-03   8.367578e-30   17256
  1.983307e+00   1.090176e-27   1.510722e-03   8.677062e-30   15966
  1.988830e+00   1.050054e-27   1.604091e-03   8.220973e-30   17628
  1.994237e+00   1.011486e-27   1.523687e-03   7.798088e-30   17280
  1.999700e+00   1.055411e-27   1.677236e-03   8.338210e-30   17056
  2.005087e+00   1.006222e-27   1.581521e-03   7.665978e-30   17296
  2.010708e+00   9.751237e-28   1.549121e-03   7.444415e-30   17526
  2.016014e+00   9.882559e-28   1.559028e-03   7.679593e-30   17592
  2.021539e+00   9.877678e-28   1.621825e-03   7.668387e-30   17880
  2.026921e+00   9.746596e-28   1.503997e-03   7.649074e-30   17028
  2.032244e+00   9.275907e-28   1.529390e-03   7.303733e-30   17376
  2.037659e+00   9.181631e-28   1.518363e-03   6.956481e-30   18414
  2.043253e+00   9.152223e-28   1.557160e-03   6.985484e-30   17840
  2.048675e+00   8.902099e-28   1.634742e-03   6.736000e-30   18960
  2.054080e+00   8.754088e-28   1.518636e-03   6.963130e-30   16992
  2.059506e+00   8.662951e-28   1.672957e-03   6.580735e-30   18378
  2.064817e+00   8.518876e-28   1.489598e-03   6.524268e-30   18192
  2.070342e+00   8.461855e-28   1.590368e-03   6.362173e-30   19320
  2.075827e+00   8.345289e-28   1.542530e-03   6.410406e-30   17856
  2.081294e+00   8.221272e-28   1.592338e-03   6.207491e-30   19128
  2.086669e+00   7.876186e-28   1.472822e-03   6.127266e-30   18246
  2.092142e+00   8.105254e-28   1.530845e-03   6.004877e-30   19184
  2.097560e+00   7.779636e-28   1.566786e-03   5.747162e-30   18900
  2.103127e+00   7.622656e-28   1.634103e-03   5.652292e-30   19776
  2.108435e+00   7.672740e-28   1.499267e-03   5.933881e-30   17814
  2.113953e+00   7.529118e-28   1.631506e-03   5.478124e-30   19944
  2.119331e+00   7.357588e-28   1.609395e-03   5.286258e-30   19536
  2.124895e+00   7.300755e-28   1.592635e-03   5.364102e-30   20112
  2.130295e+00   7.137519e-28   1.480183e-03   5.590521e-30   18116
  2.135677e+00   7.010064e-28   1.543122e-03   5.095178e-30   19878
  2.140967e+00   7.145020e-28   1.559605e-03   5.283437e-30   19800
  2.146556e+00   7.052398e-28   1.559507e-03   5.198038e-30   20136
  2.152123e+00   6.876725e-28   1.640454e-03   4.961899e-30   20808
  2.157545e+00   6.710765e-28   1.486131e-03   5.049675e-30   19152
  2.162999e+00   6.639600e-28   1.569730e-03   4.816402e-30   20526
  2.168508e+00   6.494501e-28   1.615030e-03   4.785813e-30   20532
  2.173853e+00   6.482860e-28   1.604928e-03   4.671952e-30   20120
  2.179147e+00   6.265024e-28   1.495586e-03   4.589275e-30   19512
  2.184682e+00   6.284696e-28   1.624686e-03   4.436903e-30   21246
  2.190096e+00   6.217448e-28   1.477588e-03   4.660735e-30   20112
  2.195583e+00   6.213662e-28   1.645292e-03   4.450267e-30   22104
  2.201050e+00   6.216046e-28   1.614482e-03   4.675303e-30   19620
  2.206482e+00   5.991539e-28   1.604796e-03   4.290778e-30   21912
  2.211921e+00   5.790868e-28   1.497387e-03   4.273001e-30   20070
  2.217337e+00   5.745319e-28   1.630864e-03   4.035433e-30   22064
  2.222850e+00   5.655698e-28   1.548352e-03   4.039105e-30   21048
  2.228199e+00   5.747609e-28   1.514343e-03   4.105243e-30   21168
  2.233635e+00   5.503310e-28   1.637642e-03   3.926248e-30   21384
  2.239216e+00   5.459925e-28   1.481766e-03   3.821306e-30   22146
  2.244666e+00   5.544177e-28   1.585174e-03   3.866866e-30   22200
  2.250163e+00   5.363537e-28   1.501548e-03   3.792463e-30   21648
  2.255545e+00   5.280078e-28   1.607582e-03   3.792689e-30   21144
  2.260867e+00   5.147727e-28   1.529125e-03   3.683103e-30   21710
  2.266343e+00   5.154091e-28   1.624700e-03   3.536462e-30   23112
  2.271991e+00   5.067073e-28   1.620840e-03   3.498695e-30   23064
  2.277435e+00   5.032860e-28   1.500062e-03   3.639338e-30   21252
  2.282668e+00   4.933578e-28   1.503720e-03   3.468211e-30   22128
  2.288126e+00   5.007285e-28   1.558658e-03   3.517499e-30   22446
  2.293582e+00   4.881990e-28   1.527528e-03   3.291360e-30   22848
  2.298983e+00   4.766629e-28   1.529486e-03   3.249090e-30   23208
  2.304508e+00   4.793320e-28   1.574247e-03   3.416870e-30   22536
  2.309946e+00   4.660930e-28   1.596462e-03   3.316403e-30   22586
  2.315370e+00   4.598274e-28   1.627795e-03   3.118375e-30   24096
  2.320825e+00   4.580866e-28   1.527306e-03   3.201521e-30   22440
  2.326212e+00   4.499041e-28   1.664369e-03   3.082755e-30   23400
  2.331602e+00   4.485461e-28   1.511928e-03   3.119138e-30   23232
  2.337168e+00   4.430642e-28   1.592064e-03   3.072822e-30   23886
  2.342533e+00   4.361665e-28   1.530913e-03   2.966459e-30   23376
  2.347967e+00   4.310897e-28   1.544635e-03   2.906006e-30   23540
  2.353338e+00   4.286024e-28   1.532168e-03   2.872926e-30   24240
  2.358915e+00   4.159713e-28   1.612109e-03   2.777196e-30   23952
  2.364402e+00   4.187335e-28   1.508159e-03   2.785504e-30   24006
  2.369901e+00   4.114408e-28   1.691935e-03   2.777294e-30   25560
  2.375221e+00   4.177315e-28   1.500150e-03   2.923144e-30   22728
  2.380552e+00   3.977697e-28   1.511947e-03   2.781014e-30   23556
  2.385955e+00   4.007844e-28   1.577785e-03   2.656162e-30   25398
  2.391435e+00   3.936493e-28   1.545774e-03   2.670603e-30   24088
  2.396892e+00   3.920493e-28   1.609108e-03   2.553655e-30   25696
  2.402362e+00   3.843265e-28   1.511201e-03   2.641947e-30   24144
  2.407786e+00   3.881655e-28   1.615096e-03   2.614370e-30   25560
  2.413246e+00   3.755305e-28   1.489846e-03   2.503686e-30   24246
  2.418724e+00   3.758534e-28   1.581827e-03   2.502565e-30   26292
  2.424188e+00   3.730524e-28   1.560153e-03   2.471857e-30   25200
  2.429626e+00   3.707340e-28   1.624829e-03   2.471034e-30   25296
  2.434943e+00   3.703393e-28   1.483819e-03   2.492143e-30   24192
  2.440599e+00   3.561884e-28   1.638534e-03   2.254449e-30   28646
  2.446110e+00   3.585997e-28   1.506669e-03   2.433693e-30   24552
  2.451515e+00   3.552509e-28   1.579460e-03   2.319762e-30   25788
  2.456795e+00   3.464405e-28   1.491180e-03   2.257450e-30   25272
  2.462256e+00   3.482665e-28   1.613697e-03   2.293150e-30   26118
  2.467607e+00   3.479783e-28   1.579547e-03   2.272237e-30   26016
  2.473206e+00   3.361364e-28   1.595790e-03   2.187859e-30   27792
  2.478571e+00   3.424406e-28   1.565206e-03   2.353081e-30   25072
  2.483982e+00   3.305730e-28   1.621283e-03   2.152997e-30   26824
  2.489402e+00   3.250855e-28   1.480279e-03   2.106479e-30   26106
  2.494915e+00   3.284615e-28   1.629064e-03   2.088232e-30   28296
  2.500377e+00   3.270282e-28   1.567349e-03   2.137381e-30   26640
  2.505822e+00   3.158855e-28   1.492228e-03   2.076587e-30   26064
  2.511215e+00   3.163542e-28   1.637115e-03   2.009031e-30   27822
  2.516572e+00   3.142208e-28   1.521472e-03   2.071948e-30   26160
  2.522001e+00   3.062389e-28   1.673107e-03   1.953978e-30   28108
  2.527479e+00   3.075245e-28   1.599090e-03   1.999026e-30   27664
  2.532916e+00   3.067282e-28   1.590673e-03   1.964939e-30   27600
  2.538445e+00   2.980760e-28   1.594105e-03   1.905164e-30   27510
  2.543900e+00   2.991765e-28   1.577441e-03   1.878187e-30   28848
  2.549331e+00   2.951087e-28   1.562048e-03   1.892853e-30   27744
  2.554787e+00   2.971698e-28   1.521895e-03   1.912764e-30   27888
  2.560210e+00   2.913437e-28   1.547223e-03   1.897733e-30   27780
  2.565645e+00   2.831240e-28   1.558725e-03   1.771765e-30   28734
  2.571023e+00   2.842842e-28   1.609586e-03   1.783154e-30   28232
  2.576527e+00   2.809725e-28   1.600458e-03   1.747436e-30   29016
  2.581909e+00   2.822076e-28   1.581285e-03   1.807005e-30   28056
  2.587324e+00   2.797648e-28   1.534592e-03   1.775302e-30   28710
  2.592790e+00   2.762473e-28   1.621010e-03   1.732374e-30   29220
  2.598465e+00   2.676471e-28   1.658218e-03   1.621351e-30   31584
  2.603840e+00   2.722197e-28   1.528599e-03   1.787026e-30   26904
  2.609079e+00   2.703634e-28   1.485740e-03   1.714684e-30   28512
  2.614658e+00   2.646702e-28   1.600396e-03   1.610213e-30   30878
  2.620190e+00   2.572870e-28   1.607291e-03   1.569659e-30   30408
  2.625603e+00   2.575328e-28   1.552575e-03   1.630872e-30   28632
  2.630926e+00   2.554629e-28   1.494100e-03   1.634854e-30   28764
  2.636301e+00   2.587124e-28   1.662258e-03   1.590671e-30   30630
  2.641825e+00   2.541381e-28   1.539050e-03   1.583478e-30   30240
  2.647360e+00   2.517288e-28   1.576813e-03   1.541764e-30   31008
  2.652753e+00   2.497766e-28   1.510278e-03   1.568575e-30   29240
  2.658053e+00   2.454825e-28   1.541271e-03   1.540326e-30   30000
  2.663579e+00   2.443577e-28   1.631431e-03   1.508949e-30   30978
  2.669020e+00   2.437483e-28   1.538057e-03   1.497377e-30   30696
  2.674440e+00   2.423710e-28   1.612132e-03   1.512540e-30   31320
  2.679792e+00   2.401284e-28   1.506651e-03   1.490930e-30   29280
  2.685220e+00   2.366454e-28   1.611110e-03   1.471349e-30   31488
  2.690645e+00   2.368012e-28   1.512555e-03   1.432467e-30   31326
  2.696128e+00   2.374160e-28   1.624023e-03   1.476462e-30   31480
  2.701662e+00   2.290401e-28   1.575428e-03   1.372413e-30   32572
  2.707181e+00   2.335078e-28   1.576379e-03   1.441936e-30   31296
  2.712540e+00   2.298556e-28   1.532958e-03   1.394910e-30   30798
  2.718010e+00   2.235935e-28   1.631915e-03   1.377559e-30   32256
  2.723379e+00   2.288022e-28   1.576275e-03   1.401703e-30   32088
  2.728754e+00   2.264243e-28   1.559976e-03   1.403662e-30   30936
  2.734196e+00   2.254442e-28   1.621863e-03   1.362004e-30   33036
  2.739744e+00   2.191448e-28   1.570337e-03   1.329128e-30   31846
  2.745145e+00   2.187986e-28   1.600723e-03   1.282377e-30   33832
  2.750571e+00   2.163439e-28   1.482757e-03   1.361543e-30   30912
  2.755951e+00   2.160438e-28   1.554945e-03   1.295223e-30   32976
  2.761359e+00   2.121946e-28   1.534255e-03   1.277515e-30   32712
  2.766879e+00   2.144888e-28   1.551134e-03   1.278225e-30   33438
  2.772315e+00   2.139015e-28   1.561569e-03   1.302286e-30   32556
  2.777612e+00   2.097624e-28   1.547775e-03   1.280913e-30   33144
  2.783077e+00   2.089145e-28   1.531023e-03   1.260975e-30   33504
  2.788685e+00   2.087652e-28   1.585219e-03   1.257828e-30   33542
  2.794001e+00   2.066493e-28   1.561774e-03   1.235971e-30   33768
  2.799514e+00   2.071463e-28   1.582505e-03   1.235773e-30   34368
  2.804894e+00   2.021507e-28   1.503763e-03   1.256148e-30   32856
  2.810386e+00   2.032608e-28   1.555021e-03   1.213185e-30   34524
  2.815774e+00   2.010902e-28   1.476871e-03   1.211343e-30   33510
  2.821310e+00   1.978811e-28   1.652814e-03   1.140932e-30   35856
  2.826780e+00   1.983636e-28   1.566245e-03   1.206171e-30   33888
  2.832150e+00   1.968574e-28   1.534797e-03   1.191532e-30   33752
  2.837510e+00   1.993742e-28   1.613976e-03   1.216511e-30   34902
  2.843143e+00   1.946154e-28   1.578935e-03   1.146925e-30   35484
  2.848630e+00   1.954957e-28   1.625328e-03   1.126172e-30   36648
  2.854056e+00   1.912709e-28   1.503100e-03   1.155135e-30   33000
  2.859416e+00   1.938196e-28   1.625165e-03   1.156292e-30   35520
  2.864954e+00   1.912613e-28   1.587378e-03   1.126137e-30   36078
  2.870343e+00   1.902627e-28   1.553780e-03   1.129185e-30   34992
  2.875726e+00   1.865047e-28   1.537418e-03   1.112065e-30   35072
  2.881222e+00   1.902380e-28   1.612107e-03   1.100063e-30   36876
  2.886535e+00   1.870503e-28   1.490702e-03   1.142202e-30   33216
  2.891986e+00   1.852195e-28   1.651729e-03   1.048800e-30   38382
  2.897574e+00   1.850566e-28   1.549240e-03   1.097901e-30   36072
  2.903069e+00   1.845081e-28   1.551510e-03   1.064187e-30   37464
  2.908437e+00   1.813229e-28   1.491290e-03   1.096884e-30   34416
  2.913907e+00   1.835257e-28   1.634265e-03   1.074419e-30   37386
  2.919336e+00   1.784739e-28   1.560351e-03   1.037768e-30   37040
  2.924747e+00   1.805740e-28   1.519091e-03   1.075284e-30   36240
  2.930120e+00   1.795546e-28   1.620578e-03   1.039589e-30   36432
  2.935572e+00   1.795817e-28   1.530037e-03   1.051447e-30   37560
  2.941044e+00   1.749085e-28   1.585551e-03   1.003390e-30   37350
  2.946615e+00   1.745268e-28   1.620920e-03   9.910937e-31   38616
  2.952019e+00   1.757326e-28   1.527850e-03   1.025651e-30   37092
  2.957454e+00   1.757641e-28   1.469269e-03   1.026887e-30   37272
  2.962879e+00   1.736401e-28   1.617603e-03   1.012178e-30   37616
  2.968367e+00   1.712106e-28   1.566567e-03   9.876998e-31   38478
  2.973773e+00   1.729312e-28   1.591818e-03   1.018674e-30   37992
  2.979169e+00   1.715366e-28   1.560915e-03   9.926967e-31   38232
  2.984576e+00   1.683429e-28   1.529810e-03   1.004175e-30   36708
  2.989998e+00   1.692342e-28   1.601300e-03   9.672335e-31   39534
  2.995476e+00   1.679052e-28   1.604456e-03   9.724796e-31   39336
  3.000916e+00   1.679086e-28   1.543508e-03   9.866826e-31   37624
  3.006363e+00   1.688003e-28   1.579336e-03   9.596580e-31   40408
  3.011852e+00   1.686840e-28   1.510623e-03   9.907259e-31   38256
  3.017315e+00   1.647942e-28   1.543281e-03   9.599732e-31   39438
  3.022829e+00   1.630492e-28   1.592476e-03   9.240024e-31   40524
  3.028194e+00   1.645180e-28   1.503499e-03   9.549981e-31   38448
  3.033601e+00   1.632648e-28   1.582383e-03   9.654855e-31   39312
  3.038992e+00   1.635909e-28   1.512689e-03   9.701209e-31   38718
  3.044403e+00   1.619649e-28   1.614057e-03   9.191097e-31   40872
  3.049845e+00   1.617978e-28   1.532666e-03   9.316717e-31   40088
  3.055371e+00   1.617818e-28   1.633644e-03   9.082240e-31   40644
  3.060822e+00   1.597081e-28   1.532935e-03   9.183316e-31   40176
  3.066304e+00   1.588837e-28   1.625298e-03   9.211394e-31   40998
  3.071650e+00   1.597973e-28   1.490471e-03   9.407392e-31   39192
  3.077083e+00   1.564120e-28   1.573750e-03   8.797444e-31   41640
  3.082545e+00   1.575763e-28   1.578537e-03   8.802861e-31   41400
  3.087927e+00   1.586691e-28   1.553632e-03   9.318213e-31   38640
  3.093396e+00   1.571937e-28   1.594261e-03   8.871449e-31   43658
  3.098867e+00   1.522872e-28   1.533241e-03   8.922457e-31   40608
  3.104282e+00   1.543048e-28   1.565192e-03   8.755243e-31   41880
  3.109810e+00   1.547269e-28   1.547184e-03   8.791427e-31   41712
  3.115335e+00   1.560122e-28   1.615131e-03   8.727873e-31   42942
  3.120741e+00   1.500625e-28   1.534331e-03   8.683298e-31   40896
  3.126165e+00   1.538219e-28   1.580796e-03   8.703894e-31   42708
  3.131542e+00   1.514403e-28   1.496179e-03   8.715015e-31   40968
  3.137007e+00   1.485533e-28   1.625543e-03   8.395627e-31   43496
  3.142457e+00   1.508010e-28   1.556121e-03   8.702537e-31   41454
  3.147915e+00   1.505595e-28   1.607241e-03   8.506013e-31   43704
  3.153202e+00   1.482644e-28   1.481093e-03   8.557518e-31   41208
  3.158685e+00   1.482380e-28   1.625130e-03   8.458256e-31   43944
  3.164222e+00   1.478727e-28   1.568163e-03   8.198503e-31   43218
  3.169711e+00   1.464979e-28   1.573649e-03   8.240502e-31   44136
  3.175074e+00   1.455103e-28   1.550274e-03   8.405957e-31   42304
  3.180483e+00   1.458208e-28   1.574816e-03   8.565581e-31   43096
  3.185809e+00   1.439454e-28   1.541007e-03   8.119223e-31   43464
  3.191366e+00   1.418106e-28   1.606948e-03   7.941397e-31   44382
  3.196804e+00   1.414557e-28   1.605225e-03   8.025216e-31   44316
  3.202282e+00   1.374718e-28   1.582905e-03   7.653640e-31   44592
  3.207694e+00   1.398292e-28   1.548943e-03   7.888113e-31   44328
  3.213178e+00   1.393788e-28   1.523706e-03   7.949590e-31   43560
  3.218610e+00   1.391441e-28   1.570802e-03   7.738813e-31   44763
  3.224020e+00   1.371239e-28   1.574927e-03   7.881959e-31   44216
  3.229465e+00   1.381761e-28   1.604748e-03   7.705779e-31   45144
  3.234953e+00   1.378772e-28   1.525298e-03   7.941868e-31   42876
  3.240354e+00   1.363061e-28   1.662551e-03   7.659316e-31   46164
  3.245765e+00   1.341447e-28   1.526236e-03   7.859011e-31   42360
  3.251284e+00   1.358852e-28   1.607148e-03   7.606965e-31   45324
  3.256678e+00   1.323852e-28   1.599342e-03   7.669788e-31   43320
  3.262107e+00   1.343165e-28   1.611675e-03   7.774053e-31   44580
  3.267667e+00   1.324277e-28   1.609815e-03   7.716554e-31   44468
  3.273119e+00   1.318940e-28   1.531376e-03   7.687778e-31   43416
  3.278411e+00   1.309057e-28   1.520505e-03   7.750937e-31   42264
  3.283884e+00   1.308148e-28   1.597197e-03   7.567526e-31   44580
  3.289368e+00   1.337095e-28   1.621337e-03   7.637431e-31   43824
  3.294829e+00   1.280063e-28   1.523757e-03   7.527255e-31   43392
  3.300224e+00   1.294791e-28   1.553494e-03   7.700462e-31   43296
  3.305724e+00   1.297015e-28   1.495301e-03   7.523346e-31   42656
  3.311087e+00   1.265147e-28   1.596934e-03   7.377532e-31   43728
  3.316591e+00   1.266905e-28   1.610238e-03   7.380516e-31   43536
  3.322030e+00   1.257286e-28   1.602586e-03   7.463447e-31   42180
  3.327473e+00   1.248826e-28   1.551796e-03   7.303110e-31   44136
  3.332939e+00   1.250102e-28   1.563744e-03   7.434201e-31   42372
  3.338336e+00   1.228946e-28   1.528428e-03   7.379964e-31   41604
  3.343731e+00   1.231047e-28   1.610433e-03   7.198316e-31   43440
  3.349182e+00   1.232915e-28   1.611663e-03   7.326507e-31   42488
  3.354561e+00   1.199753e-28   1.547466e-03   7.117033e-31   41496
  3.360074e+00   1.215550e-28   1.615298e-03   6.955321e-31   44112
  3.365562e+00   1.201043e-28   1.540359e-03   7.201954e-31   41688
  3.370956e+00   1.176693e-28   1.604620e-03   7.011253e-31   42276
  3.376369e+00   1.196185e-28   1.547681e-03   7.263756e-31   41172
  3.381820e+00   1.161149e-28   1.622702e-03   6.819078e-31   43536
  3.387296e+00   1.160694e-28   1.510509e-03   7.045807e-31   41496
  3.392714e+00   1.161203e-28   1.602713e-03   7.032987e-31   40764
  3.398118e+00   1.159308e-28   1.572660e-03   6.869381e-31   43220
  3.403602e+00   1.146294e-28   1.558712e-03   6.871991e-31   41076
  3.409040e+00   1.154257e-28   1.557898e-03   7.109854e-31   41532
  3.414506e+00   1.125679e-28   1.586149e-03   6.721334e-31   41928
  3.419924e+00   1.130256e-28   1.518385e-03   6.809745e-31   41412
  3.425338e+00   1.109268e-28   1.580228e-03   6.899166e-31   40032
  3.430721e+00   1.142125e-28   1.567201e-03   6.832193e-31   41880
  3.436133e+00   1.092427e-28   1.559578e-03   6.644242e-31   40264
  3.441614e+00   1.109879e-28   1.596952e-03   6.535239e-31   42592
  3.447111e+00   1.086532e-28   1.531936e-03   6.872037e-31   39588
  3.452537e+00   1.092257e-28   1.583857e-03   6.401663e-31   42180
  3.457928e+00   1.062593e-28   1.528129e-03   6.585460e-31   39240
  3.463345e+00   1.088474e-28   1.603997e-03   6.511194e-31   40920
  3.468834e+00   1.067000e-28   1.583230e-03   6.345649e-31   41184
  3.474296e+00   1.054314e-28   1.568330e-03   6.330159e-31   40872
  3.479702e+00   1.052826e-28   1.491774e-03   6.483603e-31   38748
  3.485168e+00   1.054178e-28   1.587794e-03   6.302352e-31   41420
  3.490553e+00   1.039002e-28   1.557380e-03   6.277371e-31   39816
  3.496030e+00   1.031571e-28   1.561371e-03   6.237203e-31   39792
  3.501436e+00   1.017435e-28   1.491602e-03   6.129857e-31   39816
  3.506965e+00   1.026281e-28   1.612108e-03   6.018681e-31   41064
  3.512408e+00   1.005559e-28   1.546522e-03   6.210590e-31   39204
  3.517925e+00   1.007694e-28   1.631952e-03   6.093553e-31   40080
  3.523223e+00   1.033668e-28   1.507994e-03   6.369723e-31   38332
  3.528672e+00   9.846685e-29   1.573899e-03   5.959597e-31   39952
  3.534102e+00   1.018677e-28   1.572293e-03   6.289435e-31   39000
  3.539668e+00   9.767754e-29   1.614601e-03   5.819763e-31   40356
  3.545098e+00   9.815960e-29   1.584135e-03   6.000816e-31   39300
  3.550517e+00   9.682356e-29   1.562974e-03   6.013148e-31   37452
  3.555894e+00   9.838187e-29   1.549762e-03   5.889533e-31   39732
  3.561429e+00   9.648203e-29   1.557625e-03   5.796524e-31   39312
  3.566817e+00   9.747280e-29   1.583965e-03   6.014470e-31   37632
  3.572234e+00   9.656441e-29   1.557396e-03   5.934765e-31   38420
  3.577674e+00   9.570198e-29   1.609595e-03   5.763133e-31   39564
  3.583132e+00   9.476588e-29   1.548840e-03   5.841555e-31   37236
  3.588516e+00   9.415795e-29   1.565848e-03   5.769500e-31   38100
  3.593924e+00   9.250303e-29   1.539495e-03   5.664408e-31   38208
  3.599440e+00   9.408298e-29   1.602149e-03   5.649535e-31   39072
  3.604845e+00   9.178517e-29   1.480860e-03   5.695707e-31   36192
  3.610293e+00   9.392713e-29   1.600910e-03   5.678410e-31   38928
  3.615801e+00   9.068882e-29   1.590552e-03   5.399056e-31   38768
  3.621383e+00   9.202359e-29   1.562835e-03   5.784266e-31   37596
  3.626841e+00   9.159405e-29   1.555898e-03   5.632159e-31   37296
  3.632194e+00   9.075399e-29   1.557356e-03   5.548659e-31   36948
  3.637577e+00   9.071987e-29   1.597343e-03   5.801929e-31   37248
  3.643147e+00   9.122073e-29   1.577439e-03   5.653608e-31   37152
  3.648492e+00   9.047804e-29   1.574751e-03   5.631117e-31   37512
  3.653954e+00   8.872465e-29   1.507515e-03   5.627555e-31   35876
  3.659374e+00   9.018856e-29   1.606552e-03   5.717541e-31   36936
  3.664880e+00   8.836108e-29   1.600548e-03   5.359594e-31   38028
  3.670348e+00   8.808165e-29   1.522914e-03   5.546576e-31   35592
  3.675687e+00   8.789450e-29   1.511337e-03   5.624752e-31   35508
  3.681088e+00   8.835219e-29   1.567228e-03   5.464286e-31   36492
  3.686612e+00   8.599721e-29   1.616757e-03   5.224087e-31   37608
  3.692081e+00   8.599623e-29   1.595280e-03   5.536286e-31   34848
  3.697390e+00   8.673673e-29   1.496163e-03   5.573911e-31   35220
  3.702857e+00   8.694651e-29   1.560827e-03   5.473407e-31   36884
  3.708318e+00   8.746008e-29   1.549021e-03   5.641687e-31   35412
  3.713858e+00   8.608652e-29   1.603888e-03   5.557453e-31   35652
  3.719249e+00   8.659874e-29   1.603516e-03   5.450026e-31   36072
  3.724653e+00   8.466044e-29   1.545362e-03   5.515493e-31   34368
  3.730119e+00   8.473482e-29   1.565390e-03   5.359279e-31   35484
  3.735586e+00   8.527110e-29   1.549559e-03   5.448995e-31   35256
  3.740941e+00   8.411198e-29   1.612995e-03   5.392174e-31   34476
  3.746410e+00   8.369581e-29   1.582486e-03   5.453595e-31   34916
  3.751834e+00   8.530829e-29   1.560509e-03   5.561196e-31   34596
  3.757263e+00   8.347205e-29   1.526486e-03   5.416649e-31   34656
  3.762714e+00   8.136329e-29   1.581266e-03   5.393855e-31   34596
  3.768200e+00   8.279219e-29   1.534004e-03   5.446393e-31   33984
  3.773562e+00   8.273394e-29   1.566114e-03   5.440617e-31   34080
  3.778963e+00   8.160114e-29   1.572881e-03   5.249917e-31   34140
  3.784487e+00   8.267949e-29   1.624544e-03   5.401765e-31   33804
  3.789951e+00   8.146657e-29   1.561511e-03   5.182050e-31   35096
  3.795448e+00   8.104182e-29   1.548108e-03   5.318648e-31   33108
  3.800788e+00   8.163683e-29   1.540015e-03   5.593672e-31   32280
  3.806205e+00   8.178891e-29   1.567716e-03   5.405405e-31   34404
  3.811718e+00   8.085840e-29   1.599739e-03   5.318068e-31   34248
  3.817250e+00   7.902782e-29   1.498979e-03   5.404301e-31   32016
  3.822674e+00   8.057056e-29   1.582258e-03   5.317502e-31   34344
  3.828141e+00   7.991409e-29   1.521407e-03   5.482845e-31   32024
  3.833419e+00   7.980324e-29   1.577025e-03   5.531879e-31   31908
  3.838903e+00   7.946525e-29   1.580344e-03   5.322980e-31   33192
  3.844404e+00   7.951849e-29   1.637429e-03   5.422630e-31   33288
  3.849795e+00   7.923986e-29   1.490950e-03   5.413849e-31   31356
  3.855259e+00   7.931324e-29   1.613715e-03   5.375659e-31   32496
  3.860695e+00   7.875386e-29   1.533804e-03   5.373264e-31   31944
  3.866002e+00   7.758307e-29   1.574956e-03   5.361952e-31   31512
  3.871427e+00   7.765168e-29   1.528683e-03   5.383887e-31   31156
  3.876990e+00   7.797937e-29   1.610722e-03   5.202515e-31   33352
  3.882440e+00   7.778548e-29   1.562321e-03   5.437378e-31   31344
  3.887945e+00   7.690261e-29   1.617631e-03   5.407257e-31   31068
  3.893365e+00   7.711363e-29   1.595427e-03   5.338761e-31   31752
  3.898694e+00   7.721566e-29   1.472715e-03   5.491650e-31   29868
  3.904158e+00   7.597175e-29   1.618311e-03   5.283223e-31   32052
  3.909662e+00   7.543122e-29   1.535519e-03   5.376269e-31   30012
  3.915037e+00   7.698589e-29   1.611064e-03   5.274564e-31   31520
  3.920567e+00   7.485513e-29   1.575150e-03   5.340923e-31   30648
  3.925929e+00   7.550245e-29   1.553739e-03   5.429974e-31   29304
  3.931379e+00   7.737947e-29   1.540483e-03   5.346106e-31   31140
  3.936935e+00   7.564472e-29   1.641115e-03   5.213975e-31   31320
  3.942387e+00   7.503206e-29   1.548803e-03   5.554335e-31   28356
  3.947754e+00   7.582870e-29   1.583135e-03   5.379919e-31   30288
  3.953106e+00   7.425647e-29   1.573376e-03   5.296047e-31   29472
  3.958489e+00   7.452645e-29   1.555320e-03   5.399336e-31   28716
  3.964046e+00   7.401040e-29   1.543510e-03   5.184975e-31   30740
  3.969538e+00   7.463150e-29   1.574261e-03   5.385764e-31   29304
  3.974923e+00   7.346457e-29   1.567890e-03   5.522524e-31   28476
  3.980403e+00   7.362633e-29   1.588107e-03   5.508211e-31   29304
  3.985849e+00   7.561277e-29   1.586252e-03   5.528793e-31   29280
  3.991362e+00   7.303233e-29   1.582091e-03   5.334429e-31   29100
  3.996850e+00   7.319750e-29   1.550996e-03   5.541798e-31   27816
  4.002128e+00   7.590501e-29   1.557957e-03   5.760043e-31   27692
  4.007580e+00   7.307861e-29   1.619992e-03   5.381212e-31   29724
  4.013138e+00   7.178048e-29   1.544165e-03   5.554285e-31   27240
  4.018514e+00   7.467228e-29   1.500820e-03   5.664052e-31   27588
  4.023894e+00   7.382534e-29   1.561808e-03   5.519290e-31   28560
  4.029394e+00   7.212525e-29   1.581785e-03   5.436845e-31   26952
  4.034839e+00   7.304343e-29   1.583665e-03   5.500100e-31   27516
  4.040261e+00   7.290229e-29   1.600351e-03   5.415787e-31   28344
  4.045759e+00   7.096170e-29   1.576275e-03   5.465341e-31   26196
  4.051072e+00   7.129971e-29   1.541569e-03   5.481700e-31   26360
  4.056519e+00   7.403824e-29   1.593665e-03   5.547957e-31   28152
  4.062017e+00   7.187624e-29   1.541184e-03   5.566364e-31   25896
  4.067403e+00   7.084694e-29   1.577942e-03   5.519041e-31   26592
  4.072863e+00   7.141196e-29   1.510771e-03   5.604069e-31   26568
  4.078361e+00   7.188595e-29   1.598680e-03   5.634993e-31   26832
  4.083715e+00   6.930167e-29   1.515874e-03   5.720397e-31   24972
  4.089266e+00   7.132656e-29   1.598351e-03   5.370530e-31   27000
  4.094669e+00   7.140071e-29   1.532450e-03   5.590005e-31   25448
  4.100056e+00   6.909796e-29   1.584391e-03   5.606186e-31   25476
  4.105587e+00   7.166439e-29   1.553105e-03   5.854963e-31   25152
  4.110933e+00   7.064466e-29   1.592180e-03   5.610546e-31   25968
  4.116439e+00   6.960120e-29   1.585064e-03   5.721376e-31   25320
  4.121936e+00   6.988613e-29   1.497338e-03   5.999620e-31   23796
  4.127194e+00   7.110866e-29   1.571596e-03   5.697458e-31   25500
  4.132663e+00   7.067991e-29   1.566138e-03   5.880209e-31   24420
  4.138205e+00   6.793672e-29   1.621058e-03   5.603763e-31   24656
  4.143555e+00   7.046806e-29   1.535877e-03   5.801165e-31   24036
  4.148982e+00   7.068221e-29   1.588370e-03   5.993295e-31   24528
  4.154373e+00   6.682260e-29   1.534446e-03   5.527059e-31   23004
  4.159821e+00   7.038201e-29   1.575770e-03   5.814564e-31   24576
  4.165293e+00   6.965042e-29   1.505141e-03   5.857244e-31   23736
  4.170760e+00   6.786582e-29   1.599171e-03   5.839921e-31   23712
  4.176262e+00   6.935453e-29   1.552705e-03   5.927872e-31   22992
  4.181681e+00   6.797885e-29   1.541976e-03   5.680008e-31   23984
  4.187096e+00   6.782973e-29   1.540203e-03   5.826794e-31   22344
  4.192540e+00   6.727436e-29   1.562907e-03   5.768573e-31   22536
  4.197951e+00   6.965975e-29   1.546870e-03   5.852652e-31   23268
  4.203353e+00   6.862433e-29   1.588651e-03   5.999271e-31   22152
  4.208799e+00   6.676138e-29   1.568712e-03   5.832203e-31   22068
  4.214381e+00   6.901555e-29   1.610904e-03   5.920154e-31   23664
  4.219765e+00   6.841374e-29   1.496014e-03   6.231641e-31   20640
  4.225141e+00   6.574568e-29   1.587688e-03   5.896617e-31   22376
  4.230687e+00   6.819732e-29   1.561479e-03   6.076138e-31   21444
  4.236032e+00   7.018884e-29   1.618016e-03   6.388451e-31   21576
  4.241470e+00   6.573214e-29   1.604143e-03   5.868009e-31   21660
  4.247060e+00   6.571427e-29   1.622088e-03   5.868241e-31   20916
  4.252463e+00   6.826247e-29   1.591059e-03   6.274048e-31   21504
  4.257831e+00   6.713810e-29   1.516262e-03   6.168245e-31   20508
  4.263333e+00   6.471945e-29   1.620094e-03   5.917650e-31   20036
  4.268738e+00   6.823631e-29   1.567896e-03   6.233862e-31   21276
  4.274208e+00   6.626526e-29   1.552204e-03   6.111145e-31   20652
  4.279668e+00   6.378818e-29   1.544650e-03   6.173795e-31   18696
  4.285116e+00   6.862376e-29   1.616732e-03   6.189793e-31   21504
  4.290573e+00   6.736421e-29   1.511985e-03   6.488347e-31   19284
  4.296019e+00   6.445155e-29   1.630585e-03   6.488333e-31   19356
  4.301432e+00   6.404830e-29   1.540949e-03   6.130072e-31   19236
  4.306795e+00   6.709969e-29   1.571095e-03   6.272198e-31   19476
  4.312272e+00   6.209484e-29   1.634853e-03   5.847811e-31   19184
  4.317835e+00   6.423098e-29   1.583822e-03   6.299499e-31   18852
  4.323254e+00   6.747794e-29   1.533201e-03   6.496180e-31   18876
  4.328571e+00   6.244099e-29   1.593847e-03   6.362928e-31   18336
  4.334078e+00   6.043772e-29   1.599281e-03   5.915555e-31   17820
  4.339614e+00   6.598130e-29   1.614145e-03   6.333329e-31   19392
  4.344985e+00   6.235560e-29   1.598282e-03   6.235951e-31   17616
  4.350318e+00   6.192686e-29   1.504639e-03   6.441484e-31   16320
  4.355861e+00   6.641566e-29   1.629545e-03   6.669270e-31   19292
  4.361241e+00   6.248583e-29   1.561011e-03   6.406655e-31   17112
  4.366853e+00   6.088987e-29   1.582117e-03   6.307904e-31   17388
  4.372327e+00   6.421422e-29   1.481209e-03   6.833744e-31   16692
  4.377488e+00   6.454356e-29   1.566835e-03   7.018516e-31   16956
  4.383124e+00   5.974296e-29   1.580304e-03   6.120903e-31   17040
  4.388630e+00   6.043574e-29   1.563733e-03   6.562141e-31   16092
  4.393862e+00   6.407375e-29   1.553118e-03   6.699852e-31   16380
  4.399428e+00   5.878526e-29   1.596421e-03   6.169193e-31   16688
  4.404886e+00   5.817878e-29   1.596956e-03   6.320099e-31   14940
  4.410242e+00   6.287724e-29   1.605748e-03   6.799353e-31   16668
  4.415795e+00   5.912239e-29   1.568026e-03   6.426863e-31   15804
  4.421181e+00   5.599815e-29   1.557131e-03   6.224371e-31   14280
  4.426622e+00   6.277121e-29   1.532886e-03   7.149358e-31   16068
  4.432054e+00   5.838584e-29   1.562272e-03   6.580480e-31   15048
  4.437457e+00   5.760614e-29   1.592183e-03   6.704305e-31   13940
  4.442869e+00   5.750862e-29   1.521708e-03   6.619300e-31   15072
  4.448295e+00   5.858871e-29   1.622238e-03   6.663305e-31   14808
  4.453669e+00   5.563803e-29   1.506280e-03   6.662447e-31   13200
  4.459194e+00   5.678663e-29   1.595625e-03   6.383252e-31   15156
  4.464724e+00   6.008405e-29   1.556013e-03   7.464450e-31   13788
  4.470151e+00   5.365088e-29   1.533533e-03   6.104406e-31   13608
  4.475573e+00   5.501329e-29   1.461946e-03   6.398690e-31   13224
  4.480979e+00   5.833207e-29   1.576198e-03   7.219274e-31   13320
  4.486355e+00   5.364991e-29   1.554184e-03   6.340207e-31   13220
  4.491886e+00   5.228778e-29   1.570846e-03   6.030275e-31   12984
  4.497444e+00   5.574601e-29   1.589998e-03   7.092211e-31   12780
  4.502691e+00   5.137619e-29   1.504822e-03   6.222412e-31   12360
  4.508225e+00   5.163544e-29   1.583198e-03   5.855029e-31   12480
  4.513746e+00   5.264494e-29   1.537784e-03   6.573028e-31   11892
  4.519015e+00   5.117380e-29   1.594395e-03   6.381412e-31   12192
  4.524529e+00   4.966043e-29   1.563074e-03   6.302669e-31   11328
  4.530016e+00   4.631638e-29   1.657530e-03   5.572224e-31   12020
  4.535376e+00   4.934432e-29   1.523948e-03   6.083698e-31   11052
  4.540948e+00   4.802923e-29   1.618906e-03   5.875490e-31   11304
  4.546169e+00   4.696501e-29   1.489624e-03   6.096439e-31   10368
  4.551511e+00   4.640977e-29   1.550098e-03   5.462712e-31   10899
  4.557146e+00   4.567881e-29   1.554021e-03   5.432882e-31   10752
  4.562496e+00   4.304254e-29   1.559799e-03   5.109588e-31   10446
  4.568012e+00   4.557644e-29   1.535197e-03   5.778355e-31   10092
  4.573476e+00   4.225508e-29   1.555534e-03   5.221032e-31   10220
  4.578755e+00   4.565133e-29   1.523556e-03   5.575122e-31   9636
  4.584373e+00   4.237617e-29   1.567355e-03   5.054236e-31   10020
  4.589883e+00   4.158750e-29   1.628387e-03   5.001683e-31   9906
  4.595217e+00   4.414271e-29   1.510439e-03   5.681296e-31   8940
  4.600749e+00   4.089428e-29   1.531752e-03   4.839474e-31   9558
  4.606151e+00   4.125685e-29   1.668091e-03   5.146147e-31   9180
  4.611496e+00   4.159715e-29   1.596941e-03   5.254973e-31   8674
  4.617087e+00   4.094619e-29   1.587385e-03   5.049252e-31   9454
  4.622489e+00   3.992466e-29   1.631486e-03   5.235165e-31   8316
  4.627854e+00   4.152889e-29   1.608919e-03   5.150040e-31   8622
  4.633459e+00   3.892466e-29   1.597569e-03   4.798257e-31   9006
  4.638817e+00   3.838641e-29   1.610282e-03   4.832263e-31   7698
  4.644188e+00   4.015401e-29   1.545067e-03   5.074300e-31   8406
  4.649796e+00   3.865925e-29   1.648676e-03   4.595274e-31   8646
  4.655134e+00   3.756269e-29   1.566555e-03   4.937567e-31   7014
  4.660482e+00   3.888786e-29   1.557241e-03   4.792724e-31   8510
  4.666168e+00   3.839179e-29   1.641235e-03   5.034995e-31   7890
  4.671505e+00   3.596910e-29   1.574407e-03   4.701854e-31   6966
  4.676764e+00   3.759444e-29   1.504915e-03   4.920765e-31   7902
  4.682374e+00   3.747862e-29   1.641329e-03   4.903700e-31   7278
  4.687828e+00   3.672315e-29   1.612380e-03   4.817898e-31   7338
  4.693196e+00   3.796010e-29   1.493392e-03   4.944411e-31   7254
  4.698697e+00   3.724809e-29   1.608386e-03   4.924315e-31   6678
  4.704032e+00   3.629120e-29   1.606870e-03   4.693269e-31   7286
  4.709691e+00   3.691522e-29   1.589718e-03   4.698937e-31   7200
  4.715313e+00   3.569618e-29   1.543001e-03   4.983781e-31   6234
  4.720293e+00   3.650468e-29   1.546551e-03   5.046945e-31   6630
  4.725937e+00   3.611555e-29   1.594739e-03   4.776978e-31   6822
  4.731533e+00   3.583933e-29   1.502372e-03   5.024661e-31   6078
  4.736631e+00   3.495976e-29   1.597130e-03   4.623066e-31   6528
  4.742272e+00   3.620625e-29   1.526400e-03   5.171676e-31   6034
  4.747672e+00   3.325721e-29   1.563107e-03   4.442849e-31   6190
  4.753036e+00   3.551919e-29   1.605909e-03   4.835081e-31   6270
  4.758704e+00   3.453753e-29   1.444203e-03   4.899905e-31   5520
  4.763890e+00   3.345889e-29   1.616958e-03   4.545644e-31   6126
  4.769317e+00   3.561979e-29   1.511987e-03   5.214738e-31   5562
  4.775011e+00   3.455166e-29   1.511880e-03   4.799026e-31   5790
  4.780175e+00   3.369932e-29   1.547880e-03   4.677062e-31   5496
  4.785646e+00   3.523644e-29   1.559064e-03   5.093829e-31   5262
  4.791216e+00   3.344570e-29   1.535486e-03   4.569757e-31   5774
  4.796542e+00   3.445664e-29   1.521126e-03   5.271792e-31   5124
  4.802154e+00   3.415522e-29   1.525856e-03   5.079489e-31   5070
  4.807432e+00   3.342039e-29   1.588341e-03   4.776965e-31   5430
  4.812826e+00   3.407851e-29   1.483666e-03   5.107464e-31   4680
  4.818540e+00   3.389689e-29   1.536582e-03   5.035507e-31   5370
  4.823790e+00   3.416299e-29   1.468016e-03   5.372821e-31   4638
  4.829137e+00   3.401959e-29   1.543205e-03   5.376117e-31   4536
  4.834713e+00   3.422347e-29   1.545277e-03   4.999432e-31   5222
  4.840070e+00   3.218715e-29   1.418031e-03   5.108181e-31   4254
  4.845561e+00   3.404117e-29   1.563113e-03   5.466233e-31   4548
  4.850865e+00   3.261504e-29   1.515896e-03   4.982654e-31   4638
  4.856279e+00   3.198521e-29   1.496620e-03   5.235767e-31   4176
  4.861899e+00   3.319078e-29   1.501804e-03   5.134872e-31   4518
  4.867234e+00   3.385091e-29   1.513137e-03   5.336323e-31   4278
  4.872549e+00   3.239964e-29   1.464028e-03   5.507511e-31   3732
  4.877994e+00   3.292970e-29   1.546653e-03   5.206958e-31   4502
  4.883481e+00   3.111720e-29   1.503470e-03   5.278859e-31   3984
  4.889020e+00   3.256707e-29   1.557569e-03   5.691361e-31   3726
  4.894174e+00   3.224312e-29   1.501292e-03   5.257789e-31   4014
  4.899605e+00   3.372122e-29   1.574381e-03   5.599713e-31   3756
  4.905398e+00   3.274080e-29   1.580112e-03   5.313008e-31   3894
  4.910659e+00   3.154960e-29   1.546203e-03   5.377181e-31   3744
  4.915968e+00   3.304836e-29   1.571823e-03   6.011966e-31   3174
  4.921505e+00   3.260657e-29   1.608835e-03   5.169426e-31   3968
  4.926991e+00   3.149131e-29   1.622395e-03   5.330777e-31   3522
  4.932722e+00   3.264993e-29   1.666295e-03   5.892417e-31   3198
  4.937920e+00   3.180058e-29   1.632144e-03   5.538045e-31   3648
  4.943345e+00   3.158879e-29   1.659133e-03   5.808550e-31   3054
  4.949062e+00   3.317543e-29   1.560433e-03   5.726425e-31   3312
  4.954266e+00   3.222697e-29   1.648372e-03   5.713410e-31   3354
  4.959775e+00   3.260404e-29   1.630010e-03   6.557683e-31   2624
  4.965165e+00   3.306838e-29   1.590230e-03   5.999507e-31   3462
  4.970648e+00   3.200607e-29   1.658767e-03   5.990063e-31   2976
  4.976433e+00   3.263923e-29   1.570247e-03   6.572633e-31   2670
  4.981450e+00   3.258881e-29   1.634562e-03   5.866877e-31   3186
  4.986828e+00   3.181731e-29   1.526978e-03   6.592554e-31   2376
  4.992553e+00   3.146174e-29   1.609692e-03   5.909187e-31   3102
  4.997840e+00   3.115384e-29   1.575648e-03   6.096417e-31   2688
  5.003337e+00   3.305502e-29   1.643829e-03   7.386092e-31   2286
  5.008726e+00   3.280182e-29   1.585579e-03   6.104740e-31   3020
  5.014174e+00   2.990863e-29   1.510259e-03   6.197384e-31   2310
  5.019958e+00   3.128483e-29   1.669065e-03   6.405371e-31   2544
  5.025112e+00   3.045655e-29   1.556079e-03   6.483063e-31   2526
  5.030503e+00   3.310890e-29   1.598055e-03   7.312160e-31   2112
  5.036149e+00   3.129813e-29   1.535784e-03   6.356450e-31   2538
  5.041490e+00   3.104203e-29   1.597743e-03   6.304120e-31   2304
  5.046925e+00   3.139510e-29   1.576461e-03   7.209688e-31   1902
  5.052197e+00   3.024974e-29   1.506026e-03   6.182126e-31   2408
  5.057655e+00   3.112489e-29   1.588655e-03   6.966355e-31   2094
  5.063468e+00   3.195828e-29   1.618622e-03   7.504699e-31   2028
  5.068570e+00   3.094942e-29   1.535323e-03   6.677832e-31   2094
  5.073985e+00   3.113868e-29   1.674958e-03   7.147369e-31   1920
  5.079736e+00   3.167509e-29   1.412176e-03   7.635276e-31   1926
  5.084997e+00   3.096294e-29   1.648354e-03   6.522392e-31   2088
  5.090349e+00   3.188904e-29   1.445979e-03   8.608686e-31   1434
  5.095727e+00   3.139236e-29   1.528869e-03   6.973800e-31   2048
  5.101055e+00   3.248704e-29   1.524439e-03   8.028195e-31   1758
  5.106921e+00   3.145173e-29   1.681850e-03   8.133666e-31   1584
  5.112297e+00   3.104904e-29   1.666289e-03   6.939208e-31   1998
  5.117737e+00   3.555049e-29   1.517710e-03   9.632422e-31   1428
  5.123436e+00   2.986659e-29   1.270388e-03   8.119722e-31   1488
  5.128415e+00   3.167067e-29   1.618345e-03   7.298029e-31   1806
  5.133668e+00   3.200317e-29   1.473287e-03   1.032451e-30   1040
  5.139281e+00   3.251342e-29   1.543732e-03   7.746412e-31   1782
  5.144417e+00   3.229728e-29   1.459353e-03   9.028096e-31   1428
  5.150558e+00   3.093860e-29   1.752291e-03   9.065276e-31   1206
  5.155754e+00   3.172216e-29   1.628015e-03   8.386046e-31   1728
  5.160990e+00   3.155610e-29   1.525739e-03   1.001488e-30   1038
  5.167027e+00   3.151117e-29   1.237946e-03   8.765297e-31   1248
  5.171798e+00   3.249324e-29   1.578785e-03   8.416124e-31   1530
  5.177034e+00   3.205797e-29   1.447012e-03   1.425002e-30   656
  5.182884e+00   3.328205e-29   1.622270e-03   8.674043e-31   1662
  5.187826e+00   3.152842e-29   1.343030e-03   1.078566e-30   1008
  5.194344e+00   3.219316e-29   1.783380e-03   1.085459e-30   960
  5.199238e+00   3.150796e-29   1.533522e-03   8.653140e-31   1458
  5.204352e+00   3.257120e-29   1.515264e-03   1.282680e-30   672
  5.210626e+00   3.367541e-29   1.187605e-03   9.690642e-31   1062
  5.215066e+00   3.113421e-29   1.540654e-03   8.662385e-31   1224
  5.220385e+00   3.610701e-29   1.345767e-03   1.974066e-30   374
  5.226378e+00   3.234818e-29   1.617607e-03   8.128516e-31   1512
  5.231226e+00   3.166697e-29   1.355537e-03   1.219045e-30   666
  5.238164e+00   3.247861e-29   1.657312e-03   1.128433e-30   720
  5.242515e+00   3.150781e-29   1.484148e-03   9.031734e-31   1224
  5.247863e+00   3.177637e-29   1.475424e-03   1.872765e-30   390
  5.254263e+00   3.185129e-29   1.097036e-03   1.045344e-30   936
  5.258334e+00   3.255306e-29   1.565258e-03   1.078768e-30   882
  5.264148e+00   2.789144e-29   1.528292e-03   2.286855e-30   216
  5.269800e+00   3.070913e-29   1.517469e-03   8.809668e-31   1286
  5.274591e+00   2.983237e-29   1.267641e-03   1.540403e-30   384
  5.281913e+00   3.143363e-29   1.595845e-03   1.235394e-30   576
  5.285704e+00   3.335503e-29   1.430314e-03   1.125770e-30   930
  5.291130e+00   3.017420e-29   1.405067e-03   2.303387e-30   216
  5.298050e+00   2.973594e-29   1.127871e-03   9.762189e-31   918
  5.302037e+00   3.267089e-29   1.519148e-03   1.464497e-30   480
  5.307441e+00   2.488583e-29   1.280066e-03   2.767713e-30   78
  5.313052e+00   3.185399e-29   1.383681e-03   1.013716e-30   1052
  5.318233e+00   3.393056e-29   1.611134e-03   2.355610e-30   240
  5.326163e+00   3.180022e-29   5.882336e-04   1.581808e-30   438
  5.328872e+00   3.347133e-29   1.360971e-03   1.309602e-30   648
  5.333924e+00   3.102110e-29   1.123687e-03   3.586900e-30   78
  5.341457e+00   3.149285e-29   9.804401e-04   1.109055e-30   780
  5.345244e+00   3.243204e-29   1.368055e-03   2.108366e-30   240
  5.349910e+00   3.801624e-29   0.000000e+00   1.118133e-29   6
  5.356198e+00   2.880311e-29   1.253222e-03   1.091171e-30   824
  5.360748e+00   3.152803e-29   9.688384e-04   3.615629e-30   78
  5.369722e+00   3.304163e-29   5.065474e-04   1.658941e-30   432
  5.372065e+00   3.135510e-29   1.225115e-03   1.719616e-30   348
  5.376527e+00   1.558467e-29   0.000000e+00   2.506941e-30   6
  5.384681e+00   2.818482e-29   8.661160e-04   1.027748e-30   600
  5.387907e+00   4.140098e-29   8.155581e-04   3.769002e-30   78
  5.399271e+00   3.164438e-29   1.072115e-03   1.367537e-30   572
  5.403481e+00   3.499276e-29   0.000000e+00   4.540573e-30   6
  5.413189e+00   3.320199e-29   5.033701e-04   1.716910e-30   384
  5.415134e+00   3.045718e-29   7.482049e-04   2.890955e-30   102
  5.427858e+00   3.087396e-29   7.359585e-04   1.542023e-30   396
  5.430766e+00   2.527118e-29   0.000000e+00   2.490687e-30   6
  5.442225e+00   3.000003e-29   6.658608e-04   1.498746e-30   326
  5.456526e+00   2.871569e-29   4.630285e-04   2.068430e-30   252
  5.458378e+00   2.833597e-29   0.000000e+00   8.726998e-30   6
  5.470933e+00   2.836444e-29   4.213345e-04   1.758752e-30   198
  5.485317e+00   3.816376e-29   3.214857e-04   2.681494e-30   146
  5.499721e+00   2.522017e-29   2.359708e-04   2.744503e-30   102
  5.514144e+00   2.091006e-29   1.639936e-04   2.288155e-30   66
  5.528587e+00   2.934446e-29   1.041522e-04   4.591605e-30   38
  5.543047e+00   2.353611e-29   5.371851e-05   3.383398e-30   18
  5.557519e+00   4.640109e-29   5.754450e-08   8.784334e-30   6
