# power spectrum of chi
# redshift z=3.000000
# k              Pk             sigma(k)       sigma(Pk)      count
  2.513274e-02   6.094861e-21   2.247832e-10   2.478523e-21   6
  3.554306e-02   2.338151e-20   0.000000e+00   6.247058e-21   12
  4.353118e-02   1.295145e-20   4.768372e-10   6.285581e-21   8
  5.026548e-02   9.034433e-21   4.495664e-10   4.137915e-21   6
  5.619852e-02   8.434531e-21   8.991328e-10   1.892366e-21   24
  6.156239e-02   9.716348e-21   6.357829e-10   1.431171e-21   24
  7.416620e-02   9.005918e-21   1.948007e-03   1.346495e-21   42
  7.947671e-02   3.626025e-21   0.000000e+00   6.527690e-22   24
  8.335587e-02   4.923984e-21   1.557344e-09   1.040115e-21   24
  8.972863e-02   3.676558e-21   1.539368e-03   8.486438e-22   32
  9.403811e-02   3.840143e-21   0.000000e+00   5.462150e-22   48
  1.005310e-01   1.463975e-21   8.991328e-10   4.071781e-22   6
  1.049125e-01   2.274046e-21   1.486715e-03   2.783972e-22   84
  1.109741e-01   2.141181e-21   1.422978e-03   2.349726e-22   48
  1.160761e-01   2.184351e-21   1.277655e-03   2.141163e-22   72
  1.231248e-01   1.100055e-21   1.271566e-09   1.262470e-22   24
  1.274204e-01   1.451381e-21   1.133933e-03   1.446201e-22   102
  1.338823e-01   1.110390e-21   2.192492e-03   1.012916e-22   104
  1.376577e-01   8.935767e-22   0.000000e+00   1.356503e-22   48
  1.450967e-01   9.756471e-22   1.454852e-03   9.362373e-23   108
  1.494985e-01   1.159262e-21   1.026108e-03   1.439580e-22   78
  1.544156e-01   8.180891e-22   8.885963e-04   8.465505e-23   96
  1.612033e-01   6.150075e-22   1.252396e-03   5.295792e-23   168
  1.674610e-01   7.112035e-22   1.514588e-03   6.103739e-23   120
  1.704585e-01   3.969762e-22   0.000000e+00   5.999055e-23   48
  1.775076e-01   5.317908e-22   1.466362e-03   3.279346e-23   194
  1.836114e-01   3.737690e-22   1.199745e-03   2.869495e-23   192
  1.889121e-01   3.410688e-22   8.359107e-04   3.397744e-23   96
  1.926375e-01   3.439063e-22   7.114371e-04   3.038102e-23   96
  1.973415e-01   2.710817e-22   1.049518e-03   2.103753e-23   174
  2.036605e-01   2.594777e-22   1.032544e-03   2.100221e-23   216
  2.087655e-01   2.457183e-22   1.069752e-03   1.733585e-23   192
  2.153360e-01   1.688272e-22   1.134051e-03   1.176621e-23   204
  2.199701e-01   1.982979e-22   1.553116e-03   1.252509e-23   224
  2.263855e-01   1.503196e-22   8.767448e-04   1.067265e-23   174
  2.313653e-01   1.748589e-22   1.685384e-03   9.706589e-24   288
  2.375440e-01   1.299738e-22   8.296829e-04   7.454675e-24   288
  2.423661e-01   1.155323e-22   1.600294e-03   6.473531e-24   192
  2.486778e-01   1.227712e-22   1.171093e-03   7.275352e-24   252
  2.526714e-01   1.042769e-22   6.978544e-04   6.577545e-24   246
  2.580960e-01   9.302282e-23   1.324197e-03   4.748759e-24   312
  2.629351e-01   8.858668e-23   8.554600e-04   5.324619e-24   248
  2.695776e-01   7.911361e-23   1.809641e-03   3.696269e-24   432
  2.749286e-01   6.952558e-23   1.515534e-03   5.816343e-24   198
  2.802165e-01   7.246227e-23   1.832967e-03   4.238319e-24   456
  2.863920e-01   5.047482e-23   1.069655e-03   2.769887e-24   324
  2.907627e-01   5.179401e-23   1.266356e-03   3.215486e-24   312
  2.961810e-01   5.663914e-23   1.588477e-03   2.538561e-24   408
  3.029220e-01   4.502825e-23   1.466968e-03   2.093853e-24   414
  3.075580e-01   4.430201e-23   1.269406e-03   2.559271e-24   392
  3.123025e-01   3.829775e-23   1.430245e-03   2.019809e-24   408
  3.185470e-01   3.579889e-23   1.518117e-03   1.599105e-24   444
  3.232898e-01   3.856158e-23   1.227263e-03   2.262409e-24   360
  3.293455e-01   3.077596e-23   1.684453e-03   1.121876e-24   678
  3.357501e-01   2.946607e-23   1.079705e-03   1.440860e-24   360
  3.406722e-01   2.815218e-23   1.778081e-03   1.039786e-24   648
  3.453647e-01   2.642023e-23   8.217968e-04   1.521242e-24   288
  3.513418e-01   2.427367e-23   1.531028e-03   9.817508e-25   686
  3.569625e-01   2.375640e-23   1.138289e-03   1.146900e-24   444
  3.620452e-01   2.394819e-23   1.580989e-03   8.851299e-25   696
  3.671010e-01   2.250568e-23   1.502020e-03   1.086620e-24   408
  3.725872e-01   1.788488e-23   1.554025e-03   6.506942e-25   648
  3.782992e-01   1.838368e-23   1.360625e-03   8.321839e-25   582
  3.833918e-01   1.571427e-23   1.703041e-03   5.577902e-25   744
  3.890113e-01   1.591717e-23   1.700144e-03   6.601300e-25   516
  3.941882e-01   1.587256e-23   1.645265e-03   5.410699e-25   728
  3.989676e-01   1.271445e-23   1.363195e-03   4.704818e-25   558
  4.047392e-01   1.153890e-23   1.374231e-03   3.761932e-25   768
  4.109960e-01   1.312325e-23   1.593026e-03   4.260032e-25   960
  4.164620e-01   1.094863e-23   1.114439e-03   4.529429e-25   576
  4.217163e-01   1.050963e-23   1.808947e-03   3.840719e-25   816
  4.273742e-01   9.887568e-24   1.395616e-03   3.732158e-25   666
  4.323421e-01   9.323324e-24   1.636664e-03   2.948029e-25   960
  4.382783e-01   8.467089e-24   1.614107e-03   3.198099e-25   824
  4.440386e-01   8.731927e-24   1.777416e-03   2.783483e-25   936
  4.493430e-01   8.074535e-24   1.321819e-03   3.332801e-25   624
  4.542288e-01   7.495113e-24   1.556102e-03   2.214154e-25   1062
  4.599003e-01   7.423421e-24   1.695132e-03   2.604355e-25   732
  4.648741e-01   7.289988e-24   1.470856e-03   2.200549e-25   1080
  4.708074e-01   6.649017e-24   1.603534e-03   2.132167e-25   936
  4.761732e-01   5.458802e-24   1.731990e-03   1.938696e-25   878
  4.818260e-01   5.917609e-24   1.755225e-03   1.784853e-25   1152
  4.870749e-01   5.376004e-24   1.356663e-03   1.775620e-25   1056
  4.926568e-01   5.038282e-24   1.602363e-03   1.751541e-25   864
  4.976423e-01   5.153217e-24   1.565217e-03   1.580194e-25   1092
  5.036015e-01   5.114476e-24   1.653531e-03   1.511434e-25   1206
  5.092782e-01   4.547032e-24   1.678014e-03   1.314649e-25   1248
  5.145213e-01   4.197343e-24   1.137149e-03   1.364740e-25   864
  5.191890e-01   3.980016e-24   1.180642e-03   1.250451e-25   1152
  5.252742e-01   4.131443e-24   1.757644e-03   1.108965e-25   1382
  5.312134e-01   4.156950e-24   1.566451e-03   1.220090e-25   1188
  5.364142e-01   3.743075e-24   1.659855e-03   1.080424e-25   1248
  5.413249e-01   3.798915e-24   1.574532e-03   1.064446e-25   1152
  5.467138e-01   3.262451e-24   1.729118e-03   9.649332e-26   1320
  5.526917e-01   3.336801e-24   1.146028e-03   9.853520e-26   1206
  5.576517e-01   3.160489e-24   1.665023e-03   7.736821e-26   1560
  5.635439e-01   3.063621e-24   1.549958e-03   8.957640e-26   1280
  5.685850e-01   2.722740e-24   1.560520e-03   7.250031e-26   1308
  5.741001e-01   2.642248e-24   1.566129e-03   6.468342e-26   1512
  5.795940e-01   2.496949e-24   1.277777e-03   6.910176e-26   1350
  5.852552e-01   2.451989e-24   1.688249e-03   6.081082e-26   1608
  5.900948e-01   2.484217e-24   1.451867e-03   6.986514e-26   1320
  5.957309e-01   2.412824e-24   1.748946e-03   6.284790e-26   1656
  6.008045e-01   2.123694e-24   1.374965e-03   6.183245e-26   1254
  6.066730e-01   2.132148e-24   1.569270e-03   4.875220e-26   1932
  6.122044e-01   2.108691e-24   1.409199e-03   5.261517e-26   1640
  6.176544e-01   2.082197e-24   1.462843e-03   5.602230e-26   1488
  6.227944e-01   1.949891e-24   1.414095e-03   5.071139e-26   1560
  6.286404e-01   1.755818e-24   1.698486e-03   3.921573e-26   2046
  6.340669e-01   1.776111e-24   1.523538e-03   4.559510e-26   1512
  6.393232e-01   1.790488e-24   1.516165e-03   4.316967e-26   1764
  6.445652e-01   1.621545e-24   1.511671e-03   3.785384e-26   1776
  6.499746e-01   1.655216e-24   1.817211e-03   4.025902e-26   1704
  6.557781e-01   1.558359e-24   1.779589e-03   3.347103e-26   2126
  6.610046e-01   1.519382e-24   1.236245e-03   3.931120e-26   1632
  6.662499e-01   1.369183e-24   1.646884e-03   3.188051e-26   2064
  6.715382e-01   1.339168e-24   1.357901e-03   3.229015e-26   1680
  6.772924e-01   1.348325e-24   1.523137e-03   2.871817e-26   2154
  6.826481e-01   1.343006e-24   1.541852e-03   2.965026e-26   2016
  6.884154e-01   1.221338e-24   1.692697e-03   2.499318e-26   2304
  6.937001e-01   1.197145e-24   1.347609e-03   2.841991e-26   1680
  6.991903e-01   1.158158e-24   1.561166e-03   2.392755e-26   2432
  7.046941e-01   1.174387e-24   1.538311e-03   2.791698e-26   1902
  7.101567e-01   1.083344e-24   1.581895e-03   2.254808e-26   2292
  7.150285e-01   1.120318e-24   1.252979e-03   2.595275e-26   1992
  7.208092e-01   1.057024e-24   1.606146e-03   2.111913e-26   2568
  7.263678e-01   9.748106e-25   1.402295e-03   2.285122e-26   1806
  7.319849e-01   9.882462e-25   1.724889e-03   1.778283e-26   3000
  7.376724e-01   9.945067e-25   1.569594e-03   2.351247e-26   2016
  7.424201e-01   9.667009e-25   1.465108e-03   2.096927e-26   2168
  7.478330e-01   8.907748e-25   1.496073e-03   1.956736e-26   2412
  7.534914e-01   8.308468e-25   1.636470e-03   1.654405e-26   2550
  7.589365e-01   8.396939e-25   1.624710e-03   1.699903e-26   2592
  7.646194e-01   7.798240e-25   1.496749e-03   1.586435e-26   2496
  7.700227e-01   7.965614e-25   1.655767e-03   1.543735e-26   2688
  7.754124e-01   7.538242e-25   1.430386e-03   1.489738e-26   2424
  7.810929e-01   7.636652e-25   1.312547e-03   1.514847e-26   2634
  7.862125e-01   6.971633e-25   1.574459e-03   1.354694e-26   2552
  7.913127e-01   6.929781e-25   1.651778e-03   1.266434e-26   2832
  7.969736e-01   6.540777e-25   1.568612e-03   1.338956e-26   2424
  8.025554e-01   6.379003e-25   1.740010e-03   1.147390e-26   3198
  8.077809e-01   6.119959e-25   1.388970e-03   1.262976e-26   2400
  8.133203e-01   5.932175e-25   1.597724e-03   1.050848e-26   3336
  8.190443e-01   6.033037e-25   1.344782e-03   1.225694e-26   2508
  8.240739e-01   5.946174e-25   1.620807e-03   1.070217e-26   3104
  8.299549e-01   5.590735e-25   1.630675e-03   1.038534e-26   2934
  8.352548e-01   5.508876e-25   1.499159e-03   9.720860e-27   3120
  8.410021e-01   5.369201e-25   1.672615e-03   9.566570e-27   3288
  8.462971e-01   5.200078e-25   1.408091e-03   9.394195e-27   2808
  8.517341e-01   5.128333e-25   1.767149e-03   9.407218e-27   2988
  8.572072e-01   5.050352e-25   1.617824e-03   9.046057e-27   3486
  8.625080e-01   4.916247e-25   1.531395e-03   9.172967e-27   3000
  8.676262e-01   4.829899e-25   1.332104e-03   8.732903e-27   3024
  8.733607e-01   4.849877e-25   1.466916e-03   8.174041e-27   3584
  8.791129e-01   4.563713e-25   1.571450e-03   8.362015e-27   3486
  8.844786e-01   4.388270e-25   1.415254e-03   8.080036e-27   3120
  8.897252e-01   4.345670e-25   1.397521e-03   7.877015e-27   3396
  8.950216e-01   4.320052e-25   1.596634e-03   7.298960e-27   3552
  9.006758e-01   4.111622e-25   1.536565e-03   7.311090e-27   3384
  9.062646e-01   3.825660e-25   1.564378e-03   6.707973e-27   3726
  9.115861e-01   3.841535e-25   1.516080e-03   6.683322e-27   3344
  9.166417e-01   3.914244e-25   1.557833e-03   6.512362e-27   3744
  9.224231e-01   3.849298e-25   1.516451e-03   6.398025e-27   3540
  9.278433e-01   3.681776e-25   1.609838e-03   6.050600e-27   3822
  9.335305e-01   3.517566e-25   1.580500e-03   5.663891e-27   4056
  9.387066e-01   3.488533e-25   1.452506e-03   5.942891e-27   3288
  9.441340e-01   3.500154e-25   1.677753e-03   5.453219e-27   4056
  9.494626e-01   3.341143e-25   1.536843e-03   5.417174e-27   3984
  9.552959e-01   3.194307e-25   1.413015e-03   5.048188e-27   3662
  9.602370e-01   3.255393e-25   1.541776e-03   5.125458e-27   3828
  9.658108e-01   3.101197e-25   1.742991e-03   4.659638e-27   4632
  9.713679e-01   3.048496e-25   1.345609e-03   5.159669e-27   3600
  9.769230e-01   2.998543e-25   1.597718e-03   4.580616e-27   4320
  9.821794e-01   2.887239e-25   1.253511e-03   4.480040e-27   3918
  9.874859e-01   2.832910e-25   1.442268e-03   4.517557e-27   4200
  9.928210e-01   2.824924e-25   1.636673e-03   4.349325e-27   4188
  9.983519e-01   2.695334e-25   1.662286e-03   4.061244e-27   4360
  1.003968e+00   2.645050e-25   1.662160e-03   3.935265e-27   4582
  1.009399e+00   2.528589e-25   1.477494e-03   3.878901e-27   4128
  1.014920e+00   2.551677e-25   1.587216e-03   3.806223e-27   4752
  1.020120e+00   2.396830e-25   1.461112e-03   3.580278e-27   4176
  1.025775e+00   2.533805e-25   1.680085e-03   3.939584e-27   4848
  1.031437e+00   2.519515e-25   1.459747e-03   3.951942e-27   4338
  1.036771e+00   2.381815e-25   1.593174e-03   3.377976e-27   5160
  1.042045e+00   2.292293e-25   1.291598e-03   3.542905e-27   4008
  1.047767e+00   2.254573e-25   1.707442e-03   3.090266e-27   5360
  1.053032e+00   2.283762e-25   1.588217e-03   3.627346e-27   4110
  1.058510e+00   2.205925e-25   1.701535e-03   2.978698e-27   5424
  1.063733e+00   2.180691e-25   1.454921e-03   3.576699e-27   4140
  1.069227e+00   2.075831e-25   1.625576e-03   2.760483e-27   5664
  1.074866e+00   2.131274e-25   1.412853e-03   3.219315e-27   4632
  1.080236e+00   2.023783e-25   1.490235e-03   2.942796e-27   4902
  1.085555e+00   2.041557e-25   1.592485e-03   2.896614e-27   5072
  1.090999e+00   1.914972e-25   1.501653e-03   2.705395e-27   5472
  1.096387e+00   1.938734e-25   1.526101e-03   2.979729e-27   4704
  1.101916e+00   1.868320e-25   1.676374e-03   2.556177e-27   5436
  1.107545e+00   1.815816e-25   1.596128e-03   2.457845e-27   5646
  1.112664e+00   1.769174e-25   1.428200e-03   2.703139e-27   4512
  1.118112e+00   1.780662e-25   1.824161e-03   2.286193e-27   6120
  1.123729e+00   1.680258e-25   1.411269e-03   2.402431e-27   5112
  1.129131e+00   1.702338e-25   1.667779e-03   2.277274e-27   5606
  1.134567e+00   1.688034e-25   1.554272e-03   2.321901e-27   5328
  1.139989e+00   1.645409e-25   1.565953e-03   2.190062e-27   5964
  1.145435e+00   1.572431e-25   1.590472e-03   2.164446e-27   5448
  1.150957e+00   1.620913e-25   1.628706e-03   2.163595e-27   5904
  1.156600e+00   1.532983e-25   1.600579e-03   2.092841e-27   5598
  1.161806e+00   1.541277e-25   1.501909e-03   2.124646e-27   5952
  1.167187e+00   1.424767e-25   1.643126e-03   1.929305e-27   5688
  1.172631e+00   1.445176e-25   1.575513e-03   1.919305e-27   5876
  1.177964e+00   1.446111e-25   1.536673e-03   2.011625e-27   5784
  1.183501e+00   1.426331e-25   1.532901e-03   1.867783e-27   6462
  1.189054e+00   1.401855e-25   1.653348e-03   1.940088e-27   5688
  1.194197e+00   1.373422e-25   1.525430e-03   1.788128e-27   6408
  1.199756e+00   1.345700e-25   1.574800e-03   1.745337e-27   6000
  1.205422e+00   1.286061e-25   1.694655e-03   1.631163e-27   6582
  1.211021e+00   1.195706e-25   1.612876e-03   1.564406e-27   6564
  1.216263e+00   1.277005e-25   1.422140e-03   1.682435e-27   6048
  1.221699e+00   1.273118e-25   1.629773e-03   1.598881e-27   6512
  1.227397e+00   1.260841e-25   1.620133e-03   1.544975e-27   6816
  1.232850e+00   1.195600e-25   1.416896e-03   1.518907e-27   6222
  1.237968e+00   1.166975e-25   1.476334e-03   1.448248e-27   6432
  1.243434e+00   1.182987e-25   1.553938e-03   1.458399e-27   6804
  1.248868e+00   1.138212e-25   1.464733e-03   1.449416e-27   6432
  1.254187e+00   1.141636e-25   1.722345e-03   1.425308e-27   6846
  1.259590e+00   1.123989e-25   1.572729e-03   1.447904e-27   6424
  1.264755e+00   1.094178e-25   1.411534e-03   1.347103e-27   6952
  1.270430e+00   1.063158e-25   1.700917e-03   1.270705e-27   7560
  1.276003e+00   1.046797e-25   1.461590e-03   1.346392e-27   6648
  1.281750e+00   1.045305e-25   1.606071e-03   1.252381e-27   7578
  1.286810e+00   1.015801e-25   1.450151e-03   1.284621e-27   6552
  1.292277e+00   9.861838e-26   1.596662e-03   1.156412e-27   7536
  1.297851e+00   9.866313e-26   1.461180e-03   1.151929e-27   7272
  1.303277e+00   9.558917e-26   1.556497e-03   1.162709e-27   6936
  1.308485e+00   9.549653e-26   1.596343e-03   1.107140e-27   7430
  1.314120e+00   9.662190e-26   1.672052e-03   1.153773e-27   7644
  1.319350e+00   9.403515e-26   1.489238e-03   1.134804e-27   7248
  1.325034e+00   9.118425e-26   1.703671e-03   1.009043e-27   8232
  1.330590e+00   9.001079e-26   1.553617e-03   1.101152e-27   7038
  1.335931e+00   8.714776e-26   1.510189e-03   9.917554e-28   7824
  1.341174e+00   8.441424e-26   1.590763e-03   1.009534e-27   7752
  1.346585e+00   8.524356e-26   1.605043e-03   1.027948e-27   7480
  1.352208e+00   8.500156e-26   1.618933e-03   9.372697e-28   8404
  1.357671e+00   8.319135e-26   1.503855e-03   9.790073e-28   7614
  1.362913e+00   8.274990e-26   1.575108e-03   9.497709e-28   7776
  1.368188e+00   7.937972e-26   1.502776e-03   9.017484e-28   7944
  1.373702e+00   8.023527e-26   1.562607e-03   8.639684e-28   8424
  1.379142e+00   7.778708e-26   1.533354e-03   8.816800e-28   7872
  1.384762e+00   7.691799e-26   1.540830e-03   8.474279e-28   8658
  1.390152e+00   7.568251e-26   1.537871e-03   8.545251e-28   8352
  1.395701e+00   7.377817e-26   1.544872e-03   7.945260e-28   8648
  1.400946e+00   7.394590e-26   1.463868e-03   8.637085e-28   7680
  1.406459e+00   7.336449e-26   1.524971e-03   8.145310e-28   8646
  1.411581e+00   7.030433e-26   1.477493e-03   7.933316e-28   8448
  1.417243e+00   7.192335e-26   1.570023e-03   7.713431e-28   9120
  1.422706e+00   6.999790e-26   1.534210e-03   7.784193e-28   8316
  1.428231e+00   7.004511e-26   1.655901e-03   7.324982e-28   9504
  1.433780e+00   6.785881e-26   1.505873e-03   7.511630e-28   8358
  1.439318e+00   6.859369e-26   1.591741e-03   7.094500e-28   9584
  1.444669e+00   6.442791e-26   1.523180e-03   7.250730e-28   8616
  1.450194e+00   6.620745e-26   1.658401e-03   6.945361e-28   9432
  1.455837e+00   6.415699e-26   1.687074e-03   6.821761e-28   9018
  1.460959e+00   6.456431e-26   1.428118e-03   7.199661e-28   8568
  1.466312e+00   6.256620e-26   1.589614e-03   6.503855e-28   9816
  1.471848e+00   6.090535e-26   1.504950e-03   6.689803e-28   9000
  1.477320e+00   6.154134e-26   1.574008e-03   6.600843e-28   9504
  1.482769e+00   5.965262e-26   1.610237e-03   6.352425e-28   9446
  1.488128e+00   6.116631e-26   1.539876e-03   6.378760e-28   9696
  1.493639e+00   5.913287e-26   1.432995e-03   6.404991e-28   9180
  1.499052e+00   5.791637e-26   1.656445e-03   5.803735e-28   10512
  1.504580e+00   5.789369e-26   1.565995e-03   6.295589e-28   9048
  1.510050e+00   5.670701e-26   1.502032e-03   5.957175e-28   10014
  1.515115e+00   5.594787e-26   1.465977e-03   6.050275e-28   9096
  1.520624e+00   5.526197e-26   1.678104e-03   5.350591e-28   11088
  1.526481e+00   5.314715e-26   1.632622e-03   5.463957e-28   9860
  1.531846e+00   5.250017e-26   1.547538e-03   5.386614e-28   10110
  1.537226e+00   5.394916e-26   1.610782e-03   5.545522e-28   10104
  1.542638e+00   5.209552e-26   1.527293e-03   5.215899e-28   10392
  1.548117e+00   5.176564e-26   1.580956e-03   5.125556e-28   10104
  1.553700e+00   5.021951e-26   1.636048e-03   4.797396e-28   11352
  1.559389e+00   5.145928e-26   1.498379e-03   5.281727e-28   10014
  1.564440e+00   5.045339e-26   1.383079e-03   5.234915e-28   9636
  1.569783e+00   4.920360e-26   1.639203e-03   4.650325e-28   11552
  1.575422e+00   4.891106e-26   1.523155e-03   4.961101e-28   10488
  1.580867e+00   4.765623e-26   1.590751e-03   4.825892e-28   10254
  1.586166e+00   4.769946e-26   1.497744e-03   4.744279e-28   11304
  1.591672e+00   4.780944e-26   1.520072e-03   4.818078e-28   10872
  1.597152e+00   4.598126e-26   1.630062e-03   4.492197e-28   10932
  1.602461e+00   4.530475e-26   1.470687e-03   4.482703e-28   10848
  1.607949e+00   4.546082e-26   1.538096e-03   4.558775e-28   10998
  1.613393e+00   4.565199e-26   1.616241e-03   4.412612e-28   11720
  1.618857e+00   4.476419e-26   1.486980e-03   4.404948e-28   10776
  1.624233e+00   4.341606e-26   1.626703e-03   3.982636e-28   12072
  1.629803e+00   4.362410e-26   1.491590e-03   4.266940e-28   10704
  1.635146e+00   4.330293e-26   1.530127e-03   4.159886e-28   11730
  1.640724e+00   4.227290e-26   1.589265e-03   4.021583e-28   12144
  1.646103e+00   4.132624e-26   1.505823e-03   3.982648e-28   11568
  1.651732e+00   4.046133e-26   1.628958e-03   3.836677e-28   11552
  1.656794e+00   4.020946e-26   1.470182e-03   4.023599e-28   10926
  1.662301e+00   3.951256e-26   1.665116e-03   3.454138e-28   13032
  1.667699e+00   3.981762e-26   1.360824e-03   3.953937e-28   10776
  1.673163e+00   3.917783e-26   1.675173e-03   3.564790e-28   13116
  1.678750e+00   3.838957e-26   1.576527e-03   3.612623e-28   12288
  1.684254e+00   3.848095e-26   1.448982e-03   3.665228e-28   11262
  1.689407e+00   3.809319e-26   1.565326e-03   3.447147e-28   12672
  1.694949e+00   3.742949e-26   1.534786e-03   3.365884e-28   12624
  1.700444e+00   3.741159e-26   1.539772e-03   3.413394e-28   12392
  1.705894e+00   3.630462e-26   1.578373e-03   3.441308e-28   12060
  1.711417e+00   3.664547e-26   1.664529e-03   3.201625e-28   13662
  1.716714e+00   3.568672e-26   1.437484e-03   3.429665e-28   11592
  1.722229e+00   3.560440e-26   1.708245e-03   3.123237e-28   13776
  1.727732e+00   3.451573e-26   1.452727e-03   3.238643e-28   12240
  1.733259e+00   3.503741e-26   1.673717e-03   3.098243e-28   13662
  1.738451e+00   3.431140e-26   1.438450e-03   3.274478e-28   11520
  1.744057e+00   3.456294e-26   1.657935e-03   2.904572e-28   15044
  1.749584e+00   3.349260e-26   1.490148e-03   3.092193e-28   12384
  1.755011e+00   3.280534e-26   1.568695e-03   3.003157e-28   13176
  1.760324e+00   3.274943e-26   1.420714e-03   2.981966e-28   12798
  1.765805e+00   3.275383e-26   1.613568e-03   2.833494e-28   14376
  1.771131e+00   3.237684e-26   1.533785e-03   3.003262e-28   12528
  1.776603e+00   3.216128e-26   1.610649e-03   2.805074e-28   14100
  1.781897e+00   3.173789e-26   1.461405e-03   2.902163e-28   12630
  1.787364e+00   3.079899e-26   1.587093e-03   2.605382e-28   14624
  1.792771e+00   3.069520e-26   1.583065e-03   2.742208e-28   13272
  1.798277e+00   3.076257e-26   1.613728e-03   2.576280e-28   14664
  1.803884e+00   2.949548e-26   1.649702e-03   2.531976e-28   14328
  1.809294e+00   2.955044e-26   1.531892e-03   2.649515e-28   13086
  1.814778e+00   2.948482e-26   1.648042e-03   2.412726e-28   15612
  1.820245e+00   2.968051e-26   1.420572e-03   2.745012e-28   13416
  1.825554e+00   2.938434e-26   1.670986e-03   2.511513e-28   14360
  1.831007e+00   2.843395e-26   1.563345e-03   2.470424e-28   14064
  1.836565e+00   2.829362e-26   1.608825e-03   2.318333e-28   15750
  1.842043e+00   2.846433e-26   1.519715e-03   2.484422e-28   13680
  1.847448e+00   2.826095e-26   1.654464e-03   2.360559e-28   15468
  1.852944e+00   2.813165e-26   1.594248e-03   2.444745e-28   14352
  1.858276e+00   2.740371e-26   1.572970e-03   2.271981e-28   14454
  1.863633e+00   2.705955e-26   1.615254e-03   2.275834e-28   15048
  1.869150e+00   2.668925e-26   1.497078e-03   2.238128e-28   15360
  1.874596e+00   2.640540e-26   1.645285e-03   2.196778e-28   15224
  1.880069e+00   2.607877e-26   1.557924e-03   2.145356e-28   15096
  1.885497e+00   2.629640e-26   1.522103e-03   2.258244e-28   14514
  1.890790e+00   2.592921e-26   1.595539e-03   2.093084e-28   16416
  1.896345e+00   2.553764e-26   1.570097e-03   2.137377e-28   15216
  1.902017e+00   2.556512e-26   1.580041e-03   2.050224e-28   16440
  1.907431e+00   2.564760e-26   1.589489e-03   2.156274e-28   14904
  1.912612e+00   2.507228e-26   1.493082e-03   2.065524e-28   15134
  1.918128e+00   2.449977e-26   1.670413e-03   1.942119e-28   16644
  1.923636e+00   2.419545e-26   1.568226e-03   1.977558e-28   16128
  1.929039e+00   2.413421e-26   1.558301e-03   2.073065e-28   15384
  1.934362e+00   2.415288e-26   1.531848e-03   1.993584e-28   15462
  1.939814e+00   2.401130e-26   1.636508e-03   1.901547e-28   17304
  1.945372e+00   2.397638e-26   1.543184e-03   1.966459e-28   16176
  1.950827e+00   2.387088e-26   1.632437e-03   1.941866e-28   16824
  1.956411e+00   2.308732e-26   1.501531e-03   1.899526e-28   15980
  1.961671e+00   2.294790e-26   1.494587e-03   1.852530e-28   16326
  1.966974e+00   2.305018e-26   1.595444e-03   1.858969e-28   16488
  1.972469e+00   2.250801e-26   1.547881e-03   1.806333e-28   16944
  1.977987e+00   2.273080e-26   1.628958e-03   1.803300e-28   17256
  1.983307e+00   2.218364e-26   1.510722e-03   1.832486e-28   15966
  1.988830e+00   2.152620e-26   1.604091e-03   1.700604e-28   17628
  1.994237e+00   2.213504e-26   1.523687e-03   1.746475e-28   17280
  1.999700e+00   2.135802e-26   1.677236e-03   1.696915e-28   17056
  2.005087e+00   2.212995e-26   1.581521e-03   1.742150e-28   17296
  2.010708e+00   2.121895e-26   1.549121e-03   1.672014e-28   17526
  2.016014e+00   2.100568e-26   1.559028e-03   1.662637e-28   17592
  2.021539e+00   2.087369e-26   1.621825e-03   1.624472e-28   17880
  2.026921e+00   2.051352e-26   1.503997e-03   1.615431e-28   17028
  2.032244e+00   2.035113e-26   1.529390e-03   1.613456e-28   17376
  2.037659e+00   2.040499e-26   1.518363e-03   1.545793e-28   18414
  2.043253e+00   1.987225e-26   1.557160e-03   1.538376e-28   17840
  2.048675e+00   1.993205e-26   1.634742e-03   1.502090e-28   18960
  2.054080e+00   1.955709e-26   1.518636e-03   1.584950e-28   16992
  2.059506e+00   1.945129e-26   1.672957e-03   1.481394e-28   18378
  2.064817e+00   1.929200e-26   1.489598e-03   1.496680e-28   18192
  2.070342e+00   1.937190e-26   1.590368e-03   1.448791e-28   19320
  2.075827e+00   1.934965e-26   1.542530e-03   1.498869e-28   17856
  2.081294e+00   1.884828e-26   1.592338e-03   1.406003e-28   19128
  2.086669e+00   1.904600e-26   1.472822e-03   1.447465e-28   18246
  2.092142e+00   1.869168e-26   1.530845e-03   1.390021e-28   19184
  2.097560e+00   1.837009e-26   1.566786e-03   1.391869e-28   18900
  2.103127e+00   1.865399e-26   1.634103e-03   1.394401e-28   19776
  2.108435e+00   1.809266e-26   1.499267e-03   1.412190e-28   17814
  2.113953e+00   1.789840e-26   1.631506e-03   1.328382e-28   19944
  2.119331e+00   1.769483e-26   1.609395e-03   1.319466e-28   19536
  2.124895e+00   1.762420e-26   1.592635e-03   1.283980e-28   20112
  2.130295e+00   1.750261e-26   1.480183e-03   1.325715e-28   18116
  2.135677e+00   1.760965e-26   1.543122e-03   1.288904e-28   19878
  2.140967e+00   1.719664e-26   1.559605e-03   1.253886e-28   19800
  2.146556e+00   1.733573e-26   1.559507e-03   1.283196e-28   20136
  2.152123e+00   1.680554e-26   1.640454e-03   1.204734e-28   20808
  2.157545e+00   1.677805e-26   1.486131e-03   1.234938e-28   19152
  2.162999e+00   1.670353e-26   1.569730e-03   1.212988e-28   20526
  2.168508e+00   1.656140e-26   1.615030e-03   1.214557e-28   20532
  2.173853e+00   1.672389e-26   1.604928e-03   1.243369e-28   20120
  2.179147e+00   1.615019e-26   1.495586e-03   1.184151e-28   19512
  2.184682e+00   1.607346e-26   1.624686e-03   1.142686e-28   21246
  2.190096e+00   1.601103e-26   1.477588e-03   1.184564e-28   20112
  2.195583e+00   1.590324e-26   1.645292e-03   1.083812e-28   22104
  2.201050e+00   1.571156e-26   1.614482e-03   1.165367e-28   19620
  2.206482e+00   1.569948e-26   1.604796e-03   1.098096e-28   21912
  2.211921e+00   1.540221e-26   1.497387e-03   1.129912e-28   20070
  2.217337e+00   1.535922e-26   1.630864e-03   1.063982e-28   22064
  2.222850e+00   1.524275e-26   1.548352e-03   1.098302e-28   21048
  2.228199e+00   1.511289e-26   1.514343e-03   1.099405e-28   21168
  2.233635e+00   1.487610e-26   1.637642e-03   1.047211e-28   21384
  2.239216e+00   1.488416e-26   1.481766e-03   1.041675e-28   22146
  2.244666e+00   1.485102e-26   1.585174e-03   1.037948e-28   22200
  2.250163e+00   1.462178e-26   1.501548e-03   1.048862e-28   21648
  2.255545e+00   1.438911e-26   1.607582e-03   1.028663e-28   21144
  2.260867e+00   1.471564e-26   1.529125e-03   1.052156e-28   21710
  2.266343e+00   1.433825e-26   1.624700e-03   9.923242e-29   23112
  2.271991e+00   1.418636e-26   1.620840e-03   9.780351e-29   23064
  2.277435e+00   1.425306e-26   1.500062e-03   1.014862e-28   21252
  2.282668e+00   1.411374e-26   1.503720e-03   9.932587e-29   22128
  2.288126e+00   1.402057e-26   1.558658e-03   9.916024e-29   22446
  2.293582e+00   1.386001e-26   1.527528e-03   9.509718e-29   22848
  2.298983e+00   1.365675e-26   1.529486e-03   9.345984e-29   23208
  2.304508e+00   1.376076e-26   1.574247e-03   9.509307e-29   22536
  2.309946e+00   1.358759e-26   1.596462e-03   9.495305e-29   22586
  2.315370e+00   1.330619e-26   1.627795e-03   8.956218e-29   24096
  2.320825e+00   1.319818e-26   1.527306e-03   9.119156e-29   22440
  2.326212e+00   1.350073e-26   1.664369e-03   9.260027e-29   23400
  2.331602e+00   1.312616e-26   1.511928e-03   8.944050e-29   23232
  2.337168e+00   1.327356e-26   1.592064e-03   9.008774e-29   23886
  2.342533e+00   1.289428e-26   1.530913e-03   8.774884e-29   23376
  2.347967e+00   1.318699e-26   1.544635e-03   8.968639e-29   23540
  2.353338e+00   1.279163e-26   1.532168e-03   8.507863e-29   24240
  2.358915e+00   1.277269e-26   1.612109e-03   8.699810e-29   23952
  2.364402e+00   1.271112e-26   1.508159e-03   8.462033e-29   24006
  2.369901e+00   1.261554e-26   1.691935e-03   8.252019e-29   25560
  2.375221e+00   1.263813e-26   1.500150e-03   8.887218e-29   22728
  2.380552e+00   1.242489e-26   1.511947e-03   8.436374e-29   23556
  2.385955e+00   1.227733e-26   1.577785e-03   8.001210e-29   25398
  2.391435e+00   1.216493e-26   1.545774e-03   8.079774e-29   24088
  2.396892e+00   1.231255e-26   1.609108e-03   8.077946e-29   25696
  2.402362e+00   1.188668e-26   1.511201e-03   7.933517e-29   24144
  2.407786e+00   1.181363e-26   1.615096e-03   7.799694e-29   25560
  2.413246e+00   1.185228e-26   1.489846e-03   7.930005e-29   24246
  2.418724e+00   1.179660e-26   1.581827e-03   7.659092e-29   26292
  2.424188e+00   1.177211e-26   1.560153e-03   7.979922e-29   25200
  2.429626e+00   1.165189e-26   1.624829e-03   7.524829e-29   25296
  2.434943e+00   1.167055e-26   1.483819e-03   7.710365e-29   24192
  2.440599e+00   1.140623e-26   1.638534e-03   7.095777e-29   28646
  2.446110e+00   1.145693e-26   1.506669e-03   7.584930e-29   24552
  2.451515e+00   1.128706e-26   1.579460e-03   7.394201e-29   25788
  2.456795e+00   1.141494e-26   1.491180e-03   7.565604e-29   25272
  2.462256e+00   1.111033e-26   1.613697e-03   7.230624e-29   26118
  2.467607e+00   1.132312e-26   1.579547e-03   7.410629e-29   26016
  2.473206e+00   1.113174e-26   1.595790e-03   6.859778e-29   27792
  2.478571e+00   1.120140e-26   1.565206e-03   7.595696e-29   25072
  2.483982e+00   1.107696e-26   1.621283e-03   6.920128e-29   26824
  2.489402e+00   1.099672e-26   1.480279e-03   7.015166e-29   26106
  2.494915e+00   1.091927e-26   1.629064e-03   6.840316e-29   28296
  2.500377e+00   1.067383e-26   1.567349e-03   6.895986e-29   26640
  2.505822e+00   1.063635e-26   1.492228e-03   6.902314e-29   26064
  2.511215e+00   1.055972e-26   1.637115e-03   6.681993e-29   27822
  2.516572e+00   1.049485e-26   1.521472e-03   6.764153e-29   26160
  2.522001e+00   1.057477e-26   1.673107e-03   6.678410e-29   28108
  2.527479e+00   1.039841e-26   1.599090e-03   6.500564e-29   27664
  2.532916e+00   1.032985e-26   1.590673e-03   6.418002e-29   27600
  2.538445e+00   1.026122e-26   1.594105e-03   6.572860e-29   27510
  2.543900e+00   1.024948e-26   1.577441e-03   6.339269e-29   28848
  2.549331e+00   1.024122e-26   1.562048e-03   6.514786e-29   27744
  2.554787e+00   9.965117e-27   1.521895e-03   6.249770e-29   27888
  2.560210e+00   1.005172e-26   1.547223e-03   6.373911e-29   27780
  2.565645e+00   9.980487e-27   1.558725e-03   6.284228e-29   28734
  2.571023e+00   9.917092e-27   1.609586e-03   6.209376e-29   28232
  2.576527e+00   9.915037e-27   1.600458e-03   6.128798e-29   29016
  2.581909e+00   9.828943e-27   1.581285e-03   6.171310e-29   28056
  2.587324e+00   9.697033e-27   1.534592e-03   6.078824e-29   28710
  2.592790e+00   9.842922e-27   1.621010e-03   6.157692e-29   29220
  2.598465e+00   9.670810e-27   1.658218e-03   5.735112e-29   31584
  2.603840e+00   9.574323e-27   1.528599e-03   6.150491e-29   26904
  2.609079e+00   9.644575e-27   1.485740e-03   6.173163e-29   28512
  2.614658e+00   9.481158e-27   1.600396e-03   5.689836e-29   30878
  2.620190e+00   9.497258e-27   1.607291e-03   5.728309e-29   30408
  2.625603e+00   9.402866e-27   1.552575e-03   5.956165e-29   28632
  2.630926e+00   9.305378e-27   1.494100e-03   5.712204e-29   28764
  2.636301e+00   9.249054e-27   1.662258e-03   5.599052e-29   30630
  2.641825e+00   9.194088e-27   1.539050e-03   5.586704e-29   30240
  2.647360e+00   9.145368e-27   1.576813e-03   5.415247e-29   31008
  2.652753e+00   9.019385e-27   1.510278e-03   5.511949e-29   29240
  2.658053e+00   8.926507e-27   1.541271e-03   5.437782e-29   30000
  2.663579e+00   9.016038e-27   1.631431e-03   5.379400e-29   30978
  2.669020e+00   8.959165e-27   1.538057e-03   5.417420e-29   30696
  2.674440e+00   8.852596e-27   1.612132e-03   5.351872e-29   31320
  2.679792e+00   8.944216e-27   1.506651e-03   5.567082e-29   29280
  2.685220e+00   8.700792e-27   1.611110e-03   5.238224e-29   31488
  2.690645e+00   8.821685e-27   1.512555e-03   5.282933e-29   31326
  2.696128e+00   8.814858e-27   1.624023e-03   5.290246e-29   31480
  2.701662e+00   8.587172e-27   1.575428e-03   5.026894e-29   32572
  2.707181e+00   8.561815e-27   1.576379e-03   5.043019e-29   31296
  2.712540e+00   8.532223e-27   1.532958e-03   5.120029e-29   30798
  2.718010e+00   8.567938e-27   1.631915e-03   5.051353e-29   32256
  2.723379e+00   8.408168e-27   1.576275e-03   4.923654e-29   32088
  2.728754e+00   8.446838e-27   1.559976e-03   5.124953e-29   30936
  2.734196e+00   8.437264e-27   1.621863e-03   4.931824e-29   33036
  2.739744e+00   8.458933e-27   1.570337e-03   5.092569e-29   31846
  2.745145e+00   8.310613e-27   1.600723e-03   4.794653e-29   33832
  2.750571e+00   8.215719e-27   1.482757e-03   4.934972e-29   30912
  2.755951e+00   8.200223e-27   1.554945e-03   4.737690e-29   32976
  2.761359e+00   8.111879e-27   1.534255e-03   4.753016e-29   32712
  2.766879e+00   8.258489e-27   1.551134e-03   4.805422e-29   33438
  2.772315e+00   8.121297e-27   1.561569e-03   4.765942e-29   32556
  2.777612e+00   7.976180e-27   1.547775e-03   4.641025e-29   33144
  2.783077e+00   7.941887e-27   1.531023e-03   4.705859e-29   33504
  2.788685e+00   7.976772e-27   1.585219e-03   4.752821e-29   33542
  2.794001e+00   7.973459e-27   1.561774e-03   4.694848e-29   33768
  2.799514e+00   7.816938e-27   1.582505e-03   4.515124e-29   34368
  2.804894e+00   7.781009e-27   1.503763e-03   4.585933e-29   32856
  2.810386e+00   7.818226e-27   1.555021e-03   4.492171e-29   34524
  2.815774e+00   7.787533e-27   1.476871e-03   4.545716e-29   33510
  2.821310e+00   7.838226e-27   1.652814e-03   4.479890e-29   35856
  2.826780e+00   7.681109e-27   1.566245e-03   4.476068e-29   33888
  2.832150e+00   7.754119e-27   1.534797e-03   4.475178e-29   33752
  2.837510e+00   7.678046e-27   1.613976e-03   4.334984e-29   34902
  2.843143e+00   7.616411e-27   1.578935e-03   4.327631e-29   35484
  2.848630e+00   7.597663e-27   1.625328e-03   4.208829e-29   36648
  2.854056e+00   7.550422e-27   1.503100e-03   4.457487e-29   33000
  2.859416e+00   7.493396e-27   1.625165e-03   4.181971e-29   35520
  2.864954e+00   7.433028e-27   1.587378e-03   4.167208e-29   36078
  2.870343e+00   7.562542e-27   1.553780e-03   4.407676e-29   34992
  2.875726e+00   7.481010e-27   1.537418e-03   4.266064e-29   35072
  2.881222e+00   7.332193e-27   1.612107e-03   4.091949e-29   36876
  2.886535e+00   7.358860e-27   1.490702e-03   4.337521e-29   33216
  2.891986e+00   7.369764e-27   1.651729e-03   4.026788e-29   38382
  2.897574e+00   7.383262e-27   1.549240e-03   4.219587e-29   36072
  2.903069e+00   7.315096e-27   1.551510e-03   4.086711e-29   37464
  2.908437e+00   7.178649e-27   1.491290e-03   4.152440e-29   34416
  2.913907e+00   7.368243e-27   1.634265e-03   4.161369e-29   37386
  2.919336e+00   7.298082e-27   1.560351e-03   4.072810e-29   37040
  2.924747e+00   7.184269e-27   1.519091e-03   4.018534e-29   36240
  2.930120e+00   7.190938e-27   1.620578e-03   4.078373e-29   36432
  2.935572e+00   7.043183e-27   1.530037e-03   3.924762e-29   37560
  2.941044e+00   7.174121e-27   1.585551e-03   4.018577e-29   37350
  2.946615e+00   7.120088e-27   1.620920e-03   3.923095e-29   38616
  2.952019e+00   7.033903e-27   1.527850e-03   3.947363e-29   37092
  2.957454e+00   7.047254e-27   1.469269e-03   3.909052e-29   37272
  2.962879e+00   7.044280e-27   1.617603e-03   3.949458e-29   37616
  2.968367e+00   7.057693e-27   1.566567e-03   3.913860e-29   38478
  2.973773e+00   7.042363e-27   1.591818e-03   3.910337e-29   37992
  2.979169e+00   7.036771e-27   1.560915e-03   3.883173e-29   38232
  2.984576e+00   6.905385e-27   1.529810e-03   3.910719e-29   36708
  2.989998e+00   6.954952e-27   1.601300e-03   3.801922e-29   39534
  2.995476e+00   6.905802e-27   1.604456e-03   3.837443e-29   39336
  3.000916e+00   6.885184e-27   1.543508e-03   3.873119e-29   37624
  3.006363e+00   6.849159e-27   1.579336e-03   3.722214e-29   40408
  3.011852e+00   6.761430e-27   1.510623e-03   3.761685e-29   38256
  3.017315e+00   6.743264e-27   1.543281e-03   3.709735e-29   39438
  3.022829e+00   6.891360e-27   1.592476e-03   3.748128e-29   40524
  3.028194e+00   6.737632e-27   1.503499e-03   3.766549e-29   38448
  3.033601e+00   6.722638e-27   1.582383e-03   3.705489e-29   39312
  3.038992e+00   6.700068e-27   1.512689e-03   3.728277e-29   38718
  3.044403e+00   6.749455e-27   1.614057e-03   3.669827e-29   40872
  3.049845e+00   6.614173e-27   1.532666e-03   3.658917e-29   40088
  3.055371e+00   6.609638e-27   1.633644e-03   3.656795e-29   40644
  3.060822e+00   6.656778e-27   1.532935e-03   3.649338e-29   40176
  3.066304e+00   6.651627e-27   1.625298e-03   3.656599e-29   40998
  3.071650e+00   6.643974e-27   1.490471e-03   3.724594e-29   39192
  3.077083e+00   6.637278e-27   1.573750e-03   3.611356e-29   41640
  3.082545e+00   6.607073e-27   1.578537e-03   3.549117e-29   41400
  3.087927e+00   6.512369e-27   1.553632e-03   3.632567e-29   38640
  3.093396e+00   6.567827e-27   1.594261e-03   3.524178e-29   43658
  3.098867e+00   6.617967e-27   1.533241e-03   3.686024e-29   40608
  3.104282e+00   6.542182e-27   1.565192e-03   3.581729e-29   41880
  3.109810e+00   6.427966e-27   1.547184e-03   3.475888e-29   41712
  3.115335e+00   6.482733e-27   1.615131e-03   3.506693e-29   42942
  3.120741e+00   6.489610e-27   1.534331e-03   3.563356e-29   40896
  3.126165e+00   6.535898e-27   1.580796e-03   3.569932e-29   42708
  3.131542e+00   6.474694e-27   1.496179e-03   3.623394e-29   40968
  3.137007e+00   6.399460e-27   1.625543e-03   3.397086e-29   43496
  3.142457e+00   6.500693e-27   1.556121e-03   3.635984e-29   41454
  3.147915e+00   6.562007e-27   1.607241e-03   3.507084e-29   43704
  3.153202e+00   6.358248e-27   1.481093e-03   3.534156e-29   41208
  3.158685e+00   6.448706e-27   1.625130e-03   3.479543e-29   43944
  3.164222e+00   6.327596e-27   1.568163e-03   3.460010e-29   43218
  3.169711e+00   6.378460e-27   1.573649e-03   3.409998e-29   44136
  3.175074e+00   6.422110e-27   1.550274e-03   3.528986e-29   42304
  3.180483e+00   6.226051e-27   1.574816e-03   3.433791e-29   43096
  3.185809e+00   6.307511e-27   1.541007e-03   3.422522e-29   43464
  3.191366e+00   6.347908e-27   1.606948e-03   3.438756e-29   44382
  3.196804e+00   6.435738e-27   1.605225e-03   3.536091e-29   44316
  3.202282e+00   6.249896e-27   1.582905e-03   3.382577e-29   44592
  3.207694e+00   6.353412e-27   1.548943e-03   3.443413e-29   44328
  3.213178e+00   6.252319e-27   1.523706e-03   3.472203e-29   43560
  3.218610e+00   6.275979e-27   1.570802e-03   3.422354e-29   44763
  3.224020e+00   6.290040e-27   1.574927e-03   3.433272e-29   44216
  3.229465e+00   6.265104e-27   1.604748e-03   3.358680e-29   45144
  3.234953e+00   6.261146e-27   1.525298e-03   3.483238e-29   42876
  3.240354e+00   6.148713e-27   1.662551e-03   3.305068e-29   46164
  3.245765e+00   6.053754e-27   1.526236e-03   3.342801e-29   42360
  3.251284e+00   6.093693e-27   1.607148e-03   3.303995e-29   45324
  3.256678e+00   6.087122e-27   1.599342e-03   3.361591e-29   43320
  3.262107e+00   5.968544e-27   1.611675e-03   3.247543e-29   44580
  3.267667e+00   5.994022e-27   1.609815e-03   3.265310e-29   44468
  3.273119e+00   5.916256e-27   1.531376e-03   3.262670e-29   43416
  3.278411e+00   5.797714e-27   1.520505e-03   3.229427e-29   42264
  3.283884e+00   5.875874e-27   1.597197e-03   3.149580e-29   44580
  3.289368e+00   5.908582e-27   1.621337e-03   3.273562e-29   43824
  3.294829e+00   5.716464e-27   1.523757e-03   3.111032e-29   43392
  3.300224e+00   5.763813e-27   1.553494e-03   3.181940e-29   43296
  3.305724e+00   5.784282e-27   1.495301e-03   3.193489e-29   42656
  3.311087e+00   5.596684e-27   1.596934e-03   3.032432e-29   43728
  3.316591e+00   5.698323e-27   1.610238e-03   3.081537e-29   43536
  3.322030e+00   5.607437e-27   1.602586e-03   3.150979e-29   42180
  3.327473e+00   5.573709e-27   1.551796e-03   3.037879e-29   44136
  3.332939e+00   5.545162e-27   1.563744e-03   3.094288e-29   42372
  3.338336e+00   5.528778e-27   1.528428e-03   3.091127e-29   41604
  3.343731e+00   5.488581e-27   1.610433e-03   3.003259e-29   43440
  3.349182e+00   5.451781e-27   1.611663e-03   3.005029e-29   42488
  3.354561e+00   5.353661e-27   1.547466e-03   2.981531e-29   41496
  3.360074e+00   5.401754e-27   1.615298e-03   2.899573e-29   44112
  3.365562e+00   5.375041e-27   1.540359e-03   3.008632e-29   41688
  3.370956e+00   5.314112e-27   1.604620e-03   2.943022e-29   42276
  3.376369e+00   5.272349e-27   1.547681e-03   2.902222e-29   41172
  3.381820e+00   5.272491e-27   1.622702e-03   2.836719e-29   43536
  3.387296e+00   5.252177e-27   1.510509e-03   2.922806e-29   41496
  3.392714e+00   5.158245e-27   1.602713e-03   2.844406e-29   40764
  3.398118e+00   5.225381e-27   1.572660e-03   2.832007e-29   43220
  3.403602e+00   5.103834e-27   1.558712e-03   2.849117e-29   41076
  3.409040e+00   5.197710e-27   1.557898e-03   2.889173e-29   41532
  3.414506e+00   5.171082e-27   1.586149e-03   2.891680e-29   41928
  3.419924e+00   5.134681e-27   1.518385e-03   2.816531e-29   41412
  3.425338e+00   5.000776e-27   1.580228e-03   2.834399e-29   40032
  3.430721e+00   5.055042e-27   1.567201e-03   2.802700e-29   41880
  3.436133e+00   5.024900e-27   1.559578e-03   2.853482e-29   40264
  3.441614e+00   5.063592e-27   1.596952e-03   2.768510e-29   42592
  3.447111e+00   4.930337e-27   1.531936e-03   2.834257e-29   39588
  3.452537e+00   4.923608e-27   1.583857e-03   2.658394e-29   42180
  3.457928e+00   4.936958e-27   1.528129e-03   2.809298e-29   39240
  3.463345e+00   4.844749e-27   1.603997e-03   2.683761e-29   40920
  3.468834e+00   4.830486e-27   1.583230e-03   2.675294e-29   41184
  3.474296e+00   4.897422e-27   1.568330e-03   2.746905e-29   40872
  3.479702e+00   4.829400e-27   1.491774e-03   2.722928e-29   38748
  3.485168e+00   4.766613e-27   1.587794e-03   2.599706e-29   41420
  3.490553e+00   4.771739e-27   1.557380e-03   2.665049e-29   39816
  3.496030e+00   4.749084e-27   1.561371e-03   2.691608e-29   39792
  3.501436e+00   4.699770e-27   1.491602e-03   2.624898e-29   39816
  3.506965e+00   4.718611e-27   1.612108e-03   2.640943e-29   41064
  3.512408e+00   4.622161e-27   1.546522e-03   2.647609e-29   39204
  3.517925e+00   4.570694e-27   1.631952e-03   2.560201e-29   40080
  3.523223e+00   4.619140e-27   1.507994e-03   2.668961e-29   38332
  3.528672e+00   4.492800e-27   1.573899e-03   2.531052e-29   39952
  3.534102e+00   4.613935e-27   1.572293e-03   2.619636e-29   39000
  3.539668e+00   4.483659e-27   1.614601e-03   2.491081e-29   40356
  3.545098e+00   4.467517e-27   1.584135e-03   2.525642e-29   39300
  3.550517e+00   4.460941e-27   1.562974e-03   2.592486e-29   37452
  3.555894e+00   4.436207e-27   1.549762e-03   2.501549e-29   39732
  3.561429e+00   4.409679e-27   1.557625e-03   2.485231e-29   39312
  3.566817e+00   4.361162e-27   1.583965e-03   2.507551e-29   37632
  3.572234e+00   4.338023e-27   1.557396e-03   2.466649e-29   38420
  3.577674e+00   4.323066e-27   1.609595e-03   2.384525e-29   39564
  3.583132e+00   4.343560e-27   1.548840e-03   2.471250e-29   37236
  3.588516e+00   4.343762e-27   1.565848e-03   2.482939e-29   38100
  3.593924e+00   4.291954e-27   1.539495e-03   2.463699e-29   38208
  3.599440e+00   4.283091e-27   1.602149e-03   2.428512e-29   39072
  3.604845e+00   4.212890e-27   1.480860e-03   2.468187e-29   36192
  3.610293e+00   4.257915e-27   1.600910e-03   2.401619e-29   38928
  3.615801e+00   4.178648e-27   1.590552e-03   2.357452e-29   38768
  3.621383e+00   4.179293e-27   1.562835e-03   2.432319e-29   37596
  3.626841e+00   4.168942e-27   1.555898e-03   2.361913e-29   37296
  3.632194e+00   4.130893e-27   1.557356e-03   2.368975e-29   36948
  3.637577e+00   4.155375e-27   1.597343e-03   2.392343e-29   37248
  3.643147e+00   4.087009e-27   1.577439e-03   2.363199e-29   37152
  3.648492e+00   4.086685e-27   1.574751e-03   2.330647e-29   37512
  3.653954e+00   4.035249e-27   1.507515e-03   2.323094e-29   35876
  3.659374e+00   4.047050e-27   1.606552e-03   2.405652e-29   36936
  3.664880e+00   4.082999e-27   1.600548e-03   2.353815e-29   38028
  3.670348e+00   4.042050e-27   1.522914e-03   2.379332e-29   35592
  3.675687e+00   4.014053e-27   1.511337e-03   2.375033e-29   35508
  3.681088e+00   3.950360e-27   1.567228e-03   2.279353e-29   36492
  3.686612e+00   3.945450e-27   1.616757e-03   2.252661e-29   37608
  3.692081e+00   3.893203e-27   1.595280e-03   2.311352e-29   34848
  3.697390e+00   3.877761e-27   1.496163e-03   2.294867e-29   35220
  3.702857e+00   3.905277e-27   1.560827e-03   2.243700e-29   36884
  3.708318e+00   3.888263e-27   1.549021e-03   2.277993e-29   35412
  3.713858e+00   3.838471e-27   1.603888e-03   2.256963e-29   35652
  3.719249e+00   3.848538e-27   1.603516e-03   2.271272e-29   36072
  3.724653e+00   3.865284e-27   1.545362e-03   2.318314e-29   34368
  3.730119e+00   3.760690e-27   1.565390e-03   2.213486e-29   35484
  3.735586e+00   3.819194e-27   1.549559e-03   2.265141e-29   35256
  3.740941e+00   3.810336e-27   1.612995e-03   2.293749e-29   34476
  3.746410e+00   3.725198e-27   1.582486e-03   2.215306e-29   34916
  3.751834e+00   3.787306e-27   1.560509e-03   2.285662e-29   34596
  3.757263e+00   3.762955e-27   1.526486e-03   2.260257e-29   34656
  3.762714e+00   3.700958e-27   1.581266e-03   2.231023e-29   34596
  3.768200e+00   3.701765e-27   1.534004e-03   2.210417e-29   33984
  3.773562e+00   3.672799e-27   1.566114e-03   2.211541e-29   34080
  3.778963e+00   3.688941e-27   1.572881e-03   2.202125e-29   34140
  3.784487e+00   3.677530e-27   1.624544e-03   2.202521e-29   33804
  3.789951e+00   3.626469e-27   1.561511e-03   2.120943e-29   35096
  3.795448e+00   3.630251e-27   1.548108e-03   2.245063e-29   33108
  3.800788e+00   3.710740e-27   1.540015e-03   2.301641e-29   32280
  3.806205e+00   3.573919e-27   1.567716e-03   2.134932e-29   34404
  3.811718e+00   3.624447e-27   1.599739e-03   2.155192e-29   34248
  3.817250e+00   3.486341e-27   1.498979e-03   2.168365e-29   32016
  3.822674e+00   3.553308e-27   1.582258e-03   2.132688e-29   34344
  3.828141e+00   3.551160e-27   1.521407e-03   2.219433e-29   32024
  3.833419e+00   3.513476e-27   1.577025e-03   2.204841e-29   31908
  3.838903e+00   3.536936e-27   1.580344e-03   2.136934e-29   33192
  3.844404e+00   3.502174e-27   1.637429e-03   2.113605e-29   33288
  3.849795e+00   3.518641e-27   1.490950e-03   2.222693e-29   31356
  3.855259e+00   3.458412e-27   1.613715e-03   2.140150e-29   32496
  3.860695e+00   3.425134e-27   1.533804e-03   2.108156e-29   31944
  3.866002e+00   3.383342e-27   1.574956e-03   2.094374e-29   31512
  3.871427e+00   3.441426e-27   1.528683e-03   2.170958e-29   31156
  3.876990e+00   3.416475e-27   1.610722e-03   2.096147e-29   33352
  3.882440e+00   3.414317e-27   1.562321e-03   2.140766e-29   31344
  3.887945e+00   3.349910e-27   1.617631e-03   2.109321e-29   31068
  3.893365e+00   3.336481e-27   1.595427e-03   2.088534e-29   31752
  3.898694e+00   3.344075e-27   1.472715e-03   2.172212e-29   29868
  3.904158e+00   3.297124e-27   1.618311e-03   2.077835e-29   32052
  3.909662e+00   3.284685e-27   1.535519e-03   2.159856e-29   30012
  3.915037e+00   3.359097e-27   1.611064e-03   2.088710e-29   31520
  3.920567e+00   3.300657e-27   1.575150e-03   2.089352e-29   30648
  3.925929e+00   3.271546e-27   1.553739e-03   2.147813e-29   29304
  3.931379e+00   3.299760e-27   1.540483e-03   2.057217e-29   31140
  3.936935e+00   3.196825e-27   1.641115e-03   2.004629e-29   31320
  3.942387e+00   3.207890e-27   1.548803e-03   2.149903e-29   28356
  3.947754e+00   3.200890e-27   1.583135e-03   2.056468e-29   30288
  3.953106e+00   3.260893e-27   1.573376e-03   2.143669e-29   29472
  3.958489e+00   3.228357e-27   1.555320e-03   2.178258e-29   28716
  3.964046e+00   3.182108e-27   1.543510e-03   2.022469e-29   30740
  3.969538e+00   3.171537e-27   1.574261e-03   2.080794e-29   29304
  3.974923e+00   3.159591e-27   1.567890e-03   2.056689e-29   28476
  3.980403e+00   3.124408e-27   1.588107e-03   2.063847e-29   29304
  3.985849e+00   3.169682e-27   1.586252e-03   2.081116e-29   29280
  3.991362e+00   3.142343e-27   1.582091e-03   2.068218e-29   29100
  3.996850e+00   3.093936e-27   1.550996e-03   2.106172e-29   27816
  4.002128e+00   3.206468e-27   1.557957e-03   2.158044e-29   27692
  4.007580e+00   3.077868e-27   1.619992e-03   1.996236e-29   29724
  4.013138e+00   3.070016e-27   1.544165e-03   2.105408e-29   27240
  4.018514e+00   3.150809e-27   1.500820e-03   2.141111e-29   27588
  4.023894e+00   3.075231e-27   1.561808e-03   2.050479e-29   28560
  4.029394e+00   3.079279e-27   1.581785e-03   2.138481e-29   26952
  4.034839e+00   3.072703e-27   1.583665e-03   2.090511e-29   27516
  4.040261e+00   3.115246e-27   1.600351e-03   2.126016e-29   28344
  4.045759e+00   3.064639e-27   1.576275e-03   2.151153e-29   26196
  4.051072e+00   2.981828e-27   1.541569e-03   2.084820e-29   26360
  4.056519e+00   3.034134e-27   1.593665e-03   2.023740e-29   28152
  4.062017e+00   3.025725e-27   1.541184e-03   2.128598e-29   25896
  4.067403e+00   2.989830e-27   1.577942e-03   2.079662e-29   26592
  4.072863e+00   3.007035e-27   1.510771e-03   2.119407e-29   26568
  4.078361e+00   3.003329e-27   1.598680e-03   2.099167e-29   26832
  4.083715e+00   2.898553e-27   1.515874e-03   2.096306e-29   24972
  4.089266e+00   3.010802e-27   1.598351e-03   2.126395e-29   27000
  4.094669e+00   2.962714e-27   1.532450e-03   2.121592e-29   25448
  4.100056e+00   2.925525e-27   1.584391e-03   2.064915e-29   25476
  4.105587e+00   2.931747e-27   1.553105e-03   2.069353e-29   25152
  4.110933e+00   2.925031e-27   1.592180e-03   2.074357e-29   25968
  4.116439e+00   2.854337e-27   1.585064e-03   2.027233e-29   25320
  4.121936e+00   2.876143e-27   1.497338e-03   2.124527e-29   23796
  4.127194e+00   2.957621e-27   1.571596e-03   2.151565e-29   25500
  4.132663e+00   2.885241e-27   1.566138e-03   2.094799e-29   24420
  4.138205e+00   2.840673e-27   1.621058e-03   2.035003e-29   24656
  4.143555e+00   2.926150e-27   1.535877e-03   2.186274e-29   24036
  4.148982e+00   2.854227e-27   1.588370e-03   2.100550e-29   24528
  4.154373e+00   2.833589e-27   1.534446e-03   2.146806e-29   23004
  4.159821e+00   2.944807e-27   1.575770e-03   2.131220e-29   24576
  4.165293e+00   2.898823e-27   1.505141e-03   2.164018e-29   23736
  4.170760e+00   2.781095e-27   1.599171e-03   2.047907e-29   23712
  4.176262e+00   2.869047e-27   1.552705e-03   2.194225e-29   22992
  4.181681e+00   2.830735e-27   1.541976e-03   2.095303e-29   23984
  4.187096e+00   2.755818e-27   1.540203e-03   2.077281e-29   22344
  4.192540e+00   2.810758e-27   1.562907e-03   2.143624e-29   22536
  4.197951e+00   2.822046e-27   1.546870e-03   2.128104e-29   23268
  4.203353e+00   2.795030e-27   1.588651e-03   2.192136e-29   22152
  4.208799e+00   2.720215e-27   1.568712e-03   2.077730e-29   22068
  4.214381e+00   2.780419e-27   1.610904e-03   2.096965e-29   23664
  4.219765e+00   2.793568e-27   1.496014e-03   2.236343e-29   20640
  4.225141e+00   2.757198e-27   1.587688e-03   2.119539e-29   22376
  4.230687e+00   2.726487e-27   1.561479e-03   2.118702e-29   21444
  4.236032e+00   2.778832e-27   1.618016e-03   2.194247e-29   21576
  4.241470e+00   2.673902e-27   1.604143e-03   2.087045e-29   21660
  4.247060e+00   2.737139e-27   1.622088e-03   2.188090e-29   20916
  4.252463e+00   2.720743e-27   1.591059e-03   2.148569e-29   21504
  4.257831e+00   2.731124e-27   1.516262e-03   2.241604e-29   20508
  4.263333e+00   2.681039e-27   1.620094e-03   2.175032e-29   20036
  4.268738e+00   2.751706e-27   1.567896e-03   2.223383e-29   21276
  4.274208e+00   2.651037e-27   1.552204e-03   2.141421e-29   20652
  4.279668e+00   2.617604e-27   1.544650e-03   2.222203e-29   18696
  4.285116e+00   2.682540e-27   1.616732e-03   2.135080e-29   21504
  4.290573e+00   2.701982e-27   1.511985e-03   2.257273e-29   19284
  4.296019e+00   2.568753e-27   1.630585e-03   2.181917e-29   19356
  4.301432e+00   2.654133e-27   1.540949e-03   2.256537e-29   19236
  4.306795e+00   2.767356e-27   1.571095e-03   2.329608e-29   19476
  4.312272e+00   2.576525e-27   1.634853e-03   2.205391e-29   19184
  4.317835e+00   2.614974e-27   1.583822e-03   2.211978e-29   18852
  4.323254e+00   2.729188e-27   1.533201e-03   2.352768e-29   18876
  4.328571e+00   2.554737e-27   1.593847e-03   2.177734e-29   18336
  4.334078e+00   2.498103e-27   1.599281e-03   2.178490e-29   17820
  4.339614e+00   2.672567e-27   1.614145e-03   2.305747e-29   19392
  4.344985e+00   2.503889e-27   1.598282e-03   2.196106e-29   17616
  4.350318e+00   2.505541e-27   1.504639e-03   2.252857e-29   16320
  4.355861e+00   2.674045e-27   1.629545e-03   2.346164e-29   19292
  4.361241e+00   2.532820e-27   1.561011e-03   2.277668e-29   17112
  4.366853e+00   2.485856e-27   1.582117e-03   2.180285e-29   17388
  4.372327e+00   2.581207e-27   1.481209e-03   2.379038e-29   16692
  4.377488e+00   2.599824e-27   1.566835e-03   2.359634e-29   16956
  4.383124e+00   2.448387e-27   1.580304e-03   2.186542e-29   17040
  4.388630e+00   2.533978e-27   1.563733e-03   2.442856e-29   16092
  4.393862e+00   2.593243e-27   1.553118e-03   2.409337e-29   16380
  4.399428e+00   2.466349e-27   1.596421e-03   2.284744e-29   16688
  4.404886e+00   2.435046e-27   1.596956e-03   2.301089e-29   14940
  4.410242e+00   2.541168e-27   1.605748e-03   2.349592e-29   16668
  4.415795e+00   2.424235e-27   1.568026e-03   2.253541e-29   15804
  4.421181e+00   2.409589e-27   1.557131e-03   2.429725e-29   14280
  4.426622e+00   2.498026e-27   1.532886e-03   2.390741e-29   16068
  4.432054e+00   2.423857e-27   1.562272e-03   2.330869e-29   15048
  4.437457e+00   2.393786e-27   1.592183e-03   2.329725e-29   13940
  4.442869e+00   2.428496e-27   1.521708e-03   2.334792e-29   15072
  4.448295e+00   2.413930e-27   1.622238e-03   2.316640e-29   14808
  4.453669e+00   2.319242e-27   1.506280e-03   2.418607e-29   13200
  4.459194e+00   2.372430e-27   1.595625e-03   2.331662e-29   15156
  4.464724e+00   2.416806e-27   1.556013e-03   2.529464e-29   13788
  4.470151e+00   2.266870e-27   1.533533e-03   2.269757e-29   13608
  4.475573e+00   2.296620e-27   1.461946e-03   2.343702e-29   13224
  4.480979e+00   2.441568e-27   1.576198e-03   2.605399e-29   13320
  4.486355e+00   2.320705e-27   1.554184e-03   2.444571e-29   13220
  4.491886e+00   2.206313e-27   1.570846e-03   2.255123e-29   12984
  4.497444e+00   2.399982e-27   1.589998e-03   2.642069e-29   12780
  4.502691e+00   2.250512e-27   1.504822e-03   2.412084e-29   12360
  4.508225e+00   2.222529e-27   1.583198e-03   2.298495e-29   12480
  4.513746e+00   2.251871e-27   1.537784e-03   2.506484e-29   11892
  4.519015e+00   2.188861e-27   1.594395e-03   2.350681e-29   12192
  4.524529e+00   2.212399e-27   1.563074e-03   2.392984e-29   11328
  4.530016e+00   2.087464e-27   1.657530e-03   2.247471e-29   12020
  4.535376e+00   2.197744e-27   1.523948e-03   2.419309e-29   11052
  4.540948e+00   2.100716e-27   1.618906e-03   2.317091e-29   11304
  4.546169e+00   2.030917e-27   1.489624e-03   2.269567e-29   10368
  4.551511e+00   2.065152e-27   1.550098e-03   2.258073e-29   10899
  4.557146e+00   2.035443e-27   1.554021e-03   2.214295e-29   10752
  4.562496e+00   2.049491e-27   1.559799e-03   2.297718e-29   10446
  4.568012e+00   2.075321e-27   1.535197e-03   2.321831e-29   10092
  4.573476e+00   1.929873e-27   1.555534e-03   2.110278e-29   10220
  4.578755e+00   1.984959e-27   1.523556e-03   2.274316e-29   9636
  4.584373e+00   1.992827e-27   1.567355e-03   2.201448e-29   10020
  4.589883e+00   1.892721e-27   1.628387e-03   2.162815e-29   9906
  4.595217e+00   2.006948e-27   1.510439e-03   2.379778e-29   8940
  4.600749e+00   1.877542e-27   1.531752e-03   2.174788e-29   9558
  4.606151e+00   1.896911e-27   1.668091e-03   2.174919e-29   9180
  4.611496e+00   1.906812e-27   1.596941e-03   2.286023e-29   8674
  4.617087e+00   1.875231e-27   1.587385e-03   2.141316e-29   9454
  4.622489e+00   1.821673e-27   1.631486e-03   2.106380e-29   8316
  4.627854e+00   1.880366e-27   1.608919e-03   2.192111e-29   8622
  4.633459e+00   1.828956e-27   1.597569e-03   2.068777e-29   9006
  4.638817e+00   1.861401e-27   1.610282e-03   2.395497e-29   7698
  4.644188e+00   1.856580e-27   1.545067e-03   2.209171e-29   8406
  4.649796e+00   1.819202e-27   1.648676e-03   2.144384e-29   8646
  4.655134e+00   1.810925e-27   1.566555e-03   2.303372e-29   7014
  4.660482e+00   1.875891e-27   1.557241e-03   2.216098e-29   8510
  4.666168e+00   1.795549e-27   1.641235e-03   2.223218e-29   7890
  4.671505e+00   1.692066e-27   1.574407e-03   2.169225e-29   6966
  4.676764e+00   1.797636e-27   1.504915e-03   2.171349e-29   7902
  4.682374e+00   1.817037e-27   1.641329e-03   2.266211e-29   7278
  4.687828e+00   1.796886e-27   1.612380e-03   2.337231e-29   7338
  4.693196e+00   1.765876e-27   1.493392e-03   2.234993e-29   7254
  4.698697e+00   1.804231e-27   1.608386e-03   2.375267e-29   6678
  4.704032e+00   1.734554e-27   1.606870e-03   2.181146e-29   7286
  4.709691e+00   1.748344e-27   1.589718e-03   2.233070e-29   7200
  4.715313e+00   1.757520e-27   1.543001e-03   2.553180e-29   6234
  4.720293e+00   1.643903e-27   1.546551e-03   2.090870e-29   6630
  4.725937e+00   1.718055e-27   1.594739e-03   2.198268e-29   6822
  4.731533e+00   1.625665e-27   1.502372e-03   2.201729e-29   6078
  4.736631e+00   1.738395e-27   1.597130e-03   2.288743e-29   6528
  4.742272e+00   1.732635e-27   1.526400e-03   2.385928e-29   6034
  4.747672e+00   1.641354e-27   1.563107e-03   2.199642e-29   6190
  4.753036e+00   1.725430e-27   1.605909e-03   2.330085e-29   6270
  4.758704e+00   1.732471e-27   1.444203e-03   2.423272e-29   5520
  4.763890e+00   1.597022e-27   1.616958e-03   2.172836e-29   6126
  4.769317e+00   1.689773e-27   1.511987e-03   2.391066e-29   5562
  4.775011e+00   1.642278e-27   1.511880e-03   2.230556e-29   5790
  4.780175e+00   1.666312e-27   1.547880e-03   2.377535e-29   5496
  4.785646e+00   1.702647e-27   1.559064e-03   2.469822e-29   5262
  4.791216e+00   1.643677e-27   1.535486e-03   2.291750e-29   5774
  4.796542e+00   1.579768e-27   1.521126e-03   2.287138e-29   5124
  4.802154e+00   1.618667e-27   1.525856e-03   2.394825e-29   5070
  4.807432e+00   1.627898e-27   1.588341e-03   2.323978e-29   5430
  4.812826e+00   1.635289e-27   1.483666e-03   2.569137e-29   4680
  4.818540e+00   1.573357e-27   1.536582e-03   2.295017e-29   5370
  4.823790e+00   1.626834e-27   1.468016e-03   2.525561e-29   4638
  4.829137e+00   1.658732e-27   1.543205e-03   2.655840e-29   4536
  4.834713e+00   1.612641e-27   1.545277e-03   2.305912e-29   5222
  4.840070e+00   1.564344e-27   1.418031e-03   2.450363e-29   4254
  4.845561e+00   1.614541e-27   1.563113e-03   2.452397e-29   4548
  4.850865e+00   1.636968e-27   1.515896e-03   2.549979e-29   4638
  4.856279e+00   1.692305e-27   1.496620e-03   2.763337e-29   4176
  4.861899e+00   1.603203e-27   1.501804e-03   2.439292e-29   4518
  4.867234e+00   1.624671e-27   1.513137e-03   2.564086e-29   4278
  4.872549e+00   1.645676e-27   1.464028e-03   2.911221e-29   3732
  4.877994e+00   1.534549e-27   1.546653e-03   2.410066e-29   4502
  4.883481e+00   1.563912e-27   1.503470e-03   2.626195e-29   3984
  4.889020e+00   1.658765e-27   1.557569e-03   2.803016e-29   3726
  4.894174e+00   1.584706e-27   1.501292e-03   2.607601e-29   4014
  4.899605e+00   1.608025e-27   1.574381e-03   2.822626e-29   3756
  4.905398e+00   1.595662e-27   1.580112e-03   2.715175e-29   3894
  4.910659e+00   1.560413e-27   1.546203e-03   2.620721e-29   3744
  4.915968e+00   1.534501e-27   1.571823e-03   2.862508e-29   3174
  4.921505e+00   1.559676e-27   1.608835e-03   2.559161e-29   3968
  4.926991e+00   1.565310e-27   1.622395e-03   2.737276e-29   3522
  4.932722e+00   1.574919e-27   1.666295e-03   2.825969e-29   3198
  4.937920e+00   1.609172e-27   1.632144e-03   2.760894e-29   3648
  4.943345e+00   1.541876e-27   1.659133e-03   2.913728e-29   3054
  4.949062e+00   1.557432e-27   1.560433e-03   2.839383e-29   3312
  4.954266e+00   1.526680e-27   1.648372e-03   2.688759e-29   3354
  4.959775e+00   1.548999e-27   1.630010e-03   3.153100e-29   2624
  4.965165e+00   1.471196e-27   1.590230e-03   2.656642e-29   3462
  4.970648e+00   1.562779e-27   1.658767e-03   2.909468e-29   2976
  4.976433e+00   1.526174e-27   1.570247e-03   2.964794e-29   2670
  4.981450e+00   1.583425e-27   1.634562e-03   2.891145e-29   3186
  4.986828e+00   1.535144e-27   1.526978e-03   3.300047e-29   2376
  4.992553e+00   1.535586e-27   1.609692e-03   2.841771e-29   3102
  4.997840e+00   1.434724e-27   1.575648e-03   2.747485e-29   2688
  5.003337e+00   1.577600e-27   1.643829e-03   3.364962e-29   2286
  5.008726e+00   1.512679e-27   1.585579e-03   2.935718e-29   3020
  5.014174e+00   1.552061e-27   1.510259e-03   3.430206e-29   2310
  5.019958e+00   1.518535e-27   1.669065e-03   3.314004e-29   2544
  5.025112e+00   1.454792e-27   1.556079e-03   2.995998e-29   2526
  5.030503e+00   1.494066e-27   1.598055e-03   3.350378e-29   2112
  5.036149e+00   1.469683e-27   1.535784e-03   2.922072e-29   2538
  5.041490e+00   1.472079e-27   1.597743e-03   3.212289e-29   2304
  5.046925e+00   1.535583e-27   1.576461e-03   3.642185e-29   1902
  5.052197e+00   1.417272e-27   1.506026e-03   3.115180e-29   2408
  5.057655e+00   1.593266e-27   1.588655e-03   3.414944e-29   2094
  5.063468e+00   1.446539e-27   1.618622e-03   3.168855e-29   2028
  5.068570e+00   1.446647e-27   1.535323e-03   3.324761e-29   2094
  5.073985e+00   1.467129e-27   1.674958e-03   3.543271e-29   1920
  5.079736e+00   1.476119e-27   1.412176e-03   3.506828e-29   1926
  5.084997e+00   1.507467e-27   1.648354e-03   3.369454e-29   2088
  5.090349e+00   1.563403e-27   1.445979e-03   4.253423e-29   1434
  5.095727e+00   1.452422e-27   1.528869e-03   3.286427e-29   2048
  5.101055e+00   1.514496e-27   1.524439e-03   3.704554e-29   1758
  5.106921e+00   1.503298e-27   1.681850e-03   3.951048e-29   1584
  5.112297e+00   1.555402e-27   1.666289e-03   3.777200e-29   1998
  5.117737e+00   1.523480e-27   1.517710e-03   3.983143e-29   1428
  5.123436e+00   1.623487e-27   1.270388e-03   4.442574e-29   1488
  5.128415e+00   1.462592e-27   1.618345e-03   3.520188e-29   1806
  5.133668e+00   1.590778e-27   1.473287e-03   5.192379e-29   1040
  5.139281e+00   1.592948e-27   1.543732e-03   3.886346e-29   1782
  5.144417e+00   1.551853e-27   1.459353e-03   4.255508e-29   1428
  5.150558e+00   1.525192e-27   1.752291e-03   4.396110e-29   1206
  5.155754e+00   1.500167e-27   1.628015e-03   3.746894e-29   1728
  5.160990e+00   1.532114e-27   1.525739e-03   4.773892e-29   1038
  5.167027e+00   1.427759e-27   1.237946e-03   4.012258e-29   1248
  5.171798e+00   1.579139e-27   1.578785e-03   3.828537e-29   1530
  5.177034e+00   1.576672e-27   1.447012e-03   6.133764e-29   656
  5.182884e+00   1.551040e-27   1.622270e-03   3.846103e-29   1662
  5.187826e+00   1.602469e-27   1.343030e-03   4.874440e-29   1008
  5.194344e+00   1.492180e-27   1.783380e-03   5.271116e-29   960
  5.199238e+00   1.455602e-27   1.533522e-03   3.967647e-29   1458
  5.204352e+00   1.497703e-27   1.515264e-03   6.206772e-29   672
  5.210626e+00   1.513971e-27   1.187605e-03   4.595571e-29   1062
  5.215066e+00   1.531578e-27   1.540654e-03   4.902913e-29   1224
  5.220385e+00   1.639374e-27   1.345767e-03   8.551639e-29   374
  5.226378e+00   1.512790e-27   1.617607e-03   4.081162e-29   1512
  5.231226e+00   1.586662e-27   1.355537e-03   6.447699e-29   666
  5.238164e+00   1.511235e-27   1.657312e-03   5.933879e-29   720
  5.242515e+00   1.528537e-27   1.484148e-03   4.791339e-29   1224
  5.247863e+00   1.564524e-27   1.475424e-03   7.779339e-29   390
  5.254263e+00   1.597088e-27   1.097036e-03   5.470237e-29   936
  5.258334e+00   1.515837e-27   1.565258e-03   5.404170e-29   882
  5.264148e+00   1.562717e-27   1.528292e-03   1.129209e-28   216
  5.269800e+00   1.567994e-27   1.517469e-03   4.354282e-29   1286
  5.274591e+00   1.647903e-27   1.267641e-03   9.121474e-29   384
  5.281913e+00   1.610688e-27   1.595845e-03   7.234596e-29   576
  5.285704e+00   1.558280e-27   1.430314e-03   5.241006e-29   930
  5.291130e+00   1.326412e-27   1.405067e-03   8.788750e-29   216
  5.298050e+00   1.531142e-27   1.127871e-03   5.220179e-29   918
  5.302037e+00   1.634207e-27   1.519148e-03   7.308590e-29   480
  5.307441e+00   1.333214e-27   1.280066e-03   1.446488e-28   78
  5.313052e+00   1.672802e-27   1.383681e-03   5.084783e-29   1052
  5.318233e+00   1.631665e-27   1.611134e-03   1.233516e-28   240
  5.326163e+00   1.432729e-27   5.882336e-04   7.232053e-29   438
  5.328872e+00   1.659341e-27   1.360971e-03   7.067211e-29   648
  5.333924e+00   1.321883e-27   1.123687e-03   1.358690e-28   78
  5.341457e+00   1.570024e-27   9.804401e-04   5.979335e-29   780
  5.345244e+00   1.758065e-27   1.368055e-03   9.781302e-29   240
  5.349910e+00   2.908775e-27   0.000000e+00   8.567491e-28   6
  5.356198e+00   1.688955e-27   1.253222e-03   6.234756e-29   824
  5.360748e+00   1.320923e-27   9.688384e-04   1.589297e-28   78
  5.369722e+00   1.642126e-27   5.065474e-04   7.729640e-29   432
  5.372065e+00   1.491477e-27   1.225115e-03   9.226732e-29   348
  5.376527e+00   1.357557e-27   0.000000e+00   1.246758e-28   6
  5.384681e+00   1.669799e-27   8.661160e-04   6.617933e-29   600
  5.387907e+00   1.541173e-27   8.155581e-04   1.478254e-28   78
  5.399271e+00   1.664955e-27   1.072115e-03   7.508216e-29   572
  5.403481e+00   1.709006e-27   0.000000e+00   3.486239e-28   6
  5.413189e+00   1.811200e-27   5.033701e-04   7.897432e-29   384
  5.415134e+00   1.863113e-27   7.482049e-04   1.609747e-28   102
  5.427858e+00   1.627704e-27   7.359585e-04   8.257401e-29   396
  5.430766e+00   1.676389e-27   0.000000e+00   5.960892e-28   6
  5.442225e+00   1.894825e-27   6.658608e-04   1.060318e-28   326
  5.456526e+00   1.889272e-27   4.630285e-04   1.364539e-28   252
  5.458378e+00   1.237116e-27   0.000000e+00   3.617706e-28   6
  5.470933e+00   1.731652e-27   4.213345e-04   1.295575e-28   198
  5.485317e+00   1.418051e-27   3.214857e-04   1.086341e-28   146
  5.499721e+00   1.943497e-27   2.359708e-04   2.037698e-28   102
  5.514144e+00   1.837868e-27   1.639936e-04   2.685508e-28   66
  5.528587e+00   1.624403e-27   1.041522e-04   2.137530e-28   38
  5.543047e+00   1.674511e-27   5.371851e-05   2.768616e-28   18
  5.557519e+00   1.598772e-27   5.754450e-08   3.535765e-28   6
