# power spectrum of chi
# redshift z=1.000000
# k              Pk             sigma(k)       sigma(Pk)      count
  2.513274e-02   6.668366e-21   2.247832e-10   2.927925e-21   6
  3.554306e-02   2.496566e-20   0.000000e+00   6.870305e-21   12
  4.353118e-02   1.377386e-20   4.768372e-10   7.165357e-21   8
  5.026548e-02   9.563901e-21   4.495664e-10   4.717846e-21   6
  5.619852e-02   8.640273e-21   8.991328e-10   1.848911e-21   24
  6.156239e-02   1.025257e-20   6.357829e-10   1.687515e-21   24
  7.416620e-02   9.473252e-21   1.948007e-03   1.395886e-21   42
  7.947671e-02   4.112782e-21   0.000000e+00   7.083276e-22   24
  8.335587e-02   4.862226e-21   1.557344e-09   1.033728e-21   24
  8.972863e-02   3.793872e-21   1.539368e-03   8.008379e-22   32
  9.403811e-02   4.076667e-21   0.000000e+00   5.487577e-22   48
  1.005310e-01   1.692929e-21   8.991328e-10   6.346442e-22   6
  1.049125e-01   2.336310e-21   1.486715e-03   2.879516e-22   84
  1.109741e-01   2.116419e-21   1.422978e-03   2.050800e-22   48
  1.160761e-01   2.109904e-21   1.277655e-03   2.088476e-22   72
  1.231248e-01   9.727300e-22   1.271566e-09   1.367878e-22   24
  1.274204e-01   1.440802e-21   1.133933e-03   1.453272e-22   102
  1.338823e-01   1.087394e-21   2.192492e-03   1.037006e-22   104
  1.376577e-01   9.688847e-22   0.000000e+00   1.417880e-22   48
  1.450967e-01   9.698847e-22   1.454852e-03   8.713062e-23   108
  1.494985e-01   1.167963e-21   1.026108e-03   1.342744e-22   78
  1.544156e-01   8.292285e-22   8.885963e-04   8.159994e-23   96
  1.612033e-01   6.568517e-22   1.252396e-03   4.757290e-23   168
  1.674610e-01   7.676344e-22   1.514588e-03   6.688446e-23   120
  1.704585e-01   4.554031e-22   0.000000e+00   6.148707e-23   48
  1.775076e-01   5.455941e-22   1.466362e-03   3.489457e-23   194
  1.836114e-01   4.290094e-22   1.199745e-03   3.169642e-23   192
  1.889121e-01   4.339405e-22   8.359107e-04   3.732720e-23   96
  1.926375e-01   3.580715e-22   7.114371e-04   3.189137e-23   96
  1.973415e-01   2.932672e-22   1.049518e-03   1.824192e-23   174
  2.036605e-01   2.711202e-22   1.032544e-03   2.006818e-23   216
  2.087655e-01   3.094857e-22   1.069752e-03   2.086960e-23   192
  2.153360e-01   2.128471e-22   1.134051e-03   1.519941e-23   204
  2.199701e-01   2.504459e-22   1.553116e-03   1.581868e-23   224
  2.263855e-01   1.741444e-22   8.767448e-04   1.185942e-23   174
  2.313653e-01   2.084212e-22   1.685384e-03   1.196371e-23   288
  2.375440e-01   1.725496e-22   8.296829e-04   9.722317e-24   288
  2.423661e-01   1.295560e-22   1.600294e-03   9.210142e-24   192
  2.486778e-01   1.534314e-22   1.171093e-03   9.191042e-24   252
  2.526714e-01   1.325520e-22   6.978544e-04   8.287306e-24   246
  2.580960e-01   1.234695e-22   1.324197e-03   7.034863e-24   312
  2.629351e-01   1.104604e-22   8.554600e-04   6.749702e-24   248
  2.695776e-01   1.242631e-22   1.809641e-03   5.384465e-24   432
  2.749286e-01   9.366561e-23   1.515534e-03   6.893792e-24   198
  2.802165e-01   1.169415e-22   1.832967e-03   5.749330e-24   456
  2.863920e-01   7.950527e-23   1.069655e-03   4.281098e-24   324
  2.907627e-01   7.732995e-23   1.266356e-03   4.173149e-24   312
  2.961810e-01   8.293940e-23   1.588477e-03   4.157604e-24   408
  3.029220e-01   6.338647e-23   1.466968e-03   2.901519e-24   414
  3.075580e-01   7.244507e-23   1.269406e-03   3.751704e-24   392
  3.123025e-01   5.817359e-23   1.430245e-03   2.776954e-24   408
  3.185470e-01   5.965908e-23   1.518117e-03   2.527039e-24   444
  3.232898e-01   5.601078e-23   1.227263e-03   3.170687e-24   360
  3.293455e-01   5.614598e-23   1.684453e-03   2.022978e-24   678
  3.357501e-01   5.248026e-23   1.079705e-03   2.271653e-24   360
  3.406722e-01   4.983814e-23   1.778081e-03   1.933598e-24   648
  3.453647e-01   4.245439e-23   8.217968e-04   2.196934e-24   288
  3.513418e-01   4.698593e-23   1.531028e-03   1.839393e-24   686
  3.569625e-01   4.310976e-23   1.138289e-03   1.995902e-24   444
  3.620452e-01   4.458796e-23   1.580989e-03   1.606061e-24   696
  3.671010e-01   4.208030e-23   1.502020e-03   2.058473e-24   408
  3.725872e-01   4.043839e-23   1.554025e-03   1.579146e-24   648
  3.782992e-01   3.711456e-23   1.360625e-03   1.507403e-24   582
  3.833918e-01   3.449000e-23   1.703041e-03   1.264574e-24   744
  3.890113e-01   3.284269e-23   1.700144e-03   1.414217e-24   516
  3.941882e-01   3.302721e-23   1.645265e-03   1.128413e-24   728
  3.989676e-01   2.827111e-23   1.363195e-03   1.169002e-24   558
  4.047392e-01   2.652548e-23   1.374231e-03   9.150506e-25   768
  4.109960e-01   2.819709e-23   1.593026e-03   8.871857e-25   960
  4.164620e-01   2.680738e-23   1.114439e-03   1.100599e-24   576
  4.217163e-01   2.439082e-23   1.808947e-03   8.808344e-25   816
  4.273742e-01   2.683519e-23   1.395616e-03   9.334540e-25   666
  4.323421e-01   2.321571e-23   1.636664e-03   6.966770e-25   960
  4.382783e-01   2.170916e-23   1.614107e-03   7.322115e-25   824
  4.440386e-01   2.069856e-23   1.777416e-03   6.449073e-25   936
  4.493430e-01   2.193909e-23   1.321819e-03   8.054327e-25   624
  4.542288e-01   1.976685e-23   1.556102e-03   5.864565e-25   1062
  4.599003e-01   2.124905e-23   1.695132e-03   7.457160e-25   732
  4.648741e-01   1.989531e-23   1.470856e-03   5.969858e-25   1080
  4.708074e-01   1.949132e-23   1.603534e-03   6.504139e-25   936
  4.761732e-01   1.752382e-23   1.731990e-03   5.861967e-25   878
  4.818260e-01   1.652442e-23   1.755225e-03   5.028792e-25   1152
  4.870749e-01   1.673721e-23   1.356663e-03   5.151222e-25   1056
  4.926568e-01   1.741407e-23   1.602363e-03   6.184149e-25   864
  4.976423e-01   1.451535e-23   1.565217e-03   4.500453e-25   1092
  5.036015e-01   1.542068e-23   1.653531e-03   4.524697e-25   1206
  5.092782e-01   1.475813e-23   1.678014e-03   4.493998e-25   1248
  5.145213e-01   1.375315e-23   1.137149e-03   5.161972e-25   864
  5.191890e-01   1.475501e-23   1.180642e-03   4.235940e-25   1152
  5.252742e-01   1.289412e-23   1.757644e-03   3.510698e-25   1382
  5.312134e-01   1.317089e-23   1.566451e-03   4.101566e-25   1188
  5.364142e-01   1.312025e-23   1.659855e-03   3.923710e-25   1248
  5.413249e-01   1.173868e-23   1.574532e-03   3.423449e-25   1152
  5.467138e-01   1.169233e-23   1.729118e-03   3.193824e-25   1320
  5.526917e-01   1.089182e-23   1.146028e-03   3.234278e-25   1206
  5.576517e-01   1.105190e-23   1.665023e-03   2.898965e-25   1560
  5.635439e-01   1.053376e-23   1.549958e-03   3.078964e-25   1280
  5.685850e-01   1.049969e-23   1.560520e-03   3.231045e-25   1308
  5.741001e-01   1.042431e-23   1.566129e-03   2.835388e-25   1512
  5.795940e-01   1.013919e-23   1.277777e-03   2.693286e-25   1350
  5.852552e-01   9.740969e-24   1.688249e-03   2.457306e-25   1608
  5.900948e-01   9.523232e-24   1.451867e-03   2.707233e-25   1320
  5.957309e-01   9.216589e-24   1.748946e-03   2.298920e-25   1656
  6.008045e-01   8.867632e-24   1.374965e-03   2.600992e-25   1254
  6.066730e-01   8.788740e-24   1.569270e-03   2.089548e-25   1932
  6.122044e-01   8.289576e-24   1.409199e-03   2.119365e-25   1640
  6.176544e-01   8.092797e-24   1.462843e-03   2.250064e-25   1488
  6.227944e-01   8.126901e-24   1.414095e-03   2.001434e-25   1560
  6.286404e-01   7.987070e-24   1.698486e-03   1.690176e-25   2046
  6.340669e-01   8.061402e-24   1.523538e-03   2.156446e-25   1512
  6.393232e-01   7.838216e-24   1.516165e-03   1.816347e-25   1764
  6.445652e-01   7.757098e-24   1.511671e-03   1.772023e-25   1776
  6.499746e-01   7.421919e-24   1.817211e-03   1.800705e-25   1704
  6.557781e-01   7.057922e-24   1.779589e-03   1.622529e-25   2126
  6.610046e-01   7.084180e-24   1.236245e-03   1.752044e-25   1632
  6.662499e-01   7.079392e-24   1.646884e-03   1.555090e-25   2064
  6.715382e-01   6.815776e-24   1.357901e-03   1.804331e-25   1680
  6.772924e-01   6.783716e-24   1.523137e-03   1.508594e-25   2154
  6.826481e-01   5.887375e-24   1.541852e-03   1.319446e-25   2016
  6.884154e-01   6.149723e-24   1.692697e-03   1.240630e-25   2304
  6.937001e-01   6.278466e-24   1.347609e-03   1.626788e-25   1680
  6.991903e-01   5.902450e-24   1.561166e-03   1.202421e-25   2432
  7.046941e-01   5.896980e-24   1.538311e-03   1.330543e-25   1902
  7.101567e-01   5.944803e-24   1.581895e-03   1.245424e-25   2292
  7.150285e-01   5.686692e-24   1.252979e-03   1.372153e-25   1992
  7.208092e-01   5.661554e-24   1.606146e-03   1.118861e-25   2568
  7.263678e-01   5.567685e-24   1.402295e-03   1.372329e-25   1806
  7.319849e-01   5.537108e-24   1.724889e-03   1.012762e-25   3000
  7.376724e-01   5.240397e-24   1.569594e-03   1.220405e-25   2016
  7.424201e-01   5.323312e-24   1.465108e-03   1.166753e-25   2168
  7.478330e-01   5.254651e-24   1.496073e-03   1.060546e-25   2412
  7.534914e-01   4.832921e-24   1.636470e-03   9.880275e-26   2550
  7.589365e-01   5.046936e-24   1.624710e-03   1.049286e-25   2592
  7.646194e-01   4.909960e-24   1.496749e-03   1.013883e-25   2496
  7.700227e-01   4.821730e-24   1.655767e-03   9.602576e-26   2688
  7.754124e-01   4.652089e-24   1.430386e-03   9.691977e-26   2424
  7.810929e-01   4.433100e-24   1.312547e-03   9.155926e-26   2634
  7.862125e-01   4.530034e-24   1.574459e-03   8.905052e-26   2552
  7.913127e-01   4.727252e-24   1.651778e-03   8.945412e-26   2832
  7.969736e-01   4.381997e-24   1.568612e-03   8.794788e-26   2424
  8.025554e-01   4.438241e-24   1.740010e-03   7.982800e-26   3198
  8.077809e-01   4.414481e-24   1.388970e-03   9.214140e-26   2400
  8.133203e-01   4.211693e-24   1.597724e-03   7.306131e-26   3336
  8.190443e-01   4.292312e-24   1.344782e-03   8.983164e-26   2508
  8.240739e-01   4.204904e-24   1.620807e-03   7.569582e-26   3104
  8.299549e-01   4.089594e-24   1.630675e-03   7.459984e-26   2934
  8.352548e-01   4.047120e-24   1.499159e-03   7.281619e-26   3120
  8.410021e-01   3.995985e-24   1.672615e-03   7.085834e-26   3288
  8.462971e-01   3.712959e-24   1.408091e-03   7.321267e-26   2808
  8.517341e-01   3.963315e-24   1.767149e-03   7.672935e-26   2988
  8.572072e-01   3.845825e-24   1.617824e-03   6.804708e-26   3486
  8.625080e-01   3.728094e-24   1.531395e-03   7.026303e-26   3000
  8.676262e-01   3.741024e-24   1.332104e-03   6.808596e-26   3024
  8.733607e-01   3.674760e-24   1.466916e-03   6.042962e-26   3584
  8.791129e-01   3.764240e-24   1.571450e-03   6.555676e-26   3486
  8.844786e-01   3.594007e-24   1.415254e-03   6.673847e-26   3120
  8.897252e-01   3.550131e-24   1.397521e-03   6.194694e-26   3396
  8.950216e-01   3.518244e-24   1.596634e-03   6.126805e-26   3552
  9.006758e-01   3.319250e-24   1.536565e-03   5.775223e-26   3384
  9.062646e-01   3.332856e-24   1.564378e-03   5.426353e-26   3726
  9.115861e-01   3.421530e-24   1.516080e-03   6.144510e-26   3344
  9.166417e-01   3.362497e-24   1.557833e-03   5.493486e-26   3744
  9.224231e-01   3.239455e-24   1.516451e-03   5.541259e-26   3540
  9.278433e-01   3.170491e-24   1.609838e-03   5.100154e-26   3822
  9.335305e-01   3.143886e-24   1.580500e-03   4.774530e-26   4056
  9.387066e-01   3.005760e-24   1.452506e-03   5.312800e-26   3288
  9.441340e-01   3.124983e-24   1.677753e-03   5.043798e-26   4056
  9.494626e-01   2.986739e-24   1.536843e-03   4.791062e-26   3984
  9.552959e-01   2.993552e-24   1.413015e-03   4.964910e-26   3662
  9.602370e-01   2.977459e-24   1.541776e-03   4.931674e-26   3828
  9.658108e-01   2.995053e-24   1.742991e-03   4.506686e-26   4632
  9.713679e-01   2.944376e-24   1.345609e-03   4.999513e-26   3600
  9.769230e-01   2.966047e-24   1.597718e-03   4.556664e-26   4320
  9.821794e-01   2.939045e-24   1.253511e-03   4.858175e-26   3918
  9.874859e-01   2.786865e-24   1.442268e-03   4.453651e-26   4200
  9.928210e-01   2.719603e-24   1.636673e-03   4.150672e-26   4188
  9.983519e-01   2.819964e-24   1.662286e-03   4.301934e-26   4360
  1.003968e+00   2.683796e-24   1.662160e-03   4.074313e-26   4582
  1.009399e+00   2.641576e-24   1.477494e-03   3.963727e-26   4128
  1.014920e+00   2.586873e-24   1.587216e-03   3.819302e-26   4752
  1.020120e+00   2.657404e-24   1.461112e-03   4.282767e-26   4176
  1.025775e+00   2.630074e-24   1.680085e-03   3.840306e-26   4848
  1.031437e+00   2.592390e-24   1.459747e-03   3.981756e-26   4338
  1.036771e+00   2.486281e-24   1.593174e-03   3.542982e-26   5160
  1.042045e+00   2.516000e-24   1.291598e-03   4.146698e-26   4008
  1.047767e+00   2.470307e-24   1.707442e-03   3.529180e-26   5360
  1.053032e+00   2.477655e-24   1.588217e-03   3.973126e-26   4110
  1.058510e+00   2.398160e-24   1.701535e-03   3.453473e-26   5424
  1.063733e+00   2.372296e-24   1.454921e-03   3.688051e-26   4140
  1.069227e+00   2.404612e-24   1.625576e-03   3.236980e-26   5664
  1.074866e+00   2.408730e-24   1.412853e-03   3.483889e-26   4632
  1.080236e+00   2.303850e-24   1.490235e-03   3.398665e-26   4902
  1.085555e+00   2.288815e-24   1.592485e-03   3.198922e-26   5072
  1.090999e+00   2.274737e-24   1.501653e-03   3.193179e-26   5472
  1.096387e+00   2.237925e-24   1.526101e-03   3.364822e-26   4704
  1.101916e+00   2.195569e-24   1.676374e-03   3.159159e-26   5436
  1.107545e+00   2.183217e-24   1.596128e-03   2.908068e-26   5646
  1.112664e+00   2.148804e-24   1.428200e-03   3.272145e-26   4512
  1.118112e+00   2.149037e-24   1.824161e-03   2.868464e-26   6120
  1.123729e+00   2.083870e-24   1.411269e-03   2.972019e-26   5112
  1.129131e+00   2.052545e-24   1.667779e-03   2.784633e-26   5606
  1.134567e+00   2.079443e-24   1.554272e-03   2.932773e-26   5328
  1.139989e+00   2.050606e-24   1.565953e-03   2.739733e-26   5964
  1.145435e+00   2.066544e-24   1.590472e-03   2.844413e-26   5448
  1.150957e+00   1.977073e-24   1.628706e-03   2.596448e-26   5904
  1.156600e+00   1.964373e-24   1.600579e-03   2.603563e-26   5598
  1.161806e+00   1.951282e-24   1.501909e-03   2.534766e-26   5952
  1.167187e+00   1.899205e-24   1.643126e-03   2.534885e-26   5688
  1.172631e+00   1.906772e-24   1.575513e-03   2.599852e-26   5876
  1.177964e+00   1.927909e-24   1.536673e-03   2.594218e-26   5784
  1.183501e+00   1.877766e-24   1.532901e-03   2.329406e-26   6462
  1.189054e+00   1.922225e-24   1.653348e-03   2.691557e-26   5688
  1.194197e+00   1.884694e-24   1.525430e-03   2.455986e-26   6408
  1.199756e+00   1.822276e-24   1.574800e-03   2.325002e-26   6000
  1.205422e+00   1.755579e-24   1.694655e-03   2.296481e-26   6582
  1.211021e+00   1.808085e-24   1.612876e-03   2.267596e-26   6564
  1.216263e+00   1.790245e-24   1.422140e-03   2.360888e-26   6048
  1.221699e+00   1.751624e-24   1.629773e-03   2.180050e-26   6512
  1.227397e+00   1.709100e-24   1.620133e-03   2.124653e-26   6816
  1.232850e+00   1.691300e-24   1.416896e-03   2.252893e-26   6222
  1.237968e+00   1.743589e-24   1.476334e-03   2.318564e-26   6432
  1.243434e+00   1.683300e-24   1.553938e-03   2.108787e-26   6804
  1.248868e+00   1.686112e-24   1.464733e-03   2.210321e-26   6432
  1.254187e+00   1.587449e-24   1.722345e-03   1.999543e-26   6846
  1.259590e+00   1.635716e-24   1.572729e-03   2.140227e-26   6424
  1.264755e+00   1.604326e-24   1.411534e-03   1.955720e-26   6952
  1.270430e+00   1.584958e-24   1.700917e-03   1.878182e-26   7560
  1.276003e+00   1.530061e-24   1.461590e-03   1.924762e-26   6648
  1.281750e+00   1.593868e-24   1.606071e-03   1.958644e-26   7578
  1.286810e+00   1.558642e-24   1.450151e-03   1.992193e-26   6552
  1.292277e+00   1.533465e-24   1.596662e-03   1.785374e-26   7536
  1.297851e+00   1.551085e-24   1.461180e-03   1.848495e-26   7272
  1.303277e+00   1.472391e-24   1.556497e-03   1.862040e-26   6936
  1.308485e+00   1.488796e-24   1.596343e-03   1.771552e-26   7430
  1.314120e+00   1.468358e-24   1.672052e-03   1.735575e-26   7644
  1.319350e+00   1.479067e-24   1.489238e-03   1.832260e-26   7248
  1.325034e+00   1.444665e-24   1.703671e-03   1.653378e-26   8232
  1.330590e+00   1.412315e-24   1.553617e-03   1.770400e-26   7038
  1.335931e+00   1.416368e-24   1.510189e-03   1.645214e-26   7824
  1.341174e+00   1.436559e-24   1.590763e-03   1.729609e-26   7752
  1.346585e+00   1.360623e-24   1.605043e-03   1.594261e-26   7480
  1.352208e+00   1.366720e-24   1.618933e-03   1.532012e-26   8404
  1.357671e+00   1.339722e-24   1.503855e-03   1.555206e-26   7614
  1.362913e+00   1.352809e-24   1.575108e-03   1.597010e-26   7776
  1.368188e+00   1.309625e-24   1.502776e-03   1.506692e-26   7944
  1.373702e+00   1.308703e-24   1.562607e-03   1.475185e-26   8424
  1.379142e+00   1.298852e-24   1.533354e-03   1.522638e-26   7872
  1.384762e+00   1.296030e-24   1.540830e-03   1.429010e-26   8658
  1.390152e+00   1.276829e-24   1.537871e-03   1.439599e-26   8352
  1.395701e+00   1.248248e-24   1.544872e-03   1.387704e-26   8648
  1.400946e+00   1.265562e-24   1.463868e-03   1.513019e-26   7680
  1.406459e+00   1.230923e-24   1.524971e-03   1.380079e-26   8646
  1.411581e+00   1.213239e-24   1.477493e-03   1.371794e-26   8448
  1.417243e+00   1.188459e-24   1.570023e-03   1.304891e-26   9120
  1.422706e+00   1.230573e-24   1.534210e-03   1.414181e-26   8316
  1.428231e+00   1.201114e-24   1.655901e-03   1.275492e-26   9504
  1.433780e+00   1.160188e-24   1.505873e-03   1.330100e-26   8358
  1.439318e+00   1.136778e-24   1.591741e-03   1.197156e-26   9584
  1.444669e+00   1.160147e-24   1.523180e-03   1.274698e-26   8616
  1.450194e+00   1.150452e-24   1.658401e-03   1.272919e-26   9432
  1.455837e+00   1.130595e-24   1.687074e-03   1.222191e-26   9018
  1.460959e+00   1.106276e-24   1.428118e-03   1.232704e-26   8568
  1.466312e+00   1.117497e-24   1.589614e-03   1.192036e-26   9816
  1.471848e+00   1.062111e-24   1.504950e-03   1.185659e-26   9000
  1.477320e+00   1.066527e-24   1.574008e-03   1.143746e-26   9504
  1.482769e+00   1.056107e-24   1.610237e-03   1.094848e-26   9446
  1.488128e+00   1.071914e-24   1.539876e-03   1.157448e-26   9696
  1.493639e+00   1.062945e-24   1.432995e-03   1.144206e-26   9180
  1.499052e+00   1.018194e-24   1.656445e-03   1.026421e-26   10512
  1.504580e+00   1.027727e-24   1.565995e-03   1.141733e-26   9048
  1.510050e+00   1.028130e-24   1.502032e-03   1.063381e-26   10014
  1.515115e+00   1.026315e-24   1.465977e-03   1.120091e-26   9096
  1.520624e+00   9.963909e-25   1.678104e-03   9.788544e-27   11088
  1.526481e+00   9.750067e-25   1.632622e-03   1.000440e-26   9860
  1.531846e+00   9.619830e-25   1.547538e-03   9.882472e-27   10110
  1.537226e+00   9.929678e-25   1.610782e-03   1.007194e-26   10104
  1.542638e+00   9.532958e-25   1.527293e-03   9.599212e-27   10392
  1.548117e+00   9.746648e-25   1.580956e-03   9.979062e-27   10104
  1.553700e+00   9.465244e-25   1.636048e-03   9.198554e-27   11352
  1.559389e+00   9.330905e-25   1.498379e-03   9.638413e-27   10014
  1.564440e+00   9.373627e-25   1.383079e-03   9.828748e-27   9636
  1.569783e+00   9.272641e-25   1.639203e-03   9.161185e-27   11552
  1.575422e+00   9.177483e-25   1.523155e-03   9.195147e-27   10488
  1.580867e+00   9.160733e-25   1.590751e-03   9.134701e-27   10254
  1.586166e+00   9.015948e-25   1.497744e-03   9.071381e-27   11304
  1.591672e+00   8.851295e-25   1.520072e-03   8.710156e-27   10872
  1.597152e+00   8.792242e-25   1.630062e-03   8.739136e-27   10932
  1.602461e+00   8.840151e-25   1.470687e-03   8.574357e-27   10848
  1.607949e+00   8.429971e-25   1.538096e-03   8.240668e-27   10998
  1.613393e+00   8.589641e-25   1.616241e-03   8.305080e-27   11720
  1.618857e+00   8.540173e-25   1.486980e-03   8.624458e-27   10776
  1.624233e+00   8.432394e-25   1.626703e-03   7.868307e-27   12072
  1.629803e+00   8.633205e-25   1.491590e-03   8.617386e-27   10704
  1.635146e+00   8.476368e-25   1.530127e-03   8.119982e-27   11730
  1.640724e+00   8.310277e-25   1.589265e-03   7.741774e-27   12144
  1.646103e+00   8.182282e-25   1.505823e-03   7.686401e-27   11568
  1.651732e+00   8.061074e-25   1.628958e-03   7.750378e-27   11552
  1.656794e+00   7.747382e-25   1.470182e-03   7.853083e-27   10926
  1.662301e+00   7.922265e-25   1.665116e-03   7.119832e-27   13032
  1.667699e+00   8.069562e-25   1.360824e-03   8.072472e-27   10776
  1.673163e+00   7.871882e-25   1.675173e-03   7.054213e-27   13116
  1.678750e+00   7.692680e-25   1.576527e-03   7.119375e-27   12288
  1.684254e+00   7.693829e-25   1.448982e-03   7.401243e-27   11262
  1.689407e+00   7.659049e-25   1.565326e-03   6.899475e-27   12672
  1.694949e+00   7.531994e-25   1.534786e-03   6.834460e-27   12624
  1.700444e+00   7.534692e-25   1.539772e-03   6.900207e-27   12392
  1.705894e+00   7.301078e-25   1.578373e-03   6.881514e-27   12060
  1.711417e+00   7.251842e-25   1.664529e-03   6.382372e-27   13662
  1.716714e+00   7.228681e-25   1.437484e-03   6.876971e-27   11592
  1.722229e+00   7.067684e-25   1.708245e-03   6.245015e-27   13776
  1.727732e+00   7.181014e-25   1.452727e-03   6.741689e-27   12240
  1.733259e+00   7.013459e-25   1.673717e-03   6.124747e-27   13662
  1.738451e+00   6.849186e-25   1.438450e-03   6.597599e-27   11520
  1.744057e+00   6.947736e-25   1.657935e-03   5.811071e-27   15044
  1.749584e+00   6.839476e-25   1.490148e-03   6.339977e-27   12384
  1.755011e+00   6.749643e-25   1.568695e-03   6.026635e-27   13176
  1.760324e+00   6.776615e-25   1.420714e-03   6.094651e-27   12798
  1.765805e+00   6.797659e-25   1.613568e-03   5.758910e-27   14376
  1.771131e+00   6.575445e-25   1.533785e-03   6.069154e-27   12528
  1.776603e+00   6.524904e-25   1.610649e-03   5.555066e-27   14100
  1.781897e+00   6.482147e-25   1.461405e-03   5.999357e-27   12630
  1.787364e+00   6.387946e-25   1.587093e-03   5.413185e-27   14624
  1.792771e+00   6.400921e-25   1.583065e-03   5.699846e-27   13272
  1.798277e+00   6.395280e-25   1.613728e-03   5.321734e-27   14664
  1.803884e+00   6.281353e-25   1.649702e-03   5.381029e-27   14328
  1.809294e+00   6.191791e-25   1.531892e-03   5.618371e-27   13086
  1.814778e+00   6.229716e-25   1.648042e-03   5.147681e-27   15612
  1.820245e+00   6.037666e-25   1.420572e-03   5.318301e-27   13416
  1.825554e+00   5.928470e-25   1.670986e-03   5.039566e-27   14360
  1.831007e+00   5.963036e-25   1.563345e-03   5.217699e-27   14064
  1.836565e+00   5.914884e-25   1.608825e-03   4.943061e-27   15750
  1.842043e+00   5.768940e-25   1.519715e-03   5.097298e-27   13680
  1.847448e+00   5.824995e-25   1.654464e-03   4.832942e-27   15468
  1.852944e+00   5.858023e-25   1.594248e-03   5.015126e-27   14352
  1.858276e+00   5.562634e-25   1.572970e-03   4.810930e-27   14454
  1.863633e+00   5.585218e-25   1.615254e-03   4.704188e-27   15048
  1.869150e+00   5.617667e-25   1.497078e-03   4.724315e-27   15360
  1.874596e+00   5.431981e-25   1.645285e-03   4.603879e-27   15224
  1.880069e+00   5.497824e-25   1.557924e-03   4.571853e-27   15096
  1.885497e+00   5.397246e-25   1.522103e-03   4.619148e-27   14514
  1.890790e+00   5.395450e-25   1.595539e-03   4.320021e-27   16416
  1.896345e+00   5.341413e-25   1.570097e-03   4.480579e-27   15216
  1.902017e+00   5.279672e-25   1.580041e-03   4.222286e-27   16440
  1.907431e+00   5.198127e-25   1.589489e-03   4.385490e-27   14904
  1.912612e+00   5.172038e-25   1.493082e-03   4.287065e-27   15134
  1.918128e+00   5.216600e-25   1.670413e-03   4.071713e-27   16644
  1.923636e+00   5.162785e-25   1.568226e-03   4.242979e-27   16128
  1.929039e+00   4.975478e-25   1.558301e-03   4.051585e-27   15384
  1.934362e+00   4.972594e-25   1.531848e-03   4.195933e-27   15462
  1.939814e+00   4.994255e-25   1.636508e-03   3.912882e-27   17304
  1.945372e+00   4.948427e-25   1.543184e-03   4.053796e-27   16176
  1.950827e+00   4.808202e-25   1.632437e-03   3.735384e-27   16824
  1.956411e+00   4.818770e-25   1.501531e-03   3.895634e-27   15980
  1.961671e+00   4.812815e-25   1.494587e-03   3.863524e-27   16326
  1.966974e+00   4.734797e-25   1.595444e-03   3.834507e-27   16488
  1.972469e+00   4.626301e-25   1.547881e-03   3.648479e-27   16944
  1.977987e+00   4.566020e-25   1.628958e-03   3.570783e-27   17256
  1.983307e+00   4.631235e-25   1.510722e-03   3.754171e-27   15966
  1.988830e+00   4.621626e-25   1.604091e-03   3.589799e-27   17628
  1.994237e+00   4.467358e-25   1.523687e-03   3.518666e-27   17280
  1.999700e+00   4.412800e-25   1.677236e-03   3.476736e-27   17056
  2.005087e+00   4.504013e-25   1.581521e-03   3.549720e-27   17296
  2.010708e+00   4.388969e-25   1.549121e-03   3.358587e-27   17526
  2.016014e+00   4.336349e-25   1.559028e-03   3.360118e-27   17592
  2.021539e+00   4.279723e-25   1.621825e-03   3.295910e-27   17880
  2.026921e+00   4.245306e-25   1.503997e-03   3.377828e-27   17028
  2.032244e+00   4.261172e-25   1.529390e-03   3.311992e-27   17376
  2.037659e+00   4.234648e-25   1.518363e-03   3.226495e-27   18414
  2.043253e+00   4.175815e-25   1.557160e-03   3.257770e-27   17840
  2.048675e+00   4.195431e-25   1.634742e-03   3.156923e-27   18960
  2.054080e+00   4.109992e-25   1.518636e-03   3.242788e-27   16992
  2.059506e+00   4.084742e-25   1.672957e-03   3.061672e-27   18378
  2.064817e+00   4.093787e-25   1.489598e-03   3.127057e-27   18192
  2.070342e+00   4.009245e-25   1.590368e-03   2.957074e-27   19320
  2.075827e+00   3.927437e-25   1.542530e-03   3.060845e-27   17856
  2.081294e+00   3.928842e-25   1.592338e-03   2.924453e-27   19128
  2.086669e+00   3.946626e-25   1.472822e-03   2.971200e-27   18246
  2.092142e+00   3.815774e-25   1.530845e-03   2.799149e-27   19184
  2.097560e+00   3.748121e-25   1.566786e-03   2.777715e-27   18900
  2.103127e+00   3.775659e-25   1.634103e-03   2.728943e-27   19776
  2.108435e+00   3.708324e-25   1.499267e-03   2.862136e-27   17814
  2.113953e+00   3.631554e-25   1.631506e-03   2.583629e-27   19944
  2.119331e+00   3.664377e-25   1.609395e-03   2.665016e-27   19536
  2.124895e+00   3.569982e-25   1.592635e-03   2.554299e-27   20112
  2.130295e+00   3.627520e-25   1.480183e-03   2.801717e-27   18116
  2.135677e+00   3.649344e-25   1.543122e-03   2.647859e-27   19878
  2.140967e+00   3.607593e-25   1.559605e-03   2.608602e-27   19800
  2.146556e+00   3.565062e-25   1.559507e-03   2.567023e-27   20136
  2.152123e+00   3.474350e-25   1.640454e-03   2.467853e-27   20808
  2.157545e+00   3.394237e-25   1.486131e-03   2.523549e-27   19152
  2.162999e+00   3.390743e-25   1.569730e-03   2.434930e-27   20526
  2.168508e+00   3.431260e-25   1.615030e-03   2.438426e-27   20532
  2.173853e+00   3.416670e-25   1.604928e-03   2.499256e-27   20120
  2.179147e+00   3.390602e-25   1.495586e-03   2.431505e-27   19512
  2.184682e+00   3.272143e-25   1.624686e-03   2.250895e-27   21246
  2.190096e+00   3.284835e-25   1.477588e-03   2.387207e-27   20112
  2.195583e+00   3.302815e-25   1.645292e-03   2.289646e-27   22104
  2.201050e+00   3.188570e-25   1.614482e-03   2.317051e-27   19620
  2.206482e+00   3.219130e-25   1.604796e-03   2.229425e-27   21912
  2.211921e+00   3.189039e-25   1.497387e-03   2.268050e-27   20070
  2.217337e+00   3.139241e-25   1.630864e-03   2.166104e-27   22064
  2.222850e+00   3.132261e-25   1.548352e-03   2.161279e-27   21048
  2.228199e+00   3.091009e-25   1.514343e-03   2.146826e-27   21168
  2.233635e+00   3.018529e-25   1.637642e-03   2.092098e-27   21384
  2.239216e+00   3.033537e-25   1.481766e-03   2.046944e-27   22146
  2.244666e+00   3.043870e-25   1.585174e-03   2.095659e-27   22200
  2.250163e+00   2.979415e-25   1.501548e-03   2.090466e-27   21648
  2.255545e+00   2.955947e-25   1.607582e-03   2.052953e-27   21144
  2.260867e+00   2.999356e-25   1.529125e-03   2.076879e-27   21710
  2.266343e+00   2.899611e-25   1.624700e-03   1.937471e-27   23112
  2.271991e+00   2.912481e-25   1.620840e-03   1.971043e-27   23064
  2.277435e+00   2.875616e-25   1.500062e-03   1.985751e-27   21252
  2.282668e+00   2.867354e-25   1.503720e-03   1.951678e-27   22128
  2.288126e+00   2.812427e-25   1.558658e-03   1.905763e-27   22446
  2.293582e+00   2.776644e-25   1.527528e-03   1.893558e-27   22848
  2.298983e+00   2.800962e-25   1.529486e-03   1.842871e-27   23208
  2.304508e+00   2.749597e-25   1.574247e-03   1.847865e-27   22536
  2.309946e+00   2.702793e-25   1.596462e-03   1.847212e-27   22586
  2.315370e+00   2.763060e-25   1.627795e-03   1.827615e-27   24096
  2.320825e+00   2.729966e-25   1.527306e-03   1.834266e-27   22440
  2.326212e+00   2.667363e-25   1.664369e-03   1.787614e-27   23400
  2.331602e+00   2.654384e-25   1.511928e-03   1.760639e-27   23232
  2.337168e+00   2.628100e-25   1.592064e-03   1.703058e-27   23886
  2.342533e+00   2.607051e-25   1.530913e-03   1.741052e-27   23376
  2.347967e+00   2.629179e-25   1.544635e-03   1.751956e-27   23540
  2.353338e+00   2.552005e-25   1.532168e-03   1.663213e-27   24240
  2.358915e+00   2.553745e-25   1.612109e-03   1.644376e-27   23952
  2.364402e+00   2.574670e-25   1.508159e-03   1.674929e-27   24006
  2.369901e+00   2.518079e-25   1.691935e-03   1.592991e-27   25560
  2.375221e+00   2.475067e-25   1.500150e-03   1.681162e-27   22728
  2.380552e+00   2.479933e-25   1.511947e-03   1.623003e-27   23556
  2.385955e+00   2.433487e-25   1.577785e-03   1.541086e-27   25398
  2.391435e+00   2.467284e-25   1.545774e-03   1.605225e-27   24088
  2.396892e+00   2.372655e-25   1.609108e-03   1.514461e-27   25696
  2.402362e+00   2.390176e-25   1.511201e-03   1.562988e-27   24144
  2.407786e+00   2.396520e-25   1.615096e-03   1.512782e-27   25560
  2.413246e+00   2.355026e-25   1.489846e-03   1.535126e-27   24246
  2.418724e+00   2.361608e-25   1.581827e-03   1.464338e-27   26292
  2.424188e+00   2.307282e-25   1.560153e-03   1.491326e-27   25200
  2.429626e+00   2.296469e-25   1.624829e-03   1.454402e-27   25296
  2.434943e+00   2.293145e-25   1.483819e-03   1.501001e-27   24192
  2.440599e+00   2.265543e-25   1.638534e-03   1.351577e-27   28646
  2.446110e+00   2.254524e-25   1.506669e-03   1.443705e-27   24552
  2.451515e+00   2.219757e-25   1.579460e-03   1.385973e-27   25788
  2.456795e+00   2.225403e-25   1.491180e-03   1.411659e-27   25272
  2.462256e+00   2.196420e-25   1.613697e-03   1.370648e-27   26118
  2.467607e+00   2.170675e-25   1.579547e-03   1.363104e-27   26016
  2.473206e+00   2.182458e-25   1.595790e-03   1.323513e-27   27792
  2.478571e+00   2.151207e-25   1.565206e-03   1.378154e-27   25072
  2.483982e+00   2.130128e-25   1.621283e-03   1.303197e-27   26824
  2.489402e+00   2.106089e-25   1.480279e-03   1.309403e-27   26106
  2.494915e+00   2.097785e-25   1.629064e-03   1.272699e-27   28296
  2.500377e+00   2.104750e-25   1.567349e-03   1.309092e-27   26640
  2.505822e+00   2.087582e-25   1.492228e-03   1.315475e-27   26064
  2.511215e+00   2.040931e-25   1.637115e-03   1.236512e-27   27822
  2.516572e+00   2.045648e-25   1.521472e-03   1.280141e-27   26160
  2.522001e+00   2.039699e-25   1.673107e-03   1.252840e-27   28108
  2.527479e+00   2.020702e-25   1.599090e-03   1.224577e-27   27664
  2.532916e+00   1.987603e-25   1.590673e-03   1.211132e-27   27600
  2.538445e+00   1.975135e-25   1.594105e-03   1.216047e-27   27510
  2.543900e+00   1.972548e-25   1.577441e-03   1.168091e-27   28848
  2.549331e+00   1.921772e-25   1.562048e-03   1.163597e-27   27744
  2.554787e+00   1.898188e-25   1.521895e-03   1.144857e-27   27888
  2.560210e+00   1.895124e-25   1.547223e-03   1.158441e-27   27780
  2.565645e+00   1.887357e-25   1.558725e-03   1.116821e-27   28734
  2.571023e+00   1.881787e-25   1.609586e-03   1.138839e-27   28232
  2.576527e+00   1.852304e-25   1.600458e-03   1.109792e-27   29016
  2.581909e+00   1.847694e-25   1.581285e-03   1.112640e-27   28056
  2.587324e+00   1.846275e-25   1.534592e-03   1.099279e-27   28710
  2.592790e+00   1.834620e-25   1.621010e-03   1.085799e-27   29220
  2.598465e+00   1.812592e-25   1.658218e-03   1.032817e-27   31584
  2.603840e+00   1.782403e-25   1.528599e-03   1.108021e-27   26904
  2.609079e+00   1.773673e-25   1.485740e-03   1.065653e-27   28512
  2.614658e+00   1.748645e-25   1.600396e-03   1.012455e-27   30878
  2.620190e+00   1.728915e-25   1.607291e-03   1.011067e-27   30408
  2.625603e+00   1.753737e-25   1.552575e-03   1.044241e-27   28632
  2.630926e+00   1.704226e-25   1.494100e-03   1.024651e-27   28764
  2.636301e+00   1.709686e-25   1.662258e-03   9.964864e-28   30630
  2.641825e+00   1.664742e-25   1.539050e-03   9.666782e-28   30240
  2.647360e+00   1.658913e-25   1.576813e-03   9.456943e-28   31008
  2.652753e+00   1.668327e-25   1.510278e-03   9.761673e-28   29240
  2.658053e+00   1.644416e-25   1.541271e-03   9.777105e-28   30000
  2.663579e+00   1.630591e-25   1.631431e-03   9.408472e-28   30978
  2.669020e+00   1.638127e-25   1.538057e-03   9.489174e-28   30696
  2.674440e+00   1.585040e-25   1.612132e-03   9.137137e-28   31320
  2.679792e+00   1.607380e-25   1.506651e-03   9.520951e-28   29280
  2.685220e+00   1.578403e-25   1.611110e-03   8.935496e-28   31488
  2.690645e+00   1.597221e-25   1.512555e-03   9.092536e-28   31326
  2.696128e+00   1.580795e-25   1.624023e-03   9.158867e-28   31480
  2.701662e+00   1.535710e-25   1.575428e-03   8.664203e-28   32572
  2.707181e+00   1.561443e-25   1.576379e-03   9.006746e-28   31296
  2.712540e+00   1.511030e-25   1.532958e-03   8.652793e-28   30798
  2.718010e+00   1.528324e-25   1.631915e-03   8.698383e-28   32256
  2.723379e+00   1.511719e-25   1.576275e-03   8.546829e-28   32088
  2.728754e+00   1.478275e-25   1.559976e-03   8.654591e-28   30936
  2.734196e+00   1.468981e-25   1.621863e-03   8.274185e-28   33036
  2.739744e+00   1.473095e-25   1.570337e-03   8.453862e-28   31846
  2.745145e+00   1.470009e-25   1.600723e-03   8.097265e-28   33832
  2.750571e+00   1.444292e-25   1.482757e-03   8.394416e-28   30912
  2.755951e+00   1.412362e-25   1.554945e-03   7.929847e-28   32976
  2.761359e+00   1.407196e-25   1.534255e-03   7.933666e-28   32712
  2.766879e+00   1.430057e-25   1.551134e-03   7.992877e-28   33438
  2.772315e+00   1.405878e-25   1.561569e-03   8.048612e-28   32556
  2.777612e+00   1.398931e-25   1.547775e-03   7.832574e-28   33144
  2.783077e+00   1.384489e-25   1.531023e-03   7.703876e-28   33504
  2.788685e+00   1.350617e-25   1.585219e-03   7.575894e-28   33542
  2.794001e+00   1.360866e-25   1.561774e-03   7.611247e-28   33768
  2.799514e+00   1.329093e-25   1.582505e-03   7.362783e-28   34368
  2.804894e+00   1.343041e-25   1.503763e-03   7.528992e-28   32856
  2.810386e+00   1.343473e-25   1.555021e-03   7.326296e-28   34524
  2.815774e+00   1.317300e-25   1.476871e-03   7.217511e-28   33510
  2.821310e+00   1.322278e-25   1.652814e-03   7.180842e-28   35856
  2.826780e+00   1.280697e-25   1.566245e-03   7.150411e-28   33888
  2.832150e+00   1.288795e-25   1.534797e-03   7.064087e-28   33752
  2.837510e+00   1.291486e-25   1.613976e-03   7.082005e-28   34902
  2.843143e+00   1.261327e-25   1.578935e-03   6.801336e-28   35484
  2.848630e+00   1.254144e-25   1.625328e-03   6.659691e-28   36648
  2.854056e+00   1.247483e-25   1.503100e-03   7.034048e-28   33000
  2.859416e+00   1.245936e-25   1.625165e-03   6.807899e-28   35520
  2.864954e+00   1.237834e-25   1.587378e-03   6.611236e-28   36078
  2.870343e+00   1.226870e-25   1.553780e-03   6.672617e-28   34992
  2.875726e+00   1.207000e-25   1.537418e-03   6.636881e-28   35072
  2.881222e+00   1.201435e-25   1.612107e-03   6.405605e-28   36876
  2.886535e+00   1.202081e-25   1.490702e-03   6.652878e-28   33216
  2.891986e+00   1.200854e-25   1.651729e-03   6.284890e-28   38382
  2.897574e+00   1.183529e-25   1.549240e-03   6.435873e-28   36072
  2.903069e+00   1.183256e-25   1.551510e-03   6.248753e-28   37464
  2.908437e+00   1.154141e-25   1.491290e-03   6.436183e-28   34416
  2.913907e+00   1.163758e-25   1.634265e-03   6.236964e-28   37386
  2.919336e+00   1.138740e-25   1.560351e-03   6.178295e-28   37040
  2.924747e+00   1.148999e-25   1.519091e-03   6.167921e-28   36240
  2.930120e+00   1.138944e-25   1.620578e-03   6.159402e-28   36432
  2.935572e+00   1.121255e-25   1.530037e-03   5.953901e-28   37560
  2.941044e+00   1.125220e-25   1.585551e-03   5.970269e-28   37350
  2.946615e+00   1.111786e-25   1.620920e-03   5.860495e-28   38616
  2.952019e+00   1.111307e-25   1.527850e-03   6.016731e-28   37092
  2.957454e+00   1.118377e-25   1.469269e-03   6.024147e-28   37272
  2.962879e+00   1.094343e-25   1.617603e-03   5.893669e-28   37616
  2.968367e+00   1.095518e-25   1.566567e-03   5.818683e-28   38478
  2.973773e+00   1.073381e-25   1.591818e-03   5.727234e-28   37992
  2.979169e+00   1.055828e-25   1.560915e-03   5.623768e-28   38232
  2.984576e+00   1.057937e-25   1.529810e-03   5.718996e-28   36708
  2.989998e+00   1.056561e-25   1.601300e-03   5.546792e-28   39534
  2.995476e+00   1.057666e-25   1.604456e-03   5.564446e-28   39336
  3.000916e+00   1.042109e-25   1.543508e-03   5.585957e-28   37624
  3.006363e+00   1.047722e-25   1.579336e-03   5.400527e-28   40408
  3.011852e+00   1.028066e-25   1.510623e-03   5.424180e-28   38256
  3.017315e+00   1.023264e-25   1.543281e-03   5.371435e-28   39438
  3.022829e+00   1.023280e-25   1.592476e-03   5.329470e-28   40524
  3.028194e+00   1.000298e-25   1.503499e-03   5.338013e-28   38448
  3.033601e+00   1.005959e-25   1.582383e-03   5.277343e-28   39312
  3.038992e+00   9.932695e-26   1.512689e-03   5.270653e-28   38718
  3.044403e+00   9.901179e-26   1.614057e-03   5.113800e-28   40872
  3.049845e+00   9.823094e-26   1.532666e-03   5.186175e-28   40088
  3.055371e+00   9.837575e-26   1.633644e-03   5.116766e-28   40644
  3.060822e+00   9.820623e-26   1.532935e-03   5.101170e-28   40176
  3.066304e+00   9.753007e-26   1.625298e-03   5.105637e-28   40998
  3.071650e+00   9.748435e-26   1.490471e-03   5.232505e-28   39192
  3.077083e+00   9.783243e-26   1.573750e-03   5.121625e-28   41640
  3.082545e+00   9.652242e-26   1.578537e-03   5.018793e-28   41400
  3.087927e+00   9.565410e-26   1.553632e-03   5.139623e-28   38640
  3.093396e+00   9.612174e-26   1.594261e-03   4.926268e-28   43658
  3.098867e+00   9.496923e-26   1.533241e-03   5.030864e-28   40608
  3.104282e+00   9.334441e-26   1.565192e-03   4.864756e-28   41880
  3.109810e+00   9.422105e-26   1.547184e-03   4.905906e-28   41712
  3.115335e+00   9.369937e-26   1.615131e-03   4.768582e-28   42942
  3.120741e+00   9.269147e-26   1.534331e-03   4.984859e-28   40896
  3.126165e+00   9.248897e-26   1.580796e-03   4.807941e-28   42708
  3.131542e+00   9.128904e-26   1.496179e-03   4.821756e-28   40968
  3.137007e+00   9.114719e-26   1.625543e-03   4.647164e-28   43496
  3.142457e+00   9.160940e-26   1.556121e-03   4.867318e-28   41454
  3.147915e+00   9.124938e-26   1.607241e-03   4.772854e-28   43704
  3.153202e+00   9.033877e-26   1.481093e-03   4.833875e-28   41208
  3.158685e+00   8.990389e-26   1.625130e-03   4.605249e-28   43944
  3.164222e+00   8.854975e-26   1.568163e-03   4.637714e-28   43218
  3.169711e+00   8.979558e-26   1.573649e-03   4.662858e-28   44136
  3.175074e+00   9.041771e-26   1.550274e-03   4.826159e-28   42304
  3.180483e+00   8.858474e-26   1.574816e-03   4.662108e-28   43096
  3.185809e+00   8.860527e-26   1.541007e-03   4.630101e-28   43464
  3.191366e+00   8.797180e-26   1.606948e-03   4.627208e-28   44382
  3.196804e+00   8.931092e-26   1.605225e-03   4.745336e-28   44316
  3.202282e+00   8.782932e-26   1.582905e-03   4.632587e-28   44592
  3.207694e+00   8.658920e-26   1.548943e-03   4.504822e-28   44328
  3.213178e+00   8.617572e-26   1.523706e-03   4.603083e-28   43560
  3.218610e+00   8.753827e-26   1.570802e-03   4.619519e-28   44763
  3.224020e+00   8.618418e-26   1.574927e-03   4.596215e-28   44216
  3.229465e+00   8.540510e-26   1.604748e-03   4.520513e-28   45144
  3.234953e+00   8.524895e-26   1.525298e-03   4.651487e-28   42876
  3.240354e+00   8.369758e-26   1.662551e-03   4.412053e-28   46164
  3.245765e+00   8.235761e-26   1.526236e-03   4.445831e-28   42360
  3.251284e+00   8.388105e-26   1.607148e-03   4.424332e-28   45324
  3.256678e+00   8.180414e-26   1.599342e-03   4.390957e-28   43320
  3.262107e+00   8.128464e-26   1.611675e-03   4.344605e-28   44580
  3.267667e+00   8.127567e-26   1.609815e-03   4.375460e-28   44468
  3.273119e+00   8.047227e-26   1.531376e-03   4.361580e-28   43416
  3.278411e+00   7.937436e-26   1.520505e-03   4.307201e-28   42264
  3.283884e+00   7.816010e-26   1.597197e-03   4.143105e-28   44580
  3.289368e+00   7.805053e-26   1.621337e-03   4.212684e-28   43824
  3.294829e+00   7.649401e-26   1.523757e-03   4.096745e-28   43392
  3.300224e+00   7.700979e-26   1.553494e-03   4.201355e-28   43296
  3.305724e+00   7.654136e-26   1.495301e-03   4.214071e-28   42656
  3.311087e+00   7.402986e-26   1.596934e-03   3.958581e-28   43728
  3.316591e+00   7.528384e-26   1.610238e-03   4.110755e-28   43536
  3.322030e+00   7.382262e-26   1.602586e-03   4.114273e-28   42180
  3.327473e+00   7.248501e-26   1.551796e-03   3.828245e-28   44136
  3.332939e+00   7.300418e-26   1.563744e-03   4.004904e-28   42372
  3.338336e+00   7.127064e-26   1.528428e-03   3.968564e-28   41604
  3.343731e+00   7.194756e-26   1.610433e-03   3.899877e-28   43440
  3.349182e+00   7.132024e-26   1.611663e-03   3.922189e-28   42488
  3.354561e+00   6.976339e-26   1.547466e-03   3.843111e-28   41496
  3.360074e+00   6.937902e-26   1.615298e-03   3.675744e-28   44112
  3.365562e+00   6.903615e-26   1.540359e-03   3.751992e-28   41688
  3.370956e+00   6.814260e-26   1.604620e-03   3.708558e-28   42276
  3.376369e+00   6.792897e-26   1.547681e-03   3.738022e-28   41172
  3.381820e+00   6.670306e-26   1.622702e-03   3.518444e-28   43536
  3.387296e+00   6.661482e-26   1.510509e-03   3.693381e-28   41496
  3.392714e+00   6.547242e-26   1.602713e-03   3.657245e-28   40764
  3.398118e+00   6.514840e-26   1.572660e-03   3.492697e-28   43220
  3.403602e+00   6.434791e-26   1.558712e-03   3.502922e-28   41076
  3.409040e+00   6.379110e-26   1.557898e-03   3.528232e-28   41532
  3.414506e+00   6.313901e-26   1.586149e-03   3.455316e-28   41928
  3.419924e+00   6.262204e-26   1.518385e-03   3.429363e-28   41412
  3.425338e+00   6.226257e-26   1.580228e-03   3.505580e-28   40032
  3.430721e+00   6.182111e-26   1.567201e-03   3.363640e-28   41880
  3.436133e+00   6.138256e-26   1.559578e-03   3.368684e-28   40264
  3.441614e+00   6.088382e-26   1.596952e-03   3.246904e-28   42592
  3.447111e+00   5.996162e-26   1.531936e-03   3.380758e-28   39588
  3.452537e+00   5.954578e-26   1.583857e-03   3.209881e-28   42180
  3.457928e+00   5.882934e-26   1.528129e-03   3.313096e-28   39240
  3.463345e+00   5.900071e-26   1.603997e-03   3.226557e-28   40920
  3.468834e+00   5.746888e-26   1.583230e-03   3.115929e-28   41184
  3.474296e+00   5.710691e-26   1.568330e-03   3.133182e-28   40872
  3.479702e+00   5.745441e-26   1.491774e-03   3.140737e-28   38748
  3.485168e+00   5.678263e-26   1.587794e-03   3.043012e-28   41420
  3.490553e+00   5.578821e-26   1.557380e-03   3.094064e-28   39816
  3.496030e+00   5.596176e-26   1.561371e-03   3.111623e-28   39792
  3.501436e+00   5.453064e-26   1.491602e-03   2.996650e-28   39816
  3.506965e+00   5.461387e-26   1.612108e-03   2.998472e-28   41064
  3.512408e+00   5.386195e-26   1.546522e-03   3.005538e-28   39204
  3.517925e+00   5.440007e-26   1.631952e-03   2.974576e-28   40080
  3.523223e+00   5.342374e-26   1.507994e-03   3.030826e-28   38332
  3.528672e+00   5.233832e-26   1.573899e-03   2.860093e-28   39952
  3.534102e+00   5.242714e-26   1.572293e-03   2.889760e-28   39000
  3.539668e+00   5.084875e-26   1.614601e-03   2.736885e-28   40356
  3.545098e+00   5.169449e-26   1.584135e-03   2.831062e-28   39300
  3.550517e+00   5.059701e-26   1.562974e-03   2.883544e-28   37452
  3.555894e+00   5.048908e-26   1.549762e-03   2.732308e-28   39732
  3.561429e+00   5.025840e-26   1.557625e-03   2.752160e-28   39312
  3.566817e+00   5.016574e-26   1.583965e-03   2.806395e-28   37632
  3.572234e+00   4.942098e-26   1.557396e-03   2.798598e-28   38420
  3.577674e+00   4.976848e-26   1.609595e-03   2.788706e-28   39564
  3.583132e+00   4.822882e-26   1.548840e-03   2.737055e-28   37236
  3.588516e+00   4.767081e-26   1.565848e-03   2.677091e-28   38100
  3.593924e+00   4.812877e-26   1.539495e-03   2.653917e-28   38208
  3.599440e+00   4.700645e-26   1.602149e-03   2.573447e-28   39072
  3.604845e+00   4.766780e-26   1.480860e-03   2.722138e-28   36192
  3.610293e+00   4.666369e-26   1.600910e-03   2.561176e-28   38928
  3.615801e+00   4.618458e-26   1.590552e-03   2.551096e-28   38768
  3.621383e+00   4.576915e-26   1.562835e-03   2.583094e-28   37596
  3.626841e+00   4.527798e-26   1.555898e-03   2.522228e-28   37296
  3.632194e+00   4.510494e-26   1.557356e-03   2.536873e-28   36948
  3.637577e+00   4.523479e-26   1.597343e-03   2.547225e-28   37248
  3.643147e+00   4.439210e-26   1.577439e-03   2.529335e-28   37152
  3.648492e+00   4.365949e-26   1.574751e-03   2.416253e-28   37512
  3.653954e+00   4.329683e-26   1.507515e-03   2.428339e-28   35876
  3.659374e+00   4.369570e-26   1.606552e-03   2.533939e-28   36936
  3.664880e+00   4.279833e-26   1.600548e-03   2.331483e-28   38028
  3.670348e+00   4.223393e-26   1.522914e-03   2.406953e-28   35592
  3.675687e+00   4.229576e-26   1.511337e-03   2.392856e-28   35508
  3.681088e+00   4.220311e-26   1.567228e-03   2.425812e-28   36492
  3.686612e+00   4.184462e-26   1.616757e-03   2.335116e-28   37608
  3.692081e+00   4.106675e-26   1.595280e-03   2.359963e-28   34848
  3.697390e+00   4.158853e-26   1.496163e-03   2.389879e-28   35220
  3.702857e+00   4.077284e-26   1.560827e-03   2.282616e-28   36884
  3.708318e+00   4.087410e-26   1.549021e-03   2.304272e-28   35412
  3.713858e+00   3.979650e-26   1.603888e-03   2.244296e-28   35652
  3.719249e+00   3.979738e-26   1.603516e-03   2.237878e-28   36072
  3.724653e+00   3.959855e-26   1.545362e-03   2.303852e-28   34368
  3.730119e+00   3.923715e-26   1.565390e-03   2.266820e-28   35484
  3.735586e+00   3.861626e-26   1.549559e-03   2.183766e-28   35256
  3.740941e+00   3.862739e-26   1.612995e-03   2.245221e-28   34476
  3.746410e+00   3.767891e-26   1.582486e-03   2.173606e-28   34916
  3.751834e+00   3.718681e-26   1.560509e-03   2.143989e-28   34596
  3.757263e+00   3.820861e-26   1.526486e-03   2.180366e-28   34656
  3.762714e+00   3.761163e-26   1.581266e-03   2.115631e-28   34596
  3.768200e+00   3.716786e-26   1.534004e-03   2.156755e-28   33984
  3.773562e+00   3.695930e-26   1.566114e-03   2.132305e-28   34080
  3.778963e+00   3.687441e-26   1.572881e-03   2.155964e-28   34140
  3.784487e+00   3.626997e-26   1.624544e-03   2.125117e-28   33804
  3.789951e+00   3.559981e-26   1.561511e-03   2.001025e-28   35096
  3.795448e+00   3.580287e-26   1.548108e-03   2.093148e-28   33108
  3.800788e+00   3.575382e-26   1.540015e-03   2.135820e-28   32280
  3.806205e+00   3.583188e-26   1.567716e-03   2.042281e-28   34404
  3.811718e+00   3.488820e-26   1.599739e-03   2.009833e-28   34248
  3.817250e+00   3.484449e-26   1.498979e-03   2.066015e-28   32016
  3.822674e+00   3.389461e-26   1.582258e-03   1.943697e-28   34344
  3.828141e+00   3.462391e-26   1.521407e-03   2.042147e-28   32024
  3.833419e+00   3.334568e-26   1.577025e-03   1.994763e-28   31908
  3.838903e+00   3.395311e-26   1.580344e-03   2.005757e-28   33192
  3.844404e+00   3.343947e-26   1.637429e-03   1.921033e-28   33288
  3.849795e+00   3.280248e-26   1.490950e-03   1.955441e-28   31356
  3.855259e+00   3.333560e-26   1.613715e-03   1.957763e-28   32496
  3.860695e+00   3.271994e-26   1.533804e-03   1.978061e-28   31944
  3.866002e+00   3.203828e-26   1.574956e-03   1.923220e-28   31512
  3.871427e+00   3.261454e-26   1.528683e-03   1.931877e-28   31156
  3.876990e+00   3.189383e-26   1.610722e-03   1.828829e-28   33352
  3.882440e+00   3.236366e-26   1.562321e-03   1.892809e-28   31344
  3.887945e+00   3.174241e-26   1.617631e-03   1.888641e-28   31068
  3.893365e+00   3.120758e-26   1.595427e-03   1.854232e-28   31752
  3.898694e+00   3.139613e-26   1.472715e-03   1.890301e-28   29868
  3.904158e+00   3.084650e-26   1.618311e-03   1.830314e-28   32052
  3.909662e+00   3.043079e-26   1.535519e-03   1.838080e-28   30012
  3.915037e+00   3.039465e-26   1.611064e-03   1.792862e-28   31520
  3.920567e+00   2.992200e-26   1.575150e-03   1.801212e-28   30648
  3.925929e+00   2.994453e-26   1.553739e-03   1.838880e-28   29304
  3.931379e+00   2.960236e-26   1.540483e-03   1.773815e-28   31140
  3.936935e+00   2.920522e-26   1.641115e-03   1.801227e-28   31320
  3.942387e+00   2.974223e-26   1.548803e-03   1.880452e-28   28356
  3.947754e+00   2.885173e-26   1.583135e-03   1.755083e-28   30288
  3.953106e+00   2.922116e-26   1.573376e-03   1.786439e-28   29472
  3.958489e+00   2.869524e-26   1.555320e-03   1.788268e-28   28716
  3.964046e+00   2.893476e-26   1.543510e-03   1.788652e-28   30740
  3.969538e+00   2.868084e-26   1.574261e-03   1.783910e-28   29304
  3.974923e+00   2.833858e-26   1.567890e-03   1.787605e-28   28476
  3.980403e+00   2.791792e-26   1.588107e-03   1.733860e-28   29304
  3.985849e+00   2.835019e-26   1.586252e-03   1.766144e-28   29280
  3.991362e+00   2.760429e-26   1.582091e-03   1.695292e-28   29100
  3.996850e+00   2.747809e-26   1.550996e-03   1.769421e-28   27816
  4.002128e+00   2.720353e-26   1.557957e-03   1.736172e-28   27692
  4.007580e+00   2.732704e-26   1.619992e-03   1.664614e-28   29724
  4.013138e+00   2.673352e-26   1.544165e-03   1.730046e-28   27240
  4.018514e+00   2.690290e-26   1.500820e-03   1.719377e-28   27588
  4.023894e+00   2.630888e-26   1.561808e-03   1.664277e-28   28560
  4.029394e+00   2.646332e-26   1.581785e-03   1.747438e-28   26952
  4.034839e+00   2.585815e-26   1.583665e-03   1.658192e-28   27516
  4.040261e+00   2.611844e-26   1.600351e-03   1.653405e-28   28344
  4.045759e+00   2.591366e-26   1.576275e-03   1.681285e-28   26196
  4.051072e+00   2.549245e-26   1.541569e-03   1.684346e-28   26360
  4.056519e+00   2.554697e-26   1.593665e-03   1.635093e-28   28152
  4.062017e+00   2.549796e-26   1.541184e-03   1.703270e-28   25896
  4.067403e+00   2.488209e-26   1.577942e-03   1.645021e-28   26592
  4.072863e+00   2.533514e-26   1.510771e-03   1.655751e-28   26568
  4.078361e+00   2.524316e-26   1.598680e-03   1.661063e-28   26832
  4.083715e+00   2.425847e-26   1.515874e-03   1.637955e-28   24972
  4.089266e+00   2.472143e-26   1.598351e-03   1.613214e-28   27000
  4.094669e+00   2.481092e-26   1.532450e-03   1.645114e-28   25448
  4.100056e+00   2.432510e-26   1.584391e-03   1.610131e-28   25476
  4.105587e+00   2.435346e-26   1.553105e-03   1.652365e-28   25152
  4.110933e+00   2.429547e-26   1.592180e-03   1.609509e-28   25968
  4.116439e+00   2.405332e-26   1.585064e-03   1.660929e-28   25320
  4.121936e+00   2.353112e-26   1.497338e-03   1.665305e-28   23796
  4.127194e+00   2.403402e-26   1.571596e-03   1.624238e-28   25500
  4.132663e+00   2.350732e-26   1.566138e-03   1.633303e-28   24420
  4.138205e+00   2.329925e-26   1.621058e-03   1.623119e-28   24656
  4.143555e+00   2.335614e-26   1.535877e-03   1.640232e-28   24036
  4.148982e+00   2.302401e-26   1.588370e-03   1.584000e-28   24528
  4.154373e+00   2.282195e-26   1.534446e-03   1.638658e-28   23004
  4.159821e+00   2.307333e-26   1.575770e-03   1.551878e-28   24576
  4.165293e+00   2.235967e-26   1.505141e-03   1.585654e-28   23736
  4.170760e+00   2.225946e-26   1.599171e-03   1.550765e-28   23712
  4.176262e+00   2.285105e-26   1.552705e-03   1.600643e-28   22992
  4.181681e+00   2.271763e-26   1.541976e-03   1.587872e-28   23984
  4.187096e+00   2.214407e-26   1.540203e-03   1.611209e-28   22344
  4.192540e+00   2.157907e-26   1.562907e-03   1.550944e-28   22536
  4.197951e+00   2.223697e-26   1.546870e-03   1.581447e-28   23268
  4.203353e+00   2.174965e-26   1.588651e-03   1.613160e-28   22152
  4.208799e+00   2.191833e-26   1.568712e-03   1.607112e-28   22068
  4.214381e+00   2.161042e-26   1.610904e-03   1.521272e-28   23664
  4.219765e+00   2.160992e-26   1.496014e-03   1.635128e-28   20640
  4.225141e+00   2.110133e-26   1.587688e-03   1.563101e-28   22376
  4.230687e+00   2.095719e-26   1.561479e-03   1.564997e-28   21444
  4.236032e+00   2.129914e-26   1.618016e-03   1.580400e-28   21576
  4.241470e+00   2.122642e-26   1.604143e-03   1.565584e-28   21660
  4.247060e+00   2.046481e-26   1.622088e-03   1.529078e-28   20916
  4.252463e+00   2.091439e-26   1.591059e-03   1.548377e-28   21504
  4.257831e+00   2.020287e-26   1.516262e-03   1.556941e-28   20508
  4.263333e+00   2.030155e-26   1.620094e-03   1.546945e-28   20036
  4.268738e+00   2.057472e-26   1.567896e-03   1.522465e-28   21276
  4.274208e+00   2.043468e-26   1.552204e-03   1.545322e-28   20652
  4.279668e+00   1.965773e-26   1.544650e-03   1.623331e-28   18696
  4.285116e+00   2.006572e-26   1.616732e-03   1.522696e-28   21504
  4.290573e+00   1.959210e-26   1.511985e-03   1.521061e-28   19284
  4.296019e+00   1.932608e-26   1.630585e-03   1.523392e-28   19356
  4.301432e+00   1.959468e-26   1.540949e-03   1.539940e-28   19236
  4.306795e+00   1.970771e-26   1.571095e-03   1.528876e-28   19476
  4.312272e+00   1.891362e-26   1.634853e-03   1.542081e-28   19184
  4.317835e+00   1.915504e-26   1.583822e-03   1.572831e-28   18852
  4.323254e+00   1.958497e-26   1.533201e-03   1.567250e-28   18876
  4.328571e+00   1.861210e-26   1.593847e-03   1.504100e-28   18336
  4.334078e+00   1.837850e-26   1.599281e-03   1.499002e-28   17820
  4.339614e+00   1.905652e-26   1.614145e-03   1.537748e-28   19392
  4.344985e+00   1.880273e-26   1.598282e-03   1.563751e-28   17616
  4.350318e+00   1.863666e-26   1.504639e-03   1.592661e-28   16320
  4.355861e+00   1.865172e-26   1.629545e-03   1.490081e-28   19292
  4.361241e+00   1.834926e-26   1.561011e-03   1.566953e-28   17112
  4.366853e+00   1.820684e-26   1.582117e-03   1.558385e-28   17388
  4.372327e+00   1.830637e-26   1.481209e-03   1.612332e-28   16692
  4.377488e+00   1.852083e-26   1.566835e-03   1.577528e-28   16956
  4.383124e+00   1.778371e-26   1.580304e-03   1.538937e-28   17040
  4.388630e+00   1.786423e-26   1.563733e-03   1.582770e-28   16092
  4.393862e+00   1.820552e-26   1.553118e-03   1.598098e-28   16380
  4.399428e+00   1.777228e-26   1.596421e-03   1.582821e-28   16688
  4.404886e+00   1.786672e-26   1.596956e-03   1.660128e-28   14940
  4.410242e+00   1.779397e-26   1.605748e-03   1.570623e-28   16668
  4.415795e+00   1.732762e-26   1.568026e-03   1.565771e-28   15804
  4.421181e+00   1.678590e-26   1.557131e-03   1.580894e-28   14280
  4.426622e+00   1.760190e-26   1.532886e-03   1.577308e-28   16068
  4.432054e+00   1.680912e-26   1.562272e-03   1.546306e-28   15048
  4.437457e+00   1.658818e-26   1.592183e-03   1.518159e-28   13940
  4.442869e+00   1.675173e-26   1.521708e-03   1.552469e-28   15072
  4.448295e+00   1.674900e-26   1.622238e-03   1.555125e-28   14808
  4.453669e+00   1.653032e-26   1.506280e-03   1.627828e-28   13200
  4.459194e+00   1.631609e-26   1.595625e-03   1.491341e-28   15156
  4.464724e+00   1.634268e-26   1.556013e-03   1.525182e-28   13788
  4.470151e+00   1.619546e-26   1.533533e-03   1.558603e-28   13608
  4.475573e+00   1.588425e-26   1.461946e-03   1.511912e-28   13224
  4.480979e+00   1.631729e-26   1.576198e-03   1.616097e-28   13320
  4.486355e+00   1.623967e-26   1.554184e-03   1.604439e-28   13220
  4.491886e+00   1.540020e-26   1.570846e-03   1.521358e-28   12984
  4.497444e+00   1.581322e-26   1.589998e-03   1.600451e-28   12780
  4.502691e+00   1.559888e-26   1.504822e-03   1.607649e-28   12360
  4.508225e+00   1.537127e-26   1.583198e-03   1.552940e-28   12480
  4.513746e+00   1.548686e-26   1.537784e-03   1.644103e-28   11892
  4.519015e+00   1.508797e-26   1.594395e-03   1.607433e-28   12192
  4.524529e+00   1.552396e-26   1.563074e-03   1.609287e-28   11328
  4.530016e+00   1.459676e-26   1.657530e-03   1.521660e-28   12020
  4.535376e+00   1.486127e-26   1.523948e-03   1.555761e-28   11052
  4.540948e+00   1.439758e-26   1.618906e-03   1.532540e-28   11304
  4.546169e+00   1.429670e-26   1.489624e-03   1.572603e-28   10368
  4.551511e+00   1.418018e-26   1.550098e-03   1.428755e-28   10899
  4.557146e+00   1.390596e-26   1.554021e-03   1.449346e-28   10752
  4.562496e+00   1.381016e-26   1.559799e-03   1.507443e-28   10446
  4.568012e+00   1.403287e-26   1.535197e-03   1.551665e-28   10092
  4.573476e+00   1.364086e-26   1.555534e-03   1.479401e-28   10220
  4.578755e+00   1.407184e-26   1.523556e-03   1.565947e-28   9636
  4.584373e+00   1.356725e-26   1.567355e-03   1.506394e-28   10020
  4.589883e+00   1.345948e-26   1.628387e-03   1.481809e-28   9906
  4.595217e+00   1.328959e-26   1.510439e-03   1.563385e-28   8940
  4.600749e+00   1.302296e-26   1.531752e-03   1.468122e-28   9558
  4.606151e+00   1.304186e-26   1.668091e-03   1.445654e-28   9180
  4.611496e+00   1.320525e-26   1.596941e-03   1.545138e-28   8674
  4.617087e+00   1.323780e-26   1.587385e-03   1.454201e-28   9454
  4.622489e+00   1.298516e-26   1.631486e-03   1.548435e-28   8316
  4.627854e+00   1.278195e-26   1.608919e-03   1.495720e-28   8622
  4.633459e+00   1.281514e-26   1.597569e-03   1.481586e-28   9006
  4.638817e+00   1.274829e-26   1.610282e-03   1.553846e-28   7698
  4.644188e+00   1.275337e-26   1.545067e-03   1.472002e-28   8406
  4.649796e+00   1.232860e-26   1.648676e-03   1.430564e-28   8646
  4.655134e+00   1.183671e-26   1.566555e-03   1.496727e-28   7014
  4.660482e+00   1.264284e-26   1.557241e-03   1.480751e-28   8510
  4.666168e+00   1.196478e-26   1.641235e-03   1.456483e-28   7890
  4.671505e+00   1.154012e-26   1.574407e-03   1.475518e-28   6966
  4.676764e+00   1.235118e-26   1.504915e-03   1.488526e-28   7902
  4.682374e+00   1.234875e-26   1.641329e-03   1.526819e-28   7278
  4.687828e+00   1.171208e-26   1.612380e-03   1.460905e-28   7338
  4.693196e+00   1.129606e-26   1.493392e-03   1.407061e-28   7254
  4.698697e+00   1.182455e-26   1.608386e-03   1.531758e-28   6678
  4.704032e+00   1.131160e-26   1.606870e-03   1.426818e-28   7286
  4.709691e+00   1.154366e-26   1.589718e-03   1.476295e-28   7200
  4.715313e+00   1.168583e-26   1.543001e-03   1.577227e-28   6234
  4.720293e+00   1.118411e-26   1.546551e-03   1.491935e-28   6630
  4.725937e+00   1.120910e-26   1.594739e-03   1.400158e-28   6822
  4.731533e+00   1.124579e-26   1.502372e-03   1.498269e-28   6078
  4.736631e+00   1.109104e-26   1.597130e-03   1.457520e-28   6528
  4.742272e+00   1.152000e-26   1.526400e-03   1.622188e-28   6034
  4.747672e+00   1.124016e-26   1.563107e-03   1.503752e-28   6190
  4.753036e+00   1.119299e-26   1.605909e-03   1.521604e-28   6270
  4.758704e+00   1.108760e-26   1.444203e-03   1.633193e-28   5520
  4.763890e+00   1.070230e-26   1.616958e-03   1.447969e-28   6126
  4.769317e+00   1.097880e-26   1.511987e-03   1.583152e-28   5562
  4.775011e+00   1.092659e-26   1.511880e-03   1.506867e-28   5790
  4.780175e+00   1.040270e-26   1.547880e-03   1.487454e-28   5496
  4.785646e+00   1.111615e-26   1.559064e-03   1.617839e-28   5262
  4.791216e+00   1.019785e-26   1.535486e-03   1.430629e-28   5774
  4.796542e+00   1.055630e-26   1.521126e-03   1.562940e-28   5124
  4.802154e+00   1.046641e-26   1.525856e-03   1.541076e-28   5070
  4.807432e+00   1.050703e-26   1.588341e-03   1.591200e-28   5430
  4.812826e+00   1.036991e-26   1.483666e-03   1.585592e-28   4680
  4.818540e+00   1.011852e-26   1.536582e-03   1.462896e-28   5370
  4.823790e+00   1.042959e-26   1.468016e-03   1.626844e-28   4638
  4.829137e+00   1.029399e-26   1.543205e-03   1.618457e-28   4536
  4.834713e+00   1.016201e-26   1.545277e-03   1.451292e-28   5222
  4.840070e+00   9.891630e-27   1.418031e-03   1.575230e-28   4254
  4.845561e+00   9.906432e-27   1.563113e-03   1.570094e-28   4548
  4.850865e+00   1.029671e-26   1.515896e-03   1.509659e-28   4638
  4.856279e+00   9.955094e-27   1.496620e-03   1.630764e-28   4176
  4.861899e+00   1.030844e-26   1.501804e-03   1.602102e-28   4518
  4.867234e+00   1.000977e-26   1.513137e-03   1.632313e-28   4278
  4.872549e+00   1.014886e-26   1.464028e-03   1.711339e-28   3732
  4.877994e+00   1.025908e-26   1.546653e-03   1.586833e-28   4502
  4.883481e+00   9.876399e-27   1.503470e-03   1.637344e-28   3984
  4.889020e+00   9.568457e-27   1.557569e-03   1.699493e-28   3726
  4.894174e+00   9.373087e-27   1.501292e-03   1.592021e-28   4014
  4.899605e+00   9.675690e-27   1.574381e-03   1.641973e-28   3756
  4.905398e+00   9.589290e-27   1.580112e-03   1.662033e-28   3894
  4.910659e+00   9.814118e-27   1.546203e-03   1.706169e-28   3744
  4.915968e+00   9.516484e-27   1.571823e-03   1.811854e-28   3174
  4.921505e+00   9.493463e-27   1.608835e-03   1.618970e-28   3968
  4.926991e+00   9.244359e-27   1.622395e-03   1.657598e-28   3522
  4.932722e+00   9.348544e-27   1.666295e-03   1.868432e-28   3198
  4.937920e+00   9.356775e-27   1.632144e-03   1.666004e-28   3648
  4.943345e+00   9.377505e-27   1.659133e-03   1.774643e-28   3054
  4.949062e+00   9.314168e-27   1.560433e-03   1.800270e-28   3312
  4.954266e+00   8.972732e-27   1.648372e-03   1.635328e-28   3354
  4.959775e+00   9.009635e-27   1.630010e-03   1.846026e-28   2624
  4.965165e+00   9.471448e-27   1.590230e-03   1.600621e-28   3462
  4.970648e+00   9.297754e-27   1.658767e-03   1.754994e-28   2976
  4.976433e+00   9.105520e-27   1.570247e-03   1.875474e-28   2670
  4.981450e+00   8.358000e-27   1.634562e-03   1.675084e-28   3186
  4.986828e+00   9.138374e-27   1.526978e-03   1.827726e-28   2376
  4.992553e+00   9.084810e-27   1.609692e-03   1.801981e-28   3102
  4.997840e+00   8.989359e-27   1.575648e-03   1.930734e-28   2688
  5.003337e+00   8.954703e-27   1.643829e-03   2.062206e-28   2286
  5.008726e+00   8.405301e-27   1.585579e-03   1.658082e-28   3020
  5.014174e+00   8.846816e-27   1.510259e-03   1.953304e-28   2310
  5.019958e+00   8.513542e-27   1.669065e-03   1.766921e-28   2544
  5.025112e+00   8.739053e-27   1.556079e-03   1.859681e-28   2526
  5.030503e+00   8.865242e-27   1.598055e-03   2.143065e-28   2112
  5.036149e+00   9.240661e-27   1.535784e-03   1.818121e-28   2538
  5.041490e+00   8.176875e-27   1.597743e-03   1.893593e-28   2304
  5.046925e+00   9.253097e-27   1.576461e-03   2.249841e-28   1902
  5.052197e+00   8.871654e-27   1.506026e-03   1.782133e-28   2408
  5.057655e+00   8.581254e-27   1.588655e-03   2.033744e-28   2094
  5.063468e+00   8.349201e-27   1.618622e-03   2.050268e-28   2028
  5.068570e+00   8.678951e-27   1.535323e-03   2.044341e-28   2094
  5.073985e+00   8.160042e-27   1.674958e-03   2.122865e-28   1920
  5.079736e+00   8.176073e-27   1.412176e-03   1.992601e-28   1926
  5.084997e+00   8.060688e-27   1.648354e-03   1.973161e-28   2088
  5.090349e+00   8.374999e-27   1.445979e-03   2.296372e-28   1434
  5.095727e+00   8.152162e-27   1.528869e-03   1.910751e-28   2048
  5.101055e+00   8.789795e-27   1.524439e-03   2.126026e-28   1758
  5.106921e+00   8.392942e-27   1.681850e-03   2.256569e-28   1584
  5.112297e+00   8.502611e-27   1.666289e-03   2.028100e-28   1998
  5.117737e+00   8.706946e-27   1.517710e-03   2.602419e-28   1428
  5.123436e+00   8.243822e-27   1.270388e-03   2.290063e-28   1488
  5.128415e+00   8.988294e-27   1.618345e-03   2.304290e-28   1806
  5.133668e+00   8.079567e-27   1.473287e-03   2.782822e-28   1040
  5.139281e+00   8.551272e-27   1.543732e-03   2.225444e-28   1782
  5.144417e+00   8.514585e-27   1.459353e-03   2.477170e-28   1428
  5.150558e+00   8.380449e-27   1.752291e-03   2.662710e-28   1206
  5.155754e+00   8.100274e-27   1.628015e-03   2.121708e-28   1728
  5.160990e+00   9.144869e-27   1.525739e-03   3.049720e-28   1038
  5.167027e+00   9.313860e-27   1.237946e-03   2.767985e-28   1248
  5.171798e+00   8.833609e-27   1.578785e-03   2.437748e-28   1530
  5.177034e+00   7.945249e-27   1.447012e-03   3.127907e-28   656
  5.182884e+00   8.752869e-27   1.622270e-03   2.379478e-28   1662
  5.187826e+00   8.206313e-27   1.343030e-03   2.913191e-28   1008
  5.194344e+00   8.646211e-27   1.783380e-03   3.031949e-28   960
  5.199238e+00   8.814171e-27   1.533522e-03   2.402070e-28   1458
  5.204352e+00   8.134932e-27   1.515264e-03   3.294161e-28   672
  5.210626e+00   8.195271e-27   1.187605e-03   2.734392e-28   1062
  5.215066e+00   7.980852e-27   1.540654e-03   2.430143e-28   1224
  5.220385e+00   8.539608e-27   1.345767e-03   4.293321e-28   374
  5.226378e+00   8.845353e-27   1.617607e-03   2.474581e-28   1512
  5.231226e+00   8.264369e-27   1.355537e-03   3.254421e-28   666
  5.238164e+00   8.515229e-27   1.657312e-03   3.379027e-28   720
  5.242515e+00   8.707038e-27   1.484148e-03   2.664348e-28   1224
  5.247863e+00   9.580517e-27   1.475424e-03   4.802510e-28   390
  5.254263e+00   8.244514e-27   1.097036e-03   3.110920e-28   936
  5.258334e+00   8.830815e-27   1.565258e-03   3.048828e-28   882
  5.264148e+00   7.817279e-27   1.528292e-03   5.678165e-28   216
  5.269800e+00   8.514353e-27   1.517469e-03   2.612177e-28   1286
  5.274591e+00   8.691803e-27   1.267641e-03   4.535207e-28   384
  5.281913e+00   8.544107e-27   1.595845e-03   3.963952e-28   576
  5.285704e+00   8.798247e-27   1.430314e-03   2.934562e-28   930
  5.291130e+00   8.902273e-27   1.405067e-03   5.860671e-28   216
  5.298050e+00   8.563290e-27   1.127871e-03   2.961347e-28   918
  5.302037e+00   9.057482e-27   1.519148e-03   4.555866e-28   480
  5.307441e+00   5.428755e-27   1.280066e-03   4.932970e-28   78
  5.313052e+00   9.237232e-27   1.383681e-03   3.052384e-28   1052
  5.318233e+00   7.576753e-27   1.611134e-03   4.612153e-28   240
  5.326163e+00   8.561134e-27   5.882336e-04   4.854564e-28   438
  5.328872e+00   9.614440e-27   1.360971e-03   3.885494e-28   648
  5.333924e+00   8.640239e-27   1.123687e-03   1.023883e-27   78
  5.341457e+00   9.469585e-27   9.804401e-04   3.788140e-28   780
  5.345244e+00   8.297925e-27   1.368055e-03   5.604742e-28   240
  5.349910e+00   5.475735e-27   0.000000e+00   3.358146e-27   6
  5.356198e+00   8.220178e-27   1.253222e-03   3.144695e-28   824
  5.360748e+00   7.778490e-27   9.688384e-04   8.397130e-28   78
  5.369722e+00   8.380128e-27   5.065474e-04   4.003631e-28   432
  5.372065e+00   7.603943e-27   1.225115e-03   4.592088e-28   348
  5.376527e+00   7.100290e-27   0.000000e+00   2.154211e-27   6
  5.384681e+00   9.169493e-27   8.661160e-04   4.665841e-28   600
  5.387907e+00   8.045395e-27   8.155581e-04   9.022539e-28   78
  5.399271e+00   9.415224e-27   1.072115e-03   4.006148e-28   572
  5.403481e+00   8.706687e-27   0.000000e+00   1.817289e-27   6
  5.413189e+00   9.373415e-27   5.033701e-04   5.481806e-28   384
  5.415134e+00   9.243181e-27   7.482049e-04   9.720499e-28   102
  5.427858e+00   8.936111e-27   7.359585e-04   3.965932e-28   396
  5.430766e+00   7.966894e-27   0.000000e+00   2.911526e-27   6
  5.442225e+00   1.181250e-26   6.658608e-04   7.502566e-28   326
  5.456526e+00   8.362331e-27   4.630285e-04   6.585089e-28   252
  5.458378e+00   5.789203e-27   0.000000e+00   1.069751e-27   6
  5.470933e+00   8.641658e-27   4.213345e-04   6.087796e-28   198
  5.485317e+00   8.646482e-27   3.214857e-04   7.869788e-28   146
  5.499721e+00   1.056931e-26   2.359708e-04   1.193460e-27   102
  5.514144e+00   7.977580e-27   1.639936e-04   1.061330e-27   66
  5.528587e+00   9.753488e-27   1.041522e-04   1.048376e-27   38
  5.543047e+00   8.380018e-27   5.371851e-05   2.209654e-27   18
  5.557519e+00   6.148236e-27   5.754450e-08   3.463356e-27   6
