# power spectrum of phi
# redshift z=100.000000
# k              Pk             sigma(k)       sigma(Pk)      count
  2.513274e-02   9.369326e-11   2.247832e-10   3.784730e-11   6
  3.554306e-02   3.416919e-11   0.000000e+00   6.836637e-12   12
  4.353118e-02   1.900167e-11   4.768372e-10   3.880921e-12   8
  5.026548e-02   5.227470e-11   4.495664e-10   5.638317e-12   6
  5.619852e-02   3.213199e-11   8.991328e-10   1.026789e-11   24
  6.156239e-02   4.195576e-11   6.357829e-10   7.090262e-12   24
  7.416620e-02   1.685239e-11   1.948007e-03   3.063415e-12   42
  7.947671e-02   1.983753e-11   0.000000e+00   4.379697e-12   24
  8.335587e-02   1.666595e-11   1.557344e-09   4.141520e-12   24
  8.972863e-02   1.502044e-11   1.539368e-03   1.625371e-12   32
  9.403811e-02   1.230635e-11   0.000000e+00   1.734752e-12   48
  1.005310e-01   1.292177e-11   8.991328e-10   5.694028e-12   6
  1.049125e-01   9.417676e-12   1.486715e-03   8.888071e-13   84
  1.109741e-01   9.673076e-12   1.422978e-03   1.475563e-12   48
  1.160761e-01   7.257120e-12   1.277655e-03   7.396386e-13   72
  1.231248e-01   7.303785e-12   1.271566e-09   1.149614e-12   24
  1.274204e-01   5.089828e-12   1.133933e-03   4.681483e-13   102
  1.338823e-01   5.924166e-12   2.192492e-03   6.025026e-13   104
  1.376577e-01   3.782645e-12   0.000000e+00   5.544443e-13   48
  1.450967e-01   3.267003e-12   1.454852e-03   2.951134e-13   108
  1.494985e-01   4.368764e-12   1.026108e-03   4.572577e-13   78
  1.544156e-01   4.166642e-12   8.885963e-04   3.923729e-13   96
  1.612033e-01   3.112997e-12   1.252396e-03   2.364351e-13   168
  1.674610e-01   2.964027e-12   1.514588e-03   3.094531e-13   120
  1.704585e-01   2.729003e-12   0.000000e+00   4.204452e-13   48
  1.775076e-01   2.631901e-12   1.466362e-03   2.279313e-13   194
  1.836114e-01   2.261565e-12   1.199745e-03   1.807317e-13   192
  1.889121e-01   2.718124e-12   8.359107e-04   2.277639e-13   96
  1.926375e-01   1.800444e-12   7.114371e-04   1.703897e-13   96
  1.973415e-01   1.862896e-12   1.049518e-03   1.518465e-13   174
  2.036605e-01   1.906363e-12   1.032544e-03   1.329698e-13   216
  2.087655e-01   1.484713e-12   1.069752e-03   1.019882e-13   192
  2.153360e-01   1.466275e-12   1.134051e-03   1.014375e-13   204
  2.199701e-01   1.102018e-12   1.553116e-03   6.969115e-14   224
  2.263855e-01   1.394870e-12   8.767448e-04   1.071844e-13   174
  2.313653e-01   1.161389e-12   1.685384e-03   6.644100e-14   288
  2.375440e-01   9.996915e-13   8.296829e-04   6.048867e-14   288
  2.423661e-01   8.968299e-13   1.600294e-03   6.473115e-14   192
  2.486778e-01   9.688169e-13   1.171093e-03   5.784570e-14   252
  2.526714e-01   9.423678e-13   6.978544e-04   6.005743e-14   246
  2.580960e-01   8.361592e-13   1.324197e-03   4.975522e-14   312
  2.629351e-01   8.342006e-13   8.554600e-04   4.358549e-14   248
  2.695776e-01   6.667193e-13   1.809641e-03   3.273901e-14   432
  2.749286e-01   7.993583e-13   1.515534e-03   5.463033e-14   198
  2.802165e-01   7.918488e-13   1.832967e-03   3.646228e-14   456
  2.863920e-01   6.239239e-13   1.069655e-03   3.823508e-14   324
  2.907627e-01   5.884610e-13   1.266356e-03   3.257429e-14   312
  2.961810e-01   5.464868e-13   1.588477e-03   2.823410e-14   408
  3.029220e-01   5.034791e-13   1.466968e-03   2.529265e-14   414
  3.075580e-01   4.315898e-13   1.269406e-03   2.193522e-14   392
  3.123025e-01   5.319683e-13   1.430245e-03   2.679869e-14   408
  3.185470e-01   4.752382e-13   1.518117e-03   2.166558e-14   444
  3.232898e-01   4.529319e-13   1.227263e-03   2.250990e-14   360
  3.293455e-01   4.104214e-13   1.684453e-03   1.562508e-14   678
  3.357501e-01   4.262697e-13   1.079705e-03   2.450143e-14   360
  3.406722e-01   3.656125e-13   1.778081e-03   1.615065e-14   648
  3.453647e-01   3.565037e-13   8.217968e-04   2.323793e-14   288
  3.513418e-01   3.404997e-13   1.531028e-03   1.292129e-14   686
  3.569625e-01   3.384949e-13   1.138289e-03   1.670295e-14   444
  3.620452e-01   3.081338e-13   1.580989e-03   1.207972e-14   696
  3.671010e-01   3.217600e-13   1.502020e-03   1.500769e-14   408
  3.725872e-01   2.747656e-13   1.554025e-03   1.048563e-14   648
  3.782992e-01   3.050793e-13   1.360625e-03   1.323310e-14   582
  3.833918e-01   2.440150e-13   1.703041e-03   9.867273e-15   744
  3.890113e-01   2.754451e-13   1.700144e-03   1.150879e-14   516
  3.941882e-01   2.612378e-13   1.645265e-03   1.084310e-14   728
  3.989676e-01   2.379206e-13   1.363195e-03   9.892311e-15   558
  4.047392e-01   2.006681e-13   1.374231e-03   7.120928e-15   768
  4.109960e-01   2.264472e-13   1.593026e-03   7.209952e-15   960
  4.164620e-01   2.071478e-13   1.114439e-03   9.078266e-15   576
  4.217163e-01   2.145650e-13   1.808947e-03   7.428799e-15   816
  4.273742e-01   1.753641e-13   1.395616e-03   6.189010e-15   666
  4.323421e-01   1.899353e-13   1.636664e-03   6.206851e-15   960
  4.382783e-01   1.783101e-13   1.614107e-03   6.301938e-15   824
  4.440386e-01   1.730021e-13   1.777416e-03   5.561031e-15   936
  4.493430e-01   1.564943e-13   1.321819e-03   5.961894e-15   624
  4.542288e-01   1.666488e-13   1.556102e-03   5.376681e-15   1062
  4.599003e-01   1.631271e-13   1.695132e-03   5.812315e-15   732
  4.648741e-01   1.434295e-13   1.470856e-03   4.478028e-15   1080
  4.708074e-01   1.462823e-13   1.603534e-03   4.979511e-15   936
  4.761732e-01   1.292958e-13   1.731990e-03   4.307483e-15   878
  4.818260e-01   1.259783e-13   1.755225e-03   3.705331e-15   1152
  4.870749e-01   1.225859e-13   1.356663e-03   3.903683e-15   1056
  4.926568e-01   1.278231e-13   1.602363e-03   4.249714e-15   864
  4.976423e-01   1.188187e-13   1.565217e-03   3.674498e-15   1092
  5.036015e-01   1.192015e-13   1.653531e-03   3.538794e-15   1206
  5.092782e-01   1.123422e-13   1.678014e-03   3.183467e-15   1248
  5.145213e-01   1.067265e-13   1.137149e-03   3.709660e-15   864
  5.191890e-01   1.076099e-13   1.180642e-03   3.325416e-15   1152
  5.252742e-01   1.052115e-13   1.757644e-03   2.889094e-15   1382
  5.312134e-01   1.018567e-13   1.566451e-03   2.942075e-15   1188
  5.364142e-01   9.031822e-14   1.659855e-03   2.626451e-15   1248
  5.413249e-01   9.136614e-14   1.574532e-03   2.870093e-15   1152
  5.467138e-01   9.480070e-14   1.729118e-03   2.545452e-15   1320
  5.526917e-01   8.565766e-14   1.146028e-03   2.462198e-15   1206
  5.576517e-01   8.677328e-14   1.665023e-03   2.199856e-15   1560
  5.635439e-01   8.365612e-14   1.549958e-03   2.259219e-15   1280
  5.685850e-01   7.712493e-14   1.560520e-03   2.060339e-15   1308
  5.741001e-01   7.831206e-14   1.566129e-03   1.901571e-15   1512
  5.795940e-01   7.101121e-14   1.277777e-03   1.927124e-15   1350
  5.852552e-01   7.222318e-14   1.688249e-03   1.763814e-15   1608
  5.900948e-01   7.308382e-14   1.451867e-03   2.018795e-15   1320
  5.957309e-01   7.217521e-14   1.748946e-03   1.814645e-15   1656
  6.008045e-01   6.614685e-14   1.374965e-03   1.758501e-15   1254
  6.066730e-01   6.650095e-14   1.569270e-03   1.504471e-15   1932
  6.122044e-01   6.584431e-14   1.409199e-03   1.734200e-15   1640
  6.176544e-01   6.099673e-14   1.462843e-03   1.534922e-15   1488
  6.227944e-01   5.987294e-14   1.414095e-03   1.536229e-15   1560
  6.286404e-01   5.637544e-14   1.698486e-03   1.336248e-15   2046
  6.340669e-01   5.525693e-14   1.523538e-03   1.444124e-15   1512
  6.393232e-01   5.624378e-14   1.516165e-03   1.294568e-15   1764
  6.445652e-01   5.230658e-14   1.511671e-03   1.215311e-15   1776
  6.499746e-01   5.278020e-14   1.817211e-03   1.257249e-15   1704
  6.557781e-01   4.963513e-14   1.779589e-03   1.052890e-15   2126
  6.610046e-01   4.808194e-14   1.236245e-03   1.125345e-15   1632
  6.662499e-01   4.798805e-14   1.646884e-03   1.017646e-15   2064
  6.715382e-01   4.952960e-14   1.357901e-03   1.182185e-15   1680
  6.772924e-01   4.560714e-14   1.523137e-03   1.017428e-15   2154
  6.826481e-01   4.511830e-14   1.541852e-03   9.869517e-16   2016
  6.884154e-01   4.280465e-14   1.692697e-03   8.554849e-16   2304
  6.937001e-01   4.471356e-14   1.347609e-03   1.118276e-15   1680
  6.991903e-01   4.229935e-14   1.561166e-03   9.041639e-16   2432
  7.046941e-01   3.950217e-14   1.538311e-03   9.005791e-16   1902
  7.101567e-01   3.850388e-14   1.581895e-03   7.690966e-16   2292
  7.150285e-01   3.695767e-14   1.252979e-03   8.444607e-16   1992
  7.208092e-01   3.642364e-14   1.606146e-03   6.968619e-16   2568
  7.263678e-01   3.604865e-14   1.402295e-03   8.335555e-16   1806
  7.319849e-01   3.662789e-14   1.724889e-03   7.071622e-16   3000
  7.376724e-01   3.580647e-14   1.569594e-03   7.921174e-16   2016
  7.424201e-01   3.587752e-14   1.465108e-03   7.664769e-16   2168
  7.478330e-01   3.444352e-14   1.496073e-03   7.187984e-16   2412
  7.534914e-01   3.171112e-14   1.636470e-03   6.305762e-16   2550
  7.589365e-01   3.296971e-14   1.624710e-03   6.392250e-16   2592
  7.646194e-01   3.077031e-14   1.496749e-03   6.375955e-16   2496
  7.700227e-01   2.974695e-14   1.655767e-03   5.791678e-16   2688
  7.754124e-01   2.920669e-14   1.430386e-03   5.796144e-16   2424
  7.810929e-01   2.834451e-14   1.312547e-03   5.545614e-16   2634
  7.862125e-01   2.836957e-14   1.574459e-03   5.506048e-16   2552
  7.913127e-01   2.793499e-14   1.651778e-03   5.318261e-16   2832
  7.969736e-01   2.650457e-14   1.568612e-03   5.230448e-16   2424
  8.025554e-01   2.558725e-14   1.740010e-03   4.351588e-16   3198
  8.077809e-01   2.603634e-14   1.388970e-03   5.018940e-16   2400
  8.133203e-01   2.663572e-14   1.597724e-03   4.628863e-16   3336
  8.190443e-01   2.404163e-14   1.344782e-03   5.059139e-16   2508
  8.240739e-01   2.453065e-14   1.620807e-03   4.557995e-16   3104
  8.299549e-01   2.391314e-14   1.630675e-03   4.306236e-16   2934
  8.352548e-01   2.322062e-14   1.499159e-03   4.264053e-16   3120
  8.410021e-01   2.201217e-14   1.672615e-03   3.673231e-16   3288
  8.462971e-01   2.253711e-14   1.408091e-03   4.188113e-16   2808
  8.517341e-01   2.066513e-14   1.767149e-03   3.813324e-16   2988
  8.572072e-01   2.077040e-14   1.617824e-03   3.678435e-16   3486
  8.625080e-01   2.171858e-14   1.531395e-03   4.260745e-16   3000
  8.676262e-01   2.106055e-14   1.332104e-03   3.721998e-16   3024
  8.733607e-01   1.987611e-14   1.466916e-03   3.330873e-16   3584
  8.791129e-01   2.026458e-14   1.571450e-03   3.427950e-16   3486
  8.844786e-01   1.929278e-14   1.415254e-03   3.440168e-16   3120
  8.897252e-01   1.935182e-14   1.397521e-03   3.220616e-16   3396
  8.950216e-01   1.807764e-14   1.596634e-03   3.105358e-16   3552
  9.006758e-01   1.805358e-14   1.536565e-03   2.958342e-16   3384
  9.062646e-01   1.787887e-14   1.564378e-03   2.992052e-16   3726
  9.115861e-01   1.764390e-14   1.516080e-03   3.167363e-16   3344
  9.166417e-01   1.789667e-14   1.557833e-03   2.924060e-16   3744
  9.224231e-01   1.675851e-14   1.516451e-03   2.806811e-16   3540
  9.278433e-01   1.647811e-14   1.609838e-03   2.551087e-16   3822
  9.335305e-01   1.604251e-14   1.580500e-03   2.393931e-16   4056
  9.387066e-01   1.583495e-14   1.452506e-03   2.635160e-16   3288
  9.441340e-01   1.506291e-14   1.677753e-03   2.423915e-16   4056
  9.494626e-01   1.526357e-14   1.536843e-03   2.432651e-16   3984
  9.552959e-01   1.540122e-14   1.413015e-03   2.560860e-16   3662
  9.602370e-01   1.478510e-14   1.541776e-03   2.485108e-16   3828
  9.658108e-01   1.457348e-14   1.742991e-03   2.007388e-16   4632
  9.713679e-01   1.432412e-14   1.345609e-03   2.399348e-16   3600
  9.769230e-01   1.356107e-14   1.597718e-03   2.132982e-16   4320
  9.821794e-01   1.328550e-14   1.253511e-03   2.074179e-16   3918
  9.874859e-01   1.364049e-14   1.442268e-03   2.123470e-16   4200
  9.928210e-01   1.365025e-14   1.636673e-03   2.131114e-16   4188
  9.983519e-01   1.281386e-14   1.662286e-03   1.886396e-16   4360
  1.003968e+00   1.258526e-14   1.662160e-03   1.873302e-16   4582
  1.009399e+00   1.285331e-14   1.477494e-03   2.084829e-16   4128
  1.014920e+00   1.237185e-14   1.587216e-03   1.829877e-16   4752
  1.020120e+00   1.265378e-14   1.461112e-03   1.922457e-16   4176
  1.025775e+00   1.150100e-14   1.680085e-03   1.663257e-16   4848
  1.031437e+00   1.173434e-14   1.459747e-03   1.812058e-16   4338
  1.036771e+00   1.174325e-14   1.593174e-03   1.661365e-16   5160
  1.042045e+00   1.145973e-14   1.291598e-03   1.826918e-16   4008
  1.047767e+00   1.100818e-14   1.707442e-03   1.540974e-16   5360
  1.053032e+00   1.097400e-14   1.588217e-03   1.656010e-16   4110
  1.058510e+00   1.087755e-14   1.701535e-03   1.478391e-16   5424
  1.063733e+00   1.032425e-14   1.454921e-03   1.660389e-16   4140
  1.069227e+00   1.052947e-14   1.625576e-03   1.378579e-16   5664
  1.074866e+00   1.031663e-14   1.412853e-03   1.476604e-16   4632
  1.080236e+00   1.002650e-14   1.490235e-03   1.439126e-16   4902
  1.085555e+00   1.025208e-14   1.592485e-03   1.441963e-16   5072
  1.090999e+00   1.011663e-14   1.501653e-03   1.365158e-16   5472
  1.096387e+00   9.705909e-15   1.526101e-03   1.395526e-16   4704
  1.101916e+00   9.747232e-15   1.676374e-03   1.330519e-16   5436
  1.107545e+00   9.390346e-15   1.596128e-03   1.217282e-16   5646
  1.112664e+00   9.464483e-15   1.428200e-03   1.381621e-16   4512
  1.118112e+00   8.998378e-15   1.824161e-03   1.146997e-16   6120
  1.123729e+00   9.033525e-15   1.411269e-03   1.261019e-16   5112
  1.129131e+00   9.035673e-15   1.667779e-03   1.186182e-16   5606
  1.134567e+00   8.635058e-15   1.554272e-03   1.198982e-16   5328
  1.139989e+00   8.405481e-15   1.565953e-03   1.113381e-16   5964
  1.145435e+00   8.328533e-15   1.590472e-03   1.144179e-16   5448
  1.150957e+00   8.000922e-15   1.628706e-03   1.038662e-16   5904
  1.156600e+00   7.983966e-15   1.600579e-03   1.056160e-16   5598
  1.161806e+00   7.970279e-15   1.501909e-03   1.037450e-16   5952
  1.167187e+00   7.807307e-15   1.643126e-03   1.062447e-16   5688
  1.172631e+00   7.807342e-15   1.575513e-03   1.018365e-16   5876
  1.177964e+00   7.709815e-15   1.536673e-03   1.021314e-16   5784
  1.183501e+00   7.285642e-15   1.532901e-03   8.941411e-17   6462
  1.189054e+00   7.621128e-15   1.653348e-03   1.027810e-16   5688
  1.194197e+00   7.407009e-15   1.525430e-03   9.540788e-17   6408
  1.199756e+00   6.998098e-15   1.574800e-03   8.809629e-17   6000
  1.205422e+00   7.083797e-15   1.694655e-03   8.628141e-17   6582
  1.211021e+00   6.983053e-15   1.612876e-03   8.806865e-17   6564
  1.216263e+00   6.828746e-15   1.422140e-03   8.757928e-17   6048
  1.221699e+00   6.579666e-15   1.629773e-03   8.257072e-17   6512
  1.227397e+00   6.734439e-15   1.620133e-03   8.238150e-17   6816
  1.232850e+00   6.744750e-15   1.416896e-03   8.775056e-17   6222
  1.237968e+00   6.566403e-15   1.476334e-03   8.370994e-17   6432
  1.243434e+00   6.402939e-15   1.553938e-03   7.645150e-17   6804
  1.248868e+00   6.409585e-15   1.464733e-03   8.130907e-17   6432
  1.254187e+00   6.188213e-15   1.722345e-03   7.538915e-17   6846
  1.259590e+00   6.182034e-15   1.572729e-03   7.632127e-17   6424
  1.264755e+00   5.926160e-15   1.411534e-03   7.311942e-17   6952
  1.270430e+00   6.017032e-15   1.700917e-03   6.862376e-17   7560
  1.276003e+00   5.892619e-15   1.461590e-03   7.222362e-17   6648
  1.281750e+00   5.809598e-15   1.606071e-03   6.850717e-17   7578
  1.286810e+00   5.739215e-15   1.450151e-03   7.033124e-17   6552
  1.292277e+00   5.532823e-15   1.596662e-03   6.546031e-17   7536
  1.297851e+00   5.466863e-15   1.461180e-03   6.327177e-17   7272
  1.303277e+00   5.528594e-15   1.556497e-03   6.638093e-17   6936
  1.308485e+00   5.312619e-15   1.596343e-03   6.057792e-17   7430
  1.314120e+00   5.302378e-15   1.672052e-03   5.989016e-17   7644
  1.319350e+00   5.140396e-15   1.489238e-03   6.098716e-17   7248
  1.325034e+00   5.125117e-15   1.703671e-03   5.612605e-17   8232
  1.330590e+00   5.059941e-15   1.553617e-03   6.021223e-17   7038
  1.335931e+00   5.049617e-15   1.510189e-03   5.735063e-17   7824
  1.341174e+00   4.900148e-15   1.590763e-03   5.531043e-17   7752
  1.346585e+00   4.717726e-15   1.605043e-03   5.465891e-17   7480
  1.352208e+00   4.827206e-15   1.618933e-03   5.270363e-17   8404
  1.357671e+00   4.866180e-15   1.503855e-03   5.404733e-17   7614
  1.362913e+00   4.746364e-15   1.575108e-03   5.414400e-17   7776
  1.368188e+00   4.703911e-15   1.502776e-03   5.317553e-17   7944
  1.373702e+00   4.620383e-15   1.562607e-03   5.055148e-17   8424
  1.379142e+00   4.434287e-15   1.533354e-03   5.111268e-17   7872
  1.384762e+00   4.394488e-15   1.540830e-03   4.705622e-17   8658
  1.390152e+00   4.460529e-15   1.537871e-03   4.967874e-17   8352
  1.395701e+00   4.385058e-15   1.544872e-03   4.779023e-17   8648
  1.400946e+00   4.439931e-15   1.463868e-03   4.955093e-17   7680
  1.406459e+00   4.218348e-15   1.524971e-03   4.486542e-17   8646
  1.411581e+00   4.301639e-15   1.477493e-03   4.580230e-17   8448
  1.417243e+00   4.283737e-15   1.570023e-03   4.580188e-17   9120
  1.422706e+00   3.973565e-15   1.534210e-03   4.350959e-17   8316
  1.428231e+00   4.102360e-15   1.655901e-03   4.183354e-17   9504
  1.433780e+00   4.081956e-15   1.505873e-03   4.482366e-17   8358
  1.439318e+00   3.890903e-15   1.591741e-03   4.033072e-17   9584
  1.444669e+00   3.846290e-15   1.523180e-03   4.113180e-17   8616
  1.450194e+00   3.945059e-15   1.658401e-03   4.006067e-17   9432
  1.455837e+00   3.866819e-15   1.687074e-03   4.087440e-17   9018
  1.460959e+00   3.748469e-15   1.428118e-03   3.965497e-17   8568
  1.466312e+00   3.646209e-15   1.589614e-03   3.561580e-17   9816
  1.471848e+00   3.753584e-15   1.504950e-03   3.961791e-17   9000
  1.477320e+00   3.676059e-15   1.574008e-03   3.842044e-17   9504
  1.482769e+00   3.537936e-15   1.610237e-03   3.582623e-17   9446
  1.488128e+00   3.616395e-15   1.539876e-03   3.607283e-17   9696
  1.493639e+00   3.497016e-15   1.432995e-03   3.576166e-17   9180
  1.499052e+00   3.410500e-15   1.656445e-03   3.349661e-17   10512
  1.504580e+00   3.516340e-15   1.565995e-03   3.702079e-17   9048
  1.510050e+00   3.306518e-15   1.502032e-03   3.288302e-17   10014
  1.515115e+00   3.307471e-15   1.465977e-03   3.545769e-17   9096
  1.520624e+00   3.263965e-15   1.678104e-03   3.072602e-17   11088
  1.526481e+00   3.342551e-15   1.632622e-03   3.325641e-17   9860
  1.531846e+00   3.150296e-15   1.547538e-03   3.175792e-17   10110
  1.537226e+00   3.238092e-15   1.610782e-03   3.281756e-17   10104
  1.542638e+00   3.177792e-15   1.527293e-03   3.123115e-17   10392
  1.548117e+00   3.108774e-15   1.580956e-03   2.996191e-17   10104
  1.553700e+00   3.108179e-15   1.636048e-03   2.865663e-17   11352
  1.559389e+00   2.992140e-15   1.498379e-03   3.005023e-17   10014
  1.564440e+00   3.033231e-15   1.383079e-03   3.086479e-17   9636
  1.569783e+00   2.939358e-15   1.639203e-03   2.717474e-17   11552
  1.575422e+00   2.894544e-15   1.523155e-03   2.842430e-17   10488
  1.580867e+00   2.936467e-15   1.590751e-03   2.918296e-17   10254
  1.586166e+00   2.816464e-15   1.497744e-03   2.631763e-17   11304
  1.591672e+00   2.864434e-15   1.520072e-03   2.770141e-17   10872
  1.597152e+00   2.800768e-15   1.630062e-03   2.675538e-17   10932
  1.602461e+00   2.742155e-15   1.470687e-03   2.696328e-17   10848
  1.607949e+00   2.741972e-15   1.538096e-03   2.582125e-17   10998
  1.613393e+00   2.702159e-15   1.616241e-03   2.476546e-17   11720
  1.618857e+00   2.721997e-15   1.486980e-03   2.614190e-17   10776
  1.624233e+00   2.646838e-15   1.626703e-03   2.408215e-17   12072
  1.629803e+00   2.567383e-15   1.491590e-03   2.469618e-17   10704
  1.635146e+00   2.605784e-15   1.530127e-03   2.421142e-17   11730
  1.640724e+00   2.571381e-15   1.589265e-03   2.345952e-17   12144
  1.646103e+00   2.508215e-15   1.505823e-03   2.338788e-17   11568
  1.651732e+00   2.472515e-15   1.628958e-03   2.260035e-17   11552
  1.656794e+00   2.468818e-15   1.470182e-03   2.329005e-17   10926
  1.662301e+00   2.504619e-15   1.665116e-03   2.151897e-17   13032
  1.667699e+00   2.511011e-15   1.360824e-03   2.435614e-17   10776
  1.673163e+00   2.405202e-15   1.675173e-03   2.072080e-17   13116
  1.678750e+00   2.371025e-15   1.576527e-03   2.159762e-17   12288
  1.684254e+00   2.288246e-15   1.448982e-03   2.159860e-17   11262
  1.689407e+00   2.334891e-15   1.565326e-03   2.089579e-17   12672
  1.694949e+00   2.316567e-15   1.534786e-03   2.025187e-17   12624
  1.700444e+00   2.264928e-15   1.539772e-03   2.020768e-17   12392
  1.705894e+00   2.251330e-15   1.578373e-03   2.057475e-17   12060
  1.711417e+00   2.253228e-15   1.664529e-03   1.945277e-17   13662
  1.716714e+00   2.197843e-15   1.437484e-03   2.018728e-17   11592
  1.722229e+00   2.173394e-15   1.708245e-03   1.888693e-17   13776
  1.727732e+00   2.189881e-15   1.452727e-03   1.981485e-17   12240
  1.733259e+00   2.104991e-15   1.673717e-03   1.806337e-17   13662
  1.738451e+00   2.131577e-15   1.438450e-03   1.942258e-17   11520
  1.744057e+00   2.103362e-15   1.657935e-03   1.700221e-17   15044
  1.749584e+00   2.096519e-15   1.490148e-03   1.870962e-17   12384
  1.755011e+00   2.004482e-15   1.568695e-03   1.790255e-17   13176
  1.760324e+00   1.993374e-15   1.420714e-03   1.747408e-17   12798
  1.765805e+00   2.051671e-15   1.613568e-03   1.744034e-17   14376
  1.771131e+00   1.971028e-15   1.533785e-03   1.759945e-17   12528
  1.776603e+00   1.973683e-15   1.610649e-03   1.674531e-17   14100
  1.781897e+00   1.990611e-15   1.461405e-03   1.857502e-17   12630
  1.787364e+00   1.910967e-15   1.587093e-03   1.591997e-17   14624
  1.792771e+00   1.950152e-15   1.583065e-03   1.686817e-17   13272
  1.798277e+00   1.909061e-15   1.613728e-03   1.576401e-17   14664
  1.803884e+00   1.838616e-15   1.649702e-03   1.501917e-17   14328
  1.809294e+00   1.846425e-15   1.531892e-03   1.600415e-17   13086
  1.814778e+00   1.825119e-15   1.648042e-03   1.465026e-17   15612
  1.820245e+00   1.851547e-15   1.420572e-03   1.618278e-17   13416
  1.825554e+00   1.808391e-15   1.670986e-03   1.505838e-17   14360
  1.831007e+00   1.789523e-15   1.563345e-03   1.497968e-17   14064
  1.836565e+00   1.780102e-15   1.608825e-03   1.436234e-17   15750
  1.842043e+00   1.727988e-15   1.519715e-03   1.474731e-17   13680
  1.847448e+00   1.763997e-15   1.654464e-03   1.431349e-17   15468
  1.852944e+00   1.691237e-15   1.594248e-03   1.423936e-17   14352
  1.858276e+00   1.693811e-15   1.572970e-03   1.383687e-17   14454
  1.863633e+00   1.722484e-15   1.615254e-03   1.409885e-17   15048
  1.869150e+00   1.615137e-15   1.497078e-03   1.320294e-17   15360
  1.874596e+00   1.669115e-15   1.645285e-03   1.337563e-17   15224
  1.880069e+00   1.630742e-15   1.557924e-03   1.316059e-17   15096
  1.885497e+00   1.653244e-15   1.522103e-03   1.362839e-17   14514
  1.890790e+00   1.644310e-15   1.595539e-03   1.302754e-17   16416
  1.896345e+00   1.589400e-15   1.570097e-03   1.286591e-17   15216
  1.902017e+00   1.606764e-15   1.580041e-03   1.264254e-17   16440
  1.907431e+00   1.580125e-15   1.589489e-03   1.305901e-17   14904
  1.912612e+00   1.559284e-15   1.493082e-03   1.259503e-17   15134
  1.918128e+00   1.563946e-15   1.670413e-03   1.233843e-17   16644
  1.923636e+00   1.511098e-15   1.568226e-03   1.221212e-17   16128
  1.929039e+00   1.535641e-15   1.558301e-03   1.238994e-17   15384
  1.934362e+00   1.501618e-15   1.531848e-03   1.200830e-17   15462
  1.939814e+00   1.509335e-15   1.636508e-03   1.132731e-17   17304
  1.945372e+00   1.473297e-15   1.543184e-03   1.159993e-17   16176
  1.950827e+00   1.481706e-15   1.632437e-03   1.142978e-17   16824
  1.956411e+00   1.409415e-15   1.501531e-03   1.121280e-17   15980
  1.961671e+00   1.452184e-15   1.494587e-03   1.144518e-17   16326
  1.966974e+00   1.416401e-15   1.595444e-03   1.108298e-17   16488
  1.972469e+00   1.400232e-15   1.547881e-03   1.081872e-17   16944
  1.977987e+00   1.400787e-15   1.628958e-03   1.068586e-17   17256
  1.983307e+00   1.357132e-15   1.510722e-03   1.071944e-17   15966
  1.988830e+00   1.383241e-15   1.604091e-03   1.056429e-17   17628
  1.994237e+00   1.335586e-15   1.523687e-03   1.035987e-17   17280
  1.999700e+00   1.328436e-15   1.677236e-03   1.010729e-17   17056
  2.005087e+00   1.322633e-15   1.581521e-03   1.014880e-17   17296
  2.010708e+00   1.294467e-15   1.549121e-03   9.728555e-18   17526
  2.016014e+00   1.310045e-15   1.559028e-03   9.854436e-18   17592
  2.021539e+00   1.303501e-15   1.621825e-03   9.797775e-18   17880
  2.026921e+00   1.288459e-15   1.503997e-03   1.004073e-17   17028
  2.032244e+00   1.289590e-15   1.529390e-03   9.816777e-18   17376
  2.037659e+00   1.296480e-15   1.518363e-03   9.551957e-18   18414
  2.043253e+00   1.247392e-15   1.557160e-03   9.211508e-18   17840
  2.048675e+00   1.236195e-15   1.634742e-03   9.095046e-18   18960
  2.054080e+00   1.226488e-15   1.518636e-03   9.439797e-18   16992
  2.059506e+00   1.226927e-15   1.672957e-03   9.087888e-18   18378
  2.064817e+00   1.237794e-15   1.489598e-03   9.469445e-18   18192
  2.070342e+00   1.200000e-15   1.590368e-03   8.671742e-18   19320
  2.075827e+00   1.187627e-15   1.542530e-03   8.866227e-18   17856
  2.081294e+00   1.142118e-15   1.592338e-03   8.407546e-18   19128
  2.086669e+00   1.172298e-15   1.472822e-03   8.714957e-18   18246
  2.092142e+00   1.170096e-15   1.530845e-03   8.425473e-18   19184
  2.097560e+00   1.128659e-15   1.566786e-03   8.168487e-18   18900
  2.103127e+00   1.132226e-15   1.634103e-03   8.083416e-18   19776
  2.108435e+00   1.136921e-15   1.499267e-03   8.789855e-18   17814
  2.113953e+00   1.127119e-15   1.631506e-03   8.067090e-18   19944
  2.119331e+00   1.133527e-15   1.609395e-03   8.141576e-18   19536
  2.124895e+00   1.104341e-15   1.592635e-03   7.765022e-18   20112
  2.130295e+00   1.076048e-15   1.480183e-03   8.193097e-18   18116
  2.135677e+00   1.071944e-15   1.543122e-03   7.468693e-18   19878
  2.140967e+00   1.078070e-15   1.559605e-03   7.627590e-18   19800
  2.146556e+00   1.080768e-15   1.559507e-03   7.690181e-18   20136
  2.152123e+00   1.043161e-15   1.640454e-03   7.387650e-18   20808
  2.157545e+00   1.040084e-15   1.486131e-03   7.656621e-18   19152
  2.162999e+00   1.028138e-15   1.569730e-03   7.282131e-18   20526
  2.168508e+00   1.026746e-15   1.615030e-03   7.418571e-18   20532
  2.173853e+00   1.038868e-15   1.604928e-03   7.384468e-18   20120
  2.179147e+00   1.001598e-15   1.495586e-03   7.339304e-18   19512
  2.184682e+00   9.954240e-16   1.624686e-03   6.967577e-18   21246
  2.190096e+00   1.012558e-15   1.477588e-03   7.279331e-18   20112
  2.195583e+00   9.954196e-16   1.645292e-03   6.744684e-18   22104
  2.201050e+00   9.703879e-16   1.614482e-03   6.986031e-18   19620
  2.206482e+00   9.599555e-16   1.604796e-03   6.588816e-18   21912
  2.211921e+00   9.741120e-16   1.497387e-03   6.964927e-18   20070
  2.217337e+00   9.641394e-16   1.630864e-03   6.600048e-18   22064
  2.222850e+00   9.460875e-16   1.548352e-03   6.557204e-18   21048
  2.228199e+00   9.548429e-16   1.514343e-03   6.604837e-18   21168
  2.233635e+00   9.506773e-16   1.637642e-03   6.578020e-18   21384
  2.239216e+00   9.134370e-16   1.481766e-03   6.239867e-18   22146
  2.244666e+00   9.504355e-16   1.585174e-03   6.447539e-18   22200
  2.250163e+00   8.984227e-16   1.501548e-03   6.191495e-18   21648
  2.255545e+00   8.845287e-16   1.607582e-03   6.162614e-18   21144
  2.260867e+00   8.834599e-16   1.529125e-03   6.013077e-18   21710
  2.266343e+00   8.868135e-16   1.624700e-03   5.828216e-18   23112
  2.271991e+00   8.861121e-16   1.620840e-03   5.891080e-18   23064
  2.277435e+00   8.809419e-16   1.500062e-03   6.049228e-18   21252
  2.282668e+00   8.682685e-16   1.503720e-03   5.791969e-18   22128
  2.288126e+00   8.731895e-16   1.558658e-03   5.852289e-18   22446
  2.293582e+00   8.393175e-16   1.527528e-03   5.696730e-18   22848
  2.298983e+00   8.520472e-16   1.529486e-03   5.668472e-18   23208
  2.304508e+00   8.514590e-16   1.574247e-03   5.680141e-18   22536
  2.309946e+00   8.339288e-16   1.596462e-03   5.575583e-18   22586
  2.315370e+00   8.459715e-16   1.627795e-03   5.573783e-18   24096
  2.320825e+00   8.339603e-16   1.527306e-03   5.661601e-18   22440
  2.326212e+00   8.360224e-16   1.664369e-03   5.513884e-18   23400
  2.331602e+00   8.075869e-16   1.511928e-03   5.378514e-18   23232
  2.337168e+00   8.108731e-16   1.592064e-03   5.309798e-18   23886
  2.342533e+00   8.008643e-16   1.530913e-03   5.426013e-18   23376
  2.347967e+00   8.008418e-16   1.544635e-03   5.306822e-18   23540
  2.353338e+00   7.847717e-16   1.532168e-03   5.117765e-18   24240
  2.358915e+00   7.868079e-16   1.612109e-03   5.200374e-18   23952
  2.364402e+00   7.812560e-16   1.508159e-03   5.149299e-18   24006
  2.369901e+00   7.706591e-16   1.691935e-03   4.888006e-18   25560
  2.375221e+00   7.705783e-16   1.500150e-03   5.181675e-18   22728
  2.380552e+00   7.590499e-16   1.511947e-03   4.974132e-18   23556
  2.385955e+00   7.545733e-16   1.577785e-03   4.911419e-18   25398
  2.391435e+00   7.694799e-16   1.545774e-03   5.024062e-18   24088
  2.396892e+00   7.550921e-16   1.609108e-03   4.767868e-18   25696
  2.402362e+00   7.487131e-16   1.511201e-03   4.962074e-18   24144
  2.407786e+00   7.198995e-16   1.615096e-03   4.637271e-18   25560
  2.413246e+00   7.254691e-16   1.489846e-03   4.796505e-18   24246
  2.418724e+00   7.415969e-16   1.581827e-03   4.655748e-18   26292
  2.424188e+00   7.207324e-16   1.560153e-03   4.680794e-18   25200
  2.429626e+00   7.150473e-16   1.624829e-03   4.589380e-18   25296
  2.434943e+00   7.040114e-16   1.483819e-03   4.588909e-18   24192
  2.440599e+00   7.036510e-16   1.638534e-03   4.254251e-18   28646
  2.446110e+00   6.974187e-16   1.506669e-03   4.554449e-18   24552
  2.451515e+00   6.974414e-16   1.579460e-03   4.477479e-18   25788
  2.456795e+00   6.872950e-16   1.491180e-03   4.436008e-18   25272
  2.462256e+00   6.754766e-16   1.613697e-03   4.329412e-18   26118
  2.467607e+00   6.801167e-16   1.579547e-03   4.336602e-18   26016
  2.473206e+00   6.687602e-16   1.595790e-03   4.088810e-18   27792
  2.478571e+00   6.706330e-16   1.565206e-03   4.346023e-18   25072
  2.483982e+00   6.575566e-16   1.621283e-03   4.071758e-18   26824
  2.489402e+00   6.630183e-16   1.480279e-03   4.222524e-18   26106
  2.494915e+00   6.536666e-16   1.629064e-03   4.005261e-18   28296
  2.500377e+00   6.537466e-16   1.567349e-03   4.111505e-18   26640
  2.505822e+00   6.384493e-16   1.492228e-03   3.993892e-18   26064
  2.511215e+00   6.419046e-16   1.637115e-03   3.852038e-18   27822
  2.516572e+00   6.462559e-16   1.521472e-03   4.150955e-18   26160
  2.522001e+00   6.439358e-16   1.673107e-03   3.986767e-18   28108
  2.527479e+00   6.365341e-16   1.599090e-03   3.974683e-18   27664
  2.532916e+00   6.287659e-16   1.590673e-03   3.860785e-18   27600
  2.538445e+00   6.182112e-16   1.594105e-03   3.805268e-18   27510
  2.543900e+00   6.235125e-16   1.577441e-03   3.826710e-18   28848
  2.549331e+00   6.083618e-16   1.562048e-03   3.763382e-18   27744
  2.554787e+00   6.099277e-16   1.521895e-03   3.691858e-18   27888
  2.560210e+00   6.056922e-16   1.547223e-03   3.741546e-18   27780
  2.565645e+00   6.096662e-16   1.558725e-03   3.704394e-18   28734
  2.571023e+00   6.011954e-16   1.609586e-03   3.695236e-18   28232
  2.576527e+00   5.972879e-16   1.600458e-03   3.563149e-18   29016
  2.581909e+00   5.905840e-16   1.581285e-03   3.567651e-18   28056
  2.587324e+00   5.936688e-16   1.534592e-03   3.604866e-18   28710
  2.592790e+00   5.892327e-16   1.621010e-03   3.547851e-18   29220
  2.598465e+00   5.728287e-16   1.658218e-03   3.372710e-18   31584
  2.603840e+00   5.688493e-16   1.528599e-03   3.548855e-18   26904
  2.609079e+00   5.721668e-16   1.485740e-03   3.507329e-18   28512
  2.614658e+00   5.639394e-16   1.600396e-03   3.293769e-18   30878
  2.620190e+00   5.665936e-16   1.607291e-03   3.337252e-18   30408
  2.625603e+00   5.652338e-16   1.552575e-03   3.395380e-18   28632
  2.630926e+00   5.550180e-16   1.494100e-03   3.314000e-18   28764
  2.636301e+00   5.510257e-16   1.662258e-03   3.246714e-18   30630
  2.641825e+00   5.467994e-16   1.539050e-03   3.276567e-18   30240
  2.647360e+00   5.512644e-16   1.576813e-03   3.243407e-18   31008
  2.652753e+00   5.452792e-16   1.510278e-03   3.305202e-18   29240
  2.658053e+00   5.307552e-16   1.541271e-03   3.175962e-18   30000
  2.663579e+00   5.356677e-16   1.631431e-03   3.152948e-18   30978
  2.669020e+00   5.241302e-16   1.538057e-03   3.091889e-18   30696
  2.674440e+00   5.294363e-16   1.612132e-03   3.092266e-18   31320
  2.679792e+00   5.198349e-16   1.506651e-03   3.145968e-18   29280
  2.685220e+00   5.157178e-16   1.611110e-03   3.018953e-18   31488
  2.690645e+00   5.151269e-16   1.512555e-03   3.023380e-18   31326
  2.696128e+00   5.177558e-16   1.624023e-03   3.065105e-18   31480
  2.701662e+00   5.152299e-16   1.575428e-03   2.953313e-18   32572
  2.707181e+00   5.049874e-16   1.576379e-03   2.942082e-18   31296
  2.712540e+00   5.053882e-16   1.532958e-03   3.016371e-18   30798
  2.718010e+00   5.083306e-16   1.631915e-03   2.985343e-18   32256
  2.723379e+00   4.988805e-16   1.576275e-03   2.872857e-18   32088
  2.728754e+00   4.950670e-16   1.559976e-03   2.950687e-18   30936
  2.734196e+00   4.945288e-16   1.621863e-03   2.827733e-18   33036
  2.739744e+00   4.844721e-16   1.570337e-03   2.853292e-18   31846
  2.745145e+00   4.861654e-16   1.600723e-03   2.734869e-18   33832
  2.750571e+00   4.830286e-16   1.482757e-03   2.852729e-18   30912
  2.755951e+00   4.762086e-16   1.554945e-03   2.731485e-18   32976
  2.761359e+00   4.710528e-16   1.534255e-03   2.691074e-18   32712
  2.766879e+00   4.724299e-16   1.551134e-03   2.677069e-18   33438
  2.772315e+00   4.774202e-16   1.561569e-03   2.733947e-18   32556
  2.777612e+00   4.669606e-16   1.547775e-03   2.676103e-18   33144
  2.783077e+00   4.678543e-16   1.531023e-03   2.696350e-18   33504
  2.788685e+00   4.613364e-16   1.585219e-03   2.644806e-18   33542
  2.794001e+00   4.619014e-16   1.561774e-03   2.612981e-18   33768
  2.799514e+00   4.571505e-16   1.582505e-03   2.546255e-18   34368
  2.804894e+00   4.580913e-16   1.503763e-03   2.646564e-18   32856
  2.810386e+00   4.509513e-16   1.555021e-03   2.510568e-18   34524
  2.815774e+00   4.519121e-16   1.476871e-03   2.608607e-18   33510
  2.821310e+00   4.499183e-16   1.652814e-03   2.479945e-18   35856
  2.826780e+00   4.433616e-16   1.566245e-03   2.554762e-18   33888
  2.832150e+00   4.393697e-16   1.534797e-03   2.530722e-18   33752
  2.837510e+00   4.381967e-16   1.613976e-03   2.426417e-18   34902
  2.843143e+00   4.376709e-16   1.578935e-03   2.464602e-18   35484
  2.848630e+00   4.359348e-16   1.625328e-03   2.411551e-18   36648
  2.854056e+00   4.258731e-16   1.503100e-03   2.448011e-18   33000
  2.859416e+00   4.273250e-16   1.625165e-03   2.360652e-18   35520
  2.864954e+00   4.222304e-16   1.587378e-03   2.316289e-18   36078
  2.870343e+00   4.311504e-16   1.553780e-03   2.443372e-18   34992
  2.875726e+00   4.204147e-16   1.537418e-03   2.381824e-18   35072
  2.881222e+00   4.182453e-16   1.612107e-03   2.274966e-18   36876
  2.886535e+00   4.154832e-16   1.490702e-03   2.450967e-18   33216
  2.891986e+00   4.118559e-16   1.651729e-03   2.224704e-18   38382
  2.897574e+00   4.087726e-16   1.549240e-03   2.271572e-18   36072
  2.903069e+00   4.076718e-16   1.551510e-03   2.220956e-18   37464
  2.908437e+00   4.046259e-16   1.491290e-03   2.308701e-18   34416
  2.913907e+00   4.083254e-16   1.634265e-03   2.207941e-18   37386
  2.919336e+00   4.100212e-16   1.560351e-03   2.278484e-18   37040
  2.924747e+00   4.034388e-16   1.519091e-03   2.232679e-18   36240
  2.930120e+00   3.968868e-16   1.620578e-03   2.185228e-18   36432
  2.935572e+00   3.899418e-16   1.530037e-03   2.131714e-18   37560
  2.941044e+00   3.941786e-16   1.585551e-03   2.195461e-18   37350
  2.946615e+00   3.897006e-16   1.620920e-03   2.120490e-18   38616
  2.952019e+00   3.843996e-16   1.527850e-03   2.124208e-18   37092
  2.957454e+00   3.846363e-16   1.469269e-03   2.102759e-18   37272
  2.962879e+00   3.743119e-16   1.617603e-03   2.040455e-18   37616
  2.968367e+00   3.781940e-16   1.566567e-03   2.006499e-18   38478
  2.973773e+00   3.818605e-16   1.591818e-03   2.082505e-18   37992
  2.979169e+00   3.774794e-16   1.560915e-03   2.051483e-18   38232
  2.984576e+00   3.704683e-16   1.529810e-03   2.040897e-18   36708
  2.989998e+00   3.686340e-16   1.601300e-03   1.973300e-18   39534
  2.995476e+00   3.753696e-16   1.604456e-03   2.032240e-18   39336
  3.000916e+00   3.692157e-16   1.543508e-03   2.016274e-18   37624
  3.006363e+00   3.621927e-16   1.579336e-03   1.914353e-18   40408
  3.011852e+00   3.595115e-16   1.510623e-03   1.944313e-18   38256
  3.017315e+00   3.608579e-16   1.543281e-03   1.934521e-18   39438
  3.022829e+00   3.583164e-16   1.592476e-03   1.889703e-18   40524
  3.028194e+00   3.594765e-16   1.503499e-03   1.943520e-18   38448
  3.033601e+00   3.542715e-16   1.582383e-03   1.907557e-18   39312
  3.038992e+00   3.521816e-16   1.512689e-03   1.929648e-18   38718
  3.044403e+00   3.519942e-16   1.614057e-03   1.897319e-18   40872
  3.049845e+00   3.467814e-16   1.532666e-03   1.867336e-18   40088
  3.055371e+00   3.478792e-16   1.633644e-03   1.871459e-18   40644
  3.060822e+00   3.409795e-16   1.532935e-03   1.833017e-18   40176
  3.066304e+00   3.395777e-16   1.625298e-03   1.790085e-18   40998
  3.071650e+00   3.493601e-16   1.490471e-03   1.934552e-18   39192
  3.077083e+00   3.425524e-16   1.573750e-03   1.848641e-18   41640
  3.082545e+00   3.382376e-16   1.578537e-03   1.818585e-18   41400
  3.087927e+00   3.356639e-16   1.553632e-03   1.858431e-18   38640
  3.093396e+00   3.369278e-16   1.594261e-03   1.734695e-18   43658
  3.098867e+00   3.324769e-16   1.533241e-03   1.798532e-18   40608
  3.104282e+00   3.312361e-16   1.565192e-03   1.741474e-18   41880
  3.109810e+00   3.325482e-16   1.547184e-03   1.773839e-18   41712
  3.115335e+00   3.286500e-16   1.615131e-03   1.706519e-18   42942
  3.120741e+00   3.280441e-16   1.534331e-03   1.755142e-18   40896
  3.126165e+00   3.255040e-16   1.580796e-03   1.714400e-18   42708
  3.131542e+00   3.282842e-16   1.496179e-03   1.766927e-18   40968
  3.137007e+00   3.191825e-16   1.625543e-03   1.658023e-18   43496
  3.142457e+00   3.221400e-16   1.556121e-03   1.726380e-18   41454
  3.147915e+00   3.192133e-16   1.607241e-03   1.657721e-18   43704
  3.153202e+00   3.126528e-16   1.481093e-03   1.683494e-18   41208
  3.158685e+00   3.121490e-16   1.625130e-03   1.613392e-18   43944
  3.164222e+00   3.104532e-16   1.568163e-03   1.642083e-18   43218
  3.169711e+00   3.091455e-16   1.573649e-03   1.631263e-18   44136
  3.175074e+00   3.103007e-16   1.550274e-03   1.630910e-18   42304
  3.180483e+00   3.080942e-16   1.574816e-03   1.600649e-18   43096
  3.185809e+00   3.070560e-16   1.541007e-03   1.605466e-18   43464
  3.191366e+00   1.630866e-16   1.606948e-03   1.310450e-18   44382
  3.196804e+00   2.575693e-18   1.605225e-03   1.548746e-20   44316
  3.202282e+00   2.547365e-18   1.582905e-03   1.517091e-20   44592
  3.207694e+00   2.347044e-18   1.548943e-03   1.448642e-20   44328
  3.213178e+00   2.162269e-18   1.523706e-03   1.325130e-20   43560
  3.218610e+00   2.150223e-18   1.570802e-03   1.315085e-20   44763
  3.224020e+00   1.977126e-18   1.574927e-03   1.211512e-20   44216
  3.229465e+00   1.838039e-18   1.604748e-03   1.114371e-20   45144
  3.234953e+00   1.802294e-18   1.525298e-03   1.128752e-20   42876
  3.240354e+00   1.721731e-18   1.662551e-03   1.051231e-20   46164
  3.245765e+00   1.579263e-18   1.526236e-03   9.810053e-21   42360
  3.251284e+00   1.481700e-18   1.607148e-03   8.913013e-21   45324
  3.256678e+00   1.450294e-18   1.599342e-03   8.985634e-21   43320
  3.262107e+00   1.339739e-18   1.611675e-03   8.104600e-21   44580
  3.267667e+00   1.287566e-18   1.609815e-03   7.668631e-21   44468
  3.273119e+00   1.253021e-18   1.531376e-03   7.672046e-21   43416
  3.278411e+00   1.203748e-18   1.520505e-03   7.489576e-21   42264
  3.283884e+00   1.133348e-18   1.597197e-03   6.652010e-21   44580
  3.289368e+00   1.098370e-18   1.621337e-03   6.550713e-21   43824
  3.294829e+00   1.071184e-18   1.523757e-03   6.375259e-21   43392
  3.300224e+00   1.016511e-18   1.553494e-03   6.071560e-21   43296
  3.305724e+00   9.736550e-19   1.495301e-03   5.817512e-21   42656
  3.311087e+00   9.716143e-19   1.596934e-03   5.784461e-21   43728
  3.316591e+00   9.152212e-19   1.610238e-03   5.443918e-21   43536
  3.322030e+00   8.888553e-19   1.602586e-03   5.243501e-21   42180
  3.327473e+00   8.807986e-19   1.551796e-03   5.095045e-21   44136
  3.332939e+00   8.385046e-19   1.563744e-03   4.899686e-21   42372
  3.338336e+00   8.181166e-19   1.528428e-03   4.859803e-21   41604
  3.343731e+00   8.088513e-19   1.610433e-03   4.714761e-21   43440
  3.349182e+00   7.625921e-19   1.611663e-03   4.366066e-21   42488
  3.354561e+00   7.538882e-19   1.547466e-03   4.420163e-21   41496
  3.360074e+00   7.547634e-19   1.615298e-03   4.281271e-21   44112
  3.365562e+00   7.290012e-19   1.540359e-03   4.229050e-21   41688
  3.370956e+00   7.081231e-19   1.604620e-03   4.045098e-21   42276
  3.376369e+00   6.961497e-19   1.547681e-03   4.061431e-21   41172
  3.381820e+00   6.700412e-19   1.622702e-03   3.724560e-21   43536
  3.387296e+00   6.654725e-19   1.510509e-03   3.781132e-21   41496
  3.392714e+00   6.503564e-19   1.602713e-03   3.787379e-21   40764
  3.398118e+00   6.392807e-19   1.572660e-03   3.584111e-21   43220
  3.403602e+00   6.282113e-19   1.558712e-03   3.582993e-21   41076
  3.409040e+00   6.056230e-19   1.557898e-03   3.392999e-21   41532
  3.414506e+00   6.110247e-19   1.586149e-03   3.482673e-21   41928
  3.419924e+00   5.892022e-19   1.518385e-03   3.347121e-21   41412
  3.425338e+00   5.877652e-19   1.580228e-03   3.379550e-21   40032
  3.430721e+00   5.734594e-19   1.567201e-03   3.183203e-21   41880
  3.436133e+00   5.717934e-19   1.559578e-03   3.261749e-21   40264
  3.441614e+00   5.472797e-19   1.596952e-03   2.992189e-21   42592
  3.447111e+00   5.443143e-19   1.531936e-03   3.060099e-21   39588
  3.452537e+00   5.412335e-19   1.583857e-03   2.955845e-21   42180
  3.457928e+00   5.275574e-19   1.528129e-03   3.009142e-21   39240
  3.463345e+00   5.171637e-19   1.603997e-03   2.822927e-21   40920
  3.468834e+00   5.163716e-19   1.583230e-03   2.850151e-21   41184
  3.474296e+00   5.032176e-19   1.568330e-03   2.769475e-21   40872
  3.479702e+00   4.938133e-19   1.491774e-03   2.727326e-21   38748
  3.485168e+00   5.009999e-19   1.587794e-03   2.754115e-21   41420
  3.490553e+00   4.792337e-19   1.557380e-03   2.690335e-21   39816
  3.496030e+00   4.749937e-19   1.561371e-03   2.601616e-21   39792
  3.501436e+00   4.654624e-19   1.491602e-03   2.593476e-21   39816
  3.506965e+00   4.724360e-19   1.612108e-03   2.558130e-21   41064
  3.512408e+00   4.656945e-19   1.546522e-03   2.543686e-21   39204
  3.517925e+00   4.532893e-19   1.631952e-03   2.474587e-21   40080
  3.523223e+00   4.508110e-19   1.507994e-03   2.510690e-21   38332
  3.528672e+00   4.493535e-19   1.573899e-03   2.477704e-21   39952
  3.534102e+00   4.323802e-19   1.572293e-03   2.384415e-21   39000
  3.539668e+00   4.353588e-19   1.614601e-03   2.383890e-21   40356
  3.545098e+00   4.283010e-19   1.584135e-03   2.332245e-21   39300
  3.550517e+00   4.151701e-19   1.562974e-03   2.321580e-21   37452
  3.555894e+00   4.156797e-19   1.549762e-03   2.265998e-21   39732
  3.561429e+00   4.166887e-19   1.557625e-03   2.282692e-21   39312
  3.566817e+00   4.093070e-19   1.583965e-03   2.267705e-21   37632
  3.572234e+00   3.993104e-19   1.557396e-03   2.266727e-21   38420
  3.577674e+00   4.010656e-19   1.609595e-03   2.174800e-21   39564
  3.583132e+00   3.969537e-19   1.548840e-03   2.220633e-21   37236
  3.588516e+00   3.888305e-19   1.565848e-03   2.130816e-21   38100
  3.593924e+00   3.857862e-19   1.539495e-03   2.176171e-21   38208
  3.599440e+00   3.821139e-19   1.602149e-03   2.099591e-21   39072
  3.604845e+00   3.784225e-19   1.480860e-03   2.158999e-21   36192
  3.610293e+00   3.794347e-19   1.600910e-03   2.073086e-21   38928
  3.615801e+00   3.682637e-19   1.590552e-03   2.025733e-21   38768
  3.621383e+00   3.661300e-19   1.562835e-03   2.015463e-21   37596
  3.626841e+00   3.662125e-19   1.555898e-03   2.039597e-21   37296
  3.632194e+00   3.619439e-19   1.557356e-03   2.031112e-21   36948
  3.637577e+00   3.582619e-19   1.597343e-03   1.990210e-21   37248
  3.643147e+00   3.516628e-19   1.577439e-03   1.954201e-21   37152
  3.648492e+00   3.485069e-19   1.574751e-03   1.926977e-21   37512
  3.653954e+00   3.439545e-19   1.507515e-03   1.994391e-21   35876
  3.659374e+00   3.425920e-19   1.606552e-03   1.940760e-21   36936
  3.664880e+00   3.386048e-19   1.600548e-03   1.909315e-21   38028
  3.670348e+00   3.370323e-19   1.522914e-03   1.938951e-21   35592
  3.675687e+00   3.315438e-19   1.511337e-03   1.904116e-21   35508
  3.681088e+00   3.283839e-19   1.567228e-03   1.874787e-21   36492
  3.686612e+00   3.289977e-19   1.616757e-03   1.861103e-21   37608
  3.692081e+00   3.198860e-19   1.595280e-03   1.874114e-21   34848
  3.697390e+00   3.235266e-19   1.496163e-03   1.881710e-21   35220
  3.702857e+00   3.225821e-19   1.560827e-03   1.843436e-21   36884
  3.708318e+00   3.156843e-19   1.549021e-03   1.842557e-21   35412
  3.713858e+00   3.115382e-19   1.603888e-03   1.791075e-21   35652
  3.719249e+00   3.097923e-19   1.603516e-03   1.773294e-21   36072
  3.724653e+00   3.069135e-19   1.545362e-03   1.829818e-21   34368
  3.730119e+00   3.026248e-19   1.565390e-03   1.766341e-21   35484
  3.735586e+00   3.004061e-19   1.549559e-03   1.786151e-21   35256
  3.740941e+00   2.937135e-19   1.612995e-03   1.720825e-21   34476
  3.746410e+00   2.892628e-19   1.582486e-03   1.724621e-21   34916
  3.751834e+00   2.960340e-19   1.560509e-03   1.794320e-21   34596
  3.757263e+00   2.909154e-19   1.526486e-03   1.722720e-21   34656
  3.762714e+00   2.874661e-19   1.581266e-03   1.701128e-21   34596
  3.768200e+00   2.843498e-19   1.534004e-03   1.727249e-21   33984
  3.773562e+00   2.830895e-19   1.566114e-03   1.718029e-21   34080
  3.778963e+00   2.781336e-19   1.572881e-03   1.660777e-21   34140
  3.784487e+00   2.782939e-19   1.624544e-03   1.664228e-21   33804
  3.789951e+00   2.763659e-19   1.561511e-03   1.688792e-21   35096
  3.795448e+00   2.758969e-19   1.548108e-03   1.699577e-21   33108
  3.800788e+00   2.715492e-19   1.540015e-03   1.701317e-21   32280
  3.806205e+00   2.713740e-19   1.567716e-03   1.659109e-21   34404
  3.811718e+00   2.638544e-19   1.599739e-03   1.605368e-21   34248
  3.817250e+00   2.594735e-19   1.498979e-03   1.640719e-21   32016
  3.822674e+00   2.630623e-19   1.582258e-03   1.591525e-21   34344
  3.828141e+00   2.605239e-19   1.521407e-03   1.635975e-21   32024
  3.833419e+00   2.564274e-19   1.577025e-03   1.616246e-21   31908
  3.838903e+00   2.582763e-19   1.580344e-03   1.596456e-21   33192
  3.844404e+00   2.564807e-19   1.637429e-03   1.586044e-21   33288
  3.849795e+00   2.509437e-19   1.490950e-03   1.590844e-21   31356
  3.855259e+00   2.492530e-19   1.613715e-03   1.556740e-21   32496
  3.860695e+00   2.493722e-19   1.533804e-03   1.609376e-21   31944
  3.866002e+00   2.457870e-19   1.574956e-03   1.580027e-21   31512
  3.871427e+00   2.395524e-19   1.528683e-03   1.558302e-21   31156
  3.876990e+00   2.433268e-19   1.610722e-03   1.529718e-21   33352
  3.882440e+00   2.434036e-19   1.562321e-03   1.579504e-21   31344
  3.887945e+00   2.351006e-19   1.617631e-03   1.549438e-21   31068
  3.893365e+00   2.386312e-19   1.595427e-03   1.559998e-21   31752
  3.898694e+00   2.357061e-19   1.472715e-03   1.587073e-21   29868
  3.904158e+00   2.333233e-19   1.618311e-03   1.537083e-21   32052
  3.909662e+00   2.302073e-19   1.535519e-03   1.538630e-21   30012
  3.915037e+00   2.283166e-19   1.611064e-03   1.497768e-21   31520
  3.920567e+00   2.234074e-19   1.575150e-03   1.497940e-21   30648
  3.925929e+00   2.232146e-19   1.553739e-03   1.506140e-21   29304
  3.931379e+00   2.269900e-19   1.540483e-03   1.523247e-21   31140
  3.936935e+00   2.238808e-19   1.641115e-03   1.478919e-21   31320
  3.942387e+00   2.164183e-19   1.548803e-03   1.502124e-21   28356
  3.947754e+00   2.207215e-19   1.583135e-03   1.525615e-21   30288
  3.953106e+00   2.185369e-19   1.573376e-03   1.559430e-21   29472
  3.958489e+00   2.146848e-19   1.555320e-03   1.541644e-21   28716
  3.964046e+00   2.120364e-19   1.543510e-03   1.427864e-21   30740
  3.969538e+00   2.106133e-19   1.574261e-03   1.433225e-21   29304
  3.974923e+00   2.075198e-19   1.567890e-03   1.458872e-21   28476
  3.980403e+00   2.045336e-19   1.588107e-03   1.413080e-21   29304
  3.985849e+00   2.106616e-19   1.586252e-03   1.473603e-21   29280
  3.991362e+00   2.068639e-19   1.582091e-03   1.457335e-21   29100
  3.996850e+00   1.993433e-19   1.550996e-03   1.461288e-21   27816
  4.002128e+00   2.067434e-19   1.557957e-03   1.521213e-21   27692
  4.007580e+00   1.962480e-19   1.619992e-03   1.394218e-21   29724
  4.013138e+00   1.962916e-19   1.544165e-03   1.449629e-21   27240
  4.018514e+00   2.007157e-19   1.500820e-03   1.466975e-21   27588
  4.023894e+00   1.946029e-19   1.561808e-03   1.436248e-21   28560
  4.029394e+00   1.933557e-19   1.581785e-03   1.467122e-21   26952
  4.034839e+00   1.938393e-19   1.583665e-03   1.460782e-21   27516
  4.040261e+00   1.916428e-19   1.600351e-03   1.429924e-21   28344
  4.045759e+00   1.923951e-19   1.576275e-03   1.493572e-21   26196
  4.051072e+00   1.880215e-19   1.541569e-03   1.430933e-21   26360
  4.056519e+00   1.892750e-19   1.593665e-03   1.383711e-21   28152
  4.062017e+00   1.859484e-19   1.541184e-03   1.461983e-21   25896
  4.067403e+00   1.790834e-19   1.577942e-03   1.373023e-21   26592
  4.072863e+00   1.828082e-19   1.510771e-03   1.412877e-21   26568
  4.078361e+00   1.814122e-19   1.598680e-03   1.387685e-21   26832
  4.083715e+00   1.742967e-19   1.515874e-03   1.398366e-21   24972
  4.089266e+00   1.832236e-19   1.598351e-03   1.406337e-21   27000
  4.094669e+00   1.752791e-19   1.532450e-03   1.389508e-21   25448
  4.100056e+00   1.767247e-19   1.584391e-03   1.429807e-21   25476
  4.105587e+00   1.744255e-19   1.553105e-03   1.389835e-21   25152
  4.110933e+00   1.733352e-19   1.592180e-03   1.397287e-21   25968
  4.116439e+00   1.684616e-19   1.585064e-03   1.349797e-21   25320
  4.121936e+00   1.666404e-19   1.497338e-03   1.383986e-21   23796
  4.127194e+00   1.730429e-19   1.571596e-03   1.387330e-21   25500
  4.132663e+00   1.718926e-19   1.566138e-03   1.432693e-21   24420
  4.138205e+00   1.627318e-19   1.621058e-03   1.363910e-21   24656
  4.143555e+00   1.699594e-19   1.535877e-03   1.414649e-21   24036
  4.148982e+00   1.675423e-19   1.588370e-03   1.407208e-21   24528
  4.154373e+00   1.566734e-19   1.534446e-03   1.371744e-21   23004
  4.159821e+00   1.657394e-19   1.575770e-03   1.399957e-21   24576
  4.165293e+00   1.628010e-19   1.505141e-03   1.425186e-21   23736
  4.170760e+00   1.557453e-19   1.599171e-03   1.356474e-21   23712
  4.176262e+00   1.600285e-19   1.552705e-03   1.374067e-21   22992
  4.181681e+00   1.593761e-19   1.541976e-03   1.420424e-21   23984
  4.187096e+00   1.561214e-19   1.540203e-03   1.416057e-21   22344
  4.192540e+00   1.540542e-19   1.562907e-03   1.373065e-21   22536
  4.197951e+00   1.556547e-19   1.546870e-03   1.363084e-21   23268
  4.203353e+00   1.547755e-19   1.588651e-03   1.427133e-21   22152
  4.208799e+00   1.459397e-19   1.568712e-03   1.332222e-21   22068
  4.214381e+00   1.517567e-19   1.610904e-03   1.343017e-21   23664
  4.219765e+00   1.496007e-19   1.496014e-03   1.442007e-21   20640
  4.225141e+00   1.454609e-19   1.587688e-03   1.356767e-21   22376
  4.230687e+00   1.487189e-19   1.561479e-03   1.418289e-21   21444
  4.236032e+00   1.491051e-19   1.618016e-03   1.394910e-21   21576
  4.241470e+00   1.429104e-19   1.604143e-03   1.365774e-21   21660
  4.247060e+00   1.433841e-19   1.622088e-03   1.376943e-21   20916
  4.252463e+00   1.470068e-19   1.591059e-03   1.421426e-21   21504
  4.257831e+00   1.384194e-19   1.516262e-03   1.387588e-21   20508
  4.263333e+00   1.379399e-19   1.620094e-03   1.405369e-21   20036
  4.268738e+00   1.460341e-19   1.567896e-03   1.436759e-21   21276
  4.274208e+00   1.359471e-19   1.552204e-03   1.353771e-21   20652
  4.279668e+00   1.299865e-19   1.544650e-03   1.358897e-21   18696
  4.285116e+00   1.404862e-19   1.616732e-03   1.378614e-21   21504
  4.290573e+00   1.374487e-19   1.511985e-03   1.424785e-21   19284
  4.296019e+00   1.236908e-19   1.630585e-03   1.284589e-21   19356
  4.301432e+00   1.322762e-19   1.540949e-03   1.415883e-21   19236
  4.306795e+00   1.393467e-19   1.571095e-03   1.522019e-21   19476
  4.312272e+00   1.214306e-19   1.634853e-03   1.283785e-21   19184
  4.317835e+00   1.293991e-19   1.583822e-03   1.380096e-21   18852
  4.323254e+00   1.359244e-19   1.533201e-03   1.480305e-21   18876
  4.328571e+00   1.200873e-19   1.593847e-03   1.318895e-21   18336
  4.334078e+00   1.172346e-19   1.599281e-03   1.277123e-21   17820
  4.339614e+00   1.344091e-19   1.614145e-03   1.502843e-21   19392
  4.344985e+00   1.185368e-19   1.598282e-03   1.354072e-21   17616
  4.350318e+00   1.117490e-19   1.504639e-03   1.284597e-21   16320
  4.355861e+00   1.271067e-19   1.629545e-03   1.421874e-21   19292
  4.361241e+00   1.199707e-19   1.561011e-03   1.434573e-21   17112
  4.366853e+00   1.108587e-19   1.582117e-03   1.299565e-21   17388
  4.372327e+00   1.170608e-19   1.481209e-03   1.488990e-21   16692
  4.377488e+00   1.201627e-19   1.566835e-03   1.461314e-21   16956
  4.383124e+00   1.060799e-19   1.580304e-03   1.227681e-21   17040
  4.388630e+00   1.119299e-19   1.563733e-03   1.377937e-21   16092
  4.393862e+00   1.197117e-19   1.553118e-03   1.525434e-21   16380
  4.399428e+00   1.041144e-19   1.596421e-03   1.271012e-21   16688
  4.404886e+00   1.002942e-19   1.596956e-03   1.285575e-21   14940
  4.410242e+00   1.163687e-19   1.605748e-03   1.473845e-21   16668
  4.415795e+00   1.022834e-19   1.568026e-03   1.323383e-21   15804
  4.421181e+00   1.001818e-19   1.557131e-03   1.378600e-21   14280
  4.426622e+00   1.108670e-19   1.532886e-03   1.434889e-21   16068
  4.432054e+00   9.986529e-20   1.562272e-03   1.359205e-21   15048
  4.437457e+00   9.795268e-20   1.592183e-03   1.406899e-21   13940
  4.442869e+00   9.854246e-20   1.521708e-03   1.357458e-21   15072
  4.448295e+00   1.001303e-19   1.622238e-03   1.368570e-21   14808
  4.453669e+00   9.134411e-20   1.506280e-03   1.336147e-21   13200
  4.459194e+00   9.222196e-20   1.595625e-03   1.259045e-21   15156
  4.464724e+00   9.769682e-20   1.556013e-03   1.476626e-21   13788
  4.470151e+00   8.859232e-20   1.533533e-03   1.388638e-21   13608
  4.475573e+00   8.373708e-20   1.461946e-03   1.156657e-21   13224
  4.480979e+00   9.479880e-20   1.576198e-03   1.467339e-21   13320
  4.486355e+00   8.630109e-20   1.554184e-03   1.306721e-21   13220
  4.491886e+00   7.835149e-20   1.570846e-03   1.121702e-21   12984
  4.497444e+00   8.730797e-20   1.589998e-03   1.379044e-21   12780
  4.502691e+00   7.796126e-20   1.504822e-03   1.263246e-21   12360
  4.508225e+00   7.866376e-20   1.583198e-03   1.178177e-21   12480
  4.513746e+00   7.784857e-20   1.537784e-03   1.253658e-21   11892
  4.519015e+00   7.494513e-20   1.594395e-03   1.149136e-21   12192
  4.524529e+00   7.329478e-20   1.563074e-03   1.126634e-21   11328
  4.530016e+00   6.822646e-20   1.657530e-03   1.106373e-21   12020
  4.535376e+00   7.197891e-20   1.523948e-03   1.223410e-21   11052
  4.540948e+00   6.272555e-20   1.618906e-03   1.002846e-21   11304
  4.546169e+00   6.103550e-20   1.489624e-03   1.032518e-21   10368
  4.551511e+00   6.038971e-20   1.550098e-03   9.437058e-22   10899
  4.557146e+00   6.072582e-20   1.554021e-03   1.032270e-21   10752
  4.562496e+00   5.722765e-20   1.559799e-03   9.700517e-22   10446
  4.568012e+00   5.731764e-20   1.535197e-03   9.084537e-22   10092
  4.573476e+00   5.130398e-20   1.555534e-03   8.064226e-22   10220
  4.578755e+00   5.581208e-20   1.523556e-03   9.430567e-22   9636
  4.584373e+00   5.049138e-20   1.567355e-03   7.751492e-22   10020
  4.589883e+00   4.765533e-20   1.628387e-03   8.125771e-22   9906
  4.595217e+00   4.897045e-20   1.510439e-03   8.033939e-22   8940
  4.600749e+00   4.718594e-20   1.531752e-03   7.615111e-22   9558
  4.606151e+00   4.699422e-20   1.668091e-03   7.985162e-22   9180
  4.611496e+00   4.581439e-20   1.596941e-03   7.685038e-22   8674
  4.617087e+00   4.364312e-20   1.587385e-03   7.066060e-22   9454
  4.622489e+00   3.957086e-20   1.631486e-03   6.662599e-22   8316
  4.627854e+00   4.161068e-20   1.608919e-03   6.653636e-22   8622
  4.633459e+00   4.003555e-20   1.597569e-03   6.383050e-22   9006
  4.638817e+00   3.700492e-20   1.610282e-03   6.480914e-22   7698
  4.644188e+00   3.953725e-20   1.545067e-03   6.303167e-22   8406
  4.649796e+00   3.685362e-20   1.648676e-03   6.061587e-22   8646
  4.655134e+00   3.526288e-20   1.566555e-03   6.677815e-22   7014
  4.660482e+00   3.673418e-20   1.557241e-03   5.877447e-22   8510
  4.666168e+00   3.425536e-20   1.641235e-03   5.476652e-22   7890
  4.671505e+00   3.109544e-20   1.574407e-03   5.463585e-22   6966
  4.676764e+00   3.329132e-20   1.504915e-03   5.345590e-22   7902
  4.682374e+00   3.147874e-20   1.641329e-03   5.048102e-22   7278
  4.687828e+00   2.864267e-20   1.612380e-03   4.792971e-22   7338
  4.693196e+00   3.093778e-20   1.493392e-03   5.348628e-22   7254
  4.698697e+00   3.069687e-20   1.608386e-03   5.342631e-22   6678
  4.704032e+00   2.897622e-20   1.606870e-03   5.117329e-22   7286
  4.709691e+00   3.062792e-20   1.589718e-03   5.543688e-22   7200
  4.715313e+00   2.828818e-20   1.543001e-03   5.338490e-22   6234
  4.720293e+00   2.579956e-20   1.546551e-03   4.455270e-22   6630
  4.725937e+00   2.759300e-20   1.594739e-03   4.977470e-22   6822
  4.731533e+00   2.436984e-20   1.502372e-03   4.120949e-22   6078
  4.736631e+00   2.501427e-20   1.597130e-03   4.273786e-22   6528
  4.742272e+00   2.708168e-20   1.526400e-03   4.858512e-22   6034
  4.747672e+00   2.181220e-20   1.563107e-03   3.649135e-22   6190
  4.753036e+00   2.415930e-20   1.605909e-03   4.195565e-22   6270
  4.758704e+00   2.457186e-20   1.444203e-03   4.803322e-22   5520
  4.763890e+00   1.951924e-20   1.616958e-03   3.039041e-22   6126
  4.769317e+00   2.338414e-20   1.511987e-03   4.088592e-22   5562
  4.775011e+00   2.088915e-20   1.511880e-03   3.644760e-22   5790
  4.780175e+00   1.886848e-20   1.547880e-03   3.177842e-22   5496
  4.785646e+00   2.211414e-20   1.559064e-03   4.039972e-22   5262
  4.791216e+00   1.943813e-20   1.535486e-03   3.696184e-22   5774
  4.796542e+00   1.969917e-20   1.521126e-03   3.545284e-22   5124
  4.802154e+00   1.985831e-20   1.525856e-03   3.966839e-22   5070
  4.807432e+00   1.857831e-20   1.588341e-03   3.233252e-22   5430
  4.812826e+00   1.840463e-20   1.483666e-03   3.526240e-22   4680
  4.818540e+00   1.699373e-20   1.536582e-03   3.066257e-22   5370
  4.823790e+00   1.682392e-20   1.468016e-03   3.173216e-22   4638
  4.829137e+00   1.730579e-20   1.543205e-03   3.423327e-22   4536
  4.834713e+00   1.566835e-20   1.545277e-03   2.960869e-22   5222
  4.840070e+00   1.567887e-20   1.418031e-03   2.926690e-22   4254
  4.845561e+00   1.612051e-20   1.563113e-03   2.976060e-22   4548
  4.850865e+00   1.511508e-20   1.515896e-03   2.762697e-22   4638
  4.856279e+00   1.512445e-20   1.496620e-03   2.948220e-22   4176
  4.861899e+00   1.490767e-20   1.501804e-03   2.883822e-22   4518
  4.867234e+00   1.355505e-20   1.513137e-03   2.497680e-22   4278
  4.872549e+00   1.412385e-20   1.464028e-03   2.893970e-22   3732
  4.877994e+00   1.353088e-20   1.546653e-03   2.798499e-22   4502
  4.883481e+00   1.300101e-20   1.503470e-03   2.643168e-22   3984
  4.889020e+00   1.320340e-20   1.557569e-03   2.559111e-22   3726
  4.894174e+00   1.210391e-20   1.501292e-03   2.300329e-22   4014
  4.899605e+00   1.282422e-20   1.574381e-03   2.371994e-22   3756
  4.905398e+00   1.156577e-20   1.580112e-03   2.318057e-22   3894
  4.910659e+00   1.145670e-20   1.546203e-03   2.385079e-22   3744
  4.915968e+00   1.244495e-20   1.571823e-03   2.652745e-22   3174
  4.921505e+00   1.089314e-20   1.608835e-03   2.025176e-22   3968
  4.926991e+00   1.106796e-20   1.622395e-03   2.281723e-22   3522
  4.932722e+00   1.165536e-20   1.666295e-03   2.580408e-22   3198
  4.937920e+00   1.000478e-20   1.632144e-03   1.885308e-22   3648
  4.943345e+00   1.074253e-20   1.659133e-03   2.322851e-22   3054
  4.949062e+00   9.676263e-21   1.560433e-03   1.943675e-22   3312
  4.954266e+00   9.394715e-21   1.648372e-03   1.878963e-22   3354
  4.959775e+00   9.644661e-21   1.630010e-03   2.154549e-22   2624
  4.965165e+00   8.812174e-21   1.590230e-03   1.824514e-22   3462
  4.970648e+00   9.546911e-21   1.658767e-03   2.200031e-22   2976
  4.976433e+00   9.108042e-21   1.570247e-03   1.961859e-22   2670
  4.981450e+00   8.709137e-21   1.634562e-03   1.919762e-22   3186
  4.986828e+00   8.578463e-21   1.526978e-03   2.006796e-22   2376
  4.992553e+00   8.266806e-21   1.609692e-03   1.756284e-22   3102
  4.997840e+00   8.227237e-21   1.575648e-03   1.908644e-22   2688
  5.003337e+00   7.982940e-21   1.643829e-03   2.010339e-22   2286
  5.008726e+00   7.407889e-21   1.585579e-03   1.571934e-22   3020
  5.014174e+00   7.723890e-21   1.510259e-03   1.818824e-22   2310
  5.019958e+00   7.720708e-21   1.669065e-03   1.753550e-22   2544
  5.025112e+00   6.907604e-21   1.556079e-03   1.539761e-22   2526
  5.030503e+00   7.700351e-21   1.598055e-03   1.958325e-22   2112
  5.036149e+00   6.872471e-21   1.535784e-03   1.576401e-22   2538
  5.041490e+00   6.710624e-21   1.597743e-03   1.467828e-22   2304
  5.046925e+00   7.406670e-21   1.576461e-03   1.883717e-22   1902
  5.052197e+00   5.857029e-21   1.506026e-03   1.355399e-22   2408
  5.057655e+00   6.708131e-21   1.588655e-03   1.665547e-22   2094
  5.063468e+00   6.257260e-21   1.618622e-03   1.504743e-22   2028
  5.068570e+00   6.067449e-21   1.535323e-03   1.572569e-22   2094
  5.073985e+00   6.246604e-21   1.674958e-03   1.704773e-22   1920
  5.079736e+00   5.731938e-21   1.412176e-03   1.495097e-22   1926
  5.084997e+00   5.601426e-21   1.648354e-03   1.365532e-22   2088
  5.090349e+00   5.841512e-21   1.445979e-03   1.616429e-22   1434
  5.095727e+00   5.130510e-21   1.528869e-03   1.318583e-22   2048
  5.101055e+00   5.289727e-21   1.524439e-03   1.505485e-22   1758
  5.106921e+00   5.470267e-21   1.681850e-03   1.420331e-22   1584
  5.112297e+00   5.065969e-21   1.666289e-03   1.326321e-22   1998
  5.117737e+00   5.465311e-21   1.517710e-03   1.557393e-22   1428
  5.123436e+00   4.690874e-21   1.270388e-03   1.345997e-22   1488
  5.128415e+00   4.868520e-21   1.618345e-03   1.199646e-22   1806
  5.133668e+00   5.408179e-21   1.473287e-03   1.832248e-22   1040
  5.139281e+00   4.284505e-21   1.543732e-03   1.147022e-22   1782
  5.144417e+00   4.683234e-21   1.459353e-03   1.327503e-22   1428
  5.150558e+00   4.520880e-21   1.752291e-03   1.324295e-22   1206
  5.155754e+00   4.496082e-21   1.628015e-03   1.124208e-22   1728
  5.160990e+00   3.995876e-21   1.525739e-03   1.294077e-22   1038
  5.167027e+00   3.833918e-21   1.237946e-03   1.221094e-22   1248
  5.171798e+00   4.285476e-21   1.578785e-03   1.203309e-22   1530
  5.177034e+00   4.503614e-21   1.447012e-03   1.861358e-22   656
  5.182884e+00   3.628877e-21   1.622270e-03   9.237622e-23   1662
  5.187826e+00   3.813855e-21   1.343030e-03   1.256216e-22   1008
  5.194344e+00   4.155259e-21   1.783380e-03   1.417981e-22   960
  5.199238e+00   3.446327e-21   1.533522e-03   9.367024e-23   1458
  5.204352e+00   3.896485e-21   1.515264e-03   1.664166e-22   672
  5.210626e+00   3.418795e-21   1.187605e-03   1.137694e-22   1062
  5.215066e+00   3.460159e-21   1.540654e-03   1.088470e-22   1224
  5.220385e+00   4.066417e-21   1.345767e-03   1.955218e-22   374
  5.226378e+00   3.322883e-21   1.617607e-03   8.666673e-23   1512
  5.231226e+00   3.683372e-21   1.355537e-03   1.441270e-22   666
  5.238164e+00   3.336008e-21   1.657312e-03   1.312698e-22   720
  5.242515e+00   3.037242e-21   1.484148e-03   9.012137e-23   1224
  5.247863e+00   3.780417e-21   1.475424e-03   1.997308e-22   390
  5.254263e+00   3.017494e-21   1.097036e-03   1.119054e-22   936
  5.258334e+00   3.240117e-21   1.565258e-03   1.003709e-22   882
  5.264148e+00   3.478728e-21   1.528292e-03   2.658453e-22   216
  5.269800e+00   2.732563e-21   1.517469e-03   7.810212e-23   1286
  5.274591e+00   3.351813e-21   1.267641e-03   1.721590e-22   384
  5.281913e+00   2.743858e-21   1.595845e-03   1.250165e-22   576
  5.285704e+00   2.837597e-21   1.430314e-03   9.556305e-23   930
  5.291130e+00   3.123733e-21   1.405067e-03   2.067894e-22   216
  5.298050e+00   2.490307e-21   1.127871e-03   8.758017e-23   918
  5.302037e+00   2.964198e-21   1.519148e-03   1.516608e-22   480
  5.307441e+00   3.361497e-21   1.280066e-03   3.505859e-22   78
  5.313052e+00   2.392516e-21   1.383681e-03   7.680413e-23   1052
  5.318233e+00   3.124187e-21   1.611134e-03   2.044879e-22   240
  5.326163e+00   2.196463e-21   5.882336e-04   1.088649e-22   438
  5.328872e+00   2.802273e-21   1.360971e-03   1.211983e-22   648
  5.333924e+00   3.938665e-21   1.123687e-03   4.283313e-22   78
  5.341457e+00   2.210892e-21   9.804401e-04   7.893284e-23   780
  5.345244e+00   2.567505e-21   1.368055e-03   1.727899e-22   240
  5.349910e+00   4.341041e-21   0.000000e+00   7.319130e-22   6
  5.356198e+00   2.271701e-21   1.253222e-03   7.993462e-23   824
  5.360748e+00   3.786037e-21   9.688384e-04   4.081161e-22   78
  5.369722e+00   2.122005e-21   5.065474e-04   1.013199e-22   432
  5.372065e+00   2.296479e-21   1.225115e-03   1.159526e-22   348
  5.376527e+00   4.342397e-21   0.000000e+00   2.442304e-21   6
  5.384681e+00   2.319896e-21   8.661160e-04   9.450685e-23   600
  5.387907e+00   2.950472e-21   8.155581e-04   3.457108e-22   78
  5.399271e+00   2.128497e-21   1.072115e-03   9.313819e-23   572
  5.403481e+00   1.079325e-21   0.000000e+00   2.338655e-22   6
  5.413189e+00   2.369689e-21   5.033701e-04   1.304190e-22   384
  5.415134e+00   2.475341e-21   7.482049e-04   1.994493e-22   102
  5.427858e+00   1.987671e-21   7.359585e-04   1.074809e-22   396
  5.430766e+00   1.636860e-21   0.000000e+00   6.469726e-22   6
  5.442225e+00   1.948000e-21   6.658608e-04   1.121238e-22   326
  5.456526e+00   2.109354e-21   4.630285e-04   1.368040e-22   252
  5.458378e+00   1.405336e-21   0.000000e+00   8.007414e-22   6
  5.470933e+00   1.608055e-21   4.213345e-04   1.221185e-22   198
  5.485317e+00   2.192276e-21   3.214857e-04   1.926739e-22   146
  5.499721e+00   2.117722e-21   2.359708e-04   2.401375e-22   102
  5.514144e+00   2.028083e-21   1.639936e-04   3.461059e-22   66
  5.528587e+00   9.868834e-22   1.041522e-04   1.414497e-22   38
  5.543047e+00   1.586139e-21   5.371851e-05   2.035487e-22   18
  5.557519e+00   3.367720e-21   5.754450e-08   1.899028e-21   6
