# power spectrum of delta
# redshift z=30.000000
# k              Pk             sigma(k)       sigma(Pk)      count
  2.513274e-02   1.938168e-05   2.247832e-10   7.918956e-06   6
  3.554306e-02   2.829577e-05   0.000000e+00   5.726191e-06   12
  4.353118e-02   3.539009e-05   4.768372e-10   7.331609e-06   8
  5.026548e-02   1.734199e-04   4.495664e-10   1.892610e-05   6
  5.619852e-02   1.664729e-04   8.991328e-10   5.378510e-05   24
  6.156239e-02   3.128227e-04   6.357829e-10   5.362646e-05   24
  7.416620e-02   2.658928e-04   1.948007e-03   4.734428e-05   42
  7.947671e-02   4.111146e-04   0.000000e+00   9.154823e-05   24
  8.335587e-02   4.173396e-04   1.557344e-09   1.049775e-04   24
  8.972863e-02   5.016222e-04   1.539368e-03   5.409805e-05   32
  9.403811e-02   4.992140e-04   0.000000e+00   7.132329e-05   48
  1.005310e-01   6.819203e-04   8.991328e-10   3.039496e-04   6
  1.049125e-01   5.904826e-04   1.486715e-03   5.516461e-05   84
  1.109741e-01   7.532187e-04   1.422978e-03   1.129726e-04   48
  1.160761e-01   6.887415e-04   1.277655e-03   7.158758e-05   72
  1.231248e-01   8.777510e-04   1.271566e-09   1.387362e-04   24
  1.274204e-01   6.973447e-04   1.133933e-03   6.517559e-05   102
  1.338823e-01   9.970595e-04   2.192492e-03   1.035689e-04   104
  1.376577e-01   7.028718e-04   0.000000e+00   1.044010e-04   48
  1.450967e-01   7.534590e-04   1.454852e-03   6.795117e-05   108
  1.494985e-01   1.129711e-03   1.026108e-03   1.211994e-04   78
  1.544156e-01   1.236715e-03   8.885963e-04   1.171765e-04   96
  1.612033e-01   1.085953e-03   1.252396e-03   8.360543e-05   168
  1.674610e-01   1.213735e-03   1.514588e-03   1.288985e-04   120
  1.704585e-01   1.191869e-03   0.000000e+00   1.849724e-04   48
  1.775076e-01   1.350162e-03   1.466362e-03   1.178822e-04   194
  1.836114e-01   1.336714e-03   1.199745e-03   1.095197e-04   192
  1.889121e-01   1.780520e-03   8.359107e-04   1.489593e-04   96
  1.926375e-01   1.282658e-03   7.114371e-04   1.229155e-04   96
  1.973415e-01   1.460742e-03   1.049518e-03   1.208826e-04   174
  2.036605e-01   1.691272e-03   1.032544e-03   1.203009e-04   216
  2.087655e-01   1.454686e-03   1.069752e-03   1.019320e-04   192
  2.153360e-01   1.623977e-03   1.134051e-03   1.134888e-04   204
  2.199701e-01   1.332988e-03   1.553116e-03   8.485453e-05   224
  2.263855e-01   1.898993e-03   8.767448e-04   1.489320e-04   174
  2.313653e-01   1.716005e-03   1.685384e-03   9.901067e-05   288
  2.375440e-01   1.635427e-03   8.296829e-04   1.003851e-04   288
  2.423661e-01   1.599726e-03   1.600294e-03   1.170248e-04   192
  2.486778e-01   1.905859e-03   1.171093e-03   1.143836e-04   252
  2.526714e-01   1.983826e-03   6.978544e-04   1.273297e-04   246
  2.580960e-01   1.909410e-03   1.324197e-03   1.157400e-04   312
  2.629351e-01   2.053258e-03   8.554600e-04   1.078504e-04   248
  2.695776e-01   1.812513e-03   1.809641e-03   9.018848e-05   432
  2.749286e-01   2.359260e-03   1.515534e-03   1.641721e-04   198
  2.802165e-01   2.500667e-03   1.832967e-03   1.155861e-04   456
  2.863920e-01   2.152995e-03   1.069655e-03   1.335147e-04   324
  2.907627e-01   2.168648e-03   1.266356e-03   1.215346e-04   312
  2.961810e-01   2.143282e-03   1.588477e-03   1.124148e-04   408
  3.029220e-01   2.179942e-03   1.466968e-03   1.108963e-04   414
  3.075580e-01   1.978210e-03   1.269406e-03   1.007736e-04   392
  3.123025e-01   2.611383e-03   1.430245e-03   1.323039e-04   408
  3.185470e-01   2.516670e-03   1.518117e-03   1.165100e-04   444
  3.232898e-01   2.526099e-03   1.227263e-03   1.259441e-04   360
  3.293455e-01   2.483763e-03   1.684453e-03   9.535613e-05   678
  3.357501e-01   2.772241e-03   1.079705e-03   1.596362e-04   360
  3.406722e-01   2.520137e-03   1.778081e-03   1.122849e-04   648
  3.453647e-01   2.595511e-03   8.217968e-04   1.690607e-04   288
  3.513418e-01   2.636063e-03   1.531028e-03   1.011760e-04   686
  3.569625e-01   2.787203e-03   1.138289e-03   1.386423e-04   444
  3.620452e-01   2.709350e-03   1.580989e-03   1.077282e-04   696
  3.671010e-01   2.973544e-03   1.502020e-03   1.396712e-04   408
  3.725872e-01   2.716042e-03   1.554025e-03   1.045765e-04   648
  3.782992e-01   3.182183e-03   1.360625e-03   1.392329e-04   582
  3.833918e-01   2.695013e-03   1.703041e-03   1.101648e-04   744
  3.890113e-01   3.231133e-03   1.700144e-03   1.360198e-04   516
  3.941882e-01   3.196955e-03   1.645265e-03   1.343490e-04   728
  3.989676e-01   3.046822e-03   1.363195e-03   1.287015e-04   558
  4.047392e-01   2.742061e-03   1.374231e-03   9.882312e-05   768
  4.109960e-01   3.276245e-03   1.593026e-03   1.060819e-04   960
  4.164620e-01   3.180156e-03   1.114439e-03   1.407256e-04   576
  4.217163e-01   3.441827e-03   1.808947e-03   1.205414e-04   816
  4.273742e-01   2.938865e-03   1.395616e-03   1.045176e-04   666
  4.323421e-01   3.371606e-03   1.636664e-03   1.114791e-04   960
  4.382783e-01   3.316591e-03   1.614107e-03   1.196477e-04   824
  4.440386e-01   3.396191e-03   1.777416e-03   1.101381e-04   936
  4.493430e-01   3.229870e-03   1.321819e-03   1.265307e-04   624
  4.542288e-01   3.599728e-03   1.556102e-03   1.182210e-04   1062
  4.599003e-01   3.677232e-03   1.695132e-03   1.330908e-04   732
  4.648741e-01   3.372874e-03   1.470856e-03   1.064848e-04   1080
  4.708074e-01   3.615943e-03   1.603534e-03   1.249053e-04   936
  4.761732e-01   3.366087e-03   1.731990e-03   1.136156e-04   878
  4.818260e-01   3.413574e-03   1.755225e-03   1.012989e-04   1152
  4.870749e-01   3.471805e-03   1.356663e-03   1.116714e-04   1056
  4.926568e-01   3.750437e-03   1.602363e-03   1.268468e-04   864
  4.976423e-01   3.675896e-03   1.565217e-03   1.153419e-04   1092
  5.036015e-01   3.841566e-03   1.653531e-03   1.148113e-04   1206
  5.092782e-01   3.823296e-03   1.678014e-03   1.096698e-04   1248
  5.145213e-01   3.775842e-03   1.137149e-03   1.325190e-04   864
  5.191890e-01   3.912140e-03   1.180642e-03   1.228390e-04   1152
  5.252742e-01   4.001066e-03   1.757644e-03   1.127706e-04   1382
  5.312134e-01   4.063688e-03   1.566451e-03   1.193753e-04   1188
  5.364142e-01   3.729576e-03   1.659855e-03   1.104355e-04   1248
  5.413249e-01   3.931771e-03   1.574532e-03   1.243086e-04   1152
  5.467138e-01   4.234685e-03   1.729118e-03   1.144802e-04   1320
  5.526917e-01   3.978663e-03   1.146028e-03   1.146878e-04   1206
  5.576517e-01   4.197243e-03   1.665023e-03   1.078886e-04   1560
  5.635439e-01   4.184348e-03   1.549958e-03   1.152737e-04   1280
  5.685850e-01   3.998897e-03   1.560520e-03   1.086193e-04   1308
  5.741001e-01   4.231560e-03   1.566129e-03   1.045622e-04   1512
  5.795940e-01   3.977115e-03   1.277777e-03   1.096007e-04   1350
  5.852552e-01   4.226743e-03   1.688249e-03   1.043890e-04   1608
  5.900948e-01   4.409156e-03   1.451867e-03   1.229256e-04   1320
  5.957309e-01   4.490318e-03   1.748946e-03   1.146056e-04   1656
  6.008045e-01   4.244289e-03   1.374965e-03   1.140545e-04   1254
  6.066730e-01   4.439752e-03   1.569270e-03   1.012238e-04   1932
  6.122044e-01   4.610638e-03   1.409199e-03   1.229794e-04   1640
  6.176544e-01   4.404471e-03   1.462843e-03   1.120598e-04   1488
  6.227944e-01   4.447381e-03   1.414095e-03   1.154797e-04   1560
  6.286404e-01   4.335856e-03   1.698486e-03   1.042943e-04   2046
  6.340669e-01   4.391708e-03   1.523538e-03   1.161656e-04   1512
  6.393232e-01   4.605905e-03   1.516165e-03   1.080209e-04   1764
  6.445652e-01   4.442999e-03   1.511671e-03   1.048621e-04   1776
  6.499746e-01   4.628633e-03   1.817211e-03   1.109489e-04   1704
  6.557781e-01   4.534676e-03   1.779589e-03   9.759693e-05   2126
  6.610046e-01   4.508566e-03   1.236245e-03   1.078371e-04   1632
  6.662499e-01   4.613346e-03   1.646884e-03   9.927891e-05   2064
  6.715382e-01   4.930118e-03   1.357901e-03   1.199644e-04   1680
  6.772924e-01   4.727641e-03   1.523137e-03   1.069077e-04   2154
  6.826481e-01   4.777802e-03   1.541852e-03   1.057204e-04   2016
  6.884154e-01   4.704688e-03   1.692697e-03   9.536558e-05   2304
  6.937001e-01   5.039632e-03   1.347609e-03   1.281839e-04   1680
  6.991903e-01   4.920331e-03   1.561166e-03   1.063500e-04   2432
  7.046941e-01   4.742053e-03   1.538311e-03   1.095279e-04   1902
  7.101567e-01   4.769103e-03   1.581895e-03   9.671503e-05   2292
  7.150285e-01   4.677756e-03   1.252979e-03   1.076685e-04   1992
  7.208092e-01   4.768028e-03   1.606146e-03   9.252185e-05   2568
  7.263678e-01   4.844046e-03   1.402295e-03   1.149798e-04   1806
  7.319849e-01   5.113920e-03   1.724889e-03   9.964564e-05   3000
  7.376724e-01   5.160424e-03   1.569594e-03   1.152419e-04   2016
  7.424201e-01   5.267515e-03   1.465108e-03   1.133801e-04   2168
  7.478330e-01   5.216930e-03   1.496073e-03   1.107150e-04   2412
  7.534914e-01   4.924484e-03   1.636470e-03   9.918922e-05   2550
  7.589365e-01   5.308522e-03   1.624710e-03   1.041580e-04   2592
  7.646194e-01   5.009379e-03   1.496749e-03   1.053256e-04   2496
  7.700227e-01   5.011793e-03   1.655767e-03   9.929337e-05   2688
  7.754124e-01   5.080009e-03   1.430386e-03   1.022284e-04   2424
  7.810929e-01   5.066644e-03   1.312547e-03   1.011243e-04   2634
  7.862125e-01   5.218446e-03   1.574459e-03   1.027727e-04   2552
  7.913127e-01   5.245345e-03   1.651778e-03   1.008143e-04   2832
  7.969736e-01   5.121316e-03   1.568612e-03   1.034241e-04   2424
  8.025554e-01   5.051343e-03   1.740010e-03   8.760722e-05   3198
  8.077809e-01   5.306987e-03   1.388970e-03   1.034176e-04   2400
  8.133203e-01   5.555300e-03   1.597724e-03   9.760547e-05   3336
  8.190443e-01   5.198826e-03   1.344782e-03   1.109165e-04   2508
  8.240739e-01   5.361143e-03   1.620807e-03   1.011015e-04   3104
  8.299549e-01   5.407058e-03   1.630675e-03   9.942814e-05   2934
  8.352548e-01   5.412036e-03   1.499159e-03   1.014442e-04   3120
  8.410021e-01   5.239849e-03   1.672615e-03   8.859698e-05   3288
  8.462971e-01   5.456416e-03   1.408091e-03   1.025737e-04   2808
  8.517341e-01   5.128181e-03   1.767149e-03   9.564754e-05   2988
  8.572072e-01   5.332251e-03   1.617824e-03   9.593497e-05   3486
  8.625080e-01   5.653361e-03   1.531395e-03   1.125662e-04   3000
  8.676262e-01   5.614096e-03   1.332104e-03   1.001689e-04   3024
  8.733607e-01   5.398229e-03   1.466916e-03   9.173883e-05   3584
  8.791129e-01   5.667487e-03   1.571450e-03   9.685726e-05   3486
  8.844786e-01   5.571360e-03   1.415254e-03   1.008884e-04   3120
  8.897252e-01   5.668855e-03   1.397521e-03   9.466209e-05   3396
  8.950216e-01   5.435577e-03   1.596634e-03   9.491015e-05   3552
  9.006758e-01   5.567628e-03   1.536565e-03   9.216251e-05   3384
  9.062646e-01   5.637637e-03   1.564378e-03   9.668302e-05   3726
  9.115861e-01   5.713194e-03   1.516080e-03   1.027934e-04   3344
  9.166417e-01   5.880674e-03   1.557833e-03   9.828667e-05   3744
  9.224231e-01   5.619744e-03   1.516451e-03   9.404586e-05   3540
  9.278433e-01   5.687000e-03   1.609838e-03   8.931447e-05   3822
  9.335305e-01   5.684207e-03   1.580500e-03   8.713019e-05   4056
  9.387066e-01   5.729910e-03   1.452506e-03   9.747144e-05   3288
  9.441340e-01   5.518049e-03   1.677753e-03   9.021752e-05   4056
  9.494626e-01   5.734961e-03   1.536843e-03   9.299848e-05   3984
  9.552959e-01   5.913104e-03   1.413015e-03   9.907399e-05   3662
  9.602370e-01   5.819003e-03   1.541776e-03   9.836043e-05   3828
  9.658108e-01   5.859581e-03   1.742991e-03   8.214552e-05   4632
  9.713679e-01   5.859863e-03   1.345609e-03   9.830619e-05   3600
  9.769230e-01   5.648484e-03   1.597718e-03   9.062485e-05   4320
  9.821794e-01   5.711561e-03   1.253511e-03   9.023960e-05   3918
  9.874859e-01   5.993275e-03   1.442268e-03   9.552340e-05   4200
  9.928210e-01   6.062436e-03   1.636673e-03   9.561184e-05   4188
  9.983519e-01   5.806659e-03   1.662286e-03   8.720316e-05   4360
  1.003968e+00   5.844782e-03   1.662160e-03   8.849567e-05   4582
  1.009399e+00   6.091095e-03   1.477494e-03   1.011826e-04   4128
  1.014920e+00   5.992491e-03   1.587216e-03   9.053943e-05   4752
  1.020120e+00   6.201812e-03   1.461112e-03   9.475330e-05   4176
  1.025775e+00   5.818252e-03   1.680085e-03   8.587878e-05   4848
  1.031437e+00   6.040686e-03   1.459747e-03   9.471845e-05   4338
  1.036771e+00   6.163245e-03   1.593174e-03   8.839955e-05   5160
  1.042045e+00   6.089326e-03   1.291598e-03   9.834405e-05   4008
  1.047767e+00   5.989054e-03   1.707442e-03   8.567327e-05   5360
  1.053032e+00   6.083144e-03   1.588217e-03   9.480328e-05   4110
  1.058510e+00   6.164610e-03   1.701535e-03   8.517379e-05   5424
  1.063733e+00   5.960442e-03   1.454921e-03   9.883251e-05   4140
  1.069227e+00   6.185531e-03   1.625576e-03   8.298823e-05   5664
  1.074866e+00   6.140389e-03   1.412853e-03   8.821303e-05   4632
  1.080236e+00   6.130917e-03   1.490235e-03   8.883199e-05   4902
  1.085555e+00   6.364898e-03   1.592485e-03   9.129174e-05   5072
  1.090999e+00   6.393764e-03   1.501653e-03   8.755675e-05   5472
  1.096387e+00   6.230956e-03   1.526101e-03   9.150183e-05   4704
  1.101916e+00   6.351752e-03   1.676374e-03   8.823699e-05   5436
  1.107545e+00   6.303051e-03   1.596128e-03   8.370449e-05   5646
  1.112664e+00   6.457164e-03   1.428200e-03   9.631371e-05   4512
  1.118112e+00   6.224937e-03   1.824161e-03   8.096295e-05   6120
  1.123729e+00   6.378344e-03   1.411269e-03   9.117936e-05   5112
  1.129131e+00   6.465392e-03   1.667779e-03   8.659561e-05   5606
  1.134567e+00   6.303629e-03   1.554272e-03   8.924951e-05   5328
  1.139989e+00   6.267007e-03   1.565953e-03   8.467404e-05   5964
  1.145435e+00   6.303224e-03   1.590472e-03   8.836388e-05   5448
  1.150957e+00   6.143577e-03   1.628706e-03   8.144977e-05   5904
  1.156600e+00   6.315553e-03   1.600579e-03   8.579251e-05   5598
  1.161806e+00   6.396449e-03   1.501909e-03   8.424428e-05   5952
  1.167187e+00   6.332957e-03   1.643126e-03   8.802886e-05   5688
  1.172631e+00   6.435970e-03   1.575513e-03   8.623388e-05   5876
  1.177964e+00   6.449011e-03   1.536673e-03   8.694491e-05   5784
  1.183501e+00   6.218094e-03   1.532901e-03   7.836686e-05   6462
  1.189054e+00   6.665305e-03   1.653348e-03   9.259619e-05   5688
  1.194197e+00   6.573688e-03   1.525430e-03   8.740849e-05   6408
  1.199756e+00   6.298348e-03   1.574800e-03   8.123608e-05   6000
  1.205422e+00   6.468566e-03   1.694655e-03   8.002456e-05   6582
  1.211021e+00   6.532877e-03   1.612876e-03   8.424957e-05   6564
  1.216263e+00   6.453109e-03   1.422140e-03   8.482621e-05   6048
  1.221699e+00   6.306040e-03   1.629773e-03   8.163374e-05   6512
  1.227397e+00   6.548654e-03   1.620133e-03   8.214721e-05   6816
  1.232850e+00   6.643029e-03   1.416896e-03   8.891649e-05   6222
  1.237968e+00   6.642909e-03   1.476334e-03   8.641766e-05   6432
  1.243434e+00   6.564770e-03   1.553938e-03   8.044052e-05   6804
  1.248868e+00   6.648640e-03   1.464733e-03   8.563115e-05   6432
  1.254187e+00   6.496017e-03   1.722345e-03   8.078200e-05   6846
  1.259590e+00   6.687170e-03   1.572729e-03   8.517883e-05   6424
  1.264755e+00   6.466657e-03   1.411534e-03   8.246860e-05   6952
  1.270430e+00   6.676639e-03   1.700917e-03   7.735674e-05   7560
  1.276003e+00   6.604718e-03   1.461590e-03   8.270398e-05   6648
  1.281750e+00   6.631640e-03   1.606071e-03   7.961985e-05   7578
  1.286810e+00   6.720919e-03   1.450151e-03   8.479314e-05   6552
  1.292277e+00   6.530577e-03   1.596662e-03   7.930792e-05   7536
  1.297851e+00   6.511015e-03   1.461180e-03   7.654805e-05   7272
  1.303277e+00   6.707864e-03   1.556497e-03   8.188920e-05   6936
  1.308485e+00   6.569983e-03   1.596343e-03   7.749968e-05   7430
  1.314120e+00   6.637491e-03   1.672052e-03   7.703525e-05   7644
  1.319350e+00   6.514313e-03   1.489238e-03   7.842472e-05   7248
  1.325034e+00   6.544868e-03   1.703671e-03   7.322215e-05   8232
  1.330590e+00   6.580388e-03   1.553617e-03   8.106507e-05   7038
  1.335931e+00   6.701289e-03   1.510189e-03   7.824285e-05   7824
  1.341174e+00   6.575907e-03   1.590763e-03   7.691130e-05   7752
  1.346585e+00   6.412318e-03   1.605043e-03   7.682065e-05   7480
  1.352208e+00   6.659293e-03   1.618933e-03   7.512887e-05   8404
  1.357671e+00   6.820968e-03   1.503855e-03   7.814673e-05   7614
  1.362913e+00   6.764960e-03   1.575108e-03   7.974800e-05   7776
  1.368188e+00   6.757369e-03   1.502776e-03   7.817003e-05   7944
  1.373702e+00   6.721674e-03   1.562607e-03   7.481086e-05   8424
  1.379142e+00   6.550145e-03   1.533354e-03   7.739795e-05   7872
  1.384762e+00   6.664281e-03   1.540830e-03   7.271978e-05   8658
  1.390152e+00   6.809370e-03   1.537871e-03   7.762592e-05   8352
  1.395701e+00   6.803158e-03   1.544872e-03   7.581494e-05   8648
  1.400946e+00   6.975053e-03   1.463868e-03   7.955325e-05   7680
  1.406459e+00   6.680465e-03   1.524971e-03   7.321737e-05   8646
  1.411581e+00   6.986823e-03   1.477493e-03   7.668369e-05   8448
  1.417243e+00   7.020207e-03   1.570023e-03   7.757127e-05   9120
  1.422706e+00   6.615267e-03   1.534210e-03   7.458322e-05   8316
  1.428231e+00   6.864993e-03   1.655901e-03   7.222608e-05   9504
  1.433780e+00   6.936623e-03   1.505873e-03   7.837257e-05   8358
  1.439318e+00   6.697473e-03   1.591741e-03   7.140905e-05   9584
  1.444669e+00   6.733016e-03   1.523180e-03   7.388606e-05   8616
  1.450194e+00   6.951066e-03   1.658401e-03   7.295864e-05   9432
  1.455837e+00   6.939203e-03   1.687074e-03   7.579169e-05   9018
  1.460959e+00   6.857639e-03   1.428118e-03   7.468172e-05   8568
  1.466312e+00   6.756309e-03   1.589614e-03   6.812352e-05   9816
  1.471848e+00   6.992176e-03   1.504950e-03   7.582981e-05   9000
  1.477320e+00   6.916684e-03   1.574008e-03   7.402847e-05   9504
  1.482769e+00   6.745007e-03   1.610237e-03   7.043941e-05   9446
  1.488128e+00   7.072094e-03   1.539876e-03   7.312632e-05   9696
  1.493639e+00   6.843335e-03   1.432995e-03   7.268538e-05   9180
  1.499052e+00   6.767789e-03   1.656445e-03   6.900353e-05   10512
  1.504580e+00   7.076958e-03   1.565995e-03   7.595159e-05   9048
  1.510050e+00   6.772980e-03   1.502032e-03   6.923968e-05   10014
  1.515115e+00   6.834369e-03   1.465977e-03   7.557051e-05   9096
  1.520624e+00   6.847714e-03   1.678104e-03   6.643513e-05   11088
  1.526481e+00   7.060977e-03   1.632622e-03   7.286433e-05   9860
  1.531846e+00   6.756287e-03   1.547538e-03   7.035682e-05   10110
  1.537226e+00   7.091122e-03   1.610782e-03   7.415687e-05   10104
  1.542638e+00   7.001117e-03   1.527293e-03   7.099305e-05   10392
  1.548117e+00   6.987791e-03   1.580956e-03   7.073109e-05   10104
  1.553700e+00   6.962855e-03   1.636048e-03   6.614258e-05   11352
  1.559389e+00   6.853542e-03   1.498379e-03   7.175596e-05   10014
  1.564440e+00   7.062267e-03   1.383079e-03   7.459821e-05   9636
  1.569783e+00   6.891942e-03   1.639203e-03   6.633105e-05   11552
  1.575422e+00   6.836338e-03   1.523155e-03   7.033057e-05   10488
  1.580867e+00   6.946382e-03   1.590751e-03   7.090888e-05   10254
  1.586166e+00   6.867127e-03   1.497744e-03   6.668657e-05   11304
  1.591672e+00   7.046315e-03   1.520072e-03   7.042898e-05   10872
  1.597152e+00   6.980469e-03   1.630062e-03   6.896344e-05   10932
  1.602461e+00   6.865521e-03   1.470687e-03   7.008092e-05   10848
  1.607949e+00   6.952222e-03   1.538096e-03   6.799843e-05   10998
  1.613393e+00   6.951401e-03   1.616241e-03   6.657726e-05   11720
  1.618857e+00   7.075023e-03   1.486980e-03   7.124482e-05   10776
  1.624233e+00   6.934352e-03   1.626703e-03   6.542618e-05   12072
  1.629803e+00   6.847432e-03   1.491590e-03   6.837644e-05   10704
  1.635146e+00   7.071747e-03   1.530127e-03   6.815506e-05   11730
  1.640724e+00   6.997374e-03   1.589265e-03   6.605784e-05   12144
  1.646103e+00   6.927357e-03   1.505823e-03   6.748444e-05   11568
  1.651732e+00   6.883381e-03   1.628958e-03   6.545379e-05   11552
  1.656794e+00   6.937753e-03   1.470182e-03   6.840148e-05   10926
  1.662301e+00   7.126122e-03   1.665116e-03   6.433694e-05   13032
  1.667699e+00   7.269430e-03   1.360824e-03   7.413999e-05   10776
  1.673163e+00   6.966331e-03   1.675173e-03   6.232507e-05   13116
  1.678750e+00   6.957311e-03   1.576527e-03   6.501034e-05   12288
  1.684254e+00   6.826444e-03   1.448982e-03   6.704111e-05   11262
  1.689407e+00   7.048700e-03   1.565326e-03   6.605337e-05   12672
  1.694949e+00   7.065872e-03   1.534786e-03   6.524796e-05   12624
  1.700444e+00   6.983869e-03   1.539772e-03   6.546795e-05   12392
  1.705894e+00   6.968513e-03   1.578373e-03   6.594314e-05   12060
  1.711417e+00   7.090409e-03   1.664529e-03   6.377421e-05   13662
  1.716714e+00   6.955564e-03   1.437484e-03   6.655357e-05   11592
  1.722229e+00   7.002358e-03   1.708245e-03   6.404757e-05   13776
  1.727732e+00   7.032402e-03   1.452727e-03   6.654849e-05   12240
  1.733259e+00   6.924056e-03   1.673717e-03   6.256668e-05   13662
  1.738451e+00   7.143178e-03   1.438450e-03   6.804589e-05   11520
  1.744057e+00   7.036379e-03   1.657935e-03   5.996946e-05   15044
  1.749584e+00   7.064524e-03   1.490148e-03   6.641228e-05   12384
  1.755011e+00   6.800400e-03   1.568695e-03   6.334541e-05   13176
  1.760324e+00   6.916238e-03   1.420714e-03   6.300804e-05   12798
  1.765805e+00   7.193718e-03   1.613568e-03   6.361442e-05   14376
  1.771131e+00   6.959177e-03   1.533785e-03   6.513512e-05   12528
  1.776603e+00   6.992738e-03   1.610649e-03   6.202075e-05   14100
  1.781897e+00   7.147363e-03   1.461405e-03   6.936620e-05   12630
  1.787364e+00   6.963427e-03   1.587093e-03   6.077003e-05   14624
  1.792771e+00   7.166443e-03   1.583065e-03   6.510710e-05   13272
  1.798277e+00   7.052871e-03   1.613728e-03   6.078663e-05   14664
  1.803884e+00   6.866537e-03   1.649702e-03   5.918859e-05   14328
  1.809294e+00   6.968136e-03   1.531892e-03   6.388298e-05   13086
  1.814778e+00   6.985359e-03   1.648042e-03   5.849321e-05   15612
  1.820245e+00   7.137959e-03   1.420572e-03   6.666862e-05   13416
  1.825554e+00   7.072013e-03   1.670986e-03   6.122223e-05   14360
  1.831007e+00   7.009200e-03   1.563345e-03   6.208268e-05   14064
  1.836565e+00   7.093741e-03   1.608825e-03   6.072624e-05   15750
  1.842043e+00   6.959051e-03   1.519715e-03   6.230558e-05   13680
  1.847448e+00   7.158958e-03   1.654464e-03   6.211145e-05   15468
  1.852944e+00   6.895341e-03   1.594248e-03   6.194772e-05   14352
  1.858276e+00   6.983396e-03   1.572970e-03   5.989301e-05   14454
  1.863633e+00   7.218843e-03   1.615254e-03   6.273017e-05   15048
  1.869150e+00   6.824705e-03   1.497078e-03   5.819539e-05   15360
  1.874596e+00   7.063001e-03   1.645285e-03   6.043233e-05   15224
  1.880069e+00   6.990763e-03   1.557924e-03   5.952527e-05   15096
  1.885497e+00   7.177402e-03   1.522103e-03   6.276995e-05   14514
  1.890790e+00   7.197586e-03   1.595539e-03   6.059839e-05   16416
  1.896345e+00   7.014946e-03   1.570097e-03   6.014751e-05   15216
  1.902017e+00   7.143841e-03   1.580041e-03   5.974772e-05   16440
  1.907431e+00   7.115348e-03   1.589489e-03   6.239022e-05   14904
  1.912612e+00   7.065267e-03   1.493082e-03   6.125352e-05   15134
  1.918128e+00   7.179819e-03   1.670413e-03   6.033667e-05   16644
  1.923636e+00   6.997911e-03   1.568226e-03   5.977743e-05   16128
  1.929039e+00   7.166691e-03   1.558301e-03   6.230908e-05   15384
  1.934362e+00   7.115550e-03   1.531848e-03   6.010886e-05   15462
  1.939814e+00   7.150673e-03   1.636508e-03   5.646579e-05   17304
  1.945372e+00   7.029161e-03   1.543184e-03   5.893818e-05   16176
  1.950827e+00   7.169443e-03   1.632437e-03   5.874607e-05   16824
  1.956411e+00   6.903555e-03   1.501531e-03   5.853677e-05   15980
  1.961671e+00   7.106895e-03   1.494587e-03   6.007425e-05   16326
  1.966974e+00   7.128548e-03   1.595444e-03   6.014415e-05   16488
  1.972469e+00   7.071704e-03   1.547881e-03   5.794545e-05   16944
  1.977987e+00   7.058848e-03   1.628958e-03   5.748060e-05   17256
  1.983307e+00   6.883985e-03   1.510722e-03   5.783875e-05   15966
  1.988830e+00   7.185117e-03   1.604091e-03   5.890453e-05   17628
  1.994237e+00   6.933469e-03   1.523687e-03   5.750969e-05   17280
  1.999700e+00   6.926246e-03   1.677236e-03   5.617843e-05   17056
  2.005087e+00   6.996535e-03   1.581521e-03   5.728166e-05   17296
  2.010708e+00   6.892254e-03   1.549121e-03   5.548792e-05   17526
  2.016014e+00   7.087206e-03   1.559028e-03   5.679888e-05   17592
  2.021539e+00   7.026559e-03   1.621825e-03   5.605684e-05   17880
  2.026921e+00   7.046880e-03   1.503997e-03   5.896838e-05   17028
  2.032244e+00   7.110701e-03   1.529390e-03   5.804265e-05   17376
  2.037659e+00   7.236812e-03   1.518363e-03   5.732340e-05   18414
  2.043253e+00   7.010072e-03   1.557160e-03   5.528971e-05   17840
  2.048675e+00   7.007767e-03   1.634742e-03   5.499702e-05   18960
  2.054080e+00   6.993010e-03   1.518636e-03   5.794077e-05   16992
  2.059506e+00   7.015956e-03   1.672957e-03   5.508444e-05   18378
  2.064817e+00   7.173353e-03   1.489598e-03   5.836798e-05   18192
  2.070342e+00   7.049420e-03   1.590368e-03   5.462865e-05   19320
  2.075827e+00   6.989896e-03   1.542530e-03   5.648839e-05   17856
  2.081294e+00   6.757867e-03   1.592338e-03   5.334066e-05   19128
  2.086669e+00   7.071167e-03   1.472822e-03   5.695961e-05   18246
  2.092142e+00   7.189394e-03   1.530845e-03   5.618174e-05   19184
  2.097560e+00   6.875092e-03   1.566786e-03   5.327430e-05   18900
  2.103127e+00   6.950904e-03   1.634103e-03   5.291420e-05   19776
  2.108435e+00   6.998046e-03   1.499267e-03   5.853467e-05   17814
  2.113953e+00   7.056066e-03   1.631506e-03   5.487199e-05   19944
  2.119331e+00   7.099274e-03   1.609395e-03   5.526967e-05   19536
  2.124895e+00   6.952551e-03   1.592635e-03   5.246694e-05   20112
  2.130295e+00   6.911935e-03   1.480183e-03   5.700259e-05   18116
  2.135677e+00   6.873999e-03   1.543122e-03   5.208701e-05   19878
  2.140967e+00   7.036299e-03   1.559605e-03   5.478551e-05   19800
  2.146556e+00   7.097954e-03   1.559507e-03   5.505004e-05   20136
  2.152123e+00   6.897136e-03   1.640454e-03   5.246260e-05   20808
  2.157545e+00   6.881877e-03   1.486131e-03   5.472126e-05   19152
  2.162999e+00   6.924631e-03   1.569730e-03   5.306508e-05   20526
  2.168508e+00   6.970029e-03   1.615030e-03   5.410498e-05   20532
  2.173853e+00   7.071701e-03   1.604928e-03   5.447142e-05   20120
  2.179147e+00   6.824267e-03   1.495586e-03   5.388122e-05   19512
  2.184682e+00   6.888883e-03   1.624686e-03   5.220265e-05   21246
  2.190096e+00   7.075032e-03   1.477588e-03   5.476448e-05   20112
  2.195583e+00   7.037420e-03   1.645292e-03   5.200286e-05   22104
  2.201050e+00   6.889787e-03   1.614482e-03   5.421955e-05   19620
  2.206482e+00   6.812010e-03   1.604796e-03   5.091110e-05   21912
  2.211921e+00   6.989968e-03   1.497387e-03   5.431591e-05   20070
  2.217337e+00   7.001546e-03   1.630864e-03   5.187036e-05   22064
  2.222850e+00   6.883501e-03   1.548352e-03   5.215083e-05   21048
  2.228199e+00   7.029463e-03   1.514343e-03   5.249169e-05   21168
  2.233635e+00   7.087260e-03   1.637642e-03   5.361694e-05   21384
  2.239216e+00   6.863482e-03   1.481766e-03   5.180513e-05   22146
  2.244666e+00   7.169133e-03   1.585174e-03   5.288352e-05   22200
  2.250163e+00   6.838051e-03   1.501548e-03   5.110837e-05   21648
  2.255545e+00   6.735398e-03   1.607582e-03   5.173823e-05   21144
  2.260867e+00   6.768487e-03   1.529125e-03   5.014759e-05   21710
  2.266343e+00   6.904087e-03   1.624700e-03   4.975405e-05   23112
  2.271991e+00   6.984642e-03   1.620840e-03   5.089679e-05   23064
  2.277435e+00   6.886750e-03   1.500062e-03   5.196309e-05   21252
  2.282668e+00   6.879998e-03   1.503720e-03   5.020579e-05   22128
  2.288126e+00   7.032796e-03   1.558658e-03   5.162661e-05   22446
  2.293582e+00   6.775433e-03   1.527528e-03   5.020080e-05   22848
  2.298983e+00   6.889296e-03   1.529486e-03   5.040384e-05   23208
  2.304508e+00   6.924774e-03   1.574247e-03   4.985551e-05   22536
  2.309946e+00   6.767383e-03   1.596462e-03   4.888272e-05   22586
  2.315370e+00   7.080650e-03   1.627795e-03   5.043663e-05   24096
  2.320825e+00   6.997189e-03   1.527306e-03   5.303280e-05   22440
  2.326212e+00   6.966018e-03   1.664369e-03   5.055617e-05   23400
  2.331602e+00   6.759628e-03   1.511928e-03   4.910861e-05   23232
  2.337168e+00   6.869735e-03   1.592064e-03   5.051370e-05   23886
  2.342533e+00   6.934519e-03   1.530913e-03   5.174264e-05   23376
  2.347967e+00   6.917913e-03   1.544635e-03   5.051626e-05   23540
  2.353338e+00   6.780994e-03   1.532168e-03   4.828949e-05   24240
  2.358915e+00   6.864123e-03   1.612109e-03   5.034959e-05   23952
  2.364402e+00   6.890828e-03   1.508159e-03   4.989457e-05   24006
  2.369901e+00   6.879955e-03   1.691935e-03   4.837711e-05   25560
  2.375221e+00   6.864430e-03   1.500150e-03   5.035841e-05   22728
  2.380552e+00   6.793914e-03   1.511947e-03   4.916219e-05   23556
  2.385955e+00   6.847230e-03   1.577785e-03   4.891915e-05   25398
  2.391435e+00   7.114618e-03   1.545774e-03   5.214316e-05   24088
  2.396892e+00   7.012663e-03   1.609108e-03   4.924561e-05   25696
  2.402362e+00   6.901882e-03   1.511201e-03   5.123225e-05   24144
  2.407786e+00   6.731045e-03   1.615096e-03   4.811429e-05   25560
  2.413246e+00   6.796698e-03   1.489846e-03   4.986076e-05   24246
  2.418724e+00   7.042068e-03   1.581827e-03   4.910072e-05   26292
  2.424188e+00   6.879112e-03   1.560153e-03   4.969773e-05   25200
  2.429626e+00   6.847781e-03   1.624829e-03   4.886664e-05   25296
  2.434943e+00   6.711589e-03   1.483819e-03   4.841870e-05   24192
  2.440599e+00   6.875721e-03   1.638534e-03   4.726898e-05   28646
  2.446110e+00   6.798370e-03   1.506669e-03   4.959285e-05   24552
  2.451515e+00   6.909035e-03   1.579460e-03   4.941929e-05   25788
  2.456795e+00   6.693158e-03   1.491180e-03   4.772837e-05   25272
  2.462256e+00   6.776400e-03   1.613697e-03   4.856371e-05   26118
  2.467607e+00   6.881120e-03   1.579547e-03   4.897681e-05   26016
  2.473206e+00   6.748900e-03   1.595790e-03   4.573921e-05   27792
  2.478571e+00   6.815706e-03   1.565206e-03   4.818723e-05   25072
  2.483982e+00   6.636645e-03   1.621283e-03   4.569229e-05   26824
  2.489402e+00   6.832640e-03   1.480279e-03   4.826845e-05   26106
  2.494915e+00   6.845674e-03   1.629064e-03   4.739711e-05   28296
  2.500377e+00   6.837497e-03   1.567349e-03   4.784426e-05   26640
  2.505822e+00   6.718481e-03   1.492228e-03   4.670463e-05   26064
  2.511215e+00   6.714784e-03   1.637115e-03   4.471880e-05   27822
  2.516572e+00   6.941783e-03   1.521472e-03   5.053294e-05   26160
  2.522001e+00   6.934379e-03   1.673107e-03   4.875188e-05   28108
  2.527479e+00   6.825075e-03   1.599090e-03   4.815560e-05   27664
  2.532916e+00   6.773059e-03   1.590673e-03   4.730314e-05   27600
  2.538445e+00   6.753531e-03   1.594105e-03   4.631076e-05   27510
  2.543900e+00   6.894961e-03   1.577441e-03   4.795381e-05   28848
  2.549331e+00   6.703641e-03   1.562048e-03   4.636861e-05   27744
  2.554787e+00   6.736236e-03   1.521895e-03   4.559584e-05   27888
  2.560210e+00   6.716057e-03   1.547223e-03   4.608107e-05   27780
  2.565645e+00   6.864726e-03   1.558725e-03   4.762612e-05   28734
  2.571023e+00   6.830000e-03   1.609586e-03   4.722506e-05   28232
  2.576527e+00   6.829881e-03   1.600458e-03   4.581595e-05   29016
  2.581909e+00   6.728595e-03   1.581285e-03   4.612553e-05   28056
  2.587324e+00   6.816483e-03   1.534592e-03   4.691224e-05   28710
  2.592790e+00   6.912028e-03   1.621010e-03   4.719494e-05   29220
  2.598465e+00   6.706445e-03   1.658218e-03   4.468670e-05   31584
  2.603840e+00   6.712975e-03   1.528599e-03   4.717186e-05   26904
  2.609079e+00   6.748776e-03   1.485740e-03   4.652633e-05   28512
  2.614658e+00   6.728666e-03   1.600396e-03   4.422273e-05   30878
  2.620190e+00   6.845214e-03   1.607291e-03   4.623907e-05   30408
  2.625603e+00   6.845847e-03   1.552575e-03   4.704169e-05   28632
  2.630926e+00   6.684611e-03   1.494100e-03   4.509282e-05   28764
  2.636301e+00   6.676619e-03   1.662258e-03   4.445151e-05   30630
  2.641825e+00   6.723472e-03   1.539050e-03   4.579186e-05   30240
  2.647360e+00   6.855859e-03   1.576813e-03   4.647242e-05   31008
  2.652753e+00   6.797662e-03   1.510278e-03   4.674099e-05   29240
  2.658053e+00   6.555603e-03   1.541271e-03   4.450470e-05   30000
  2.663579e+00   6.759789e-03   1.631431e-03   4.520613e-05   30978
  2.669020e+00   6.635292e-03   1.538057e-03   4.480967e-05   30696
  2.674440e+00   6.710759e-03   1.612132e-03   4.511186e-05   31320
  2.679792e+00   6.663106e-03   1.506651e-03   4.581843e-05   29280
  2.685220e+00   6.529220e-03   1.611110e-03   4.371701e-05   31488
  2.690645e+00   6.691590e-03   1.512555e-03   4.537936e-05   31326
  2.696128e+00   6.783261e-03   1.624023e-03   4.608210e-05   31480
  2.701662e+00   6.713603e-03   1.575428e-03   4.395550e-05   32572
  2.707181e+00   6.649944e-03   1.576379e-03   4.429773e-05   31296
  2.712540e+00   6.653613e-03   1.532958e-03   4.540734e-05   30798
  2.718010e+00   6.822731e-03   1.631915e-03   4.662765e-05   32256
  2.723379e+00   6.716007e-03   1.576275e-03   4.473507e-05   32088
  2.728754e+00   6.701773e-03   1.559976e-03   4.595745e-05   30936
  2.734196e+00   6.652579e-03   1.621863e-03   4.355365e-05   33036
  2.739744e+00   6.614237e-03   1.570337e-03   4.486972e-05   31846
  2.745145e+00   6.690427e-03   1.600723e-03   4.316107e-05   33832
  2.750571e+00   6.693854e-03   1.482757e-03   4.521795e-05   30912
  2.755951e+00   6.532457e-03   1.554945e-03   4.249208e-05   32976
  2.761359e+00   6.523006e-03   1.534255e-03   4.291708e-05   32712
  2.766879e+00   6.705010e-03   1.551134e-03   4.456402e-05   33438
  2.772315e+00   6.764577e-03   1.561569e-03   4.506307e-05   32556
  2.777612e+00   6.598704e-03   1.547775e-03   4.357289e-05   33144
  2.783077e+00   6.637609e-03   1.531023e-03   4.419485e-05   33504
  2.788685e+00   6.608516e-03   1.585219e-03   4.374316e-05   33542
  2.794001e+00   6.669103e-03   1.561774e-03   4.344435e-05   33768
  2.799514e+00   6.659628e-03   1.582505e-03   4.311569e-05   34368
  2.804894e+00   6.703585e-03   1.503763e-03   4.528925e-05   32856
  2.810386e+00   6.571993e-03   1.555021e-03   4.195246e-05   34524
  2.815774e+00   6.635253e-03   1.476871e-03   4.418857e-05   33510
  2.821310e+00   6.753730e-03   1.652814e-03   4.354874e-05   35856
  2.826780e+00   6.599967e-03   1.566245e-03   4.477668e-05   33888
  2.832150e+00   6.586958e-03   1.534797e-03   4.414273e-05   33752
  2.837510e+00   6.575087e-03   1.613976e-03   4.183584e-05   34902
  2.843143e+00   6.760172e-03   1.578935e-03   4.473369e-05   35484
  2.848630e+00   6.645635e-03   1.625328e-03   4.303958e-05   36648
  2.854056e+00   6.548783e-03   1.503100e-03   4.299813e-05   33000
  2.859416e+00   6.523143e-03   1.625165e-03   4.161473e-05   35520
  2.864954e+00   6.471799e-03   1.587378e-03   4.134724e-05   36078
  2.870343e+00   6.780993e-03   1.553780e-03   4.443575e-05   34992
  2.875726e+00   6.567869e-03   1.537418e-03   4.397166e-05   35072
  2.881222e+00   6.538966e-03   1.612107e-03   4.184384e-05   36876
  2.886535e+00   6.542592e-03   1.490702e-03   4.472502e-05   33216
  2.891986e+00   6.611059e-03   1.651729e-03   4.162395e-05   38382
  2.897574e+00   6.601354e-03   1.549240e-03   4.334420e-05   36072
  2.903069e+00   6.537689e-03   1.551510e-03   4.122504e-05   37464
  2.908437e+00   6.525356e-03   1.491290e-03   4.297122e-05   34416
  2.913907e+00   6.579204e-03   1.634265e-03   4.175296e-05   37386
  2.919336e+00   6.819337e-03   1.560351e-03   4.495443e-05   37040
  2.924747e+00   6.613418e-03   1.519091e-03   4.303727e-05   36240
  2.930120e+00   6.475576e-03   1.620578e-03   4.177078e-05   36432
  2.935572e+00   6.428183e-03   1.530037e-03   4.116915e-05   37560
  2.941044e+00   6.609964e-03   1.585551e-03   4.353436e-05   37350
  2.946615e+00   6.612086e-03   1.620920e-03   4.240208e-05   38616
  2.952019e+00   6.516011e-03   1.527850e-03   4.226990e-05   37092
  2.957454e+00   6.492474e-03   1.469269e-03   4.143230e-05   37272
  2.962879e+00   6.402627e-03   1.617603e-03   4.149580e-05   37616
  2.968367e+00   6.490509e-03   1.566567e-03   4.066032e-05   38478
  2.973773e+00   6.608091e-03   1.591818e-03   4.296299e-05   37992
  2.979169e+00   6.484593e-03   1.560915e-03   4.123949e-05   38232
  2.984576e+00   6.352050e-03   1.529810e-03   4.107603e-05   36708
  2.989998e+00   6.410384e-03   1.601300e-03   4.036606e-05   39534
  2.995476e+00   6.632994e-03   1.604456e-03   4.286896e-05   39336
  3.000916e+00   6.541919e-03   1.543508e-03   4.276535e-05   37624
  3.006363e+00   6.421351e-03   1.579336e-03   3.985702e-05   40408
  3.011852e+00   6.366559e-03   1.510623e-03   4.016574e-05   38256
  3.017315e+00   6.512836e-03   1.543281e-03   4.164817e-05   39438
  3.022829e+00   6.472296e-03   1.592476e-03   4.014770e-05   40524
  3.028194e+00   6.491758e-03   1.503499e-03   4.139132e-05   38448
  3.033601e+00   6.405879e-03   1.582383e-03   4.123394e-05   39312
  3.038992e+00   6.354218e-03   1.512689e-03   4.089114e-05   38718
  3.044403e+00   6.521638e-03   1.614057e-03   4.222245e-05   40872
  3.049845e+00   6.389385e-03   1.532666e-03   4.087990e-05   40088
  3.055371e+00   6.481257e-03   1.633644e-03   4.126160e-05   40644
  3.060822e+00   6.283252e-03   1.532935e-03   3.992475e-05   40176
  3.066304e+00   6.382207e-03   1.625298e-03   3.990452e-05   40998
  3.071650e+00   6.632630e-03   1.490471e-03   4.452226e-05   39192
  3.077083e+00   6.517527e-03   1.573750e-03   4.262931e-05   41640
  3.082545e+00   6.340890e-03   1.578537e-03   4.019543e-05   41400
  3.087927e+00   6.340798e-03   1.553632e-03   4.121442e-05   38640
  3.093396e+00   6.472362e-03   1.594261e-03   3.997240e-05   43658
  3.098867e+00   6.412289e-03   1.533241e-03   4.151663e-05   40608
  3.104282e+00   6.342292e-03   1.565192e-03   4.013807e-05   41880
  3.109810e+00   6.421173e-03   1.547184e-03   4.085135e-05   41712
  3.115335e+00   6.355703e-03   1.615131e-03   3.985578e-05   42942
  3.120741e+00   6.478624e-03   1.534331e-03   4.251576e-05   40896
  3.126165e+00   6.427131e-03   1.580796e-03   4.062131e-05   42708
  3.131542e+00   6.402323e-03   1.496179e-03   4.107232e-05   40968
  3.137007e+00   6.277372e-03   1.625543e-03   3.935116e-05   43496
  3.142457e+00   6.479463e-03   1.556121e-03   4.207746e-05   41454
  3.147915e+00   6.428390e-03   1.607241e-03   4.084161e-05   43704
  3.153202e+00   6.256393e-03   1.481093e-03   4.131490e-05   41208
  3.158685e+00   6.239973e-03   1.625130e-03   3.963701e-05   43944
  3.164222e+00   6.117292e-03   1.568163e-03   3.831536e-05   43218
  3.169711e+00   6.299400e-03   1.573649e-03   4.094372e-05   44136
  3.175074e+00   6.300994e-03   1.550274e-03   4.059797e-05   42304
  3.180483e+00   6.248294e-03   1.574816e-03   4.030690e-05   43096
  3.185809e+00   6.150364e-03   1.541007e-03   3.982436e-05   43464
  3.191366e+00   3.664819e-03   1.606948e-03   3.078247e-05   44382
  3.196804e+00   8.342917e-04   1.605225e-03   4.701513e-06   44316
  3.202282e+00   8.191963e-04   1.582905e-03   4.661632e-06   44592
  3.207694e+00   7.880627e-04   1.548943e-03   4.443041e-06   44328
  3.213178e+00   7.708275e-04   1.523706e-03   4.485816e-06   43560
  3.218610e+00   7.581242e-04   1.570802e-03   4.484062e-06   44763
  3.224020e+00   7.239153e-04   1.574927e-03   4.218503e-06   44216
  3.229465e+00   7.170674e-04   1.604748e-03   4.251552e-06   45144
  3.234953e+00   6.896928e-04   1.525298e-03   4.195576e-06   42876
  3.240354e+00   6.735533e-04   1.662551e-03   3.936958e-06   46164
  3.245765e+00   6.565054e-04   1.526236e-03   3.935165e-06   42360
  3.251284e+00   6.310589e-04   1.607148e-03   3.765032e-06   45324
  3.256678e+00   6.161193e-04   1.599342e-03   3.693778e-06   43320
  3.262107e+00   6.051512e-04   1.611675e-03   3.649332e-06   44580
  3.267667e+00   5.863464e-04   1.609815e-03   3.456349e-06   44468
  3.273119e+00   5.696757e-04   1.531376e-03   3.404392e-06   43416
  3.278411e+00   5.589800e-04   1.520505e-03   3.479675e-06   42264
  3.283884e+00   5.473003e-04   1.597197e-03   3.334017e-06   44580
  3.289368e+00   5.359569e-04   1.621337e-03   3.256636e-06   43824
  3.294829e+00   5.122172e-04   1.523757e-03   3.157478e-06   43392
  3.300224e+00   5.185577e-04   1.553494e-03   3.166333e-06   43296
  3.305724e+00   5.034024e-04   1.495301e-03   3.132993e-06   42656
  3.311087e+00   4.898435e-04   1.596934e-03   3.022311e-06   43728
  3.316591e+00   4.888306e-04   1.610238e-03   3.013896e-06   43536
  3.322030e+00   4.723527e-04   1.602586e-03   2.953708e-06   42180
  3.327473e+00   4.570235e-04   1.551796e-03   2.789999e-06   44136
  3.332939e+00   4.549076e-04   1.563744e-03   2.854275e-06   42372
  3.338336e+00   4.441230e-04   1.528428e-03   2.746268e-06   41604
  3.343731e+00   4.434561e-04   1.610433e-03   2.732831e-06   43440
  3.349182e+00   4.274204e-04   1.611663e-03   2.651927e-06   42488
  3.354561e+00   4.247133e-04   1.547466e-03   2.679898e-06   41496
  3.360074e+00   4.148425e-04   1.615298e-03   2.507163e-06   44112
  3.365562e+00   4.150273e-04   1.540359e-03   2.573205e-06   41688
  3.370956e+00   4.027840e-04   1.604620e-03   2.549565e-06   42276
  3.376369e+00   4.003735e-04   1.547681e-03   2.521869e-06   41172
  3.381820e+00   3.805412e-04   1.622702e-03   2.253631e-06   43536
  3.387296e+00   3.826046e-04   1.510509e-03   2.332749e-06   41496
  3.392714e+00   3.774338e-04   1.602713e-03   2.351029e-06   40764
  3.398118e+00   3.750148e-04   1.572660e-03   2.306200e-06   43220
  3.403602e+00   3.613655e-04   1.558712e-03   2.211529e-06   41076
  3.409040e+00   3.615663e-04   1.557898e-03   2.174785e-06   41532
  3.414506e+00   3.565475e-04   1.586149e-03   2.194442e-06   41928
  3.419924e+00   3.549585e-04   1.518385e-03   2.158624e-06   41412
  3.425338e+00   3.492165e-04   1.580228e-03   2.209138e-06   40032
  3.430721e+00   3.451918e-04   1.567201e-03   2.115011e-06   41880
  3.436133e+00   3.346797e-04   1.559578e-03   2.072549e-06   40264
  3.441614e+00   3.320547e-04   1.596952e-03   1.991344e-06   42592
  3.447111e+00   3.211916e-04   1.531936e-03   1.989607e-06   39588
  3.452537e+00   3.227036e-04   1.583857e-03   1.935492e-06   42180
  3.457928e+00   3.176873e-04   1.528129e-03   2.034704e-06   39240
  3.463345e+00   3.215079e-04   1.603997e-03   1.938049e-06   40920
  3.468834e+00   3.066223e-04   1.583230e-03   1.814553e-06   41184
  3.474296e+00   3.056389e-04   1.568330e-03   1.867781e-06   40872
  3.479702e+00   3.051662e-04   1.491774e-03   1.881676e-06   38748
  3.485168e+00   3.051410e-04   1.587794e-03   1.820123e-06   41420
  3.490553e+00   2.950103e-04   1.557380e-03   1.818662e-06   39816
  3.496030e+00   2.945256e-04   1.561371e-03   1.806112e-06   39792
  3.501436e+00   2.846393e-04   1.491602e-03   1.731432e-06   39816
  3.506965e+00   2.827085e-04   1.612108e-03   1.695412e-06   41064
  3.512408e+00   2.837416e-04   1.546522e-03   1.720472e-06   39204
  3.517925e+00   2.743066e-04   1.631952e-03   1.651295e-06   40080
  3.523223e+00   2.768478e-04   1.507994e-03   1.714022e-06   38332
  3.528672e+00   2.723140e-04   1.573899e-03   1.633421e-06   39952
  3.534102e+00   2.743726e-04   1.572293e-03   1.672069e-06   39000
  3.539668e+00   2.644526e-04   1.614601e-03   1.567134e-06   40356
  3.545098e+00   2.587249e-04   1.584135e-03   1.555639e-06   39300
  3.550517e+00   2.587819e-04   1.562974e-03   1.610089e-06   37452
  3.555894e+00   2.578573e-04   1.549762e-03   1.562678e-06   39732
  3.561429e+00   2.550551e-04   1.557625e-03   1.544234e-06   39312
  3.566817e+00   2.532959e-04   1.583965e-03   1.525690e-06   37632
  3.572234e+00   2.509104e-04   1.557396e-03   1.542777e-06   38420
  3.577674e+00   2.497008e-04   1.609595e-03   1.482307e-06   39564
  3.583132e+00   2.427253e-04   1.548840e-03   1.481808e-06   37236
  3.588516e+00   2.445816e-04   1.565848e-03   1.491743e-06   38100
  3.593924e+00   2.353765e-04   1.539495e-03   1.423653e-06   38208
  3.599440e+00   2.391250e-04   1.602149e-03   1.444503e-06   39072
  3.604845e+00   2.365523e-04   1.480860e-03   1.476280e-06   36192
  3.610293e+00   2.353973e-04   1.600910e-03   1.441814e-06   38928
  3.615801e+00   2.290284e-04   1.590552e-03   1.379070e-06   38768
  3.621383e+00   2.265496e-04   1.562835e-03   1.381738e-06   37596
  3.626841e+00   2.263861e-04   1.555898e-03   1.388442e-06   37296
  3.632194e+00   2.281255e-04   1.557356e-03   1.402093e-06   36948
  3.637577e+00   2.263589e-04   1.597343e-03   1.389129e-06   37248
  3.643147e+00   2.225571e-04   1.577439e-03   1.362005e-06   37152
  3.648492e+00   2.149926e-04   1.574751e-03   1.304813e-06   37512
  3.653954e+00   2.162432e-04   1.507515e-03   1.320475e-06   35876
  3.659374e+00   2.132458e-04   1.606552e-03   1.274328e-06   36936
  3.664880e+00   2.163202e-04   1.600548e-03   1.308206e-06   38028
  3.670348e+00   2.112205e-04   1.522914e-03   1.308265e-06   35592
  3.675687e+00   2.120505e-04   1.511337e-03   1.318956e-06   35508
  3.681088e+00   2.058892e-04   1.567228e-03   1.250799e-06   36492
  3.686612e+00   2.062648e-04   1.616757e-03   1.231061e-06   37608
  3.692081e+00   2.048054e-04   1.595280e-03   1.264287e-06   34848
  3.697390e+00   2.044747e-04   1.496163e-03   1.267845e-06   35220
  3.702857e+00   2.024063e-04   1.560827e-03   1.213787e-06   36884
  3.708318e+00   1.999014e-04   1.549021e-03   1.226475e-06   35412
  3.713858e+00   2.000937e-04   1.603888e-03   1.225366e-06   35652
  3.719249e+00   1.957482e-04   1.603516e-03   1.195313e-06   36072
  3.724653e+00   1.951707e-04   1.545362e-03   1.227138e-06   34368
  3.730119e+00   1.946611e-04   1.565390e-03   1.192014e-06   35484
  3.735586e+00   1.896628e-04   1.549559e-03   1.151397e-06   35256
  3.740941e+00   1.897470e-04   1.612995e-03   1.173210e-06   34476
  3.746410e+00   1.879911e-04   1.582486e-03   1.176561e-06   34916
  3.751834e+00   1.882769e-04   1.560509e-03   1.169859e-06   34596
  3.757263e+00   1.882373e-04   1.526486e-03   1.155315e-06   34656
  3.762714e+00   1.831458e-04   1.581266e-03   1.119725e-06   34596
  3.768200e+00   1.818511e-04   1.534004e-03   1.128154e-06   33984
  3.773562e+00   1.777924e-04   1.566114e-03   1.115586e-06   34080
  3.778963e+00   1.821461e-04   1.572881e-03   1.148718e-06   34140
  3.784487e+00   1.827377e-04   1.624544e-03   1.155151e-06   33804
  3.789951e+00   1.798219e-04   1.561511e-03   1.102939e-06   35096
  3.795448e+00   1.801370e-04   1.548108e-03   1.151751e-06   33108
  3.800788e+00   1.785560e-04   1.540015e-03   1.156517e-06   32280
  3.806205e+00   1.755545e-04   1.567716e-03   1.087305e-06   34404
  3.811718e+00   1.746188e-04   1.599739e-03   1.088824e-06   34248
  3.817250e+00   1.734628e-04   1.498979e-03   1.116669e-06   32016
  3.822674e+00   1.716493e-04   1.582258e-03   1.070880e-06   34344
  3.828141e+00   1.715696e-04   1.521407e-03   1.095442e-06   32024
  3.833419e+00   1.693202e-04   1.577025e-03   1.092245e-06   31908
  3.838903e+00   1.705067e-04   1.580344e-03   1.047629e-06   33192
  3.844404e+00   1.684780e-04   1.637429e-03   1.061613e-06   33288
  3.849795e+00   1.674228e-04   1.490950e-03   1.115746e-06   31356
  3.855259e+00   1.665639e-04   1.613715e-03   1.045750e-06   32496
  3.860695e+00   1.651642e-04   1.533804e-03   1.058271e-06   31944
  3.866002e+00   1.629288e-04   1.574956e-03   1.052438e-06   31512
  3.871427e+00   1.625509e-04   1.528683e-03   1.057548e-06   31156
  3.876990e+00   1.616106e-04   1.610722e-03   1.013274e-06   33352
  3.882440e+00   1.615066e-04   1.562321e-03   1.041583e-06   31344
  3.887945e+00   1.615078e-04   1.617631e-03   1.049708e-06   31068
  3.893365e+00   1.604756e-04   1.595427e-03   1.029037e-06   31752
  3.898694e+00   1.595122e-04   1.472715e-03   1.050157e-06   29868
  3.904158e+00   1.590444e-04   1.618311e-03   1.033228e-06   32052
  3.909662e+00   1.569741e-04   1.535519e-03   1.031040e-06   30012
  3.915037e+00   1.559443e-04   1.611064e-03   9.993408e-07   31520
  3.920567e+00   1.533670e-04   1.575150e-03   1.005801e-06   30648
  3.925929e+00   1.517527e-04   1.553739e-03   1.033474e-06   29304
  3.931379e+00   1.556771e-04   1.540483e-03   1.030596e-06   31140
  3.936935e+00   1.532035e-04   1.641115e-03   1.005654e-06   31320
  3.942387e+00   1.529058e-04   1.548803e-03   1.054130e-06   28356
  3.947754e+00   1.498830e-04   1.583135e-03   1.012982e-06   30288
  3.953106e+00   1.506612e-04   1.573376e-03   1.007339e-06   29472
  3.958489e+00   1.502287e-04   1.555320e-03   1.030633e-06   28716
  3.964046e+00   1.477018e-04   1.543510e-03   9.908784e-07   30740
  3.969538e+00   1.479635e-04   1.574261e-03   9.950509e-07   29304
  3.974923e+00   1.451156e-04   1.567890e-03   9.956566e-07   28476
  3.980403e+00   1.433754e-04   1.588107e-03   9.546162e-07   29304
  3.985849e+00   1.479165e-04   1.586252e-03   9.939351e-07   29280
  3.991362e+00   1.466030e-04   1.582091e-03   1.009105e-06   29100
  3.996850e+00   1.447033e-04   1.550996e-03   9.941488e-07   27816
  4.002128e+00   1.474798e-04   1.557957e-03   1.030046e-06   27692
  4.007580e+00   1.413482e-04   1.619992e-03   9.473742e-07   29724
  4.013138e+00   1.412775e-04   1.544165e-03   1.009605e-06   27240
  4.018514e+00   1.413174e-04   1.500820e-03   9.645447e-07   27588
  4.023894e+00   1.395363e-04   1.561808e-03   9.781132e-07   28560
  4.029394e+00   1.409220e-04   1.581785e-03   1.012989e-06   26952
  4.034839e+00   1.424282e-04   1.583665e-03   1.008001e-06   27516
  4.040261e+00   1.383164e-04   1.600351e-03   9.620737e-07   28344
  4.045759e+00   1.393722e-04   1.576275e-03   1.019197e-06   26196
  4.051072e+00   1.372877e-04   1.541569e-03   9.849790e-07   26360
  4.056519e+00   1.383805e-04   1.593665e-03   9.628494e-07   28152
  4.062017e+00   1.354311e-04   1.541184e-03   9.815501e-07   25896
  4.067403e+00   1.352455e-04   1.577942e-03   9.768285e-07   26592
  4.072863e+00   1.358804e-04   1.510771e-03   9.750411e-07   26568
  4.078361e+00   1.351608e-04   1.598680e-03   9.618694e-07   26832
  4.083715e+00   1.311546e-04   1.515874e-03   9.761169e-07   24972
  4.089266e+00   1.361527e-04   1.598351e-03   9.789820e-07   27000
  4.094669e+00   1.314142e-04   1.532450e-03   9.605179e-07   25448
  4.100056e+00   1.325089e-04   1.584391e-03   9.849461e-07   25476
  4.105587e+00   1.328301e-04   1.553105e-03   9.947131e-07   25152
  4.110933e+00   1.325926e-04   1.592180e-03   9.898275e-07   25968
  4.116439e+00   1.312901e-04   1.585064e-03   9.820726e-07   25320
  4.121936e+00   1.286263e-04   1.497338e-03   9.979372e-07   23796
  4.127194e+00   1.342333e-04   1.571596e-03   1.009582e-06   25500
  4.132663e+00   1.294950e-04   1.566138e-03   9.827599e-07   24420
  4.138205e+00   1.278498e-04   1.621058e-03   9.698075e-07   24656
  4.143555e+00   1.297871e-04   1.535877e-03   9.888386e-07   24036
  4.148982e+00   1.311909e-04   1.588370e-03   1.006733e-06   24528
  4.154373e+00   1.246470e-04   1.534446e-03   1.000203e-06   23004
  4.159821e+00   1.283630e-04   1.575770e-03   9.973823e-07   24576
  4.165293e+00   1.277909e-04   1.505141e-03   9.780592e-07   23736
  4.170760e+00   1.236420e-04   1.599171e-03   9.418089e-07   23712
  4.176262e+00   1.275974e-04   1.552705e-03   1.011710e-06   22992
  4.181681e+00   1.273438e-04   1.541976e-03   1.002198e-06   23984
  4.187096e+00   1.248889e-04   1.540203e-03   1.009145e-06   22344
  4.192540e+00   1.246180e-04   1.562907e-03   9.910065e-07   22536
  4.197951e+00   1.267542e-04   1.546870e-03   1.000706e-06   23268
  4.203353e+00   1.244876e-04   1.588651e-03   1.018898e-06   22152
  4.208799e+00   1.220540e-04   1.568712e-03   1.011562e-06   22068
  4.214381e+00   1.250934e-04   1.610904e-03   9.926047e-07   23664
  4.219765e+00   1.222946e-04   1.496014e-03   1.035759e-06   20640
  4.225141e+00   1.208471e-04   1.587688e-03   9.994350e-07   22376
  4.230687e+00   1.224003e-04   1.561479e-03   1.025809e-06   21444
  4.236032e+00   1.235456e-04   1.618016e-03   1.025346e-06   21576
  4.241470e+00   1.205687e-04   1.604143e-03   1.049913e-06   21660
  4.247060e+00   1.213452e-04   1.622088e-03   1.025251e-06   20916
  4.252463e+00   1.224193e-04   1.591059e-03   1.044954e-06   21504
  4.257831e+00   1.185452e-04   1.516262e-03   1.051669e-06   20508
  4.263333e+00   1.176881e-04   1.620094e-03   1.031938e-06   20036
  4.268738e+00   1.208329e-04   1.567896e-03   1.035056e-06   21276
  4.274208e+00   1.172853e-04   1.552204e-03   1.020287e-06   20652
  4.279668e+00   1.167190e-04   1.544650e-03   1.083825e-06   18696
  4.285116e+00   1.201411e-04   1.616732e-03   1.044776e-06   21504
  4.290573e+00   1.181097e-04   1.511985e-03   1.056823e-06   19284
  4.296019e+00   1.117483e-04   1.630585e-03   1.001273e-06   19356
  4.301432e+00   1.171587e-04   1.540949e-03   1.073478e-06   19236
  4.306795e+00   1.223579e-04   1.571095e-03   1.156794e-06   19476
  4.312272e+00   1.103621e-04   1.634853e-03   1.016015e-06   19184
  4.317835e+00   1.134706e-04   1.583822e-03   1.041037e-06   18852
  4.323254e+00   1.219365e-04   1.533201e-03   1.133204e-06   18876
  4.328571e+00   1.108141e-04   1.593847e-03   1.065471e-06   18336
  4.334078e+00   1.109188e-04   1.599281e-03   1.080608e-06   17820
  4.339614e+00   1.195703e-04   1.614145e-03   1.157283e-06   19392
  4.344985e+00   1.110352e-04   1.598282e-03   1.074174e-06   17616
  4.350318e+00   1.055272e-04   1.504639e-03   1.054417e-06   16320
  4.355861e+00   1.152226e-04   1.629545e-03   1.100558e-06   19292
  4.361241e+00   1.131538e-04   1.561011e-03   1.171837e-06   17112
  4.366853e+00   1.055075e-04   1.582117e-03   1.044675e-06   17388
  4.372327e+00   1.119367e-04   1.481209e-03   1.175165e-06   16692
  4.377488e+00   1.136997e-04   1.566835e-03   1.175015e-06   16956
  4.383124e+00   1.033504e-04   1.580304e-03   1.019444e-06   17040
  4.388630e+00   1.084205e-04   1.563733e-03   1.143264e-06   16092
  4.393862e+00   1.146481e-04   1.553118e-03   1.216613e-06   16380
  4.399428e+00   1.046185e-04   1.596421e-03   1.131199e-06   16688
  4.404886e+00   1.025357e-04   1.596956e-03   1.132615e-06   14940
  4.410242e+00   1.119251e-04   1.605748e-03   1.208091e-06   16668
  4.415795e+00   1.048474e-04   1.568026e-03   1.140995e-06   15804
  4.421181e+00   1.016902e-04   1.557131e-03   1.145619e-06   14280
  4.426622e+00   1.111042e-04   1.532886e-03   1.222416e-06   16068
  4.432054e+00   1.034618e-04   1.562272e-03   1.158301e-06   15048
  4.437457e+00   1.031448e-04   1.592183e-03   1.181954e-06   13940
  4.442869e+00   1.049579e-04   1.521708e-03   1.185850e-06   15072
  4.448295e+00   1.033706e-04   1.622238e-03   1.182703e-06   14808
  4.453669e+00   9.767202e-05   1.506280e-03   1.135541e-06   13200
  4.459194e+00   9.864858e-05   1.595625e-03   1.092448e-06   15156
  4.464724e+00   1.062114e-04   1.556013e-03   1.258973e-06   13788
  4.470151e+00   9.750586e-05   1.533533e-03   1.196589e-06   13608
  4.475573e+00   9.652264e-05   1.461946e-03   1.169002e-06   13224
  4.480979e+00   1.021639e-04   1.576198e-03   1.277260e-06   13320
  4.486355e+00   9.736117e-05   1.554184e-03   1.215058e-06   13220
  4.491886e+00   9.330722e-05   1.570846e-03   1.120655e-06   12984
  4.497444e+00   9.947967e-05   1.589998e-03   1.281359e-06   12780
  4.502691e+00   9.154500e-05   1.504822e-03   1.186261e-06   12360
  4.508225e+00   9.167390e-05   1.583198e-03   1.143700e-06   12480
  4.513746e+00   9.498730e-05   1.537784e-03   1.220306e-06   11892
  4.519015e+00   9.073652e-05   1.594395e-03   1.232556e-06   12192
  4.524529e+00   8.937360e-05   1.563074e-03   1.163715e-06   11328
  4.530016e+00   8.563316e-05   1.657530e-03   1.109539e-06   12020
  4.535376e+00   8.902572e-05   1.523948e-03   1.201145e-06   11052
  4.540948e+00   8.181363e-05   1.618906e-03   1.011129e-06   11304
  4.546169e+00   8.136541e-05   1.489624e-03   1.068993e-06   10368
  4.551511e+00   8.395145e-05   1.550098e-03   1.097683e-06   10899
  4.557146e+00   8.198338e-05   1.554021e-03   1.079520e-06   10752
  4.562496e+00   7.877331e-05   1.559799e-03   1.086629e-06   10446
  4.568012e+00   7.923387e-05   1.535197e-03   9.978948e-07   10092
  4.573476e+00   7.456927e-05   1.555534e-03   9.489019e-07   10220
  4.578755e+00   7.905120e-05   1.523556e-03   1.127428e-06   9636
  4.584373e+00   7.531965e-05   1.567355e-03   9.906640e-07   10020
  4.589883e+00   7.210120e-05   1.628387e-03   9.699751e-07   9906
  4.595217e+00   7.378481e-05   1.510439e-03   1.020471e-06   8940
  4.600749e+00   7.414064e-05   1.531752e-03   1.005500e-06   9558
  4.606151e+00   7.185913e-05   1.668091e-03   1.033034e-06   9180
  4.611496e+00   7.290220e-05   1.596941e-03   1.023039e-06   8674
  4.617087e+00   7.055308e-05   1.587385e-03   9.241492e-07   9454
  4.622489e+00   6.873880e-05   1.631486e-03   9.892267e-07   8316
  4.627854e+00   6.854208e-05   1.608919e-03   9.123379e-07   8622
  4.633459e+00   6.771567e-05   1.597569e-03   8.967798e-07   9006
  4.638817e+00   6.377685e-05   1.610282e-03   9.144699e-07   7698
  4.644188e+00   6.772129e-05   1.545067e-03   9.378476e-07   8406
  4.649796e+00   6.332086e-05   1.648676e-03   8.365316e-07   8646
  4.655134e+00   6.428396e-05   1.566555e-03   9.498128e-07   7014
  4.660482e+00   6.478922e-05   1.557241e-03   8.973350e-07   8510
  4.666168e+00   6.293209e-05   1.641235e-03   8.513197e-07   7890
  4.671505e+00   5.882849e-05   1.574407e-03   8.395960e-07   6966
  4.676764e+00   6.329526e-05   1.504915e-03   8.697869e-07   7902
  4.682374e+00   6.222631e-05   1.641329e-03   8.984103e-07   7278
  4.687828e+00   5.764576e-05   1.612380e-03   7.978577e-07   7338
  4.693196e+00   6.042079e-05   1.493392e-03   8.451099e-07   7254
  4.698697e+00   5.974046e-05   1.608386e-03   8.459774e-07   6678
  4.704032e+00   5.861533e-05   1.606870e-03   8.199800e-07   7286
  4.709691e+00   6.199372e-05   1.589718e-03   9.302163e-07   7200
  4.715313e+00   5.940588e-05   1.543001e-03   8.805022e-07   6234
  4.720293e+00   5.692153e-05   1.546551e-03   8.291173e-07   6630
  4.725937e+00   5.896114e-05   1.594739e-03   8.816682e-07   6822
  4.731533e+00   5.634847e-05   1.502372e-03   9.135311e-07   6078
  4.736631e+00   5.691873e-05   1.597130e-03   8.705885e-07   6528
  4.742272e+00   5.729474e-05   1.526400e-03   8.452837e-07   6034
  4.747672e+00   5.144581e-05   1.563107e-03   7.347963e-07   6190
  4.753036e+00   5.730953e-05   1.605909e-03   8.895601e-07   6270
  4.758704e+00   5.770657e-05   1.444203e-03   9.184863e-07   5520
  4.763890e+00   5.130342e-05   1.616958e-03   7.360296e-07   6126
  4.769317e+00   5.593584e-05   1.511987e-03   8.861851e-07   5562
  4.775011e+00   5.318926e-05   1.511880e-03   7.831029e-07   5790
  4.780175e+00   5.135440e-05   1.547880e-03   7.936644e-07   5496
  4.785646e+00   5.447715e-05   1.559064e-03   8.636324e-07   5262
  4.791216e+00   5.121177e-05   1.535486e-03   8.062174e-07   5774
  4.796542e+00   5.267174e-05   1.521126e-03   8.091141e-07   5124
  4.802154e+00   5.390749e-05   1.525856e-03   8.845202e-07   5070
  4.807432e+00   5.185618e-05   1.588341e-03   7.810433e-07   5430
  4.812826e+00   5.086565e-05   1.483666e-03   8.456282e-07   4680
  4.818540e+00   5.054431e-05   1.536582e-03   7.683876e-07   5370
  4.823790e+00   5.122066e-05   1.468016e-03   8.384084e-07   4638
  4.829137e+00   5.068892e-05   1.543205e-03   8.607894e-07   4536
  4.834713e+00   4.938316e-05   1.545277e-03   7.891087e-07   5222
  4.840070e+00   4.764562e-05   1.418031e-03   8.039726e-07   4254
  4.845561e+00   5.040293e-05   1.563113e-03   8.578397e-07   4548
  4.850865e+00   4.755225e-05   1.515896e-03   7.628114e-07   4638
  4.856279e+00   4.926547e-05   1.496620e-03   8.191262e-07   4176
  4.861899e+00   4.821952e-05   1.501804e-03   7.829035e-07   4518
  4.867234e+00   4.984828e-05   1.513137e-03   8.663472e-07   4278
  4.872549e+00   4.906929e-05   1.464028e-03   8.924618e-07   3732
  4.877994e+00   4.620605e-05   1.546653e-03   7.762918e-07   4502
  4.883481e+00   4.872766e-05   1.503470e-03   8.538037e-07   3984
  4.889020e+00   4.841759e-05   1.557569e-03   8.617561e-07   3726
  4.894174e+00   4.909845e-05   1.501292e-03   9.132568e-07   4014
  4.899605e+00   4.824262e-05   1.574381e-03   8.516447e-07   3756
  4.905398e+00   4.518186e-05   1.580112e-03   7.822492e-07   3894
  4.910659e+00   4.827792e-05   1.546203e-03   8.529808e-07   3744
  4.915968e+00   4.817973e-05   1.571823e-03   9.067128e-07   3174
  4.921505e+00   4.627422e-05   1.608835e-03   8.099464e-07   3968
  4.926991e+00   4.482441e-05   1.622395e-03   8.573449e-07   3522
  4.932722e+00   4.737641e-05   1.666295e-03   8.835358e-07   3198
  4.937920e+00   4.383130e-05   1.632144e-03   7.381517e-07   3648
  4.943345e+00   4.723018e-05   1.659133e-03   9.016211e-07   3054
  4.949062e+00   4.445398e-05   1.560433e-03   8.406880e-07   3312
  4.954266e+00   4.494936e-05   1.648372e-03   8.631975e-07   3354
  4.959775e+00   4.620653e-05   1.630010e-03   9.878788e-07   2624
  4.965165e+00   4.423706e-05   1.590230e-03   7.923934e-07   3462
  4.970648e+00   4.603190e-05   1.658767e-03   8.933183e-07   2976
  4.976433e+00   4.393298e-05   1.570247e-03   8.773227e-07   2670
  4.981450e+00   4.491955e-05   1.634562e-03   8.880294e-07   3186
  4.986828e+00   4.669750e-05   1.526978e-03   1.039108e-06   2376
  4.992553e+00   4.373572e-05   1.609692e-03   8.094335e-07   3102
  4.997840e+00   4.496440e-05   1.575648e-03   9.149481e-07   2688
  5.003337e+00   4.593546e-05   1.643829e-03   1.043899e-06   2286
  5.008726e+00   4.413830e-05   1.585579e-03   8.607071e-07   3020
  5.014174e+00   4.501203e-05   1.510259e-03   9.854795e-07   2310
  5.019958e+00   4.426395e-05   1.669065e-03   9.312855e-07   2544
  5.025112e+00   4.317021e-05   1.556079e-03   8.638714e-07   2526
  5.030503e+00   4.662856e-05   1.598055e-03   1.119704e-06   2112
  5.036149e+00   4.448912e-05   1.535784e-03   9.395460e-07   2538
  5.041490e+00   4.552819e-05   1.597743e-03   1.026572e-06   2304
  5.046925e+00   4.723237e-05   1.576461e-03   1.147467e-06   1902
  5.052197e+00   4.440529e-05   1.506026e-03   9.716047e-07   2408
  5.057655e+00   4.540225e-05   1.588655e-03   1.070116e-06   2094
  5.063468e+00   4.405323e-05   1.618622e-03   1.014923e-06   2028
  5.068570e+00   4.521715e-05   1.535323e-03   1.036878e-06   2094
  5.073985e+00   4.302570e-05   1.674958e-03   9.717189e-07   1920
  5.079736e+00   4.439457e-05   1.412176e-03   1.009112e-06   1926
  5.084997e+00   4.428644e-05   1.648354e-03   1.004828e-06   2088
  5.090349e+00   4.444819e-05   1.445979e-03   1.198174e-06   1434
  5.095727e+00   4.322580e-05   1.528869e-03   1.010182e-06   2048
  5.101055e+00   4.349913e-05   1.524439e-03   1.124956e-06   1758
  5.106921e+00   4.515511e-05   1.681850e-03   1.144189e-06   1584
  5.112297e+00   4.494639e-05   1.666289e-03   1.113892e-06   1998
  5.117737e+00   4.539616e-05   1.517710e-03   1.271960e-06   1428
  5.123436e+00   4.294934e-05   1.270388e-03   1.208754e-06   1488
  5.128415e+00   4.618279e-05   1.618345e-03   1.124501e-06   1806
  5.133668e+00   4.622960e-05   1.473287e-03   1.500008e-06   1040
  5.139281e+00   4.528882e-05   1.543732e-03   1.079433e-06   1782
  5.144417e+00   4.395749e-05   1.459353e-03   1.228821e-06   1428
  5.150558e+00   4.402841e-05   1.752291e-03   1.362924e-06   1206
  5.155754e+00   4.297767e-05   1.628015e-03   1.150369e-06   1728
  5.160990e+00   4.076618e-05   1.525739e-03   1.391128e-06   1038
  5.167027e+00   4.581467e-05   1.237946e-03   1.282790e-06   1248
  5.171798e+00   4.742188e-05   1.578785e-03   1.196487e-06   1530
  5.177034e+00   4.779683e-05   1.447012e-03   2.102677e-06   656
  5.182884e+00   4.627972e-05   1.622270e-03   1.138499e-06   1662
  5.187826e+00   4.516541e-05   1.343030e-03   1.500173e-06   1008
  5.194344e+00   4.606826e-05   1.783380e-03   1.547889e-06   960
  5.199238e+00   4.623099e-05   1.533522e-03   1.377185e-06   1458
  5.204352e+00   4.537543e-05   1.515264e-03   1.981203e-06   672
  5.210626e+00   4.614656e-05   1.187605e-03   1.457484e-06   1062
  5.215066e+00   4.614321e-05   1.540654e-03   1.401089e-06   1224
  5.220385e+00   4.437433e-05   1.345767e-03   2.238338e-06   374
  5.226378e+00   4.586316e-05   1.617607e-03   1.191354e-06   1512
  5.231226e+00   4.555614e-05   1.355537e-03   1.839076e-06   666
  5.238164e+00   4.560994e-05   1.657312e-03   1.737426e-06   720
  5.242515e+00   4.965910e-05   1.484148e-03   1.464918e-06   1224
  5.247863e+00   5.043574e-05   1.475424e-03   2.585667e-06   390
  5.254263e+00   4.519727e-05   1.097036e-03   1.533025e-06   936
  5.258334e+00   4.999278e-05   1.565258e-03   1.711161e-06   882
  5.264148e+00   4.340075e-05   1.528292e-03   3.218861e-06   216
  5.269800e+00   4.786445e-05   1.517469e-03   1.401916e-06   1286
  5.274591e+00   4.956936e-05   1.267641e-03   2.611811e-06   384
  5.281913e+00   4.431153e-05   1.595845e-03   2.033644e-06   576
  5.285704e+00   4.913858e-05   1.430314e-03   1.664391e-06   930
  5.291130e+00   4.984682e-05   1.405067e-03   3.117771e-06   216
  5.298050e+00   4.857917e-05   1.127871e-03   1.610768e-06   918
  5.302037e+00   5.404702e-05   1.519148e-03   2.404799e-06   480
  5.307441e+00   5.216454e-05   1.280066e-03   6.173854e-06   78
  5.313052e+00   5.079459e-05   1.383681e-03   1.811987e-06   1052
  5.318233e+00   5.665424e-05   1.611134e-03   3.755557e-06   240
  5.326163e+00   5.307838e-05   5.882336e-04   2.535083e-06   438
  5.328872e+00   5.160360e-05   1.360971e-03   2.203857e-06   648
  5.333924e+00   6.260623e-05   1.123687e-03   6.340515e-06   78
  5.341457e+00   4.868631e-05   9.804401e-04   1.728952e-06   780
  5.345244e+00   6.079709e-05   1.368055e-03   4.374132e-06   240
  5.349910e+00   6.184834e-05   0.000000e+00   1.892132e-05   6
  5.356198e+00   4.843274e-05   1.253222e-03   1.623540e-06   824
  5.360748e+00   4.216307e-05   9.688384e-04   3.574813e-06   78
  5.369722e+00   5.478433e-05   5.065474e-04   2.679302e-06   432
  5.372065e+00   5.568982e-05   1.225115e-03   3.245261e-06   348
  5.376527e+00   5.320094e-05   0.000000e+00   1.328628e-05   6
  5.384681e+00   5.701009e-05   8.661160e-04   2.579019e-06   600
  5.387907e+00   6.088053e-05   8.155581e-04   6.736173e-06   78
  5.399271e+00   5.489877e-05   1.072115e-03   2.263574e-06   572
  5.403481e+00   4.382762e-05   0.000000e+00   6.833128e-06   6
  5.413189e+00   5.962356e-05   5.033701e-04   2.718812e-06   384
  5.415134e+00   5.633258e-05   7.482049e-04   5.916821e-06   102
  5.427858e+00   6.220367e-05   7.359585e-04   3.437810e-06   396
  5.430766e+00   9.739834e-05   0.000000e+00   2.793023e-05   6
  5.442225e+00   6.230474e-05   6.658608e-04   3.464711e-06   326
  5.456526e+00   6.632693e-05   4.630285e-04   3.866456e-06   252
  5.458378e+00   5.915385e-05   0.000000e+00   1.466057e-05   6
  5.470933e+00   6.471837e-05   4.213345e-04   5.417698e-06   198
  5.485317e+00   6.178703e-05   3.214857e-04   4.372742e-06   146
  5.499721e+00   6.852895e-05   2.359708e-04   7.923479e-06   102
  5.514144e+00   7.213194e-05   1.639936e-04   8.321111e-06   66
  5.528587e+00   6.159351e-05   1.041522e-04   8.482063e-06   38
  5.543047e+00   2.521569e-05   5.371851e-05   4.910065e-06   18
  5.557519e+00   4.696409e-05   5.754450e-08   1.654360e-05   6
