# power spectrum of chi
# redshift z=3.000000
# k              Pk             sigma(k)       sigma(Pk)      count
  2.513274e-02   4.452698e-21   2.247832e-10   1.816091e-21   6
  3.554306e-02   1.707221e-20   0.000000e+00   4.551662e-21   12
  4.353118e-02   9.436489e-21   4.768372e-10   4.568120e-21   8
  5.026548e-02   6.582167e-21   4.495664e-10   3.003373e-21   6
  5.619852e-02   6.169098e-21   8.991328e-10   1.384278e-21   24
  6.156239e-02   7.079264e-21   6.357829e-10   1.037565e-21   24
  7.416620e-02   6.561732e-21   1.948007e-03   9.819508e-22   42
  7.947671e-02   2.648567e-21   0.000000e+00   4.783304e-22   24
  8.335587e-02   3.593463e-21   1.557344e-09   7.598096e-22   24
  8.972863e-02   2.686236e-21   1.539368e-03   6.199017e-22   32
  9.403811e-02   2.800324e-21   0.000000e+00   3.980919e-22   48
  1.005310e-01   1.071210e-21   8.991328e-10   2.937472e-22   6
  1.049125e-01   1.659181e-21   1.486715e-03   2.024205e-22   84
  1.109741e-01   1.570437e-21   1.422978e-03   1.729308e-22   48
  1.160761e-01   1.599558e-21   1.277655e-03   1.567177e-22   72
  1.231248e-01   8.073578e-22   1.271566e-09   9.287725e-23   24
  1.274204e-01   1.061197e-21   1.133933e-03   1.056236e-22   102
  1.338823e-01   8.142239e-22   2.192492e-03   7.401478e-23   104
  1.376577e-01   6.518261e-22   0.000000e+00   9.853577e-23   48
  1.450967e-01   7.147535e-22   1.454852e-03   6.839899e-23   108
  1.494985e-01   8.486021e-22   1.026108e-03   1.052858e-22   78
  1.544156e-01   5.989800e-22   8.885963e-04   6.171756e-23   96
  1.612033e-01   4.494383e-22   1.252396e-03   3.868788e-23   168
  1.674610e-01   5.192430e-22   1.514588e-03   4.447621e-23   120
  1.704585e-01   2.898461e-22   0.000000e+00   4.386560e-23   48
  1.775076e-01   3.894105e-22   1.466362e-03   2.397550e-23   194
  1.836114e-01   2.735935e-22   1.199745e-03   2.099754e-23   192
  1.889121e-01   2.488838e-22   8.359107e-04   2.479203e-23   96
  1.926375e-01   2.523294e-22   7.114371e-04   2.227278e-23   96
  1.973415e-01   1.986572e-22   1.049518e-03   1.551890e-23   174
  2.036605e-01   1.902239e-22   1.032544e-03   1.537406e-23   216
  2.087655e-01   1.794635e-22   1.069752e-03   1.264355e-23   192
  2.153360e-01   1.234956e-22   1.134051e-03   8.557287e-24   204
  2.199701e-01   1.451811e-22   1.553116e-03   9.160626e-24   224
  2.263855e-01   1.101396e-22   8.767448e-04   7.807203e-24   174
  2.313653e-01   1.281682e-22   1.685384e-03   7.095137e-24   288
  2.375440e-01   9.491522e-23   8.296829e-04   5.427764e-24   288
  2.423661e-01   8.488128e-23   1.600294e-03   4.746569e-24   192
  2.486778e-01   8.997539e-23   1.171093e-03   5.325152e-24   252
  2.526714e-01   7.634961e-23   6.978544e-04   4.809802e-24   246
  2.580960e-01   6.824957e-23   1.324197e-03   3.476110e-24   312
  2.629351e-01   6.494129e-23   8.554600e-04   3.891940e-24   248
  2.695776e-01   5.780769e-23   1.809641e-03   2.695550e-24   432
  2.749286e-01   5.097344e-23   1.515534e-03   4.253022e-24   198
  2.802165e-01   5.292108e-23   1.832967e-03   3.092235e-24   456
  2.863920e-01   3.704433e-23   1.069655e-03   2.031326e-24   324
  2.907627e-01   3.804562e-23   1.266356e-03   2.364349e-24   312
  2.961810e-01   4.146700e-23   1.588477e-03   1.848919e-24   408
  3.029220e-01   3.299021e-23   1.466968e-03   1.530209e-24   414
  3.075580e-01   3.241611e-23   1.269406e-03   1.867983e-24   392
  3.123025e-01   2.803081e-23   1.430245e-03   1.480265e-24   408
  3.185470e-01   2.620761e-23   1.518117e-03   1.166297e-24   444
  3.232898e-01   2.831300e-23   1.227263e-03   1.659083e-24   360
  3.293455e-01   2.251640e-23   1.684453e-03   8.177444e-25   678
  3.357501e-01   2.155547e-23   1.079705e-03   1.053158e-24   360
  3.406722e-01   2.063453e-23   1.778081e-03   7.608616e-25   648
  3.453647e-01   1.938454e-23   8.217968e-04   1.117298e-24   288
  3.513418e-01   1.775961e-23   1.531028e-03   7.166522e-25   686
  3.569625e-01   1.739346e-23   1.138289e-03   8.370275e-25   444
  3.620452e-01   1.752678e-23   1.580989e-03   6.465693e-25   696
  3.671010e-01   1.647285e-23   1.502020e-03   7.947510e-25   408
  3.725872e-01   1.304873e-23   1.554025e-03   4.733040e-25   648
  3.782992e-01   1.344048e-23   1.360625e-03   6.070241e-25   582
  3.833918e-01   1.148931e-23   1.703041e-03   4.051966e-25   744
  3.890113e-01   1.161270e-23   1.700144e-03   4.824334e-25   516
  3.941882e-01   1.159542e-23   1.645265e-03   3.954327e-25   728
  3.989676e-01   9.309981e-24   1.363195e-03   3.428317e-25   558
  4.047392e-01   8.430467e-24   1.374231e-03   2.743211e-25   768
  4.109960e-01   9.588262e-24   1.593026e-03   3.107286e-25   960
  4.164620e-01   8.005454e-24   1.114439e-03   3.305511e-25   576
  4.217163e-01   7.702064e-24   1.808947e-03   2.813961e-25   816
  4.273742e-01   7.253454e-24   1.395616e-03   2.736161e-25   666
  4.323421e-01   6.821002e-24   1.636664e-03   2.159169e-25   960
  4.382783e-01   6.205387e-24   1.614107e-03   2.329881e-25   824
  4.440386e-01   6.397593e-24   1.777416e-03   2.041140e-25   936
  4.493430e-01   5.906025e-24   1.321819e-03   2.433411e-25   624
  4.542288e-01   5.480658e-24   1.556102e-03   1.616227e-25   1062
  4.599003e-01   5.419729e-24   1.695132e-03   1.899585e-25   732
  4.648741e-01   5.324553e-24   1.470856e-03   1.607771e-25   1080
  4.708074e-01   4.860777e-24   1.603534e-03   1.544959e-25   936
  4.761732e-01   3.982287e-24   1.731990e-03   1.408219e-25   878
  4.818260e-01   4.329443e-24   1.755225e-03   1.304622e-25   1152
  4.870749e-01   3.931471e-24   1.356663e-03   1.295281e-25   1056
  4.926568e-01   3.685125e-24   1.602363e-03   1.278325e-25   864
  4.976423e-01   3.769613e-24   1.565217e-03   1.154392e-25   1092
  5.036015e-01   3.739537e-24   1.653531e-03   1.099752e-25   1206
  5.092782e-01   3.319207e-24   1.678014e-03   9.599489e-26   1248
  5.145213e-01   3.069650e-24   1.137149e-03   9.889071e-26   864
  5.191890e-01   2.910525e-24   1.180642e-03   9.142111e-26   1152
  5.252742e-01   3.018971e-24   1.757644e-03   8.119390e-26   1382
  5.312134e-01   3.042706e-24   1.566451e-03   8.905107e-26   1188
  5.364142e-01   2.737652e-24   1.659855e-03   7.903364e-26   1248
  5.413249e-01   2.776138e-24   1.574532e-03   7.743559e-26   1152
  5.467138e-01   2.383146e-24   1.729118e-03   7.036989e-26   1320
  5.526917e-01   2.440183e-24   1.146028e-03   7.216018e-26   1206
  5.576517e-01   2.312054e-24   1.665023e-03   5.647675e-26   1560
  5.635439e-01   2.246657e-24   1.549958e-03   6.582515e-26   1280
  5.685850e-01   1.993386e-24   1.560520e-03   5.298385e-26   1308
  5.741001e-01   1.932474e-24   1.566129e-03   4.734489e-26   1512
  5.795940e-01   1.825591e-24   1.277777e-03   5.022806e-26   1350
  5.852552e-01   1.793308e-24   1.688249e-03   4.455611e-26   1608
  5.900948e-01   1.817406e-24   1.451867e-03   5.096019e-26   1320
  5.957309e-01   1.765908e-24   1.748946e-03   4.586372e-26   1656
  6.008045e-01   1.557295e-24   1.374965e-03   4.526693e-26   1254
  6.066730e-01   1.561422e-24   1.569270e-03   3.565011e-26   1932
  6.122044e-01   1.539862e-24   1.409199e-03   3.839676e-26   1640
  6.176544e-01   1.524926e-24   1.462843e-03   4.097436e-26   1488
  6.227944e-01   1.423022e-24   1.414095e-03   3.696216e-26   1560
  6.286404e-01   1.287314e-24   1.698486e-03   2.878664e-26   2046
  6.340669e-01   1.298134e-24   1.523538e-03   3.349639e-26   1512
  6.393232e-01   1.309429e-24   1.516165e-03   3.151630e-26   1764
  6.445652e-01   1.185738e-24   1.511671e-03   2.755498e-26   1776
  6.499746e-01   1.207753e-24   1.817211e-03   2.921697e-26   1704
  6.557781e-01   1.140417e-24   1.779589e-03   2.443570e-26   2126
  6.610046e-01   1.113449e-24   1.236245e-03   2.863576e-26   1632
  6.662499e-01   1.002433e-24   1.646884e-03   2.330911e-26   2064
  6.715382e-01   9.797946e-25   1.357901e-03   2.357534e-26   1680
  6.772924e-01   9.874362e-25   1.523137e-03   2.110191e-26   2154
  6.826481e-01   9.823618e-25   1.541852e-03   2.168435e-26   2016
  6.884154e-01   8.946484e-25   1.692697e-03   1.824733e-26   2304
  6.937001e-01   8.751395e-25   1.347609e-03   2.070910e-26   1680
  6.991903e-01   8.448689e-25   1.561166e-03   1.748285e-26   2432
  7.046941e-01   8.597549e-25   1.538311e-03   2.046464e-26   1902
  7.101567e-01   7.937168e-25   1.581895e-03   1.644562e-26   2292
  7.150285e-01   8.213137e-25   1.252979e-03   1.893272e-26   1992
  7.208092e-01   7.728236e-25   1.606146e-03   1.539721e-26   2568
  7.263678e-01   7.149657e-25   1.402295e-03   1.674928e-26   1806
  7.319849e-01   7.225411e-25   1.724889e-03   1.299933e-26   3000
  7.376724e-01   7.277553e-25   1.569594e-03   1.715780e-26   2016
  7.424201e-01   7.036941e-25   1.465108e-03   1.525759e-26   2168
  7.478330e-01   6.515273e-25   1.496073e-03   1.430045e-26   2412
  7.534914e-01   6.084849e-25   1.636470e-03   1.208452e-26   2550
  7.589365e-01   6.117790e-25   1.624710e-03   1.229729e-26   2592
  7.646194e-01   5.699864e-25   1.496749e-03   1.156613e-26   2496
  7.700227e-01   5.804385e-25   1.655767e-03   1.127733e-26   2688
  7.754124e-01   5.509282e-25   1.430386e-03   1.087695e-26   2424
  7.810929e-01   5.585931e-25   1.312547e-03   1.110366e-26   2634
  7.862125e-01   5.089086e-25   1.574459e-03   9.882997e-27   2552
  7.913127e-01   5.059324e-25   1.651778e-03   9.201382e-27   2832
  7.969736e-01   4.789581e-25   1.568612e-03   9.764814e-27   2424
  8.025554e-01   4.666192e-25   1.740010e-03   8.369322e-27   3198
  8.077809e-01   4.475457e-25   1.388970e-03   9.200526e-27   2400
  8.133203e-01   4.343682e-25   1.597724e-03   7.656381e-27   3336
  8.190443e-01   4.406804e-25   1.344782e-03   8.943815e-27   2508
  8.240739e-01   4.358284e-25   1.620807e-03   7.831882e-27   3104
  8.299549e-01   4.089258e-25   1.630675e-03   7.605611e-27   2934
  8.352548e-01   4.028477e-25   1.499159e-03   7.078061e-27   3120
  8.410021e-01   3.917300e-25   1.672615e-03   6.984507e-27   3288
  8.462971e-01   3.803934e-25   1.408091e-03   6.849542e-27   2808
  8.517341e-01   3.737225e-25   1.767149e-03   6.859659e-27   2988
  8.572072e-01   3.698224e-25   1.617824e-03   6.629740e-27   3486
  8.625080e-01   3.591228e-25   1.531395e-03   6.690079e-27   3000
  8.676262e-01   3.526685e-25   1.332104e-03   6.354246e-27   3024
  8.733607e-01   3.546346e-25   1.466916e-03   5.968589e-27   3584
  8.791129e-01   3.341341e-25   1.571450e-03   6.102059e-27   3486
  8.844786e-01   3.207934e-25   1.415254e-03   5.893657e-27   3120
  8.897252e-01   3.188620e-25   1.397521e-03   5.777508e-27   3396
  8.950216e-01   3.153605e-25   1.596634e-03   5.321640e-27   3552
  9.006758e-01   3.011136e-25   1.536565e-03   5.325708e-27   3384
  9.062646e-01   2.792432e-25   1.564378e-03   4.870856e-27   3726
  9.115861e-01   2.810067e-25   1.516080e-03   4.888292e-27   3344
  9.166417e-01   2.867562e-25   1.557833e-03   4.750331e-27   3744
  9.224231e-01   2.816410e-25   1.516451e-03   4.659158e-27   3540
  9.278433e-01   2.692681e-25   1.609838e-03   4.403896e-27   3822
  9.335305e-01   2.567063e-25   1.580500e-03   4.119256e-27   4056
  9.387066e-01   2.555348e-25   1.452506e-03   4.332431e-27   3288
  9.441340e-01   2.554846e-25   1.677753e-03   3.973673e-27   4056
  9.494626e-01   2.442502e-25   1.536843e-03   3.961097e-27   3984
  9.552959e-01   2.333780e-25   1.413015e-03   3.670047e-27   3662
  9.602370e-01   2.378022e-25   1.541776e-03   3.746640e-27   3828
  9.658108e-01   2.266586e-25   1.742991e-03   3.401266e-27   4632
  9.713679e-01   2.226790e-25   1.345609e-03   3.768797e-27   3600
  9.769230e-01   2.190576e-25   1.597718e-03   3.347990e-27   4320
  9.821794e-01   2.113974e-25   1.253511e-03   3.268624e-27   3918
  9.874859e-01   2.070361e-25   1.442268e-03   3.290531e-27   4200
  9.928210e-01   2.066074e-25   1.636673e-03   3.184904e-27   4188
  9.983519e-01   1.967674e-25   1.662286e-03   2.963315e-27   4360
  1.003968e+00   1.929192e-25   1.662160e-03   2.859568e-27   4582
  1.009399e+00   1.841899e-25   1.477494e-03   2.815354e-27   4128
  1.014920e+00   1.868823e-25   1.587216e-03   2.782252e-27   4752
  1.020120e+00   1.747401e-25   1.461112e-03   2.607576e-27   4176
  1.025775e+00   1.855240e-25   1.680085e-03   2.870668e-27   4848
  1.031437e+00   1.837880e-25   1.459747e-03   2.887650e-27   4338
  1.036771e+00   1.739366e-25   1.593174e-03   2.461915e-27   5160
  1.042045e+00   1.667885e-25   1.291598e-03   2.573533e-27   4008
  1.047767e+00   1.646124e-25   1.707442e-03   2.247461e-27   5360
  1.053032e+00   1.665785e-25   1.588217e-03   2.649601e-27   4110
  1.058510e+00   1.604888e-25   1.701535e-03   2.163882e-27   5424
  1.063733e+00   1.592355e-25   1.454921e-03   2.612520e-27   4140
  1.069227e+00   1.508063e-25   1.625576e-03   2.000285e-27   5664
  1.074866e+00   1.553037e-25   1.412853e-03   2.337352e-27   4632
  1.080236e+00   1.475844e-25   1.490235e-03   2.143895e-27   4902
  1.085555e+00   1.485884e-25   1.592485e-03   2.101881e-27   5072
  1.090999e+00   1.397414e-25   1.501653e-03   1.973589e-27   5472
  1.096387e+00   1.412279e-25   1.526101e-03   2.175274e-27   4704
  1.101916e+00   1.357687e-25   1.676374e-03   1.853647e-27   5436
  1.107545e+00   1.324668e-25   1.596128e-03   1.794680e-27   5646
  1.112664e+00   1.292489e-25   1.428200e-03   1.969564e-27   4512
  1.118112e+00   1.297926e-25   1.824161e-03   1.658624e-27   6120
  1.123729e+00   1.219517e-25   1.411269e-03   1.728951e-27   5112
  1.129131e+00   1.239852e-25   1.667779e-03   1.655967e-27   5606
  1.134567e+00   1.224990e-25   1.554272e-03   1.681982e-27   5328
  1.139989e+00   1.194350e-25   1.565953e-03   1.588690e-27   5964
  1.145435e+00   1.145020e-25   1.590472e-03   1.574614e-27   5448
  1.150957e+00   1.178207e-25   1.628706e-03   1.568908e-27   5904
  1.156600e+00   1.113809e-25   1.600579e-03   1.523423e-27   5598
  1.161806e+00   1.121774e-25   1.501909e-03   1.551687e-27   5952
  1.167187e+00   1.037386e-25   1.643126e-03   1.404867e-27   5688
  1.172631e+00   1.053290e-25   1.575513e-03   1.398950e-27   5876
  1.177964e+00   1.048282e-25   1.536673e-03   1.450657e-27   5784
  1.183501e+00   1.034966e-25   1.532901e-03   1.351977e-27   6462
  1.189054e+00   1.020085e-25   1.653348e-03   1.411086e-27   5688
  1.194197e+00   9.987427e-26   1.525430e-03   1.296574e-27   6408
  1.199756e+00   9.772437e-26   1.574800e-03   1.266020e-27   6000
  1.205422e+00   9.362411e-26   1.694655e-03   1.177650e-27   6582
  1.211021e+00   8.697071e-26   1.612876e-03   1.140538e-27   6564
  1.216263e+00   9.293307e-26   1.422140e-03   1.221779e-27   6048
  1.221699e+00   9.261299e-26   1.629773e-03   1.158568e-27   6512
  1.227397e+00   9.144781e-26   1.620133e-03   1.119066e-27   6816
  1.232850e+00   8.695072e-26   1.416896e-03   1.099111e-27   6222
  1.237968e+00   8.490270e-26   1.476334e-03   1.047420e-27   6432
  1.243434e+00   8.608113e-26   1.553938e-03   1.060491e-27   6804
  1.248868e+00   8.269226e-26   1.464733e-03   1.052959e-27   6432
  1.254187e+00   8.289013e-26   1.722345e-03   1.033710e-27   6846
  1.259590e+00   8.149198e-26   1.572729e-03   1.049716e-27   6424
  1.264755e+00   7.954805e-26   1.411534e-03   9.771979e-28   6952
  1.270430e+00   7.719328e-26   1.700917e-03   9.221288e-28   7560
  1.276003e+00   7.593338e-26   1.461590e-03   9.710920e-28   6648
  1.281750e+00   7.582788e-26   1.606071e-03   9.101071e-28   7578
  1.286810e+00   7.369847e-26   1.450151e-03   9.325357e-28   6552
  1.292277e+00   7.142180e-26   1.596662e-03   8.376963e-28   7536
  1.297851e+00   7.185122e-26   1.461180e-03   8.370885e-28   7272
  1.303277e+00   6.908682e-26   1.556497e-03   8.380591e-28   6936
  1.308485e+00   6.946649e-26   1.596343e-03   8.009757e-28   7430
  1.314120e+00   6.990975e-26   1.672052e-03   8.336427e-28   7644
  1.319350e+00   6.826950e-26   1.489238e-03   8.188401e-28   7248
  1.325034e+00   6.629774e-26   1.703671e-03   7.335511e-28   8232
  1.330590e+00   6.544937e-26   1.553617e-03   7.943829e-28   7038
  1.335931e+00   6.332975e-26   1.510189e-03   7.216702e-28   7824
  1.341174e+00   6.127285e-26   1.590763e-03   7.303770e-28   7752
  1.346585e+00   6.205017e-26   1.605043e-03   7.459157e-28   7480
  1.352208e+00   6.156670e-26   1.618933e-03   6.749275e-28   8404
  1.357671e+00   6.045047e-26   1.503855e-03   7.106936e-28   7614
  1.362913e+00   6.012477e-26   1.575108e-03   6.873459e-28   7776
  1.368188e+00   5.769489e-26   1.502776e-03   6.490159e-28   7944
  1.373702e+00   5.808597e-26   1.562607e-03   6.247361e-28   8424
  1.379142e+00   5.636096e-26   1.533354e-03   6.384078e-28   7872
  1.384762e+00   5.581661e-26   1.540830e-03   6.147778e-28   8658
  1.390152e+00   5.500780e-26   1.537871e-03   6.173270e-28   8352
  1.395701e+00   5.369116e-26   1.544872e-03   5.796164e-28   8648
  1.400946e+00   5.367869e-26   1.463868e-03   6.284670e-28   7680
  1.406459e+00   5.315249e-26   1.524971e-03   5.875977e-28   8646
  1.411581e+00   5.114485e-26   1.477493e-03   5.774109e-28   8448
  1.417243e+00   5.222021e-26   1.570023e-03   5.596147e-28   9120
  1.422706e+00   5.077315e-26   1.534210e-03   5.647263e-28   8316
  1.428231e+00   5.083309e-26   1.655901e-03   5.310011e-28   9504
  1.433780e+00   4.924443e-26   1.505873e-03   5.441097e-28   8358
  1.439318e+00   4.972809e-26   1.591741e-03   5.137090e-28   9584
  1.444669e+00   4.687779e-26   1.523180e-03   5.271128e-28   8616
  1.450194e+00   4.809132e-26   1.658401e-03   5.029122e-28   9432
  1.455837e+00   4.649024e-26   1.687074e-03   4.940665e-28   9018
  1.460959e+00   4.673121e-26   1.428118e-03   5.182892e-28   8568
  1.466312e+00   4.539421e-26   1.589614e-03   4.714968e-28   9816
  1.471848e+00   4.423942e-26   1.504950e-03   4.884769e-28   9000
  1.477320e+00   4.457560e-26   1.574008e-03   4.769414e-28   9504
  1.482769e+00   4.315541e-26   1.610237e-03   4.583711e-28   9446
  1.488128e+00   4.428074e-26   1.539876e-03   4.624822e-28   9696
  1.493639e+00   4.289164e-26   1.432995e-03   4.622271e-28   9180
  1.499052e+00   4.194866e-26   1.656445e-03   4.206831e-28   10512
  1.504580e+00   4.197818e-26   1.565995e-03   4.555929e-28   9048
  1.510050e+00   4.130704e-26   1.502032e-03   4.328226e-28   10014
  1.515115e+00   4.050708e-26   1.465977e-03   4.370688e-28   9096
  1.520624e+00   3.999648e-26   1.678104e-03   3.866632e-28   11088
  1.526481e+00   3.850596e-26   1.632622e-03   3.928324e-28   9860
  1.531846e+00   3.805757e-26   1.547538e-03   3.886546e-28   10110
  1.537226e+00   3.894460e-26   1.610782e-03   3.987573e-28   10104
  1.542638e+00   3.763495e-26   1.527293e-03   3.770236e-28   10392
  1.548117e+00   3.760026e-26   1.580956e-03   3.725599e-28   10104
  1.553700e+00   3.637337e-26   1.636048e-03   3.479857e-28   11352
  1.559389e+00   3.720883e-26   1.498379e-03   3.802911e-28   10014
  1.564440e+00   3.664063e-26   1.383079e-03   3.788849e-28   9636
  1.569783e+00   3.566712e-26   1.639203e-03   3.368949e-28   11552
  1.575422e+00   3.545176e-26   1.523155e-03   3.585540e-28   10488
  1.580867e+00   3.435982e-26   1.590751e-03   3.466325e-28   10254
  1.586166e+00   3.448835e-26   1.497744e-03   3.419453e-28   11304
  1.591672e+00   3.460548e-26   1.520072e-03   3.472026e-28   10872
  1.597152e+00   3.337239e-26   1.630062e-03   3.269531e-28   10932
  1.602461e+00   3.287213e-26   1.470687e-03   3.262156e-28   10848
  1.607949e+00   3.294897e-26   1.538096e-03   3.298370e-28   10998
  1.613393e+00   3.292229e-26   1.616241e-03   3.169329e-28   11720
  1.618857e+00   3.243865e-26   1.486980e-03   3.194494e-28   10776
  1.624233e+00   3.140507e-26   1.626703e-03   2.877259e-28   12072
  1.629803e+00   3.140793e-26   1.491590e-03   3.068365e-28   10704
  1.635146e+00   3.136145e-26   1.530127e-03   3.009991e-28   11730
  1.640724e+00   3.058777e-26   1.589265e-03   2.916731e-28   12144
  1.646103e+00   2.987021e-26   1.505823e-03   2.861773e-28   11568
  1.651732e+00   2.924174e-26   1.628958e-03   2.776248e-28   11552
  1.656794e+00   2.902393e-26   1.470182e-03   2.886812e-28   10926
  1.662301e+00   2.860390e-26   1.665116e-03   2.492428e-28   13032
  1.667699e+00   2.876955e-26   1.360824e-03   2.842563e-28   10776
  1.673163e+00   2.824120e-26   1.675173e-03   2.565727e-28   13116
  1.678750e+00   2.780928e-26   1.576527e-03   2.618829e-28   12288
  1.684254e+00   2.780367e-26   1.448982e-03   2.655332e-28   11262
  1.689407e+00   2.759752e-26   1.565326e-03   2.507345e-28   12672
  1.694949e+00   2.700145e-26   1.534786e-03   2.422412e-28   12624
  1.700444e+00   2.704008e-26   1.539772e-03   2.454337e-28   12392
  1.705894e+00   2.628141e-26   1.578373e-03   2.486059e-28   12060
  1.711417e+00   2.652838e-26   1.664529e-03   2.319610e-28   13662
  1.716714e+00   2.579702e-26   1.437484e-03   2.473906e-28   11592
  1.722229e+00   2.572671e-26   1.708245e-03   2.245852e-28   13776
  1.727732e+00   2.489654e-26   1.452727e-03   2.328247e-28   12240
  1.733259e+00   2.537050e-26   1.673717e-03   2.233061e-28   13662
  1.738451e+00   2.479186e-26   1.438450e-03   2.356752e-28   11520
  1.744057e+00   2.491387e-26   1.657935e-03   2.086107e-28   15044
  1.749584e+00   2.422201e-26   1.490148e-03   2.223999e-28   12384
  1.755011e+00   2.365136e-26   1.568695e-03   2.164305e-28   13176
  1.760324e+00   2.374406e-26   1.420714e-03   2.160586e-28   12798
  1.765805e+00   2.364869e-26   1.613568e-03   2.038859e-28   14376
  1.771131e+00   2.342633e-26   1.533785e-03   2.165817e-28   12528
  1.776603e+00   2.322645e-26   1.610649e-03   2.024962e-28   14100
  1.781897e+00   2.304317e-26   1.461405e-03   2.113226e-28   12630
  1.787364e+00   2.225066e-26   1.587093e-03   1.876066e-28   14624
  1.792771e+00   2.210733e-26   1.583065e-03   1.973534e-28   13272
  1.798277e+00   2.227836e-26   1.613728e-03   1.863862e-28   14664
  1.803884e+00   2.138864e-26   1.649702e-03   1.832319e-28   14328
  1.809294e+00   2.145242e-26   1.531892e-03   1.927190e-28   13086
  1.814778e+00   2.128595e-26   1.648042e-03   1.735840e-28   15612
  1.820245e+00   2.144972e-26   1.420572e-03   1.973366e-28   13416
  1.825554e+00   2.125794e-26   1.670986e-03   1.805686e-28   14360
  1.831007e+00   2.059031e-26   1.563345e-03   1.787450e-28   14064
  1.836565e+00   2.056713e-26   1.608825e-03   1.686756e-28   15750
  1.842043e+00   2.056641e-26   1.519715e-03   1.782735e-28   13680
  1.847448e+00   2.040024e-26   1.654464e-03   1.689915e-28   15468
  1.852944e+00   2.034980e-26   1.594248e-03   1.768118e-28   14352
  1.858276e+00   1.980376e-26   1.572970e-03   1.638334e-28   14454
  1.863633e+00   1.952756e-26   1.615254e-03   1.636011e-28   15048
  1.869150e+00   1.928104e-26   1.497078e-03   1.618647e-28   15360
  1.874596e+00   1.905040e-26   1.645285e-03   1.582180e-28   15224
  1.880069e+00   1.884029e-26   1.557924e-03   1.555406e-28   15096
  1.885497e+00   1.896489e-26   1.522103e-03   1.630169e-28   14514
  1.890790e+00   1.873897e-26   1.595539e-03   1.511045e-28   16416
  1.896345e+00   1.841722e-26   1.570097e-03   1.536694e-28   15216
  1.902017e+00   1.850480e-26   1.580041e-03   1.483505e-28   16440
  1.907431e+00   1.852938e-26   1.589489e-03   1.558025e-28   14904
  1.912612e+00   1.813348e-26   1.493082e-03   1.491545e-28   15134
  1.918128e+00   1.769781e-26   1.670413e-03   1.397508e-28   16644
  1.923636e+00   1.747018e-26   1.568226e-03   1.429376e-28   16128
  1.929039e+00   1.739698e-26   1.558301e-03   1.492649e-28   15384
  1.934362e+00   1.752026e-26   1.531848e-03   1.437915e-28   15462
  1.939814e+00   1.740303e-26   1.636508e-03   1.377689e-28   17304
  1.945372e+00   1.729513e-26   1.543184e-03   1.415663e-28   16176
  1.950827e+00   1.720236e-26   1.632437e-03   1.391932e-28   16824
  1.956411e+00   1.662664e-26   1.501531e-03   1.366473e-28   15980
  1.961671e+00   1.659689e-26   1.494587e-03   1.339054e-28   16326
  1.966974e+00   1.658966e-26   1.595444e-03   1.343571e-28   16488
  1.972469e+00   1.624866e-26   1.547881e-03   1.297553e-28   16944
  1.977987e+00   1.646919e-26   1.628958e-03   1.311583e-28   17256
  1.983307e+00   1.601308e-26   1.510722e-03   1.324015e-28   15966
  1.988830e+00   1.555233e-26   1.604091e-03   1.224329e-28   17628
  1.994237e+00   1.600008e-26   1.523687e-03   1.268283e-28   17280
  1.999700e+00   1.542707e-26   1.677236e-03   1.229519e-28   17056
  2.005087e+00   1.599075e-26   1.581521e-03   1.251066e-28   17296
  2.010708e+00   1.528911e-26   1.549121e-03   1.206551e-28   17526
  2.016014e+00   1.519301e-26   1.559028e-03   1.200015e-28   17592
  2.021539e+00   1.506963e-26   1.621825e-03   1.173380e-28   17880
  2.026921e+00   1.477416e-26   1.503997e-03   1.158381e-28   17028
  2.032244e+00   1.464363e-26   1.529390e-03   1.155217e-28   17376
  2.037659e+00   1.470908e-26   1.518363e-03   1.112403e-28   18414
  2.043253e+00   1.433837e-26   1.557160e-03   1.108543e-28   17840
  2.048675e+00   1.440523e-26   1.634742e-03   1.082826e-28   18960
  2.054080e+00   1.408507e-26   1.518636e-03   1.141403e-28   16992
  2.059506e+00   1.398968e-26   1.672957e-03   1.064845e-28   18378
  2.064817e+00   1.391334e-26   1.489598e-03   1.079676e-28   18192
  2.070342e+00   1.399292e-26   1.590368e-03   1.041158e-28   19320
  2.075827e+00   1.395507e-26   1.542530e-03   1.076639e-28   17856
  2.081294e+00   1.361716e-26   1.592338e-03   1.022888e-28   19128
  2.086669e+00   1.372858e-26   1.472822e-03   1.036348e-28   18246
  2.092142e+00   1.345119e-26   1.530845e-03   1.001128e-28   19184
  2.097560e+00   1.329235e-26   1.566786e-03   1.003660e-28   18900
  2.103127e+00   1.348318e-26   1.634103e-03   1.001616e-28   19776
  2.108435e+00   1.296688e-26   1.499267e-03   1.013006e-28   17814
  2.113953e+00   1.288348e-26   1.631506e-03   9.538307e-29   19944
  2.119331e+00   1.278251e-26   1.609395e-03   9.486854e-29   19536
  2.124895e+00   1.270948e-26   1.592635e-03   9.263091e-29   20112
  2.130295e+00   1.264313e-26   1.480183e-03   9.579548e-29   18116
  2.135677e+00   1.265784e-26   1.543122e-03   9.216551e-29   19878
  2.140967e+00   1.239760e-26   1.559605e-03   9.030832e-29   19800
  2.146556e+00   1.246360e-26   1.559507e-03   9.178097e-29   20136
  2.152123e+00   1.210260e-26   1.640454e-03   8.688255e-29   20808
  2.157545e+00   1.204710e-26   1.486131e-03   8.841060e-29   19152
  2.162999e+00   1.198225e-26   1.569730e-03   8.665693e-29   20526
  2.168508e+00   1.198838e-26   1.615030e-03   8.795573e-29   20532
  2.173853e+00   1.204515e-26   1.604928e-03   8.906480e-29   20120
  2.179147e+00   1.164227e-26   1.495586e-03   8.551432e-29   19512
  2.184682e+00   1.157764e-26   1.624686e-03   8.220430e-29   21246
  2.190096e+00   1.149808e-26   1.477588e-03   8.449570e-29   20112
  2.195583e+00   1.146074e-26   1.645292e-03   7.796093e-29   22104
  2.201050e+00   1.131345e-26   1.614482e-03   8.321645e-29   19620
  2.206482e+00   1.129815e-26   1.604796e-03   7.900324e-29   21912
  2.211921e+00   1.112938e-26   1.497387e-03   8.150925e-29   20070
  2.217337e+00   1.106232e-26   1.630864e-03   7.680851e-29   22064
  2.222850e+00   1.095417e-26   1.548352e-03   7.874955e-29   21048
  2.228199e+00   1.092747e-26   1.514343e-03   7.870566e-29   21168
  2.233635e+00   1.069224e-26   1.637642e-03   7.543522e-29   21384
  2.239216e+00   1.070342e-26   1.481766e-03   7.507452e-29   22146
  2.244666e+00   1.074311e-26   1.585174e-03   7.510953e-29   22200
  2.250163e+00   1.053377e-26   1.501548e-03   7.500370e-29   21648
  2.255545e+00   1.034232e-26   1.607582e-03   7.345217e-29   21144
  2.260867e+00   1.060876e-26   1.529125e-03   7.556709e-29   21710
  2.266343e+00   1.033734e-26   1.624700e-03   7.156855e-29   23112
  2.271991e+00   1.022245e-26   1.620840e-03   7.034981e-29   23064
  2.277435e+00   1.029486e-26   1.500062e-03   7.301858e-29   21252
  2.282668e+00   1.015366e-26   1.503720e-03   7.107517e-29   22128
  2.288126e+00   1.009380e-26   1.558658e-03   7.119974e-29   22446
  2.293582e+00   9.984593e-27   1.527528e-03   6.824898e-29   22848
  2.298983e+00   9.834053e-27   1.529486e-03   6.747602e-29   23208
  2.304508e+00   9.906239e-27   1.574247e-03   6.859827e-29   22536
  2.309946e+00   9.764309e-27   1.596462e-03   6.800077e-29   22586
  2.315370e+00   9.580547e-27   1.627795e-03   6.460530e-29   24096
  2.320825e+00   9.510393e-27   1.527306e-03   6.587801e-29   22440
  2.326212e+00   9.727673e-27   1.664369e-03   6.622549e-29   23400
  2.331602e+00   9.469704e-27   1.511928e-03   6.449250e-29   23232
  2.337168e+00   9.546936e-27   1.592064e-03   6.422085e-29   23886
  2.342533e+00   9.285604e-27   1.530913e-03   6.272140e-29   23376
  2.347967e+00   9.527509e-27   1.544635e-03   6.445281e-29   23540
  2.353338e+00   9.212269e-27   1.532168e-03   6.131877e-29   24240
  2.358915e+00   9.228594e-27   1.612109e-03   6.296139e-29   23952
  2.364402e+00   9.170988e-27   1.508159e-03   6.087585e-29   24006
  2.369901e+00   9.084317e-27   1.691935e-03   5.944083e-29   25560
  2.375221e+00   9.086150e-27   1.500150e-03   6.358440e-29   22728
  2.380552e+00   8.952002e-27   1.511947e-03   6.049569e-29   23556
  2.385955e+00   8.851451e-27   1.577785e-03   5.773991e-29   25398
  2.391435e+00   8.777904e-27   1.545774e-03   5.817805e-29   24088
  2.396892e+00   8.872928e-27   1.609108e-03   5.829922e-29   25696
  2.402362e+00   8.579433e-27   1.511201e-03   5.717517e-29   24144
  2.407786e+00   8.541331e-27   1.615096e-03   5.587814e-29   25560
  2.413246e+00   8.578878e-27   1.489846e-03   5.748059e-29   24246
  2.418724e+00   8.511320e-27   1.581827e-03   5.515038e-29   26292
  2.424188e+00   8.502471e-27   1.560153e-03   5.773418e-29   25200
  2.429626e+00   8.393899e-27   1.624829e-03   5.406706e-29   25296
  2.434943e+00   8.424673e-27   1.483819e-03   5.613612e-29   24192
  2.440599e+00   8.248917e-27   1.638534e-03   5.129670e-29   28646
  2.446110e+00   8.277656e-27   1.506669e-03   5.474774e-29   24552
  2.451515e+00   8.117251e-27   1.579460e-03   5.320285e-29   25788
  2.456795e+00   8.243067e-27   1.491180e-03   5.442943e-29   25272
  2.462256e+00   7.987770e-27   1.613697e-03   5.175528e-29   26118
  2.467607e+00   8.132617e-27   1.579547e-03   5.290677e-29   26016
  2.473206e+00   8.032236e-27   1.595790e-03   4.973859e-29   27792
  2.478571e+00   8.078552e-27   1.565206e-03   5.443155e-29   25072
  2.483982e+00   7.956468e-27   1.621283e-03   4.967948e-29   26824
  2.489402e+00   7.890435e-27   1.480279e-03   5.027322e-29   26106
  2.494915e+00   7.835163e-27   1.629064e-03   4.917047e-29   28296
  2.500377e+00   7.693734e-27   1.567349e-03   4.964483e-29   26640
  2.505822e+00   7.665328e-27   1.492228e-03   5.012961e-29   26064
  2.511215e+00   7.575669e-27   1.637115e-03   4.783532e-29   27822
  2.516572e+00   7.603060e-27   1.521472e-03   4.891465e-29   26160
  2.522001e+00   7.616824e-27   1.673107e-03   4.793223e-29   28108
  2.527479e+00   7.455405e-27   1.599090e-03   4.660924e-29   27664
  2.532916e+00   7.436953e-27   1.590673e-03   4.603602e-29   27600
  2.538445e+00   7.404497e-27   1.594105e-03   4.756879e-29   27510
  2.543900e+00   7.386757e-27   1.577441e-03   4.550369e-29   28848
  2.549331e+00   7.379971e-27   1.562048e-03   4.665013e-29   27744
  2.554787e+00   7.168846e-27   1.521895e-03   4.503330e-29   27888
  2.560210e+00   7.208438e-27   1.547223e-03   4.574316e-29   27780
  2.565645e+00   7.177592e-27   1.558725e-03   4.469202e-29   28734
  2.571023e+00   7.147326e-27   1.609586e-03   4.479047e-29   28232
  2.576527e+00   7.138570e-27   1.600458e-03   4.393173e-29   29016
  2.581909e+00   7.108495e-27   1.581285e-03   4.481204e-29   28056
  2.587324e+00   6.960160e-27   1.534592e-03   4.357152e-29   28710
  2.592790e+00   7.061085e-27   1.621010e-03   4.402331e-29   29220
  2.598465e+00   6.938856e-27   1.658218e-03   4.114150e-29   31584
  2.603840e+00   6.893534e-27   1.528599e-03   4.435636e-29   26904
  2.609079e+00   6.961045e-27   1.485740e-03   4.469133e-29   28512
  2.614658e+00   6.848711e-27   1.600396e-03   4.111522e-29   30878
  2.620190e+00   6.860827e-27   1.607291e-03   4.146052e-29   30408
  2.625603e+00   6.761462e-27   1.552575e-03   4.255578e-29   28632
  2.630926e+00   6.682705e-27   1.494100e-03   4.100663e-29   28764
  2.636301e+00   6.665721e-27   1.662258e-03   4.044422e-29   30630
  2.641825e+00   6.605725e-27   1.539050e-03   4.002287e-29   30240
  2.647360e+00   6.587952e-27   1.576813e-03   3.883189e-29   31008
  2.652753e+00   6.498703e-27   1.510278e-03   3.934408e-29   29240
  2.658053e+00   6.395022e-27   1.541271e-03   3.894896e-29   30000
  2.663579e+00   6.474943e-27   1.631431e-03   3.882667e-29   30978
  2.669020e+00   6.429482e-27   1.538057e-03   3.860545e-29   30696
  2.674440e+00   6.352112e-27   1.612132e-03   3.805993e-29   31320
  2.679792e+00   6.434320e-27   1.506651e-03   3.977510e-29   29280
  2.685220e+00   6.265651e-27   1.611110e-03   3.752748e-29   31488
  2.690645e+00   6.349317e-27   1.512555e-03   3.789770e-29   31326
  2.696128e+00   6.336988e-27   1.624023e-03   3.764080e-29   31480
  2.701662e+00   6.195889e-27   1.575428e-03   3.619410e-29   32572
  2.707181e+00   6.147601e-27   1.576379e-03   3.625249e-29   31296
  2.712540e+00   6.149152e-27   1.532958e-03   3.691060e-29   30798
  2.718010e+00   6.151248e-27   1.631915e-03   3.627345e-29   32256
  2.723379e+00   6.054603e-27   1.576275e-03   3.553311e-29   32088
  2.728754e+00   6.082223e-27   1.559976e-03   3.682690e-29   30936
  2.734196e+00   6.039879e-27   1.621863e-03   3.517634e-29   33036
  2.739744e+00   6.053174e-27   1.570337e-03   3.652885e-29   31846
  2.745145e+00   5.978557e-27   1.600723e-03   3.430929e-29   33832
  2.750571e+00   5.898010e-27   1.482757e-03   3.545864e-29   30912
  2.755951e+00   5.905421e-27   1.554945e-03   3.403208e-29   32976
  2.761359e+00   5.824578e-27   1.534255e-03   3.385084e-29   32712
  2.766879e+00   5.941762e-27   1.551134e-03   3.456252e-29   33438
  2.772315e+00   5.824254e-27   1.561569e-03   3.429545e-29   32556
  2.777612e+00   5.729086e-27   1.547775e-03   3.339125e-29   33144
  2.783077e+00   5.708421e-27   1.531023e-03   3.359601e-29   33504
  2.788685e+00   5.755783e-27   1.585219e-03   3.395857e-29   33542
  2.794001e+00   5.751682e-27   1.561774e-03   3.365263e-29   33768
  2.799514e+00   5.602856e-27   1.582505e-03   3.217240e-29   34368
  2.804894e+00   5.606866e-27   1.503763e-03   3.310247e-29   32856
  2.810386e+00   5.620202e-27   1.555021e-03   3.200916e-29   34524
  2.815774e+00   5.600322e-27   1.476871e-03   3.240629e-29   33510
  2.821310e+00   5.624280e-27   1.652814e-03   3.198917e-29   35856
  2.826780e+00   5.536712e-27   1.566245e-03   3.219721e-29   33888
  2.832150e+00   5.555948e-27   1.534797e-03   3.211036e-29   33752
  2.837510e+00   5.525398e-27   1.613976e-03   3.121993e-29   34902
  2.843143e+00   5.478034e-27   1.578935e-03   3.113059e-29   35484
  2.848630e+00   5.472517e-27   1.625328e-03   3.020008e-29   36648
  2.854056e+00   5.424546e-27   1.503100e-03   3.191021e-29   33000
  2.859416e+00   5.393912e-27   1.625165e-03   3.004636e-29   35520
  2.864954e+00   5.357274e-27   1.587378e-03   3.003813e-29   36078
  2.870343e+00   5.425205e-27   1.553780e-03   3.153324e-29   34992
  2.875726e+00   5.381447e-27   1.537418e-03   3.063547e-29   35072
  2.881222e+00   5.281196e-27   1.612107e-03   2.942221e-29   36876
  2.886535e+00   5.288275e-27   1.490702e-03   3.108485e-29   33216
  2.891986e+00   5.304534e-27   1.651729e-03   2.892771e-29   38382
  2.897574e+00   5.307540e-27   1.549240e-03   3.015978e-29   36072
  2.903069e+00   5.255737e-27   1.551510e-03   2.929488e-29   37464
  2.908437e+00   5.157869e-27   1.491290e-03   2.960669e-29   34416
  2.913907e+00   5.311393e-27   1.634265e-03   2.976912e-29   37386
  2.919336e+00   5.227065e-27   1.560351e-03   2.917115e-29   37040
  2.924747e+00   5.144423e-27   1.519091e-03   2.872328e-29   36240
  2.930120e+00   5.149962e-27   1.620578e-03   2.942225e-29   36432
  2.935572e+00   5.074318e-27   1.530037e-03   2.809943e-29   37560
  2.941044e+00   5.156545e-27   1.585551e-03   2.902394e-29   37350
  2.946615e+00   5.100729e-27   1.620920e-03   2.796704e-29   38616
  2.952019e+00   5.055485e-27   1.527850e-03   2.831356e-29   37092
  2.957454e+00   5.063912e-27   1.469269e-03   2.802319e-29   37272
  2.962879e+00   5.071569e-27   1.617603e-03   2.827954e-29   37616
  2.968367e+00   5.084812e-27   1.566567e-03   2.807304e-29   38478
  2.973773e+00   5.055062e-27   1.591818e-03   2.808754e-29   37992
  2.979169e+00   5.070315e-27   1.560915e-03   2.814822e-29   38232
  2.984576e+00   4.956119e-27   1.529810e-03   2.788831e-29   36708
  2.989998e+00   4.984489e-27   1.601300e-03   2.720883e-29   39534
  2.995476e+00   4.985997e-27   1.604456e-03   2.751168e-29   39336
  3.000916e+00   4.954242e-27   1.543508e-03   2.782460e-29   37624
  3.006363e+00   4.926024e-27   1.579336e-03   2.651641e-29   40408
  3.011852e+00   4.867797e-27   1.510623e-03   2.684863e-29   38256
  3.017315e+00   4.862873e-27   1.543281e-03   2.650808e-29   39438
  3.022829e+00   4.967033e-27   1.592476e-03   2.693173e-29   40524
  3.028194e+00   4.842002e-27   1.503499e-03   2.682228e-29   38448
  3.033601e+00   4.837599e-27   1.582383e-03   2.661683e-29   39312
  3.038992e+00   4.831375e-27   1.512689e-03   2.699862e-29   38718
  3.044403e+00   4.855314e-27   1.614057e-03   2.630003e-29   40872
  3.049845e+00   4.766079e-27   1.532666e-03   2.615796e-29   40088
  3.055371e+00   4.757076e-27   1.633644e-03   2.635859e-29   40644
  3.060822e+00   4.808745e-27   1.532935e-03   2.640119e-29   40176
  3.066304e+00   4.798888e-27   1.625298e-03   2.611484e-29   40998
  3.071650e+00   4.778236e-27   1.490471e-03   2.662720e-29   39192
  3.077083e+00   4.775000e-27   1.573750e-03   2.591355e-29   41640
  3.082545e+00   4.757495e-27   1.578537e-03   2.539434e-29   41400
  3.087927e+00   4.693568e-27   1.553632e-03   2.601355e-29   38640
  3.093396e+00   4.726610e-27   1.594261e-03   2.509732e-29   43658
  3.098867e+00   4.758764e-27   1.533241e-03   2.616472e-29   40608
  3.104282e+00   4.719973e-27   1.565192e-03   2.580919e-29   41880
  3.109810e+00   4.623930e-27   1.547184e-03   2.483417e-29   41712
  3.115335e+00   4.658872e-27   1.615131e-03   2.505605e-29   42942
  3.120741e+00   4.673071e-27   1.534331e-03   2.551730e-29   40896
  3.126165e+00   4.694984e-27   1.580796e-03   2.544655e-29   42708
  3.131542e+00   4.649012e-27   1.496179e-03   2.584157e-29   40968
  3.137007e+00   4.612723e-27   1.625543e-03   2.449114e-29   43496
  3.142457e+00   4.658748e-27   1.556121e-03   2.588806e-29   41454
  3.147915e+00   4.723023e-27   1.607241e-03   2.514857e-29   43704
  3.153202e+00   4.571277e-27   1.481093e-03   2.531307e-29   41208
  3.158685e+00   4.658544e-27   1.625130e-03   2.510718e-29   43944
  3.164222e+00   4.533466e-27   1.568163e-03   2.474617e-29   43218
  3.169711e+00   4.597872e-27   1.573649e-03   2.460901e-29   44136
  3.175074e+00   4.616616e-27   1.550274e-03   2.528363e-29   42304
  3.180483e+00   4.469307e-27   1.574816e-03   2.438111e-29   43096
  3.185809e+00   4.544022e-27   1.541007e-03   2.453478e-29   43464
  3.191366e+00   4.561785e-27   1.606948e-03   2.465823e-29   44382
  3.196804e+00   4.640035e-27   1.605225e-03   2.535152e-29   44316
  3.202282e+00   4.510224e-27   1.582905e-03   2.439842e-29   44592
  3.207694e+00   4.569178e-27   1.548943e-03   2.452021e-29   44328
  3.213178e+00   4.507678e-27   1.523706e-03   2.490348e-29   43560
  3.218610e+00   4.539101e-27   1.570802e-03   2.461669e-29   44763
  3.224020e+00   4.529933e-27   1.574927e-03   2.464674e-29   44216
  3.229465e+00   4.503495e-27   1.604748e-03   2.402305e-29   45144
  3.234953e+00   4.499619e-27   1.525298e-03   2.504711e-29   42876
  3.240354e+00   4.427687e-27   1.662551e-03   2.366660e-29   46164
  3.245765e+00   4.356505e-27   1.526236e-03   2.407296e-29   42360
  3.251284e+00   4.402105e-27   1.607148e-03   2.390709e-29   45324
  3.256678e+00   4.352504e-27   1.599342e-03   2.381570e-29   43320
  3.262107e+00   4.282654e-27   1.611675e-03   2.332663e-29   44580
  3.267667e+00   4.302742e-27   1.609815e-03   2.340630e-29   44468
  3.273119e+00   4.277926e-27   1.531376e-03   2.342158e-29   43416
  3.278411e+00   4.183924e-27   1.520505e-03   2.337941e-29   42264
  3.283884e+00   4.252106e-27   1.597197e-03   2.274672e-29   44580
  3.289368e+00   4.229613e-27   1.621337e-03   2.336327e-29   43824
  3.294829e+00   4.120473e-27   1.523757e-03   2.261734e-29   43392
  3.300224e+00   4.130678e-27   1.553494e-03   2.263332e-29   43296
  3.305724e+00   4.184002e-27   1.495301e-03   2.291855e-29   42656
  3.311087e+00   4.046522e-27   1.596934e-03   2.199005e-29   43728
  3.316591e+00   4.108426e-27   1.610238e-03   2.221624e-29   43536
  3.322030e+00   4.045972e-27   1.602586e-03   2.261021e-29   42180
  3.327473e+00   4.028621e-27   1.551796e-03   2.197970e-29   44136
  3.332939e+00   4.007119e-27   1.563744e-03   2.218069e-29   42372
  3.338336e+00   3.998385e-27   1.528428e-03   2.215316e-29   41604
  3.343731e+00   3.963636e-27   1.610433e-03   2.168317e-29   43440
  3.349182e+00   3.941311e-27   1.611663e-03   2.185307e-29   42488
  3.354561e+00   3.864712e-27   1.547466e-03   2.135085e-29   41496
  3.360074e+00   3.888735e-27   1.615298e-03   2.082325e-29   44112
  3.365562e+00   3.897809e-27   1.540359e-03   2.167566e-29   41688
  3.370956e+00   3.823265e-27   1.604620e-03   2.120052e-29   42276
  3.376369e+00   3.804814e-27   1.547681e-03   2.102906e-29   41172
  3.381820e+00   3.820225e-27   1.622702e-03   2.051007e-29   43536
  3.387296e+00   3.806370e-27   1.510509e-03   2.122879e-29   41496
  3.392714e+00   3.741338e-27   1.602713e-03   2.049610e-29   40764
  3.398118e+00   3.791796e-27   1.572660e-03   2.067211e-29   43220
  3.403602e+00   3.717848e-27   1.558712e-03   2.050744e-29   41076
  3.409040e+00   3.778082e-27   1.557898e-03   2.102210e-29   41532
  3.414506e+00   3.724273e-27   1.586149e-03   2.087167e-29   41928
  3.419924e+00   3.704755e-27   1.518385e-03   2.036163e-29   41412
  3.425338e+00   3.622686e-27   1.580228e-03   2.035870e-29   40032
  3.430721e+00   3.639129e-27   1.567201e-03   2.004941e-29   41880
  3.436133e+00   3.641071e-27   1.559578e-03   2.038982e-29   40264
  3.441614e+00   3.663814e-27   1.596952e-03   2.005122e-29   42592
  3.447111e+00   3.567992e-27   1.531936e-03   2.039999e-29   39588
  3.452537e+00   3.563867e-27   1.583857e-03   1.924923e-29   42180
  3.457928e+00   3.589625e-27   1.528129e-03   2.057199e-29   39240
  3.463345e+00   3.518596e-27   1.603997e-03   1.932614e-29   40920
  3.468834e+00   3.502643e-27   1.583230e-03   1.942999e-29   41184
  3.474296e+00   3.541222e-27   1.568330e-03   1.961619e-29   40872
  3.479702e+00   3.505500e-27   1.491774e-03   1.975485e-29   38748
  3.485168e+00   3.455619e-27   1.587794e-03   1.896275e-29   41420
  3.490553e+00   3.472866e-27   1.557380e-03   1.938500e-29   39816
  3.496030e+00   3.463706e-27   1.561371e-03   1.942686e-29   39792
  3.501436e+00   3.408067e-27   1.491602e-03   1.892830e-29   39816
  3.506965e+00   3.442257e-27   1.612108e-03   1.916280e-29   41064
  3.512408e+00   3.339484e-27   1.546522e-03   1.906565e-29   39204
  3.517925e+00   3.311947e-27   1.631952e-03   1.851540e-29   40080
  3.523223e+00   3.353469e-27   1.507994e-03   1.940899e-29   38332
  3.528672e+00   3.256695e-27   1.573899e-03   1.815951e-29   39952
  3.534102e+00   3.328330e-27   1.572293e-03   1.879179e-29   39000
  3.539668e+00   3.253891e-27   1.614601e-03   1.798468e-29   40356
  3.545098e+00   3.253335e-27   1.584135e-03   1.839302e-29   39300
  3.550517e+00   3.245103e-27   1.562974e-03   1.879939e-29   37452
  3.555894e+00   3.221753e-27   1.549762e-03   1.791888e-29   39732
  3.561429e+00   3.219289e-27   1.557625e-03   1.810695e-29   39312
  3.566817e+00   3.153107e-27   1.583965e-03   1.809193e-29   37632
  3.572234e+00   3.135614e-27   1.557396e-03   1.779363e-29   38420
  3.577674e+00   3.142599e-27   1.609595e-03   1.736404e-29   39564
  3.583132e+00   3.155601e-27   1.548840e-03   1.812349e-29   37236
  3.588516e+00   3.152249e-27   1.565848e-03   1.795561e-29   38100
  3.593924e+00   3.121603e-27   1.539495e-03   1.766074e-29   38208
  3.599440e+00   3.097382e-27   1.602149e-03   1.745130e-29   39072
  3.604845e+00   3.056282e-27   1.480860e-03   1.772218e-29   36192
  3.610293e+00   3.088622e-27   1.600910e-03   1.735719e-29   38928
  3.615801e+00   3.035687e-27   1.590552e-03   1.712681e-29   38768
  3.621383e+00   3.025507e-27   1.562835e-03   1.742162e-29   37596
  3.626841e+00   3.023917e-27   1.555898e-03   1.718015e-29   37296
  3.632194e+00   2.996279e-27   1.557356e-03   1.722544e-29   36948
  3.637577e+00   3.005329e-27   1.597343e-03   1.720885e-29   37248
  3.643147e+00   2.966115e-27   1.577439e-03   1.709019e-29   37152
  3.648492e+00   2.960380e-27   1.574751e-03   1.681179e-29   37512
  3.653954e+00   2.918523e-27   1.507515e-03   1.684984e-29   35876
  3.659374e+00   2.936845e-27   1.606552e-03   1.729886e-29   36936
  3.664880e+00   2.954929e-27   1.600548e-03   1.682336e-29   38028
  3.670348e+00   2.923496e-27   1.522914e-03   1.704650e-29   35592
  3.675687e+00   2.898315e-27   1.511337e-03   1.699011e-29   35508
  3.681088e+00   2.847187e-27   1.567228e-03   1.637365e-29   36492
  3.686612e+00   2.866695e-27   1.616757e-03   1.619834e-29   37608
  3.692081e+00   2.821091e-27   1.595280e-03   1.662472e-29   34848
  3.697390e+00   2.799553e-27   1.496163e-03   1.649443e-29   35220
  3.702857e+00   2.822716e-27   1.560827e-03   1.616078e-29   36884
  3.708318e+00   2.808651e-27   1.549021e-03   1.640214e-29   35412
  3.713858e+00   2.782868e-27   1.603888e-03   1.647051e-29   35652
  3.719249e+00   2.778199e-27   1.603516e-03   1.637168e-29   36072
  3.724653e+00   2.810340e-27   1.545362e-03   1.659235e-29   34368
  3.730119e+00   2.733204e-27   1.565390e-03   1.615144e-29   35484
  3.735586e+00   2.760733e-27   1.549559e-03   1.627969e-29   35256
  3.740941e+00   2.778661e-27   1.612995e-03   1.669484e-29   34476
  3.746410e+00   2.691486e-27   1.582486e-03   1.586674e-29   34916
  3.751834e+00   2.741043e-27   1.560509e-03   1.642592e-29   34596
  3.757263e+00   2.727601e-27   1.526486e-03   1.628339e-29   34656
  3.762714e+00   2.685311e-27   1.581266e-03   1.609738e-29   34596
  3.768200e+00   2.682228e-27   1.534004e-03   1.598255e-29   33984
  3.773562e+00   2.655900e-27   1.566114e-03   1.613687e-29   34080
  3.778963e+00   2.669526e-27   1.572881e-03   1.596019e-29   34140
  3.784487e+00   2.673821e-27   1.624544e-03   1.600429e-29   33804
  3.789951e+00   2.617689e-27   1.561511e-03   1.518175e-29   35096
  3.795448e+00   2.642955e-27   1.548108e-03   1.634938e-29   33108
  3.800788e+00   2.685262e-27   1.540015e-03   1.667268e-29   32280
  3.806205e+00   2.596184e-27   1.567716e-03   1.562741e-29   34404
  3.811718e+00   2.637337e-27   1.599739e-03   1.583893e-29   34248
  3.817250e+00   2.514561e-27   1.498979e-03   1.530143e-29   32016
  3.822674e+00   2.575098e-27   1.582258e-03   1.546028e-29   34344
  3.828141e+00   2.583524e-27   1.521407e-03   1.606196e-29   32024
  3.833419e+00   2.554060e-27   1.577025e-03   1.583287e-29   31908
  3.838903e+00   2.567533e-27   1.580344e-03   1.546735e-29   33192
  3.844404e+00   2.534656e-27   1.637429e-03   1.526021e-29   33288
  3.849795e+00   2.549451e-27   1.490950e-03   1.604190e-29   31356
  3.855259e+00   2.520360e-27   1.613715e-03   1.548728e-29   32496
  3.860695e+00   2.499202e-27   1.533804e-03   1.543536e-29   31944
  3.866002e+00   2.453383e-27   1.574956e-03   1.510168e-29   31512
  3.871427e+00   2.496913e-27   1.528683e-03   1.564243e-29   31156
  3.876990e+00   2.463754e-27   1.610722e-03   1.506233e-29   33352
  3.882440e+00   2.484139e-27   1.562321e-03   1.558231e-29   31344
  3.887945e+00   2.429727e-27   1.617631e-03   1.536447e-29   31068
  3.893365e+00   2.415852e-27   1.595427e-03   1.492498e-29   31752
  3.898694e+00   2.420054e-27   1.472715e-03   1.563311e-29   29868
  3.904158e+00   2.397637e-27   1.618311e-03   1.501865e-29   32052
  3.909662e+00   2.388782e-27   1.535519e-03   1.558321e-29   30012
  3.915037e+00   2.440949e-27   1.611064e-03   1.510582e-29   31520
  3.920567e+00   2.388405e-27   1.575150e-03   1.496897e-29   30648
  3.925929e+00   2.377048e-27   1.553739e-03   1.561206e-29   29304
  3.931379e+00   2.417639e-27   1.540483e-03   1.502105e-29   31140
  3.936935e+00   2.342929e-27   1.641115e-03   1.465607e-29   31320
  3.942387e+00   2.326605e-27   1.548803e-03   1.540331e-29   28356
  3.947754e+00   2.334097e-27   1.583135e-03   1.508501e-29   30288
  3.953106e+00   2.368313e-27   1.573376e-03   1.550637e-29   29472
  3.958489e+00   2.363517e-27   1.555320e-03   1.577730e-29   28716
  3.964046e+00   2.343038e-27   1.543510e-03   1.489746e-29   30740
  3.969538e+00   2.329571e-27   1.574261e-03   1.507209e-29   29304
  3.974923e+00   2.291197e-27   1.567890e-03   1.502204e-29   28476
  3.980403e+00   2.269918e-27   1.588107e-03   1.482407e-29   29304
  3.985849e+00   2.315243e-27   1.586252e-03   1.516291e-29   29280
  3.991362e+00   2.288728e-27   1.582091e-03   1.500019e-29   29100
  3.996850e+00   2.247230e-27   1.550996e-03   1.517854e-29   27816
  4.002128e+00   2.330646e-27   1.557957e-03   1.567188e-29   27692
  4.007580e+00   2.238064e-27   1.619992e-03   1.468980e-29   29724
  4.013138e+00   2.242262e-27   1.544165e-03   1.547590e-29   27240
  4.018514e+00   2.285711e-27   1.500820e-03   1.546367e-29   27588
  4.023894e+00   2.239265e-27   1.561808e-03   1.479083e-29   28560
  4.029394e+00   2.249202e-27   1.581785e-03   1.559569e-29   26952
  4.034839e+00   2.241649e-27   1.583665e-03   1.509872e-29   27516
  4.040261e+00   2.260621e-27   1.600351e-03   1.512174e-29   28344
  4.045759e+00   2.247668e-27   1.576275e-03   1.574066e-29   26196
  4.051072e+00   2.190154e-27   1.541569e-03   1.519499e-29   26360
  4.056519e+00   2.207543e-27   1.593665e-03   1.468154e-29   28152
  4.062017e+00   2.196740e-27   1.541184e-03   1.518229e-29   25896
  4.067403e+00   2.159558e-27   1.577942e-03   1.499360e-29   26592
  4.072863e+00   2.178906e-27   1.510771e-03   1.526507e-29   26568
  4.078361e+00   2.205349e-27   1.598680e-03   1.543830e-29   26832
  4.083715e+00   2.114474e-27   1.515874e-03   1.523221e-29   24972
  4.089266e+00   2.198679e-27   1.598351e-03   1.546493e-29   27000
  4.094669e+00   2.174759e-27   1.532450e-03   1.559233e-29   25448
  4.100056e+00   2.145366e-27   1.584391e-03   1.515412e-29   25476
  4.105587e+00   2.128193e-27   1.553105e-03   1.489768e-29   25152
  4.110933e+00   2.157779e-27   1.592180e-03   1.535636e-29   25968
  4.116439e+00   2.092140e-27   1.585064e-03   1.502894e-29   25320
  4.121936e+00   2.098038e-27   1.497338e-03   1.536535e-29   23796
  4.127194e+00   2.185837e-27   1.571596e-03   1.576356e-29   25500
  4.132663e+00   2.116389e-27   1.566138e-03   1.523503e-29   24420
  4.138205e+00   2.087234e-27   1.621058e-03   1.507528e-29   24656
  4.143555e+00   2.130431e-27   1.535877e-03   1.580863e-29   24036
  4.148982e+00   2.091302e-27   1.588370e-03   1.541732e-29   24528
  4.154373e+00   2.056939e-27   1.534446e-03   1.592804e-29   23004
  4.159821e+00   2.145799e-27   1.575770e-03   1.566578e-29   24576
  4.165293e+00   2.125253e-27   1.505141e-03   1.582442e-29   23736
  4.170760e+00   2.046351e-27   1.599171e-03   1.502532e-29   23712
  4.176262e+00   2.083962e-27   1.552705e-03   1.592377e-29   22992
  4.181681e+00   2.072704e-27   1.541976e-03   1.532375e-29   23984
  4.187096e+00   2.034108e-27   1.540203e-03   1.533642e-29   22344
  4.192540e+00   2.075982e-27   1.562907e-03   1.590047e-29   22536
  4.197951e+00   2.082984e-27   1.546870e-03   1.563523e-29   23268
  4.203353e+00   2.028698e-27   1.588651e-03   1.585891e-29   22152
  4.208799e+00   1.982885e-27   1.568712e-03   1.511040e-29   22068
  4.214381e+00   2.032271e-27   1.610904e-03   1.543083e-29   23664
  4.219765e+00   2.071813e-27   1.496014e-03   1.664008e-29   20640
  4.225141e+00   2.016828e-27   1.587688e-03   1.561031e-29   22376
  4.230687e+00   1.993507e-27   1.561479e-03   1.552462e-29   21444
  4.236032e+00   2.014458e-27   1.618016e-03   1.601764e-29   21576
  4.241470e+00   1.960804e-27   1.604143e-03   1.511764e-29   21660
  4.247060e+00   1.978915e-27   1.622088e-03   1.572221e-29   20916
  4.252463e+00   1.990940e-27   1.591059e-03   1.573894e-29   21504
  4.257831e+00   1.996379e-27   1.516262e-03   1.626485e-29   20508
  4.263333e+00   1.957549e-27   1.620094e-03   1.609210e-29   20036
  4.268738e+00   2.018885e-27   1.567896e-03   1.651114e-29   21276
  4.274208e+00   1.945247e-27   1.552204e-03   1.601873e-29   20652
  4.279668e+00   1.903714e-27   1.544650e-03   1.649235e-29   18696
  4.285116e+00   1.964851e-27   1.616732e-03   1.547668e-29   21504
  4.290573e+00   1.987488e-27   1.511985e-03   1.662994e-29   19284
  4.296019e+00   1.873246e-27   1.630585e-03   1.573884e-29   19356
  4.301432e+00   1.949339e-27   1.540949e-03   1.660917e-29   19236
  4.306795e+00   2.009977e-27   1.571095e-03   1.700396e-29   19476
  4.312272e+00   1.872976e-27   1.634853e-03   1.545983e-29   19184
  4.317835e+00   1.914194e-27   1.583822e-03   1.656569e-29   18852
  4.323254e+00   2.014344e-27   1.533201e-03   1.798222e-29   18876
  4.328571e+00   1.875870e-27   1.593847e-03   1.622464e-29   18336
  4.334078e+00   1.841676e-27   1.599281e-03   1.601206e-29   17820
  4.339614e+00   1.967746e-27   1.614145e-03   1.694334e-29   19392
  4.344985e+00   1.848007e-27   1.598282e-03   1.638302e-29   17616
  4.350318e+00   1.840001e-27   1.504639e-03   1.665644e-29   16320
  4.355861e+00   1.953859e-27   1.629545e-03   1.694178e-29   19292
  4.361241e+00   1.887302e-27   1.561011e-03   1.695404e-29   17112
  4.366853e+00   1.813321e-27   1.582117e-03   1.630922e-29   17388
  4.372327e+00   1.891144e-27   1.481209e-03   1.783161e-29   16692
  4.377488e+00   1.920453e-27   1.566835e-03   1.747444e-29   16956
  4.383124e+00   1.795482e-27   1.580304e-03   1.624697e-29   17040
  4.388630e+00   1.855475e-27   1.563733e-03   1.780496e-29   16092
  4.393862e+00   1.911671e-27   1.553118e-03   1.829774e-29   16380
  4.399428e+00   1.784522e-27   1.596421e-03   1.671249e-29   16688
  4.404886e+00   1.794790e-27   1.596956e-03   1.737830e-29   14940
  4.410242e+00   1.861707e-27   1.605748e-03   1.742220e-29   16668
  4.415795e+00   1.776339e-27   1.568026e-03   1.705628e-29   15804
  4.421181e+00   1.752824e-27   1.557131e-03   1.723713e-29   14280
  4.426622e+00   1.829906e-27   1.532886e-03   1.772393e-29   16068
  4.432054e+00   1.764952e-27   1.562272e-03   1.702484e-29   15048
  4.437457e+00   1.752495e-27   1.592183e-03   1.777980e-29   13940
  4.442869e+00   1.753151e-27   1.521708e-03   1.683256e-29   15072
  4.448295e+00   1.753855e-27   1.622238e-03   1.721993e-29   14808
  4.453669e+00   1.678157e-27   1.506280e-03   1.684678e-29   13200
  4.459194e+00   1.751451e-27   1.595625e-03   1.650177e-29   15156
  4.464724e+00   1.770636e-27   1.556013e-03   1.841836e-29   13788
  4.470151e+00   1.669352e-27   1.533533e-03   1.722643e-29   13608
  4.475573e+00   1.669576e-27   1.461946e-03   1.742357e-29   13224
  4.480979e+00   1.781709e-27   1.576198e-03   1.908934e-29   13320
  4.486355e+00   1.677168e-27   1.554184e-03   1.777501e-29   13220
  4.491886e+00   1.599176e-27   1.570846e-03   1.609946e-29   12984
  4.497444e+00   1.757379e-27   1.589998e-03   1.963427e-29   12780
  4.502691e+00   1.626705e-27   1.504822e-03   1.756977e-29   12360
  4.508225e+00   1.604458e-27   1.583198e-03   1.718384e-29   12480
  4.513746e+00   1.644983e-27   1.537784e-03   1.812595e-29   11892
  4.519015e+00   1.568245e-27   1.594395e-03   1.685250e-29   12192
  4.524529e+00   1.604722e-27   1.563074e-03   1.701689e-29   11328
  4.530016e+00   1.526824e-27   1.657530e-03   1.668211e-29   12020
  4.535376e+00   1.599703e-27   1.523948e-03   1.803364e-29   11052
  4.540948e+00   1.522327e-27   1.618906e-03   1.702437e-29   11304
  4.546169e+00   1.479513e-27   1.489624e-03   1.719166e-29   10368
  4.551511e+00   1.501879e-27   1.550098e-03   1.633108e-29   10899
  4.557146e+00   1.479893e-27   1.554021e-03   1.613068e-29   10752
  4.562496e+00   1.463207e-27   1.559799e-03   1.588785e-29   10446
  4.568012e+00   1.485072e-27   1.535197e-03   1.696244e-29   10092
  4.573476e+00   1.373586e-27   1.555534e-03   1.496592e-29   10220
  4.578755e+00   1.433700e-27   1.523556e-03   1.613379e-29   9636
  4.584373e+00   1.429220e-27   1.567355e-03   1.583660e-29   10020
  4.589883e+00   1.383268e-27   1.628387e-03   1.533869e-29   9906
  4.595217e+00   1.444489e-27   1.510439e-03   1.692108e-29   8940
  4.600749e+00   1.370902e-27   1.531752e-03   1.585649e-29   9558
  4.606151e+00   1.383303e-27   1.668091e-03   1.595838e-29   9180
  4.611496e+00   1.371382e-27   1.596941e-03   1.663117e-29   8674
  4.617087e+00   1.361569e-27   1.587385e-03   1.544633e-29   9454
  4.622489e+00   1.341975e-27   1.631486e-03   1.554912e-29   8316
  4.627854e+00   1.352706e-27   1.608919e-03   1.542760e-29   8622
  4.633459e+00   1.318137e-27   1.597569e-03   1.459634e-29   9006
  4.638817e+00   1.357940e-27   1.610282e-03   1.826625e-29   7698
  4.644188e+00   1.343685e-27   1.545067e-03   1.596807e-29   8406
  4.649796e+00   1.296210e-27   1.648676e-03   1.542227e-29   8646
  4.655134e+00   1.311865e-27   1.566555e-03   1.719315e-29   7014
  4.660482e+00   1.364730e-27   1.557241e-03   1.543842e-29   8510
  4.666168e+00   1.286216e-27   1.641235e-03   1.556937e-29   7890
  4.671505e+00   1.231306e-27   1.574407e-03   1.551603e-29   6966
  4.676764e+00   1.314816e-27   1.504915e-03   1.568879e-29   7902
  4.682374e+00   1.314637e-27   1.641329e-03   1.656388e-29   7278
  4.687828e+00   1.305455e-27   1.612380e-03   1.645725e-29   7338
  4.693196e+00   1.260564e-27   1.493392e-03   1.587375e-29   7254
  4.698697e+00   1.309008e-27   1.608386e-03   1.701381e-29   6678
  4.704032e+00   1.275810e-27   1.606870e-03   1.610552e-29   7286
  4.709691e+00   1.266980e-27   1.589718e-03   1.634999e-29   7200
  4.715313e+00   1.262275e-27   1.543001e-03   1.746554e-29   6234
  4.720293e+00   1.182531e-27   1.546551e-03   1.514576e-29   6630
  4.725937e+00   1.223758e-27   1.594739e-03   1.551943e-29   6822
  4.731533e+00   1.187453e-27   1.502372e-03   1.570312e-29   6078
  4.736631e+00   1.266106e-27   1.597130e-03   1.670702e-29   6528
  4.742272e+00   1.249191e-27   1.526400e-03   1.671266e-29   6034
  4.747672e+00   1.176233e-27   1.563107e-03   1.603792e-29   6190
  4.753036e+00   1.227918e-27   1.605909e-03   1.662274e-29   6270
  4.758704e+00   1.235700e-27   1.444203e-03   1.714275e-29   5520
  4.763890e+00   1.158303e-27   1.616958e-03   1.565557e-29   6126
  4.769317e+00   1.217312e-27   1.511987e-03   1.737986e-29   5562
  4.775011e+00   1.191896e-27   1.511880e-03   1.601849e-29   5790
  4.780175e+00   1.197217e-27   1.547880e-03   1.690885e-29   5496
  4.785646e+00   1.235065e-27   1.559064e-03   1.749854e-29   5262
  4.791216e+00   1.176182e-27   1.535486e-03   1.657846e-29   5774
  4.796542e+00   1.149682e-27   1.521126e-03   1.664950e-29   5124
  4.802154e+00   1.166432e-27   1.525856e-03   1.742707e-29   5070
  4.807432e+00   1.171533e-27   1.588341e-03   1.634455e-29   5430
  4.812826e+00   1.163999e-27   1.483666e-03   1.858217e-29   4680
  4.818540e+00   1.150803e-27   1.536582e-03   1.655346e-29   5370
  4.823790e+00   1.161047e-27   1.468016e-03   1.811816e-29   4638
  4.829137e+00   1.179242e-27   1.543205e-03   1.799812e-29   4536
  4.834713e+00   1.166342e-27   1.545277e-03   1.637479e-29   5222
  4.840070e+00   1.150734e-27   1.418031e-03   1.765562e-29   4254
  4.845561e+00   1.177520e-27   1.563113e-03   1.799498e-29   4548
  4.850865e+00   1.173834e-27   1.515896e-03   1.809018e-29   4638
  4.856279e+00   1.231502e-27   1.496620e-03   2.015050e-29   4176
  4.861899e+00   1.137632e-27   1.501804e-03   1.778886e-29   4518
  4.867234e+00   1.167455e-27   1.513137e-03   1.870762e-29   4278
  4.872549e+00   1.180918e-27   1.464028e-03   2.044227e-29   3732
  4.877994e+00   1.139575e-27   1.546653e-03   1.801036e-29   4502
  4.883481e+00   1.142600e-27   1.503470e-03   1.941726e-29   3984
  4.889020e+00   1.173852e-27   1.557569e-03   2.007703e-29   3726
  4.894174e+00   1.136941e-27   1.501292e-03   1.891193e-29   4014
  4.899605e+00   1.163376e-27   1.574381e-03   1.914127e-29   3756
  4.905398e+00   1.140973e-27   1.580112e-03   1.911443e-29   3894
  4.910659e+00   1.121710e-27   1.546203e-03   1.895367e-29   3744
  4.915968e+00   1.093303e-27   1.571823e-03   2.001063e-29   3174
  4.921505e+00   1.118982e-27   1.608835e-03   1.877820e-29   3968
  4.926991e+00   1.124584e-27   1.622395e-03   1.980211e-29   3522
  4.932722e+00   1.114002e-27   1.666295e-03   1.965319e-29   3198
  4.937920e+00   1.160393e-27   1.632144e-03   1.994610e-29   3648
  4.943345e+00   1.120893e-27   1.659133e-03   2.099503e-29   3054
  4.949062e+00   1.140738e-27   1.560433e-03   2.017430e-29   3312
  4.954266e+00   1.094536e-27   1.648372e-03   1.993941e-29   3354
  4.959775e+00   1.094225e-27   1.630010e-03   2.169598e-29   2624
  4.965165e+00   1.059053e-27   1.590230e-03   1.878348e-29   3462
  4.970648e+00   1.103048e-27   1.658767e-03   2.041593e-29   2976
  4.976433e+00   1.094644e-27   1.570247e-03   2.122218e-29   2670
  4.981450e+00   1.133604e-27   1.634562e-03   2.110408e-29   3186
  4.986828e+00   1.121212e-27   1.526978e-03   2.339833e-29   2376
  4.992553e+00   1.123924e-27   1.609692e-03   2.193519e-29   3102
  4.997840e+00   1.076814e-27   1.575648e-03   2.126440e-29   2688
  5.003337e+00   1.130027e-27   1.643829e-03   2.356955e-29   2286
  5.008726e+00   1.082059e-27   1.585579e-03   2.076634e-29   3020
  5.014174e+00   1.117844e-27   1.510259e-03   2.435616e-29   2310
  5.019958e+00   1.098793e-27   1.669065e-03   2.273178e-29   2544
  5.025112e+00   1.088837e-27   1.556079e-03   2.229705e-29   2526
  5.030503e+00   1.118902e-27   1.598055e-03   2.425316e-29   2112
  5.036149e+00   1.066497e-27   1.535784e-03   2.049722e-29   2538
  5.041490e+00   1.112758e-27   1.597743e-03   2.527353e-29   2304
  5.046925e+00   1.121147e-27   1.576461e-03   2.773382e-29   1902
  5.052197e+00   1.035165e-27   1.506026e-03   2.181164e-29   2408
  5.057655e+00   1.164768e-27   1.588655e-03   2.551026e-29   2094
  5.063468e+00   1.056042e-27   1.618622e-03   2.394174e-29   2028
  5.068570e+00   1.053609e-27   1.535323e-03   2.390954e-29   2094
  5.073985e+00   1.047211e-27   1.674958e-03   2.469586e-29   1920
  5.079736e+00   1.102101e-27   1.412176e-03   2.511573e-29   1926
  5.084997e+00   1.097922e-27   1.648354e-03   2.451120e-29   2088
  5.090349e+00   1.124068e-27   1.445979e-03   3.071917e-29   1434
  5.095727e+00   1.070383e-27   1.528869e-03   2.349089e-29   2048
  5.101055e+00   1.138464e-27   1.524439e-03   2.843931e-29   1758
  5.106921e+00   1.066867e-27   1.681850e-03   3.048942e-29   1584
  5.112297e+00   1.122898e-27   1.666289e-03   2.818704e-29   1998
  5.117737e+00   1.117706e-27   1.517710e-03   2.932680e-29   1428
  5.123436e+00   1.145238e-27   1.270388e-03   3.058850e-29   1488
  5.128415e+00   1.087733e-27   1.618345e-03   2.661269e-29   1806
  5.133668e+00   1.177639e-27   1.473287e-03   3.990678e-29   1040
  5.139281e+00   1.121212e-27   1.543732e-03   2.660709e-29   1782
  5.144417e+00   1.134611e-27   1.459353e-03   3.197715e-29   1428
  5.150558e+00   1.112942e-27   1.752291e-03   3.201302e-29   1206
  5.155754e+00   1.088545e-27   1.628015e-03   2.641763e-29   1728
  5.160990e+00   1.068122e-27   1.525739e-03   3.261009e-29   1038
  5.167027e+00   1.041693e-27   1.237946e-03   2.922439e-29   1248
  5.171798e+00   1.151903e-27   1.578785e-03   2.879716e-29   1530
  5.177034e+00   1.199453e-27   1.447012e-03   4.767979e-29   656
  5.182884e+00   1.148363e-27   1.622270e-03   2.862419e-29   1662
  5.187826e+00   1.109647e-27   1.343030e-03   3.427661e-29   1008
  5.194344e+00   1.111048e-27   1.783380e-03   3.591239e-29   960
  5.199238e+00   1.071206e-27   1.533522e-03   3.126235e-29   1458
  5.204352e+00   1.055532e-27   1.515264e-03   4.628428e-29   672
  5.210626e+00   1.112854e-27   1.187605e-03   3.438911e-29   1062
  5.215066e+00   1.090449e-27   1.540654e-03   3.267115e-29   1224
  5.220385e+00   1.282965e-27   1.345767e-03   7.447649e-29   374
  5.226378e+00   1.089392e-27   1.617607e-03   2.946231e-29   1512
  5.231226e+00   1.187111e-27   1.355537e-03   4.818169e-29   666
  5.238164e+00   1.140878e-27   1.657312e-03   4.564001e-29   720
  5.242515e+00   1.091695e-27   1.484148e-03   3.320489e-29   1224
  5.247863e+00   1.142030e-27   1.475424e-03   5.898115e-29   390
  5.254263e+00   1.115932e-27   1.097036e-03   4.001107e-29   936
  5.258334e+00   1.172617e-27   1.565258e-03   4.083264e-29   882
  5.264148e+00   1.089356e-27   1.528292e-03   6.932391e-29   216
  5.269800e+00   1.189536e-27   1.517469e-03   3.298549e-29   1286
  5.274591e+00   1.236786e-27   1.267641e-03   7.013486e-29   384
  5.281913e+00   1.237114e-27   1.595845e-03   5.483169e-29   576
  5.285704e+00   1.085120e-27   1.430314e-03   3.902027e-29   930
  5.291130e+00   1.140042e-27   1.405067e-03   7.496973e-29   216
  5.298050e+00   1.159741e-27   1.127871e-03   3.967458e-29   918
  5.302037e+00   1.201031e-27   1.519148e-03   5.758484e-29   480
  5.307441e+00   1.011519e-27   1.280066e-03   1.196898e-28   78
  5.313052e+00   1.261694e-27   1.383681e-03   3.798790e-29   1052
  5.318233e+00   1.086511e-27   1.611134e-03   8.102232e-29   240
  5.326163e+00   1.006056e-27   5.882336e-04   5.265923e-29   438
  5.328872e+00   1.160251e-27   1.360971e-03   4.518160e-29   648
  5.333924e+00   9.520177e-28   1.123687e-03   1.022131e-28   78
  5.341457e+00   1.130211e-27   9.804401e-04   4.343615e-29   780
  5.345244e+00   1.354508e-27   1.368055e-03   8.515008e-29   240
  5.349910e+00   1.860791e-27   0.000000e+00   9.173117e-28   6
  5.356198e+00   1.194774e-27   1.253222e-03   4.250973e-29   824
  5.360748e+00   1.122041e-27   9.688384e-04   1.143290e-28   78
  5.369722e+00   1.156177e-27   5.065474e-04   5.734810e-29   432
  5.372065e+00   1.077307e-27   1.225115e-03   6.191404e-29   348
  5.376527e+00   1.278630e-27   0.000000e+00   4.992025e-28   6
  5.384681e+00   1.213321e-27   8.661160e-04   5.171695e-29   600
  5.387907e+00   1.138294e-27   8.155581e-04   1.248504e-28   78
  5.399271e+00   1.175175e-27   1.072115e-03   5.252787e-29   572
  5.403481e+00   9.271766e-28   0.000000e+00   3.767312e-28   6
  5.413189e+00   1.309252e-27   5.033701e-04   6.321315e-29   384
  5.415134e+00   1.438678e-27   7.482049e-04   1.195200e-28   102
  5.427858e+00   1.130873e-27   7.359585e-04   6.348794e-29   396
  5.430766e+00   1.196877e-27   0.000000e+00   3.083887e-28   6
  5.442225e+00   1.447502e-27   6.658608e-04   8.196776e-29   326
  5.456526e+00   1.336322e-27   4.630285e-04   8.712869e-29   252
  5.458378e+00   8.071864e-28   0.000000e+00   1.780034e-28   6
  5.470933e+00   1.346413e-27   4.213345e-04   1.066726e-28   198
  5.485317e+00   1.099278e-27   3.214857e-04   8.353702e-29   146
  5.499721e+00   1.408909e-27   2.359708e-04   1.268386e-28   102
  5.514144e+00   1.433955e-27   1.639936e-04   2.076612e-28   66
  5.528587e+00   1.432733e-27   1.041522e-04   2.393349e-28   38
  5.543047e+00   1.711435e-27   5.371851e-05   3.583269e-28   18
  5.557519e+00   1.590044e-27   5.754450e-08   4.621761e-28   6
