# power spectrum of delta
# redshift z=1.000000
# k              Pk             sigma(k)       sigma(Pk)      count
  2.513274e-02   4.205623e-03   2.247832e-10   1.732046e-03   6
  3.554306e-02   6.162286e-03   0.000000e+00   1.266854e-03   12
  4.353118e-02   7.621368e-03   4.768372e-10   1.740430e-03   8
  5.026548e-02   3.721844e-02   4.495664e-10   4.342835e-03   6
  5.619852e-02   3.616237e-02   8.991328e-10   1.159792e-02   24
  6.156239e-02   6.687049e-02   6.357829e-10   1.229771e-02   24
  7.416620e-02   5.372264e-02   1.948007e-03   8.620802e-03   42
  7.947671e-02   8.759193e-02   0.000000e+00   1.798263e-02   24
  8.335587e-02   9.266724e-02   1.557344e-09   2.306391e-02   24
  8.972863e-02   1.023739e-01   1.539368e-03   1.172285e-02   32
  9.403811e-02   1.043674e-01   0.000000e+00   1.588337e-02   48
  1.005310e-01   1.172380e-01   8.991328e-10   5.172716e-02   6
  1.049125e-01   1.200825e-01   1.486715e-03   1.260026e-02   84
  1.109741e-01   1.718987e-01   1.422978e-03   2.624171e-02   48
  1.160761e-01   1.492532e-01   1.277655e-03   1.525556e-02   72
  1.231248e-01   2.102696e-01   1.271566e-09   2.845335e-02   24
  1.274204e-01   1.616992e-01   1.133933e-03   1.573827e-02   102
  1.338823e-01   2.269807e-01   2.192492e-03   2.463733e-02   104
  1.376577e-01   1.292905e-01   0.000000e+00   2.140420e-02   48
  1.450967e-01   1.895522e-01   1.454852e-03   1.521821e-02   108
  1.494985e-01   2.348145e-01   1.026108e-03   2.839726e-02   78
  1.544156e-01   3.194057e-01   8.885963e-04   2.892625e-02   96
  1.612033e-01   2.279605e-01   1.252396e-03   2.004696e-02   168
  1.674610e-01   2.552481e-01   1.514588e-03   2.347899e-02   120
  1.704585e-01   2.538588e-01   0.000000e+00   3.635470e-02   48
  1.775076e-01   3.287211e-01   1.466362e-03   2.570571e-02   194
  1.836114e-01   2.980185e-01   1.199745e-03   2.294709e-02   192
  1.889121e-01   3.827881e-01   8.359107e-04   3.143171e-02   96
  1.926375e-01   3.360052e-01   7.114371e-04   2.773810e-02   96
  1.973415e-01   3.363523e-01   1.049518e-03   2.469964e-02   174
  2.036605e-01   3.771241e-01   1.032544e-03   2.693762e-02   216
  2.087655e-01   3.290494e-01   1.069752e-03   2.848674e-02   192
  2.153360e-01   3.388563e-01   1.134051e-03   2.570498e-02   204
  2.199701e-01   3.603242e-01   1.553116e-03   2.676250e-02   224
  2.263855e-01   4.794146e-01   8.767448e-04   3.844406e-02   174
  2.313653e-01   4.706660e-01   1.685384e-03   2.573485e-02   288
  2.375440e-01   3.956468e-01   8.296829e-04   2.482173e-02   288
  2.423661e-01   4.435492e-01   1.600294e-03   3.349023e-02   192
  2.486778e-01   4.908684e-01   1.171093e-03   2.884261e-02   252
  2.526714e-01   5.072006e-01   6.978544e-04   3.062201e-02   246
  2.580960e-01   4.791477e-01   1.324197e-03   2.658914e-02   312
  2.629351e-01   5.445968e-01   8.554600e-04   3.299751e-02   248
  2.695776e-01   4.808443e-01   1.809641e-03   2.554169e-02   432
  2.749286e-01   6.586576e-01   1.515534e-03   4.714619e-02   198
  2.802165e-01   5.914745e-01   1.832967e-03   3.017503e-02   456
  2.863920e-01   5.308475e-01   1.069655e-03   3.222688e-02   324
  2.907627e-01   5.945050e-01   1.266356e-03   4.243563e-02   312
  2.961810e-01   5.940803e-01   1.588477e-03   2.601889e-02   408
  3.029220e-01   6.155846e-01   1.466968e-03   2.749648e-02   414
  3.075580e-01   5.679623e-01   1.269406e-03   2.857231e-02   392
  3.123025e-01   7.330901e-01   1.430245e-03   3.516457e-02   408
  3.185470e-01   7.149869e-01   1.518117e-03   3.370738e-02   444
  3.232898e-01   7.469437e-01   1.227263e-03   3.939392e-02   360
  3.293455e-01   7.071114e-01   1.684453e-03   2.838581e-02   678
  3.357501e-01   6.900078e-01   1.079705e-03   3.649812e-02   360
  3.406722e-01   7.906175e-01   1.778081e-03   2.999443e-02   648
  3.453647e-01   7.742063e-01   8.217968e-04   4.772567e-02   288
  3.513418e-01   7.321044e-01   1.531028e-03   3.054548e-02   686
  3.569625e-01   8.235587e-01   1.138289e-03   3.970599e-02   444
  3.620452e-01   9.031031e-01   1.580989e-03   3.474534e-02   696
  3.671010e-01   9.377539e-01   1.502020e-03   4.820954e-02   408
  3.725872e-01   8.060939e-01   1.554025e-03   3.057125e-02   648
  3.782992e-01   8.087290e-01   1.360625e-03   3.416617e-02   582
  3.833918e-01   8.340534e-01   1.703041e-03   3.132582e-02   744
  3.890113e-01   9.141876e-01   1.700144e-03   4.289067e-02   516
  3.941882e-01   9.448679e-01   1.645265e-03   3.676567e-02   728
  3.989676e-01   9.103140e-01   1.363195e-03   3.722193e-02   558
  4.047392e-01   8.856259e-01   1.374231e-03   3.125900e-02   768
  4.109960e-01   9.854804e-01   1.593026e-03   3.161522e-02   960
  4.164620e-01   1.013032e+00   1.114439e-03   4.374498e-02   576
  4.217163e-01   1.028741e+00   1.808947e-03   3.682971e-02   816
  4.273742e-01   1.049009e+00   1.395616e-03   4.128283e-02   666
  4.323421e-01   1.045390e+00   1.636664e-03   3.551206e-02   960
  4.382783e-01   1.067337e+00   1.614107e-03   3.798650e-02   824
  4.440386e-01   1.080484e+00   1.777416e-03   3.586037e-02   936
  4.493430e-01   1.150119e+00   1.321819e-03   4.719203e-02   624
  4.542288e-01   1.074171e+00   1.556102e-03   3.633448e-02   1062
  4.599003e-01   1.063385e+00   1.695132e-03   4.036424e-02   732
  4.648741e-01   1.175802e+00   1.470856e-03   3.717802e-02   1080
  4.708074e-01   1.174542e+00   1.603534e-03   3.950717e-02   936
  4.761732e-01   1.093984e+00   1.731990e-03   3.797425e-02   878
  4.818260e-01   1.267875e+00   1.755225e-03   3.968647e-02   1152
  4.870749e-01   1.275339e+00   1.356663e-03   3.910718e-02   1056
  4.926568e-01   1.279360e+00   1.602363e-03   4.446586e-02   864
  4.976423e-01   1.342711e+00   1.565217e-03   4.340798e-02   1092
  5.036015e-01   1.358250e+00   1.653531e-03   4.160283e-02   1206
  5.092782e-01   1.313722e+00   1.678014e-03   3.793509e-02   1248
  5.145213e-01   1.266135e+00   1.137149e-03   4.284654e-02   864
  5.191890e-01   1.334079e+00   1.180642e-03   4.238966e-02   1152
  5.252742e-01   1.423737e+00   1.757644e-03   4.003132e-02   1382
  5.312134e-01   1.528935e+00   1.566451e-03   4.499658e-02   1188
  5.364142e-01   1.503879e+00   1.659855e-03   4.367085e-02   1248
  5.413249e-01   1.611919e+00   1.574532e-03   4.820960e-02   1152
  5.467138e-01   1.413006e+00   1.729118e-03   4.015864e-02   1320
  5.526917e-01   1.428318e+00   1.146028e-03   4.308063e-02   1206
  5.576517e-01   1.640354e+00   1.665023e-03   4.041742e-02   1560
  5.635439e-01   1.603402e+00   1.549958e-03   4.676972e-02   1280
  5.685850e-01   1.557572e+00   1.560520e-03   4.387399e-02   1308
  5.741001e-01   1.563230e+00   1.566129e-03   4.056531e-02   1512
  5.795940e-01   1.604133e+00   1.277777e-03   4.347849e-02   1350
  5.852552e-01   1.685694e+00   1.688249e-03   4.424131e-02   1608
  5.900948e-01   1.735885e+00   1.451867e-03   4.948255e-02   1320
  5.957309e-01   1.755376e+00   1.748946e-03   4.573898e-02   1656
  6.008045e-01   1.654299e+00   1.374965e-03   4.784132e-02   1254
  6.066730e-01   1.783134e+00   1.569270e-03   4.130976e-02   1932
  6.122044e-01   1.688723e+00   1.409199e-03   4.264373e-02   1640
  6.176544e-01   1.911660e+00   1.462843e-03   5.142148e-02   1488
  6.227944e-01   1.818432e+00   1.414095e-03   4.722614e-02   1560
  6.286404e-01   1.820631e+00   1.698486e-03   4.068923e-02   2046
  6.340669e-01   1.946987e+00   1.523538e-03   4.953710e-02   1512
  6.393232e-01   1.917321e+00   1.516165e-03   4.817510e-02   1764
  6.445652e-01   1.907192e+00   1.511671e-03   4.379501e-02   1776
  6.499746e-01   1.957459e+00   1.817211e-03   4.773383e-02   1704
  6.557781e-01   2.038131e+00   1.779589e-03   4.741638e-02   2126
  6.610046e-01   2.154878e+00   1.236245e-03   5.566849e-02   1632
  6.662499e-01   1.998859e+00   1.646884e-03   4.755219e-02   2064
  6.715382e-01   1.933168e+00   1.357901e-03   4.856202e-02   1680
  6.772924e-01   2.140463e+00   1.523137e-03   4.754138e-02   2154
  6.826481e-01   2.092516e+00   1.541852e-03   4.861619e-02   2016
  6.884154e-01   2.142514e+00   1.692697e-03   4.714823e-02   2304
  6.937001e-01   2.192442e+00   1.347609e-03   5.209403e-02   1680
  6.991903e-01   2.186063e+00   1.561166e-03   4.396013e-02   2432
  7.046941e-01   2.303781e+00   1.538311e-03   5.565769e-02   1902
  7.101567e-01   2.278340e+00   1.581895e-03   5.074483e-02   2292
  7.150285e-01   2.367524e+00   1.252979e-03   5.427024e-02   1992
  7.208092e-01   2.383431e+00   1.606146e-03   4.811989e-02   2568
  7.263678e-01   2.308171e+00   1.402295e-03   5.490739e-02   1806
  7.319849e-01   2.367881e+00   1.724889e-03   4.426503e-02   3000
  7.376724e-01   2.432639e+00   1.569594e-03   5.544250e-02   2016
  7.424201e-01   2.578240e+00   1.465108e-03   5.662660e-02   2168
  7.478330e-01   2.563496e+00   1.496073e-03   5.309093e-02   2412
  7.534914e-01   2.409892e+00   1.636470e-03   4.996075e-02   2550
  7.589365e-01   2.576762e+00   1.624710e-03   5.523226e-02   2592
  7.646194e-01   2.462852e+00   1.496749e-03   5.120164e-02   2496
  7.700227e-01   2.720777e+00   1.655767e-03   5.226672e-02   2688
  7.754124e-01   2.612991e+00   1.430386e-03   5.405287e-02   2424
  7.810929e-01   2.614948e+00   1.312547e-03   5.194344e-02   2634
  7.862125e-01   2.589680e+00   1.574459e-03   5.265340e-02   2552
  7.913127e-01   2.620362e+00   1.651778e-03   4.958490e-02   2832
  7.969736e-01   2.701253e+00   1.568612e-03   5.679582e-02   2424
  8.025554e-01   2.886639e+00   1.740010e-03   5.144634e-02   3198
  8.077809e-01   2.728772e+00   1.388970e-03   5.512199e-02   2400
  8.133203e-01   2.711019e+00   1.597724e-03   4.952284e-02   3336
  8.190443e-01   2.830617e+00   1.344782e-03   5.828358e-02   2508
  8.240739e-01   2.911305e+00   1.620807e-03   5.443241e-02   3104
  8.299549e-01   2.910398e+00   1.630675e-03   5.574318e-02   2934
  8.352548e-01   2.875194e+00   1.499159e-03   5.279402e-02   3120
  8.410021e-01   2.977456e+00   1.672615e-03   5.305011e-02   3288
  8.462971e-01   2.978822e+00   1.408091e-03   5.755912e-02   2808
  8.517341e-01   3.144084e+00   1.767149e-03   5.702217e-02   2988
  8.572072e-01   2.992308e+00   1.617824e-03   5.340871e-02   3486
  8.625080e-01   3.149118e+00   1.531395e-03   5.723038e-02   3000
  8.676262e-01   3.199490e+00   1.332104e-03   6.008139e-02   3024
  8.733607e-01   3.169593e+00   1.466916e-03   5.424099e-02   3584
  8.791129e-01   3.164228e+00   1.571450e-03   5.566760e-02   3486
  8.844786e-01   3.266783e+00   1.415254e-03   6.248289e-02   3120
  8.897252e-01   3.281110e+00   1.397521e-03   5.972302e-02   3396
  8.950216e-01   3.348577e+00   1.596634e-03   5.532129e-02   3552
  9.006758e-01   3.194903e+00   1.536565e-03   5.810086e-02   3384
  9.062646e-01   3.325464e+00   1.564378e-03   5.629511e-02   3726
  9.115861e-01   3.286475e+00   1.516080e-03   5.831519e-02   3344
  9.166417e-01   3.437323e+00   1.557833e-03   5.790043e-02   3744
  9.224231e-01   3.429692e+00   1.516451e-03   5.913925e-02   3540
  9.278433e-01   3.388906e+00   1.609838e-03   5.494362e-02   3822
  9.335305e-01   3.485315e+00   1.580500e-03   5.556015e-02   4056
  9.387066e-01   3.553685e+00   1.452506e-03   6.296630e-02   3288
  9.441340e-01   3.581821e+00   1.677753e-03   5.802659e-02   4056
  9.494626e-01   3.608940e+00   1.536843e-03   5.836401e-02   3984
  9.552959e-01   3.553947e+00   1.413015e-03   6.125769e-02   3662
  9.602370e-01   3.676761e+00   1.541776e-03   6.116315e-02   3828
  9.658108e-01   3.692902e+00   1.742991e-03   5.656500e-02   4632
  9.713679e-01   3.598541e+00   1.345609e-03   6.041609e-02   3600
  9.769230e-01   3.783392e+00   1.597718e-03   5.853340e-02   4320
  9.821794e-01   3.757777e+00   1.253511e-03   6.065266e-02   3918
  9.874859e-01   3.790295e+00   1.442268e-03   6.100320e-02   4200
  9.928210e-01   3.792367e+00   1.636673e-03   6.080331e-02   4188
  9.983519e-01   3.864016e+00   1.662286e-03   6.028716e-02   4360
  1.003968e+00   3.880033e+00   1.662160e-03   5.746460e-02   4582
  1.009399e+00   3.887669e+00   1.477494e-03   6.176345e-02   4128
  1.014920e+00   3.843437e+00   1.587216e-03   5.736441e-02   4752
  1.020120e+00   3.819019e+00   1.461112e-03   5.900448e-02   4176
  1.025775e+00   3.903519e+00   1.680085e-03   5.921077e-02   4848
  1.031437e+00   4.200827e+00   1.459747e-03   6.430574e-02   4338
  1.036771e+00   4.024514e+00   1.593174e-03   5.972863e-02   5160
  1.042045e+00   4.105698e+00   1.291598e-03   6.554391e-02   4008
  1.047767e+00   4.082853e+00   1.707442e-03   5.796566e-02   5360
  1.053032e+00   4.363661e+00   1.588217e-03   7.161661e-02   4110
  1.058510e+00   4.228722e+00   1.701535e-03   6.038185e-02   5424
  1.063733e+00   4.178763e+00   1.454921e-03   6.575160e-02   4140
  1.069227e+00   4.323138e+00   1.625576e-03   5.904088e-02   5664
  1.074866e+00   4.606405e+00   1.412853e-03   6.857381e-02   4632
  1.080236e+00   4.396676e+00   1.490235e-03   6.435294e-02   4902
  1.085555e+00   4.506967e+00   1.592485e-03   6.584239e-02   5072
  1.090999e+00   4.209566e+00   1.501653e-03   5.910979e-02   5472
  1.096387e+00   4.342503e+00   1.526101e-03   6.649771e-02   4704
  1.101916e+00   4.543004e+00   1.676374e-03   6.346630e-02   5436
  1.107545e+00   4.572095e+00   1.596128e-03   6.126338e-02   5646
  1.112664e+00   4.525140e+00   1.428200e-03   6.776534e-02   4512
  1.118112e+00   4.551757e+00   1.824161e-03   5.924748e-02   6120
  1.123729e+00   4.476821e+00   1.411269e-03   6.552479e-02   5112
  1.129131e+00   4.610721e+00   1.667779e-03   6.471407e-02   5606
  1.134567e+00   4.722538e+00   1.554272e-03   6.650611e-02   5328
  1.139989e+00   4.689719e+00   1.565953e-03   6.375334e-02   5964
  1.145435e+00   4.835011e+00   1.590472e-03   6.807869e-02   5448
  1.150957e+00   4.917958e+00   1.628706e-03   6.542220e-02   5904
  1.156600e+00   4.857252e+00   1.600579e-03   6.510056e-02   5598
  1.161806e+00   4.764428e+00   1.501909e-03   6.590079e-02   5952
  1.167187e+00   4.809028e+00   1.643126e-03   6.592764e-02   5688
  1.172631e+00   4.947926e+00   1.575513e-03   6.630787e-02   5876
  1.177964e+00   5.086094e+00   1.536673e-03   6.953655e-02   5784
  1.183501e+00   5.048927e+00   1.532901e-03   6.371432e-02   6462
  1.189054e+00   5.088610e+00   1.653348e-03   6.924876e-02   5688
  1.194197e+00   5.088191e+00   1.525430e-03   6.749441e-02   6408
  1.199756e+00   5.251455e+00   1.574800e-03   6.738283e-02   6000
  1.205422e+00   5.060175e+00   1.694655e-03   6.313300e-02   6582
  1.211021e+00   4.908665e+00   1.612876e-03   6.210955e-02   6564
  1.216263e+00   5.117775e+00   1.422140e-03   6.806500e-02   6048
  1.221699e+00   5.104331e+00   1.629773e-03   6.522557e-02   6512
  1.227397e+00   5.324187e+00   1.620133e-03   6.360655e-02   6816
  1.232850e+00   5.175044e+00   1.416896e-03   6.789407e-02   6222
  1.237968e+00   5.455191e+00   1.476334e-03   7.089805e-02   6432
  1.243434e+00   5.426789e+00   1.553938e-03   6.808236e-02   6804
  1.248868e+00   5.321807e+00   1.464733e-03   6.890744e-02   6432
  1.254187e+00   5.355697e+00   1.722345e-03   6.783154e-02   6846
  1.259590e+00   5.567243e+00   1.572729e-03   7.043655e-02   6424
  1.264755e+00   5.284094e+00   1.411534e-03   6.576088e-02   6952
  1.270430e+00   5.497033e+00   1.700917e-03   6.564975e-02   7560
  1.276003e+00   5.563497e+00   1.461590e-03   6.986931e-02   6648
  1.281750e+00   5.565974e+00   1.606071e-03   6.451773e-02   7578
  1.286810e+00   5.556078e+00   1.450151e-03   7.011473e-02   6552
  1.292277e+00   5.718569e+00   1.596662e-03   6.632687e-02   7536
  1.297851e+00   5.804566e+00   1.461180e-03   6.942611e-02   7272
  1.303277e+00   5.794806e+00   1.556497e-03   7.209075e-02   6936
  1.308485e+00   5.607670e+00   1.596343e-03   6.732866e-02   7430
  1.314120e+00   5.757368e+00   1.672052e-03   6.775091e-02   7644
  1.319350e+00   5.805301e+00   1.489238e-03   7.044360e-02   7248
  1.325034e+00   5.867363e+00   1.703671e-03   6.634193e-02   8232
  1.330590e+00   5.708419e+00   1.553617e-03   7.106820e-02   7038
  1.335931e+00   5.864357e+00   1.510189e-03   6.900656e-02   7824
  1.341174e+00   6.003654e+00   1.590763e-03   6.967533e-02   7752
  1.346585e+00   5.909705e+00   1.605043e-03   6.992851e-02   7480
  1.352208e+00   6.080141e+00   1.618933e-03   6.820566e-02   8404
  1.357671e+00   5.995699e+00   1.503855e-03   6.956337e-02   7614
  1.362913e+00   5.909708e+00   1.575108e-03   6.980166e-02   7776
  1.368188e+00   5.989795e+00   1.502776e-03   6.950825e-02   7944
  1.373702e+00   6.254830e+00   1.562607e-03   7.110951e-02   8424
  1.379142e+00   6.158591e+00   1.533354e-03   7.299527e-02   7872
  1.384762e+00   6.234691e+00   1.540830e-03   6.783145e-02   8658
  1.390152e+00   6.184478e+00   1.537871e-03   7.050005e-02   8352
  1.395701e+00   6.088938e+00   1.544872e-03   6.759820e-02   8648
  1.400946e+00   6.215763e+00   1.463868e-03   7.570002e-02   7680
  1.406459e+00   6.336514e+00   1.524971e-03   6.780821e-02   8646
  1.411581e+00   6.172554e+00   1.477493e-03   7.059360e-02   8448
  1.417243e+00   6.174530e+00   1.570023e-03   6.672247e-02   9120
  1.422706e+00   6.570708e+00   1.534210e-03   7.493634e-02   8316
  1.428231e+00   6.191193e+00   1.655901e-03   6.523717e-02   9504
  1.433780e+00   6.512042e+00   1.505873e-03   7.275673e-02   8358
  1.439318e+00   6.458450e+00   1.591741e-03   6.713470e-02   9584
  1.444669e+00   6.505551e+00   1.523180e-03   7.109802e-02   8616
  1.450194e+00   6.357043e+00   1.658401e-03   6.811503e-02   9432
  1.455837e+00   6.592919e+00   1.687074e-03   7.108047e-02   9018
  1.460959e+00   6.534370e+00   1.428118e-03   7.269563e-02   8568
  1.466312e+00   6.444514e+00   1.589614e-03   6.708001e-02   9816
  1.471848e+00   6.394074e+00   1.504950e-03   7.075188e-02   9000
  1.477320e+00   6.626491e+00   1.574008e-03   7.161340e-02   9504
  1.482769e+00   6.744525e+00   1.610237e-03   7.197991e-02   9446
  1.488128e+00   6.778638e+00   1.539876e-03   7.002320e-02   9696
  1.493639e+00   6.811273e+00   1.432995e-03   7.257113e-02   9180
  1.499052e+00   6.795969e+00   1.656445e-03   6.951109e-02   10512
  1.504580e+00   6.798221e+00   1.565995e-03   7.376033e-02   9048
  1.510050e+00   6.854148e+00   1.502032e-03   7.014320e-02   10014
  1.515115e+00   6.895651e+00   1.465977e-03   7.354978e-02   9096
  1.520624e+00   6.850279e+00   1.678104e-03   6.654381e-02   11088
  1.526481e+00   6.877801e+00   1.632622e-03   7.115830e-02   9860
  1.531846e+00   6.791154e+00   1.547538e-03   6.993605e-02   10110
  1.537226e+00   6.921507e+00   1.610782e-03   6.971198e-02   10104
  1.542638e+00   6.864541e+00   1.527293e-03   7.026445e-02   10392
  1.548117e+00   7.049759e+00   1.580956e-03   7.208433e-02   10104
  1.553700e+00   7.207235e+00   1.636048e-03   7.060964e-02   11352
  1.559389e+00   7.004826e+00   1.498379e-03   7.228973e-02   10014
  1.564440e+00   7.157460e+00   1.383079e-03   7.563089e-02   9636
  1.569783e+00   6.899130e+00   1.639203e-03   6.624560e-02   11552
  1.575422e+00   7.284398e+00   1.523155e-03   7.373750e-02   10488
  1.580867e+00   7.319120e+00   1.590751e-03   7.333348e-02   10254
  1.586166e+00   7.351634e+00   1.497744e-03   7.346440e-02   11304
  1.591672e+00   7.280986e+00   1.520072e-03   7.071344e-02   10872
  1.597152e+00   7.109380e+00   1.630062e-03   6.980469e-02   10932
  1.602461e+00   7.262336e+00   1.470687e-03   7.271720e-02   10848
  1.607949e+00   7.334754e+00   1.538096e-03   7.253902e-02   10998
  1.613393e+00   7.248955e+00   1.616241e-03   6.836566e-02   11720
  1.618857e+00   7.352540e+00   1.486980e-03   7.432998e-02   10776
  1.624233e+00   7.425020e+00   1.626703e-03   7.035502e-02   12072
  1.629803e+00   7.564537e+00   1.491590e-03   7.467831e-02   10704
  1.635146e+00   7.348702e+00   1.530127e-03   7.083624e-02   11730
  1.640724e+00   7.621163e+00   1.589265e-03   7.098739e-02   12144
  1.646103e+00   7.514720e+00   1.505823e-03   7.014809e-02   11568
  1.651732e+00   7.418505e+00   1.628958e-03   7.046518e-02   11552
  1.656794e+00   7.387161e+00   1.470182e-03   7.391540e-02   10926
  1.662301e+00   7.398991e+00   1.665116e-03   6.569415e-02   13032
  1.667699e+00   7.801138e+00   1.360824e-03   7.630490e-02   10776
  1.673163e+00   7.636020e+00   1.675173e-03   6.876537e-02   13116
  1.678750e+00   7.671429e+00   1.576527e-03   6.997775e-02   12288
  1.684254e+00   7.671637e+00   1.448982e-03   7.489970e-02   11262
  1.689407e+00   7.807574e+00   1.565326e-03   7.072840e-02   12672
  1.694949e+00   7.602268e+00   1.534786e-03   6.837022e-02   12624
  1.700444e+00   7.728608e+00   1.539772e-03   7.218203e-02   12392
  1.705894e+00   7.765101e+00   1.578373e-03   7.175866e-02   12060
  1.711417e+00   7.829844e+00   1.664529e-03   7.005315e-02   13662
  1.716714e+00   7.894309e+00   1.437484e-03   7.742740e-02   11592
  1.722229e+00   7.874180e+00   1.708245e-03   6.880871e-02   13776
  1.727732e+00   7.880690e+00   1.452727e-03   7.277004e-02   12240
  1.733259e+00   7.898131e+00   1.673717e-03   6.894607e-02   13662
  1.738451e+00   8.034285e+00   1.438450e-03   7.650402e-02   11520
  1.744057e+00   8.067630e+00   1.657935e-03   6.794861e-02   15044
  1.749584e+00   7.930022e+00   1.490148e-03   7.453874e-02   12384
  1.755011e+00   7.895045e+00   1.568695e-03   7.076983e-02   13176
  1.760324e+00   7.960117e+00   1.420714e-03   7.216691e-02   12798
  1.765805e+00   7.940057e+00   1.613568e-03   7.010203e-02   14376
  1.771131e+00   7.995086e+00   1.533785e-03   7.275044e-02   12528
  1.776603e+00   8.100487e+00   1.610649e-03   6.903283e-02   14100
  1.781897e+00   8.187875e+00   1.461405e-03   7.544921e-02   12630
  1.787364e+00   7.943615e+00   1.587093e-03   6.622139e-02   14624
  1.792771e+00   8.149602e+00   1.583065e-03   7.114492e-02   13272
  1.798277e+00   8.346662e+00   1.613728e-03   7.168478e-02   14664
  1.803884e+00   8.240839e+00   1.649702e-03   7.164260e-02   14328
  1.809294e+00   8.271551e+00   1.531892e-03   7.368113e-02   13086
  1.814778e+00   8.126532e+00   1.648042e-03   6.797805e-02   15612
  1.820245e+00   8.300050e+00   1.420572e-03   7.555157e-02   13416
  1.825554e+00   8.236652e+00   1.670986e-03   7.118060e-02   14360
  1.831007e+00   8.297938e+00   1.563345e-03   7.262092e-02   14064
  1.836565e+00   8.238260e+00   1.608825e-03   6.815879e-02   15750
  1.842043e+00   8.295248e+00   1.519715e-03   7.273966e-02   13680
  1.847448e+00   8.337049e+00   1.654464e-03   6.775583e-02   15468
  1.852944e+00   8.477798e+00   1.594248e-03   7.228708e-02   14352
  1.858276e+00   8.397242e+00   1.572970e-03   7.201593e-02   14454
  1.863633e+00   8.499862e+00   1.615254e-03   7.111728e-02   15048
  1.869150e+00   8.414464e+00   1.497078e-03   6.920200e-02   15360
  1.874596e+00   8.428946e+00   1.645285e-03   7.094821e-02   15224
  1.880069e+00   8.501999e+00   1.557924e-03   7.171783e-02   15096
  1.885497e+00   8.503370e+00   1.522103e-03   7.318984e-02   14514
  1.890790e+00   8.412943e+00   1.595539e-03   6.633943e-02   16416
  1.896345e+00   8.602783e+00   1.570097e-03   7.210179e-02   15216
  1.902017e+00   8.579815e+00   1.580041e-03   6.826932e-02   16440
  1.907431e+00   8.437057e+00   1.589489e-03   7.124425e-02   14904
  1.912612e+00   8.590892e+00   1.493082e-03   7.152140e-02   15134
  1.918128e+00   8.752371e+00   1.670413e-03   6.936319e-02   16644
  1.923636e+00   8.830014e+00   1.568226e-03   7.173475e-02   16128
  1.929039e+00   8.458911e+00   1.558301e-03   6.821266e-02   15384
  1.934362e+00   8.675346e+00   1.531848e-03   7.309256e-02   15462
  1.939814e+00   8.526127e+00   1.636508e-03   6.609043e-02   17304
  1.945372e+00   8.677192e+00   1.543184e-03   6.977342e-02   16176
  1.950827e+00   8.785445e+00   1.632437e-03   6.990830e-02   16824
  1.956411e+00   8.717972e+00   1.501531e-03   7.097405e-02   15980
  1.961671e+00   8.734186e+00   1.494587e-03   7.133835e-02   16326
  1.966974e+00   8.802123e+00   1.595444e-03   7.075958e-02   16488
  1.972469e+00   8.689612e+00   1.547881e-03   7.074464e-02   16944
  1.977987e+00   8.868467e+00   1.628958e-03   6.932968e-02   17256
  1.983307e+00   8.781294e+00   1.510722e-03   7.192830e-02   15966
  1.988830e+00   9.053872e+00   1.604091e-03   7.054748e-02   17628
  1.994237e+00   8.706268e+00   1.523687e-03   6.839723e-02   17280
  1.999700e+00   8.819741e+00   1.677236e-03   6.868321e-02   17056
  2.005087e+00   8.873039e+00   1.581521e-03   6.986015e-02   17296
  2.010708e+00   8.951480e+00   1.549121e-03   6.861406e-02   17526
  2.016014e+00   8.904497e+00   1.559028e-03   6.931826e-02   17592
  2.021539e+00   8.749129e+00   1.621825e-03   6.769781e-02   17880
  2.026921e+00   8.899350e+00   1.503997e-03   6.919925e-02   17028
  2.032244e+00   8.879846e+00   1.529390e-03   6.891871e-02   17376
  2.037659e+00   8.985598e+00   1.518363e-03   6.731081e-02   18414
  2.043253e+00   9.023654e+00   1.557160e-03   7.049451e-02   17840
  2.048675e+00   8.973666e+00   1.634742e-03   6.751658e-02   18960
  2.054080e+00   9.041337e+00   1.518636e-03   7.244895e-02   16992
  2.059506e+00   8.952030e+00   1.672957e-03   6.812782e-02   18378
  2.064817e+00   9.062217e+00   1.489598e-03   6.953899e-02   18192
  2.070342e+00   9.185450e+00   1.590368e-03   6.731193e-02   19320
  2.075827e+00   9.099560e+00   1.542530e-03   6.959012e-02   17856
  2.081294e+00   8.993413e+00   1.592338e-03   6.763937e-02   19128
  2.086669e+00   9.142671e+00   1.472822e-03   6.859563e-02   18246
  2.092142e+00   9.016206e+00   1.530845e-03   6.618948e-02   19184
  2.097560e+00   9.135433e+00   1.566786e-03   6.921355e-02   18900
  2.103127e+00   9.095501e+00   1.634103e-03   6.760502e-02   19776
  2.108435e+00   8.991344e+00   1.499267e-03   6.953264e-02   17814
  2.113953e+00   8.890489e+00   1.631506e-03   6.528940e-02   19944
  2.119331e+00   9.060145e+00   1.609395e-03   6.599985e-02   19536
  2.124895e+00   9.098813e+00   1.592635e-03   6.655613e-02   20112
  2.130295e+00   9.085331e+00   1.480183e-03   6.927536e-02   18116
  2.135677e+00   9.266480e+00   1.543122e-03   6.770485e-02   19878
  2.140967e+00   9.056772e+00   1.559605e-03   6.578579e-02   19800
  2.146556e+00   9.177011e+00   1.559507e-03   6.527796e-02   20136
  2.152123e+00   9.320628e+00   1.640454e-03   6.675273e-02   20808
  2.157545e+00   8.995038e+00   1.486131e-03   6.709417e-02   19152
  2.162999e+00   9.265542e+00   1.569730e-03   6.593066e-02   20526
  2.168508e+00   9.372907e+00   1.615030e-03   6.759782e-02   20532
  2.173853e+00   9.372047e+00   1.604928e-03   6.776103e-02   20120
  2.179147e+00   9.218056e+00   1.495586e-03   6.848219e-02   19512
  2.184682e+00   9.111611e+00   1.624686e-03   6.408529e-02   21246
  2.190096e+00   9.109235e+00   1.477588e-03   6.713046e-02   20112
  2.195583e+00   9.280238e+00   1.645292e-03   6.359858e-02   22104
  2.201050e+00   9.173046e+00   1.614482e-03   6.738670e-02   19620
  2.206482e+00   9.263689e+00   1.604796e-03   6.405886e-02   21912
  2.211921e+00   9.161307e+00   1.497387e-03   6.525495e-02   20070
  2.217337e+00   9.369057e+00   1.630864e-03   6.482450e-02   22064
  2.222850e+00   9.324419e+00   1.548352e-03   6.660600e-02   21048
  2.228199e+00   9.385637e+00   1.514343e-03   6.544623e-02   21168
  2.233635e+00   9.207898e+00   1.637642e-03   6.457219e-02   21384
  2.239216e+00   9.440785e+00   1.481766e-03   6.479567e-02   22146
  2.244666e+00   9.386714e+00   1.585174e-03   6.370478e-02   22200
  2.250163e+00   9.320963e+00   1.501548e-03   6.532456e-02   21648
  2.255545e+00   9.215864e+00   1.607582e-03   6.445787e-02   21144
  2.260867e+00   9.465153e+00   1.529125e-03   6.712532e-02   21710
  2.266343e+00   9.372898e+00   1.624700e-03   6.276277e-02   23112
  2.271991e+00   9.408353e+00   1.620840e-03   6.347457e-02   23064
  2.277435e+00   9.428184e+00   1.500062e-03   6.532550e-02   21252
  2.282668e+00   9.272171e+00   1.503720e-03   6.479064e-02   22128
  2.288126e+00   9.415149e+00   1.558658e-03   6.495755e-02   22446
  2.293582e+00   9.364761e+00   1.527528e-03   6.480795e-02   22848
  2.298983e+00   9.425760e+00   1.529486e-03   6.395437e-02   23208
  2.304508e+00   9.278466e+00   1.574247e-03   6.279977e-02   22536
  2.309946e+00   9.361222e+00   1.596462e-03   6.451838e-02   22586
  2.315370e+00   9.511718e+00   1.627795e-03   6.268990e-02   24096
  2.320825e+00   9.609585e+00   1.527306e-03   6.605850e-02   22440
  2.326212e+00   9.348090e+00   1.664369e-03   6.322484e-02   23400
  2.331602e+00   9.329834e+00   1.511928e-03   6.282318e-02   23232
  2.337168e+00   9.584157e+00   1.592064e-03   6.299573e-02   23886
  2.342533e+00   9.513634e+00   1.530913e-03   6.416222e-02   23376
  2.347967e+00   9.416580e+00   1.544635e-03   6.387708e-02   23540
  2.353338e+00   9.406057e+00   1.532168e-03   6.146692e-02   24240
  2.358915e+00   9.651547e+00   1.612109e-03   6.461420e-02   23952
  2.364402e+00   9.626071e+00   1.508159e-03   6.406829e-02   24006
  2.369901e+00   9.490338e+00   1.691935e-03   5.999349e-02   25560
  2.375221e+00   9.410385e+00   1.500150e-03   6.435870e-02   22728
  2.380552e+00   9.497381e+00   1.511947e-03   6.335002e-02   23556
  2.385955e+00   9.342987e+00   1.577785e-03   5.994246e-02   25398
  2.391435e+00   9.402952e+00   1.545774e-03   6.266083e-02   24088
  2.396892e+00   9.507858e+00   1.609108e-03   5.973311e-02   25696
  2.402362e+00   9.575910e+00   1.511201e-03   6.257910e-02   24144
  2.407786e+00   9.610307e+00   1.615096e-03   6.168506e-02   25560
  2.413246e+00   9.555735e+00   1.489846e-03   6.271286e-02   24246
  2.418724e+00   9.548622e+00   1.581827e-03   5.966862e-02   26292
  2.424188e+00   9.496607e+00   1.560153e-03   6.141237e-02   25200
  2.429626e+00   9.592403e+00   1.624829e-03   6.150370e-02   25296
  2.434943e+00   9.620656e+00   1.483819e-03   6.339059e-02   24192
  2.440599e+00   9.517821e+00   1.638534e-03   5.782909e-02   28646
  2.446110e+00   9.516296e+00   1.506669e-03   6.339926e-02   24552
  2.451515e+00   9.464132e+00   1.579460e-03   6.095740e-02   25788
  2.456795e+00   9.674898e+00   1.491180e-03   6.332160e-02   25272
  2.462256e+00   9.600930e+00   1.613697e-03   6.165467e-02   26118
  2.467607e+00   9.548076e+00   1.579547e-03   6.042992e-02   26016
  2.473206e+00   9.451066e+00   1.595790e-03   5.815067e-02   27792
  2.478571e+00   9.736259e+00   1.565206e-03   6.256592e-02   25072
  2.483982e+00   9.481877e+00   1.621283e-03   5.968996e-02   26824
  2.489402e+00   9.572294e+00   1.480279e-03   6.045387e-02   26106
  2.494915e+00   9.639260e+00   1.629064e-03   5.861302e-02   28296
  2.500377e+00   9.710220e+00   1.567349e-03   6.151704e-02   26640
  2.505822e+00   9.632798e+00   1.492228e-03   6.237297e-02   26064
  2.511215e+00   9.414565e+00   1.637115e-03   5.899159e-02   27822
  2.516572e+00   9.573514e+00   1.521472e-03   6.172995e-02   26160
  2.522001e+00   9.569333e+00   1.673107e-03   6.015821e-02   28108
  2.527479e+00   9.613862e+00   1.599090e-03   5.909578e-02   27664
  2.532916e+00   9.534693e+00   1.590673e-03   5.826446e-02   27600
  2.538445e+00   9.626515e+00   1.594105e-03   5.995536e-02   27510
  2.543900e+00   9.545859e+00   1.577441e-03   5.753984e-02   28848
  2.549331e+00   9.733818e+00   1.562048e-03   6.005146e-02   27744
  2.554787e+00   9.473050e+00   1.521895e-03   5.818979e-02   27888
  2.560210e+00   9.512446e+00   1.547223e-03   5.916585e-02   27780
  2.565645e+00   9.602314e+00   1.558725e-03   5.850130e-02   28734
  2.571023e+00   9.761115e+00   1.609586e-03   6.047412e-02   28232
  2.576527e+00   9.613646e+00   1.600458e-03   5.815830e-02   29016
  2.581909e+00   9.617163e+00   1.581285e-03   5.866098e-02   28056
  2.587324e+00   9.597702e+00   1.534592e-03   5.830199e-02   28710
  2.592790e+00   9.540159e+00   1.621010e-03   5.718626e-02   29220
  2.598465e+00   9.676684e+00   1.658218e-03   5.579415e-02   31584
  2.603840e+00   9.530620e+00   1.528599e-03   5.905493e-02   26904
  2.609079e+00   9.583933e+00   1.485740e-03   5.806729e-02   28512
  2.614658e+00   9.622890e+00   1.600396e-03   5.596793e-02   30878
  2.620190e+00   9.623002e+00   1.607291e-03   5.712930e-02   30408
  2.625603e+00   9.619419e+00   1.552575e-03   5.914358e-02   28632
  2.630926e+00   9.423866e+00   1.494100e-03   5.664513e-02   28764
  2.636301e+00   9.575077e+00   1.662258e-03   5.611488e-02   30630
  2.641825e+00   9.720152e+00   1.539050e-03   5.738404e-02   30240
  2.647360e+00   9.603518e+00   1.576813e-03   5.561878e-02   31008
  2.652753e+00   9.607281e+00   1.510278e-03   5.767510e-02   29240
  2.658053e+00   9.606253e+00   1.541271e-03   5.694605e-02   30000
  2.663579e+00   9.503213e+00   1.631431e-03   5.515398e-02   30978
  2.669020e+00   9.755380e+00   1.538057e-03   5.690000e-02   30696
  2.674440e+00   9.574944e+00   1.612132e-03   5.556193e-02   31320
  2.679792e+00   9.542550e+00   1.506651e-03   5.820927e-02   29280
  2.685220e+00   9.516016e+00   1.611110e-03   5.534116e-02   31488
  2.690645e+00   9.726587e+00   1.512555e-03   5.687480e-02   31326
  2.696128e+00   9.671123e+00   1.624023e-03   5.578713e-02   31480
  2.701662e+00   9.479477e+00   1.575428e-03   5.475694e-02   32572
  2.707181e+00   9.685876e+00   1.576379e-03   5.639634e-02   31296
  2.712540e+00   9.585436e+00   1.532958e-03   5.645555e-02   30798
  2.718010e+00   9.574906e+00   1.631915e-03   5.439827e-02   32256
  2.723379e+00   9.587911e+00   1.576275e-03   5.544478e-02   32088
  2.728754e+00   9.637490e+00   1.559976e-03   5.580684e-02   30936
  2.734196e+00   9.450531e+00   1.621863e-03   5.399906e-02   33036
  2.739744e+00   9.520085e+00   1.570337e-03   5.455265e-02   31846
  2.745145e+00   9.601123e+00   1.600723e-03   5.380187e-02   33832
  2.750571e+00   9.566681e+00   1.482757e-03   5.656403e-02   30912
  2.755951e+00   9.494585e+00   1.554945e-03   5.448468e-02   32976
  2.761359e+00   9.482568e+00   1.534255e-03   5.390545e-02   32712
  2.766879e+00   9.639074e+00   1.551134e-03   5.358480e-02   33438
  2.772315e+00   9.575711e+00   1.561569e-03   5.393560e-02   32556
  2.777612e+00   9.673253e+00   1.547775e-03   5.416966e-02   33144
  2.783077e+00   9.461398e+00   1.531023e-03   5.278682e-02   33504
  2.788685e+00   9.575090e+00   1.585219e-03   5.278463e-02   33542
  2.794001e+00   9.644742e+00   1.561774e-03   5.416403e-02   33768
  2.799514e+00   9.448613e+00   1.582505e-03   5.232449e-02   34368
  2.804894e+00   9.668414e+00   1.503763e-03   5.451069e-02   32856
  2.810386e+00   9.676134e+00   1.555021e-03   5.351675e-02   34524
  2.815774e+00   9.528257e+00   1.476871e-03   5.447169e-02   33510
  2.821310e+00   9.644839e+00   1.652814e-03   5.225940e-02   35856
  2.826780e+00   9.613948e+00   1.566245e-03   5.419255e-02   33888
  2.832150e+00   9.632960e+00   1.534797e-03   5.404049e-02   33752
  2.837510e+00   9.698681e+00   1.613976e-03   5.347631e-02   34902
  2.843143e+00   9.674244e+00   1.578935e-03   5.270125e-02   35484
  2.848630e+00   9.757646e+00   1.625328e-03   5.271448e-02   36648
  2.854056e+00   9.551280e+00   1.503100e-03   5.452403e-02   33000
  2.859416e+00   9.648197e+00   1.625165e-03   5.298344e-02   35520
  2.864954e+00   9.505438e+00   1.587378e-03   5.075706e-02   36078
  2.870343e+00   9.528618e+00   1.553780e-03   5.222604e-02   34992
  2.875726e+00   9.524395e+00   1.537418e-03   5.248297e-02   35072
  2.881222e+00   9.677991e+00   1.612107e-03   5.211602e-02   36876
  2.886535e+00   9.720735e+00   1.490702e-03   5.531891e-02   33216
  2.891986e+00   9.671605e+00   1.651729e-03   5.122218e-02   38382
  2.897574e+00   9.868707e+00   1.549240e-03   5.397067e-02   36072
  2.903069e+00   9.642210e+00   1.551510e-03   5.235948e-02   37464
  2.908437e+00   9.672044e+00   1.491290e-03   5.318838e-02   34416
  2.913907e+00   9.636478e+00   1.634265e-03   5.249491e-02   37386
  2.919336e+00   9.601108e+00   1.560351e-03   5.168287e-02   37040
  2.924747e+00   9.625857e+00   1.519091e-03   5.238041e-02   36240
  2.930120e+00   9.615258e+00   1.620578e-03   5.213201e-02   36432
  2.935572e+00   9.610469e+00   1.530037e-03   5.137608e-02   37560
  2.941044e+00   9.766270e+00   1.585551e-03   5.287041e-02   37350
  2.946615e+00   9.657182e+00   1.620920e-03   5.074064e-02   38616
  2.952019e+00   9.638906e+00   1.527850e-03   5.181072e-02   37092
  2.957454e+00   9.719237e+00   1.469269e-03   5.221404e-02   37272
  2.962879e+00   9.645786e+00   1.617603e-03   5.144055e-02   37616
  2.968367e+00   9.651485e+00   1.566567e-03   5.054840e-02   38478
  2.973773e+00   9.685426e+00   1.591818e-03   5.204296e-02   37992
  2.979169e+00   9.550331e+00   1.560915e-03   5.093500e-02   38232
  2.984576e+00   9.646690e+00   1.529810e-03   5.185149e-02   36708
  2.989998e+00   9.711161e+00   1.601300e-03   5.058429e-02   39534
  2.995476e+00   9.657559e+00   1.604456e-03   5.122227e-02   39336
  3.000916e+00   9.687561e+00   1.543508e-03   5.175237e-02   37624
  3.006363e+00   9.550427e+00   1.579336e-03   4.916973e-02   40408
  3.011852e+00   9.734733e+00   1.510623e-03   5.198117e-02   38256
  3.017315e+00   9.731293e+00   1.543281e-03   5.065506e-02   39438
  3.022829e+00   9.801325e+00   1.592476e-03   5.058098e-02   40524
  3.028194e+00   9.712256e+00   1.503499e-03   5.172506e-02   38448
  3.033601e+00   9.724184e+00   1.582383e-03   5.057595e-02   39312
  3.038992e+00   9.689016e+00   1.512689e-03   5.139020e-02   38718
  3.044403e+00   9.714827e+00   1.614057e-03   4.955810e-02   40872
  3.049845e+00   9.792447e+00   1.532666e-03   5.098723e-02   40088
  3.055371e+00   9.748190e+00   1.633644e-03   4.982507e-02   40644
  3.060822e+00   9.822603e+00   1.532935e-03   5.107336e-02   40176
  3.066304e+00   1.001431e+01   1.625298e-03   5.211965e-02   40998
  3.071650e+00   9.788276e+00   1.490471e-03   5.124674e-02   39192
  3.077083e+00   9.968509e+00   1.573750e-03   5.111026e-02   41640
  3.082545e+00   9.925974e+00   1.578537e-03   5.138414e-02   41400
  3.087927e+00   9.849045e+00   1.553632e-03   5.299309e-02   38640
  3.093396e+00   9.960142e+00   1.594261e-03   5.004829e-02   43658
  3.098867e+00   9.936897e+00   1.533241e-03   5.168950e-02   40608
  3.104282e+00   9.833627e+00   1.565192e-03   5.024452e-02   41880
  3.109810e+00   9.976239e+00   1.547184e-03   5.186573e-02   41712
  3.115335e+00   1.005027e+01   1.615131e-03   5.091551e-02   42942
  3.120741e+00   1.004758e+01   1.534331e-03   5.261714e-02   40896
  3.126165e+00   9.948742e+00   1.580796e-03   5.079029e-02   42708
  3.131542e+00   9.995764e+00   1.496179e-03   5.200727e-02   40968
  3.137007e+00   9.835970e+00   1.625543e-03   4.931746e-02   43496
  3.142457e+00   1.017859e+01   1.556121e-03   5.356740e-02   41454
  3.147915e+00   9.925242e+00   1.607241e-03   4.996854e-02   43704
  3.153202e+00   1.002901e+01   1.481093e-03   5.193732e-02   41208
  3.158685e+00   9.963818e+00   1.625130e-03   5.046912e-02   43944
  3.164222e+00   9.945198e+00   1.568163e-03   5.119446e-02   43218
  3.169711e+00   1.016143e+01   1.573649e-03   5.168388e-02   44136
  3.175074e+00   1.016390e+01   1.550274e-03   5.221383e-02   42304
  3.180483e+00   1.008909e+01   1.574816e-03   5.187869e-02   43096
  3.185809e+00   1.008659e+01   1.541007e-03   5.149910e-02   43464
  3.191366e+00   1.012567e+01   1.606948e-03   5.157700e-02   44382
  3.196804e+00   1.031475e+01   1.605225e-03   5.356120e-02   44316
  3.202282e+00   1.006855e+01   1.582905e-03   5.122530e-02   44592
  3.207694e+00   1.024818e+01   1.548943e-03   5.281242e-02   44328
  3.213178e+00   1.021960e+01   1.523706e-03   5.242937e-02   43560
  3.218610e+00   1.038115e+01   1.570802e-03   5.297876e-02   44763
  3.224020e+00   1.021564e+01   1.574927e-03   5.221962e-02   44216
  3.229465e+00   1.015716e+01   1.604748e-03   5.150528e-02   45144
  3.234953e+00   1.015979e+01   1.525298e-03   5.290728e-02   42876
  3.240354e+00   1.008130e+01   1.662551e-03   5.084257e-02   46164
  3.245765e+00   1.013827e+01   1.526236e-03   5.242458e-02   42360
  3.251284e+00   1.024000e+01   1.607148e-03   5.094475e-02   45324
  3.256678e+00   1.010381e+01   1.599342e-03   5.330282e-02   43320
  3.262107e+00   1.008295e+01   1.611675e-03   5.121067e-02   44580
  3.267667e+00   1.025821e+01   1.609815e-03   5.197478e-02   44468
  3.273119e+00   1.011194e+01   1.531376e-03   5.173008e-02   43416
  3.278411e+00   1.000169e+01   1.520505e-03   5.263927e-02   42264
  3.283884e+00   9.958002e+00   1.597197e-03   4.993611e-02   44580
  3.289368e+00   9.984099e+00   1.621337e-03   5.101577e-02   43824
  3.294829e+00   9.903742e+00   1.523757e-03   4.992999e-02   43392
  3.300224e+00   1.005474e+01   1.553494e-03   5.169651e-02   43296
  3.305724e+00   1.006265e+01   1.495301e-03   5.191817e-02   42656
  3.311087e+00   9.821748e+00   1.596934e-03   5.055934e-02   43728
  3.316591e+00   1.006296e+01   1.610238e-03   5.090082e-02   43536
  3.322030e+00   9.818316e+00   1.602586e-03   5.110535e-02   42180
  3.327473e+00   9.962334e+00   1.551796e-03   5.072117e-02   44136
  3.332939e+00   9.930814e+00   1.563744e-03   5.067519e-02   42372
  3.338336e+00   9.845344e+00   1.528428e-03   5.144226e-02   41604
  3.343731e+00   9.957161e+00   1.610433e-03   5.073652e-02   43440
  3.349182e+00   9.984909e+00   1.611663e-03   5.136623e-02   42488
  3.354561e+00   9.878098e+00   1.547466e-03   5.198825e-02   41496
  3.360074e+00   9.834830e+00   1.615298e-03   4.982811e-02   44112
  3.365562e+00   9.822205e+00   1.540359e-03   5.102172e-02   41688
  3.370956e+00   9.736552e+00   1.604620e-03   5.045308e-02   42276
  3.376369e+00   9.827197e+00   1.547681e-03   5.202177e-02   41172
  3.381820e+00   9.727903e+00   1.622702e-03   4.913133e-02   43536
  3.387296e+00   9.863024e+00   1.510509e-03   5.125444e-02   41496
  3.392714e+00   9.636366e+00   1.602713e-03   5.133702e-02   40764
  3.398118e+00   9.840081e+00   1.572660e-03   5.111657e-02   43220
  3.403602e+00   9.646115e+00   1.558712e-03   5.093667e-02   41076
  3.409040e+00   9.623185e+00   1.557898e-03   5.093601e-02   41532
  3.414506e+00   9.717090e+00   1.586149e-03   5.069887e-02   41928
  3.419924e+00   9.738929e+00   1.518385e-03   5.010438e-02   41412
  3.425338e+00   9.594182e+00   1.580228e-03   5.166503e-02   40032
  3.430721e+00   9.620046e+00   1.567201e-03   5.084355e-02   41880
  3.436133e+00   9.534895e+00   1.559578e-03   5.046948e-02   40264
  3.441614e+00   9.603219e+00   1.596952e-03   4.955015e-02   42592
  3.447111e+00   9.579000e+00   1.531936e-03   5.120595e-02   39588
  3.452537e+00   9.521408e+00   1.583857e-03   4.910758e-02   42180
  3.457928e+00   9.569816e+00   1.528129e-03   5.166725e-02   39240
  3.463345e+00   9.596041e+00   1.603997e-03   5.025031e-02   40920
  3.468834e+00   9.544536e+00   1.583230e-03   5.002605e-02   41184
  3.474296e+00   9.457314e+00   1.568330e-03   4.941652e-02   40872
  3.479702e+00   9.533944e+00   1.491774e-03   5.072852e-02   38748
  3.485168e+00   9.576913e+00   1.587794e-03   4.880687e-02   41420
  3.490553e+00   9.448757e+00   1.557380e-03   4.979376e-02   39816
  3.496030e+00   9.425541e+00   1.561371e-03   4.960126e-02   39792
  3.501436e+00   9.244393e+00   1.491602e-03   4.848792e-02   39816
  3.506965e+00   9.466658e+00   1.612108e-03   4.935927e-02   41064
  3.512408e+00   9.243795e+00   1.546522e-03   4.933387e-02   39204
  3.517925e+00   9.471062e+00   1.631952e-03   5.036345e-02   40080
  3.523223e+00   9.417621e+00   1.507994e-03   5.123724e-02   38332
  3.528672e+00   9.288835e+00   1.573899e-03   4.983256e-02   39952
  3.534102e+00   9.315266e+00   1.572293e-03   5.006746e-02   39000
  3.539668e+00   9.223845e+00   1.614601e-03   4.869480e-02   40356
  3.545098e+00   9.298140e+00   1.584135e-03   4.981114e-02   39300
  3.550517e+00   9.465026e+00   1.562974e-03   5.154073e-02   37452
  3.555894e+00   9.383793e+00   1.549762e-03   4.934916e-02   39732
  3.561429e+00   9.223429e+00   1.557625e-03   4.874812e-02   39312
  3.566817e+00   9.330901e+00   1.583965e-03   5.121968e-02   37632
  3.572234e+00   9.414707e+00   1.557396e-03   5.092805e-02   38420
  3.577674e+00   9.376149e+00   1.609595e-03   5.010260e-02   39564
  3.583132e+00   9.080137e+00   1.548840e-03   4.907016e-02   37236
  3.588516e+00   9.199173e+00   1.565848e-03   4.933097e-02   38100
  3.593924e+00   9.255617e+00   1.539495e-03   4.916245e-02   38208
  3.599440e+00   9.235434e+00   1.602149e-03   4.909613e-02   39072
  3.604845e+00   9.207293e+00   1.480860e-03   5.069411e-02   36192
  3.610293e+00   9.143463e+00   1.600910e-03   4.862691e-02   38928
  3.615801e+00   9.265960e+00   1.590552e-03   5.008862e-02   38768
  3.621383e+00   9.135638e+00   1.562835e-03   4.909802e-02   37596
  3.626841e+00   9.112453e+00   1.555898e-03   4.958158e-02   37296
  3.632194e+00   9.284106e+00   1.557356e-03   5.118144e-02   36948
  3.637577e+00   9.189985e+00   1.597343e-03   5.039360e-02   37248
  3.643147e+00   9.185412e+00   1.577439e-03   4.981880e-02   37152
  3.648492e+00   8.943167e+00   1.574751e-03   4.850886e-02   37512
  3.653954e+00   9.152598e+00   1.507515e-03   5.012744e-02   35876
  3.659374e+00   9.190494e+00   1.606552e-03   5.039675e-02   36936
  3.664880e+00   9.128080e+00   1.600548e-03   5.007346e-02   38028
  3.670348e+00   9.061793e+00   1.522914e-03   5.115269e-02   35592
  3.675687e+00   9.026917e+00   1.511337e-03   5.009772e-02   35508
  3.681088e+00   9.133025e+00   1.567228e-03   5.030636e-02   36492
  3.686612e+00   9.035320e+00   1.616757e-03   4.855822e-02   37608
  3.692081e+00   8.959700e+00   1.595280e-03   5.057064e-02   34848
  3.697390e+00   9.171821e+00   1.496163e-03   5.139007e-02   35220
  3.702857e+00   8.997980e+00   1.560827e-03   4.975188e-02   36884
  3.708318e+00   9.066911e+00   1.549021e-03   5.074746e-02   35412
  3.713858e+00   8.891511e+00   1.603888e-03   4.915980e-02   35652
  3.719249e+00   9.128852e+00   1.603516e-03   5.011319e-02   36072
  3.724653e+00   9.018801e+00   1.545362e-03   5.134829e-02   34368
  3.730119e+00   8.970010e+00   1.565390e-03   4.967186e-02   35484
  3.735586e+00   8.857982e+00   1.549559e-03   4.928709e-02   35256
  3.740941e+00   8.933850e+00   1.612995e-03   4.932828e-02   34476
  3.746410e+00   8.949357e+00   1.582486e-03   4.984644e-02   34916
  3.751834e+00   8.809509e+00   1.560509e-03   5.073200e-02   34596
  3.757263e+00   8.870085e+00   1.526486e-03   4.959136e-02   34656
  3.762714e+00   9.061030e+00   1.581266e-03   5.095779e-02   34596
  3.768200e+00   9.011985e+00   1.534004e-03   5.120215e-02   33984
  3.773562e+00   8.871110e+00   1.566114e-03   4.929880e-02   34080
  3.778963e+00   8.978130e+00   1.572881e-03   5.145622e-02   34140
  3.784487e+00   8.919012e+00   1.624544e-03   5.114678e-02   33804
  3.789951e+00   8.863413e+00   1.561511e-03   4.991715e-02   35096
  3.795448e+00   8.891454e+00   1.548108e-03   5.073559e-02   33108
  3.800788e+00   8.908225e+00   1.540015e-03   5.229143e-02   32280
  3.806205e+00   8.953260e+00   1.567716e-03   5.009384e-02   34404
  3.811718e+00   8.804616e+00   1.599739e-03   4.938041e-02   34248
  3.817250e+00   9.024954e+00   1.498979e-03   5.247582e-02   32016
  3.822674e+00   8.836138e+00   1.582258e-03   5.024419e-02   34344
  3.828141e+00   8.912988e+00   1.521407e-03   5.194050e-02   32024
  3.833419e+00   8.710312e+00   1.577025e-03   5.033119e-02   31908
  3.838903e+00   8.852209e+00   1.580344e-03   5.073656e-02   33192
  3.844404e+00   8.921456e+00   1.637429e-03   5.053653e-02   33288
  3.849795e+00   8.847580e+00   1.490950e-03   5.204648e-02   31356
  3.855259e+00   8.733021e+00   1.613715e-03   5.018856e-02   32496
  3.860695e+00   8.901838e+00   1.533804e-03   5.218905e-02   31944
  3.866002e+00   8.697834e+00   1.574956e-03   5.082156e-02   31512
  3.871427e+00   8.966744e+00   1.528683e-03   5.314525e-02   31156
  3.876990e+00   8.690699e+00   1.610722e-03   4.992151e-02   33352
  3.882440e+00   8.682643e+00   1.562321e-03   5.085977e-02   31344
  3.887945e+00   8.809053e+00   1.617631e-03   5.317240e-02   31068
  3.893365e+00   8.736183e+00   1.595427e-03   5.092545e-02   31752
  3.898694e+00   8.700255e+00   1.472715e-03   5.267377e-02   29868
  3.904158e+00   8.708842e+00   1.618311e-03   5.115864e-02   32052
  3.909662e+00   8.716630e+00   1.535519e-03   5.216793e-02   30012
  3.915037e+00   8.767004e+00   1.611064e-03   5.062079e-02   31520
  3.920567e+00   8.621345e+00   1.575150e-03   5.096078e-02   30648
  3.925929e+00   8.692076e+00   1.553739e-03   5.348097e-02   29304
  3.931379e+00   8.845915e+00   1.540483e-03   5.209870e-02   31140
  3.936935e+00   8.705141e+00   1.641115e-03   5.184152e-02   31320
  3.942387e+00   8.855514e+00   1.548803e-03   5.557924e-02   28356
  3.947754e+00   8.550014e+00   1.583135e-03   5.147454e-02   30288
  3.953106e+00   8.759837e+00   1.573376e-03   5.357866e-02   29472
  3.958489e+00   8.767399e+00   1.555320e-03   5.423336e-02   28716
  3.964046e+00   8.697805e+00   1.543510e-03   5.199232e-02   30740
  3.969538e+00   8.657607e+00   1.574261e-03   5.301629e-02   29304
  3.974923e+00   8.688071e+00   1.567890e-03   5.436676e-02   28476
  3.980403e+00   8.559703e+00   1.588107e-03   5.221990e-02   29304
  3.985849e+00   8.766225e+00   1.586252e-03   5.355033e-02   29280
  3.991362e+00   8.659106e+00   1.582091e-03   5.258476e-02   29100
  3.996850e+00   8.700279e+00   1.550996e-03   5.496319e-02   27816
  4.002128e+00   8.805163e+00   1.557957e-03   5.587564e-02   27692
  4.007580e+00   8.614256e+00   1.619992e-03   5.251754e-02   29724
  4.013138e+00   8.644101e+00   1.544165e-03   5.523987e-02   27240
  4.018514e+00   8.806279e+00   1.500820e-03   5.485758e-02   27588
  4.023894e+00   8.639939e+00   1.561808e-03   5.246907e-02   28560
  4.029394e+00   8.830730e+00   1.581785e-03   5.691725e-02   26952
  4.034839e+00   8.740203e+00   1.583665e-03   5.492742e-02   27516
  4.040261e+00   8.711876e+00   1.600351e-03   5.415898e-02   28344
  4.045759e+00   8.813500e+00   1.576275e-03   5.670034e-02   26196
  4.051072e+00   8.628782e+00   1.541569e-03   5.550298e-02   26360
  4.056519e+00   8.624343e+00   1.593665e-03   5.424198e-02   28152
  4.062017e+00   8.720033e+00   1.541184e-03   5.622290e-02   25896
  4.067403e+00   8.631823e+00   1.577942e-03   5.477753e-02   26592
  4.072863e+00   8.725745e+00   1.510771e-03   5.663190e-02   26568
  4.078361e+00   8.837534e+00   1.598680e-03   5.654883e-02   26832
  4.083715e+00   8.611170e+00   1.515874e-03   5.599188e-02   24972
  4.089266e+00   8.717038e+00   1.598351e-03   5.534988e-02   27000
  4.094669e+00   8.745265e+00   1.532450e-03   5.652326e-02   25448
  4.100056e+00   8.627876e+00   1.584391e-03   5.670000e-02   25476
  4.105587e+00   8.683574e+00   1.553105e-03   5.683762e-02   25152
  4.110933e+00   8.683603e+00   1.592180e-03   5.606283e-02   25968
  4.116439e+00   8.683242e+00   1.585064e-03   5.673957e-02   25320
  4.121936e+00   8.591588e+00   1.497338e-03   5.888680e-02   23796
  4.127194e+00   8.713188e+00   1.571596e-03   5.628320e-02   25500
  4.132663e+00   8.623562e+00   1.566138e-03   5.743267e-02   24420
  4.138205e+00   8.537628e+00   1.621058e-03   5.711819e-02   24656
  4.143555e+00   8.762634e+00   1.535877e-03   5.826597e-02   24036
  4.148982e+00   8.733044e+00   1.588370e-03   5.875025e-02   24528
  4.154373e+00   8.703721e+00   1.534446e-03   6.095595e-02   23004
  4.159821e+00   8.769971e+00   1.575770e-03   5.920765e-02   24576
  4.165293e+00   8.793498e+00   1.505141e-03   5.807632e-02   23736
  4.170760e+00   8.636416e+00   1.599171e-03   5.844234e-02   23712
  4.176262e+00   8.794753e+00   1.552705e-03   6.176424e-02   22992
  4.181681e+00   8.733535e+00   1.541976e-03   5.896238e-02   23984
  4.187096e+00   8.640952e+00   1.540203e-03   6.070343e-02   22344
  4.192540e+00   8.725597e+00   1.562907e-03   6.081290e-02   22536
  4.197951e+00   8.813659e+00   1.546870e-03   6.018901e-02   23268
  4.203353e+00   8.759502e+00   1.588651e-03   6.178261e-02   22152
  4.208799e+00   8.725418e+00   1.568712e-03   6.225101e-02   22068
  4.214381e+00   8.799722e+00   1.610904e-03   5.962166e-02   23664
  4.219765e+00   8.965333e+00   1.496014e-03   6.657541e-02   20640
  4.225141e+00   8.586073e+00   1.587688e-03   6.114062e-02   22376
  4.230687e+00   8.871690e+00   1.561479e-03   6.349598e-02   21444
  4.236032e+00   8.944938e+00   1.618016e-03   6.482221e-02   21576
  4.241470e+00   8.841222e+00   1.604143e-03   6.366614e-02   21660
  4.247060e+00   8.631050e+00   1.622088e-03   6.244082e-02   20916
  4.252463e+00   8.846035e+00   1.591059e-03   6.283186e-02   21504
  4.257831e+00   8.723463e+00   1.516262e-03   6.433407e-02   20508
  4.263333e+00   8.790449e+00   1.620094e-03   6.672288e-02   20036
  4.268738e+00   8.815947e+00   1.567896e-03   6.350102e-02   21276
  4.274208e+00   8.672622e+00   1.552204e-03   6.346989e-02   20652
  4.279668e+00   8.576433e+00   1.544650e-03   6.661982e-02   18696
  4.285116e+00   8.961487e+00   1.616732e-03   6.486208e-02   21504
  4.290573e+00   9.014076e+00   1.511985e-03   7.045520e-02   19284
  4.296019e+00   8.711948e+00   1.630585e-03   6.499750e-02   19356
  4.301432e+00   8.695387e+00   1.540949e-03   6.592462e-02   19236
  4.306795e+00   8.958085e+00   1.571095e-03   6.649184e-02   19476
  4.312272e+00   8.761253e+00   1.634853e-03   6.665184e-02   19184
  4.317835e+00   8.751221e+00   1.583822e-03   6.684755e-02   18852
  4.323254e+00   8.909164e+00   1.533201e-03   6.822798e-02   18876
  4.328571e+00   8.635075e+00   1.593847e-03   6.804155e-02   18336
  4.334078e+00   8.623073e+00   1.599281e-03   6.839017e-02   17820
  4.339614e+00   8.987859e+00   1.614145e-03   6.912074e-02   19392
  4.344985e+00   8.781548e+00   1.598282e-03   6.950677e-02   17616
  4.350318e+00   8.805516e+00   1.504639e-03   7.228771e-02   16320
  4.355861e+00   8.874994e+00   1.629545e-03   6.807724e-02   19292
  4.361241e+00   8.806214e+00   1.561011e-03   7.244009e-02   17112
  4.366853e+00   8.842563e+00   1.582117e-03   7.087049e-02   17388
  4.372327e+00   8.611028e+00   1.481209e-03   7.111080e-02   16692
  4.377488e+00   9.024940e+00   1.566835e-03   7.489738e-02   16956
  4.383124e+00   8.679442e+00   1.580304e-03   6.964513e-02   17040
  4.388630e+00   8.901595e+00   1.563733e-03   7.413773e-02   16092
  4.393862e+00   9.114671e+00   1.553118e-03   7.712858e-02   16380
  4.399428e+00   8.884168e+00   1.596421e-03   7.479338e-02   16688
  4.404886e+00   8.834401e+00   1.596956e-03   7.883635e-02   14940
  4.410242e+00   9.016063e+00   1.605748e-03   7.470817e-02   16668
  4.415795e+00   8.939067e+00   1.568026e-03   7.494044e-02   15804
  4.421181e+00   8.460619e+00   1.557131e-03   7.618237e-02   14280
  4.426622e+00   8.852903e+00   1.532886e-03   7.475013e-02   16068
  4.432054e+00   8.905100e+00   1.562272e-03   8.014660e-02   15048
  4.437457e+00   8.940279e+00   1.592183e-03   7.969848e-02   13940
  4.442869e+00   9.002328e+00   1.521708e-03   7.771752e-02   15072
  4.448295e+00   8.836494e+00   1.622238e-03   7.675220e-02   14808
  4.453669e+00   8.796274e+00   1.506280e-03   8.388050e-02   13200
  4.459194e+00   8.867369e+00   1.595625e-03   7.657119e-02   15156
  4.464724e+00   8.997019e+00   1.556013e-03   8.244431e-02   13788
  4.470151e+00   8.639189e+00   1.533533e-03   8.007543e-02   13608
  4.475573e+00   8.869900e+00   1.461946e-03   8.327629e-02   13224
  4.480979e+00   8.850219e+00   1.576198e-03   8.383967e-02   13320
  4.486355e+00   8.788048e+00   1.554184e-03   8.254101e-02   13220
  4.491886e+00   8.748046e+00   1.570846e-03   8.398073e-02   12984
  4.497444e+00   8.977287e+00   1.589998e-03   8.862583e-02   12780
  4.502691e+00   8.751439e+00   1.504822e-03   8.709943e-02   12360
  4.508225e+00   8.891208e+00   1.583198e-03   8.369251e-02   12480
  4.513746e+00   9.020218e+00   1.537784e-03   8.952144e-02   11892
  4.519015e+00   8.822390e+00   1.594395e-03   8.605807e-02   12192
  4.524529e+00   8.780710e+00   1.563074e-03   8.912871e-02   11328
  4.530016e+00   8.605921e+00   1.657530e-03   8.748667e-02   12020
  4.535376e+00   8.782217e+00   1.523948e-03   8.838905e-02   11052
  4.540948e+00   8.734448e+00   1.618906e-03   8.864062e-02   11304
  4.546169e+00   8.448700e+00   1.489624e-03   9.049689e-02   10368
  4.551511e+00   8.558464e+00   1.550098e-03   8.592116e-02   10899
  4.557146e+00   8.459466e+00   1.554021e-03   8.475663e-02   10752
  4.562496e+00   8.492625e+00   1.559799e-03   8.923793e-02   10446
  4.568012e+00   8.492526e+00   1.535197e-03   9.114399e-02   10092
  4.573476e+00   8.396488e+00   1.555534e-03   8.770504e-02   10220
  4.578755e+00   8.385092e+00   1.523556e-03   9.145259e-02   9636
  4.584373e+00   8.506666e+00   1.567355e-03   9.231481e-02   10020
  4.589883e+00   8.330526e+00   1.628387e-03   8.942209e-02   9906
  4.595217e+00   8.682232e+00   1.510439e-03   9.542295e-02   8940
  4.600749e+00   8.289006e+00   1.531752e-03   8.886800e-02   9558
  4.606151e+00   8.396924e+00   1.668091e-03   9.157665e-02   9180
  4.611496e+00   8.409058e+00   1.596941e-03   9.578549e-02   8674
  4.617087e+00   8.256712e+00   1.587385e-03   8.971351e-02   9454
  4.622489e+00   8.362802e+00   1.631486e-03   9.882579e-02   8316
  4.627854e+00   8.275455e+00   1.608919e-03   9.454029e-02   8622
  4.633459e+00   8.241934e+00   1.597569e-03   9.056031e-02   9006
  4.638817e+00   8.350271e+00   1.610282e-03   9.777363e-02   7698
  4.644188e+00   8.412498e+00   1.545067e-03   9.654068e-02   8406
  4.649796e+00   8.414663e+00   1.648676e-03   9.701575e-02   8646
  4.655134e+00   8.215031e+00   1.566555e-03   1.008014e-01   7014
  4.660482e+00   8.346868e+00   1.557241e-03   9.208618e-02   8510
  4.666168e+00   8.174438e+00   1.641235e-03   9.682789e-02   7890
  4.671505e+00   8.325096e+00   1.574407e-03   1.039749e-01   6966
  4.676764e+00   8.246375e+00   1.504915e-03   1.008638e-01   7902
  4.682374e+00   8.287718e+00   1.641329e-03   1.015408e-01   7278
  4.687828e+00   8.275063e+00   1.612380e-03   1.000956e-01   7338
  4.693196e+00   7.918317e+00   1.493392e-03   9.616012e-02   7254
  4.698697e+00   8.349375e+00   1.608386e-03   1.049824e-01   6678
  4.704032e+00   7.947826e+00   1.606870e-03   9.467641e-02   7286
  4.709691e+00   8.421946e+00   1.589718e-03   1.026397e-01   7200
  4.715313e+00   8.376780e+00   1.543001e-03   1.077588e-01   6234
  4.720293e+00   8.111169e+00   1.546551e-03   1.017181e-01   6630
  4.725937e+00   8.363039e+00   1.594739e-03   1.058795e-01   6822
  4.731533e+00   8.415262e+00   1.502372e-03   1.162784e-01   6078
  4.736631e+00   8.085608e+00   1.597130e-03   1.045701e-01   6528
  4.742272e+00   8.140613e+00   1.526400e-03   1.094628e-01   6034
  4.747672e+00   7.939362e+00   1.563107e-03   1.028180e-01   6190
  4.753036e+00   8.342692e+00   1.605909e-03   1.106496e-01   6270
  4.758704e+00   8.166698e+00   1.444203e-03   1.181355e-01   5520
  4.763890e+00   7.971558e+00   1.616958e-03   1.031131e-01   6126
  4.769317e+00   8.326463e+00   1.511987e-03   1.143126e-01   5562
  4.775011e+00   8.000878e+00   1.511880e-03   1.063388e-01   5790
  4.780175e+00   7.701934e+00   1.547880e-03   1.076596e-01   5496
  4.785646e+00   8.401008e+00   1.559064e-03   1.157964e-01   5262
  4.791216e+00   8.430096e+00   1.535486e-03   1.127577e-01   5774
  4.796542e+00   8.209985e+00   1.521126e-03   1.182216e-01   5124
  4.802154e+00   8.384436e+00   1.525856e-03   1.254455e-01   5070
  4.807432e+00   8.089740e+00   1.588341e-03   1.158203e-01   5430
  4.812826e+00   8.485708e+00   1.483666e-03   1.274135e-01   4680
  4.818540e+00   8.337543e+00   1.536582e-03   1.182673e-01   5370
  4.823790e+00   8.315495e+00   1.468016e-03   1.226846e-01   4638
  4.829137e+00   8.401783e+00   1.543205e-03   1.263526e-01   4536
  4.834713e+00   8.240760e+00   1.545277e-03   1.223321e-01   5222
  4.840070e+00   7.990712e+00   1.418031e-03   1.250540e-01   4254
  4.845561e+00   8.267903e+00   1.563113e-03   1.226659e-01   4548
  4.850865e+00   8.699884e+00   1.515896e-03   1.314417e-01   4638
  4.856279e+00   8.191769e+00   1.496620e-03   1.306649e-01   4176
  4.861899e+00   8.419799e+00   1.501804e-03   1.297454e-01   4518
  4.867234e+00   8.627810e+00   1.513137e-03   1.398600e-01   4278
  4.872549e+00   8.689975e+00   1.464028e-03   1.515466e-01   3732
  4.877994e+00   8.617866e+00   1.546653e-03   1.324995e-01   4502
  4.883481e+00   8.453755e+00   1.503470e-03   1.405880e-01   3984
  4.889020e+00   8.288012e+00   1.557569e-03   1.393361e-01   3726
  4.894174e+00   8.641531e+00   1.501292e-03   1.369691e-01   4014
  4.899605e+00   8.823214e+00   1.574381e-03   1.508208e-01   3756
  4.905398e+00   8.478517e+00   1.580112e-03   1.377108e-01   3894
  4.910659e+00   8.244242e+00   1.546203e-03   1.362617e-01   3744
  4.915968e+00   8.831947e+00   1.571823e-03   1.598359e-01   3174
  4.921505e+00   8.195032e+00   1.608835e-03   1.373992e-01   3968
  4.926991e+00   8.544058e+00   1.622395e-03   1.466267e-01   3522
  4.932722e+00   8.538250e+00   1.666295e-03   1.533877e-01   3198
  4.937920e+00   8.462882e+00   1.632144e-03   1.458513e-01   3648
  4.943345e+00   8.828871e+00   1.659133e-03   1.616880e-01   3054
  4.949062e+00   8.623521e+00   1.560433e-03   1.581259e-01   3312
  4.954266e+00   8.379538e+00   1.648372e-03   1.476942e-01   3354
  4.959775e+00   8.765582e+00   1.630010e-03   1.783458e-01   2624
  4.965165e+00   8.421103e+00   1.590230e-03   1.499034e-01   3462
  4.970648e+00   8.669380e+00   1.658767e-03   1.711371e-01   2976
  4.976433e+00   8.728571e+00   1.570247e-03   1.751029e-01   2670
  4.981450e+00   8.398169e+00   1.634562e-03   1.446262e-01   3186
  4.986828e+00   8.635243e+00   1.526978e-03   1.822222e-01   2376
  4.992553e+00   8.939897e+00   1.609692e-03   1.588555e-01   3102
  4.997840e+00   8.250485e+00   1.575648e-03   1.610624e-01   2688
  5.003337e+00   8.748658e+00   1.643829e-03   1.846160e-01   2286
  5.008726e+00   8.776509e+00   1.585579e-03   1.536523e-01   3020
  5.014174e+00   8.581087e+00   1.510259e-03   1.780566e-01   2310
  5.019958e+00   8.864464e+00   1.669065e-03   1.836019e-01   2544
  5.025112e+00   8.479703e+00   1.556079e-03   1.726288e-01   2526
  5.030503e+00   8.927097e+00   1.598055e-03   1.928731e-01   2112
  5.036149e+00   9.077972e+00   1.535784e-03   1.859518e-01   2538
  5.041490e+00   9.271064e+00   1.597743e-03   2.009864e-01   2304
  5.046925e+00   9.602889e+00   1.576461e-03   2.211841e-01   1902
  5.052197e+00   8.848769e+00   1.506026e-03   1.900755e-01   2408
  5.057655e+00   8.503926e+00   1.588655e-03   1.844810e-01   2094
  5.063468e+00   8.766361e+00   1.618622e-03   1.925331e-01   2028
  5.068570e+00   8.875175e+00   1.535323e-03   1.915971e-01   2094
  5.073985e+00   9.251789e+00   1.674958e-03   2.055343e-01   1920
  5.079736e+00   8.905977e+00   1.412176e-03   2.063530e-01   1926
  5.084997e+00   8.986830e+00   1.648354e-03   1.996407e-01   2088
  5.090349e+00   9.099378e+00   1.445979e-03   2.637172e-01   1434
  5.095727e+00   9.038611e+00   1.528869e-03   2.040309e-01   2048
  5.101055e+00   9.433373e+00   1.524439e-03   2.254912e-01   1758
  5.106921e+00   8.788330e+00   1.681850e-03   2.080814e-01   1584
  5.112297e+00   9.262607e+00   1.666289e-03   2.122048e-01   1998
  5.117737e+00   9.524931e+00   1.517710e-03   2.532866e-01   1428
  5.123436e+00   9.471525e+00   1.270388e-03   2.503581e-01   1488
  5.128415e+00   9.372745e+00   1.618345e-03   2.329032e-01   1806
  5.133668e+00   9.348189e+00   1.473287e-03   2.906535e-01   1040
  5.139281e+00   8.832990e+00   1.543732e-03   2.080980e-01   1782
  5.144417e+00   9.747414e+00   1.459353e-03   2.665197e-01   1428
  5.150558e+00   9.824494e+00   1.752291e-03   2.625748e-01   1206
  5.155754e+00   9.075380e+00   1.628015e-03   2.193023e-01   1728
  5.160990e+00   1.010282e+01   1.525739e-03   2.992771e-01   1038
  5.167027e+00   9.700360e+00   1.237946e-03   2.817353e-01   1248
  5.171798e+00   9.377951e+00   1.578785e-03   2.429162e-01   1530
  5.177034e+00   9.709149e+00   1.447012e-03   3.860519e-01   656
  5.182884e+00   9.359077e+00   1.622270e-03   2.214149e-01   1662
  5.187826e+00   9.673729e+00   1.343030e-03   3.128067e-01   1008
  5.194344e+00   9.188507e+00   1.783380e-03   2.830872e-01   960
  5.199238e+00   9.863213e+00   1.533522e-03   2.697555e-01   1458
  5.204352e+00   1.068382e+01   1.515264e-03   4.269862e-01   672
  5.210626e+00   9.891371e+00   1.187605e-03   3.079573e-01   1062
  5.215066e+00   9.912318e+00   1.540654e-03   2.859427e-01   1224
  5.220385e+00   1.139695e+01   1.345767e-03   6.005463e-01   374
  5.226378e+00   1.003026e+01   1.617607e-03   2.582456e-01   1512
  5.231226e+00   1.043113e+01   1.355537e-03   3.810859e-01   666
  5.238164e+00   9.698140e+00   1.657312e-03   4.110148e-01   720
  5.242515e+00   9.343188e+00   1.484148e-03   2.635886e-01   1224
  5.247863e+00   1.093859e+01   1.475424e-03   5.575762e-01   390
  5.254263e+00   1.015078e+01   1.097036e-03   3.341153e-01   936
  5.258334e+00   9.781426e+00   1.565258e-03   3.683151e-01   882
  5.264148e+00   1.205186e+01   1.528292e-03   8.919985e-01   216
  5.269800e+00   9.860280e+00   1.517469e-03   2.857575e-01   1286
  5.274591e+00   1.148551e+01   1.267641e-03   5.301791e-01   384
  5.281913e+00   1.061052e+01   1.595845e-03   4.213685e-01   576
  5.285704e+00   1.129157e+01   1.430314e-03   3.549912e-01   930
  5.291130e+00   1.084003e+01   1.405067e-03   8.366123e-01   216
  5.298050e+00   1.081048e+01   1.127871e-03   3.544215e-01   918
  5.302037e+00   1.067038e+01   1.519148e-03   5.386207e-01   480
  5.307441e+00   9.747688e+00   1.280066e-03   1.366181e+00   78
  5.313052e+00   1.151482e+01   1.383681e-03   3.373710e-01   1052
  5.318233e+00   1.069495e+01   1.611134e-03   7.301957e-01   240
  5.326163e+00   1.111311e+01   5.882336e-04   6.225652e-01   438
  5.328872e+00   1.114912e+01   1.360971e-03   4.434181e-01   648
  5.333924e+00   1.032841e+01   1.123687e-03   9.491683e-01   78
  5.341457e+00   1.137171e+01   9.804401e-04   3.921044e-01   780
  5.345244e+00   1.086421e+01   1.368055e-03   6.364920e-01   240
  5.349910e+00   8.979819e+00   0.000000e+00   1.545667e+00   6
  5.356198e+00   1.150115e+01   1.253222e-03   4.346963e-01   824
  5.360748e+00   1.008064e+01   9.688384e-04   1.034386e+00   78
  5.369722e+00   1.094580e+01   5.065474e-04   5.541048e-01   432
  5.372065e+00   1.357259e+01   1.225115e-03   7.951995e-01   348
  5.376527e+00   1.591964e+01   0.000000e+00   4.957328e+00   6
  5.384681e+00   1.160854e+01   8.661160e-04   5.084507e-01   600
  5.387907e+00   1.358593e+01   8.155581e-04   1.693249e+00   78
  5.399271e+00   1.215935e+01   1.072115e-03   5.411176e-01   572
  5.403481e+00   1.393781e+01   0.000000e+00   2.056769e+00   6
  5.413189e+00   1.277698e+01   5.033701e-04   6.692254e-01   384
  5.415134e+00   1.106675e+01   7.482049e-04   1.067316e+00   102
  5.427858e+00   1.135478e+01   7.359585e-04   6.148245e-01   396
  5.430766e+00   1.577187e+01   0.000000e+00   6.196973e+00   6
  5.442225e+00   1.253733e+01   6.658608e-04   7.730065e-01   326
  5.456526e+00   1.557237e+01   4.630285e-04   9.823033e-01   252
  5.458378e+00   1.379776e+01   0.000000e+00   5.841746e+00   6
  5.470933e+00   1.366035e+01   4.213345e-04   9.286415e-01   198
  5.485317e+00   1.435303e+01   3.214857e-04   1.412093e+00   146
  5.499721e+00   1.309218e+01   2.359708e-04   1.299662e+00   102
  5.514144e+00   1.587199e+01   1.639936e-04   1.270941e+00   66
  5.528587e+00   1.882917e+01   1.041522e-04   3.351701e+00   38
  5.543047e+00   1.091638e+01   5.371851e-05   2.341595e+00   18
  5.557519e+00   1.331490e+01   5.754450e-08   4.447778e+00   6
