# power spectrum of delta
# redshift z=3.000000
# k              Pk             sigma(k)       sigma(Pk)      count
  2.513274e-02   1.152724e-03   2.247832e-10   4.710377e-04   6
  3.554306e-02   1.687085e-03   0.000000e+00   3.426756e-04   12
  4.353118e-02   2.099833e-03   4.768372e-10   4.555909e-04   8
  5.026548e-02   1.026824e-02   4.495664e-10   1.156231e-03   6
  5.619852e-02   9.932724e-03   8.991328e-10   3.184710e-03   24
  6.156239e-02   1.851871e-02   6.357829e-10   3.273938e-03   24
  7.416620e-02   1.526787e-02   1.948007e-03   2.590716e-03   42
  7.947671e-02   2.434955e-02   0.000000e+00   5.203537e-03   24
  8.335587e-02   2.522948e-02   1.557344e-09   6.304218e-03   24
  8.972863e-02   2.911870e-02   1.539368e-03   3.190095e-03   32
  9.403811e-02   2.924424e-02   0.000000e+00   4.295925e-03   48
  1.005310e-01   3.659213e-02   8.991328e-10   1.628237e-02   6
  1.049125e-01   3.417137e-02   1.486715e-03   3.392079e-03   84
  1.109741e-01   4.647737e-02   1.422978e-03   6.938126e-03   48
  1.160761e-01   4.076298e-02   1.277655e-03   4.113574e-03   72
  1.231248e-01   5.575460e-02   1.271566e-09   8.022557e-03   24
  1.274204e-01   4.289800e-02   1.133933e-03   4.088441e-03   102
  1.338823e-01   6.125712e-02   2.192492e-03   6.563899e-03   104
  1.376577e-01   3.831359e-02   0.000000e+00   5.967897e-03   48
  1.450967e-01   4.795146e-02   1.454852e-03   3.958140e-03   108
  1.494985e-01   6.492588e-02   1.026108e-03   7.484799e-03   78
  1.544156e-01   8.159162e-02   8.885963e-04   7.643345e-03   96
  1.612033e-01   6.322048e-02   1.252396e-03   5.247918e-03   168
  1.674610e-01   6.967213e-02   1.514588e-03   6.926634e-03   120
  1.704585e-01   7.048619e-02   0.000000e+00   9.962256e-03   48
  1.775076e-01   8.397163e-02   1.466362e-03   6.963915e-03   194
  1.836114e-01   7.965144e-02   1.199745e-03   6.488279e-03   192
  1.889121e-01   1.058647e-01   8.359107e-04   8.605832e-03   96
  1.926375e-01   8.191377e-02   7.114371e-04   7.323777e-03   96
  1.973415e-01   8.862261e-02   1.049518e-03   7.099527e-03   174
  2.036605e-01   9.980872e-02   1.032544e-03   7.419090e-03   216
  2.087655e-01   8.603772e-02   1.069752e-03   6.771474e-03   192
  2.153360e-01   9.253884e-02   1.134051e-03   6.570755e-03   204
  2.199701e-01   8.563803e-02   1.553116e-03   6.033913e-03   224
  2.263855e-01   1.226269e-01   8.767448e-04   1.017893e-02   174
  2.313653e-01   1.118477e-01   1.685384e-03   6.016967e-03   288
  2.375440e-01   1.005309e-01   8.296829e-04   6.385938e-03   288
  2.423661e-01   1.031962e-01   1.600294e-03   7.688702e-03   192
  2.486778e-01   1.186906e-01   1.171093e-03   6.990125e-03   252
  2.526714e-01   1.245108e-01   6.978544e-04   7.549449e-03   246
  2.580960e-01   1.174172e-01   1.324197e-03   6.787111e-03   312
  2.629351e-01   1.308395e-01   8.554600e-04   7.200075e-03   248
  2.695776e-01   1.133504e-01   1.809641e-03   5.737528e-03   432
  2.749286e-01   1.587261e-01   1.515534e-03   1.148139e-02   198
  2.802165e-01   1.475213e-01   1.832967e-03   6.518447e-03   456
  2.863920e-01   1.336714e-01   1.069655e-03   8.668034e-03   324
  2.907627e-01   1.410021e-01   1.266356e-03   9.132859e-03   312
  2.961810e-01   1.319609e-01   1.588477e-03   6.403928e-03   408
  3.029220e-01   1.433849e-01   1.466968e-03   7.243699e-03   414
  3.075580e-01   1.228959e-01   1.269406e-03   6.214249e-03   392
  3.123025e-01   1.754769e-01   1.430245e-03   8.252772e-03   408
  3.185470e-01   1.645590e-01   1.518117e-03   8.033650e-03   444
  3.232898e-01   1.678106e-01   1.227263e-03   7.922148e-03   360
  3.293455e-01   1.610967e-01   1.684453e-03   6.201889e-03   678
  3.357501e-01   1.651352e-01   1.079705e-03   8.308357e-03   360
  3.406722e-01   1.709015e-01   1.778081e-03   7.301799e-03   648
  3.453647e-01   1.692401e-01   8.217968e-04   9.651164e-03   288
  3.513418e-01   1.589851e-01   1.531028e-03   6.235238e-03   686
  3.569625e-01   1.730191e-01   1.138289e-03   7.752524e-03   444
  3.620452e-01   1.843048e-01   1.580989e-03   7.387535e-03   696
  3.671010e-01   1.955911e-01   1.502020e-03   9.759838e-03   408
  3.725872e-01   1.777746e-01   1.554025e-03   6.832977e-03   648
  3.782992e-01   1.943628e-01   1.360625e-03   8.093851e-03   582
  3.833918e-01   1.778082e-01   1.703041e-03   6.730062e-03   744
  3.890113e-01   2.097956e-01   1.700144e-03   9.287551e-03   516
  3.941882e-01   2.026846e-01   1.645265e-03   7.733535e-03   728
  3.989676e-01   2.010496e-01   1.363195e-03   9.214131e-03   558
  4.047392e-01   1.861830e-01   1.374231e-03   6.056178e-03   768
  4.109960e-01   2.034502e-01   1.593026e-03   6.945249e-03   960
  4.164620e-01   2.188118e-01   1.114439e-03   9.434404e-03   576
  4.217163e-01   2.276137e-01   1.808947e-03   7.920270e-03   816
  4.273742e-01   2.060083e-01   1.395616e-03   7.196569e-03   666
  4.323421e-01   2.243777e-01   1.636664e-03   7.254604e-03   960
  4.382783e-01   2.199169e-01   1.614107e-03   8.677472e-03   824
  4.440386e-01   2.171117e-01   1.777416e-03   6.691526e-03   936
  4.493430e-01   2.199120e-01   1.321819e-03   9.010992e-03   624
  4.542288e-01   2.287073e-01   1.556102e-03   8.040318e-03   1062
  4.599003e-01   2.217709e-01   1.695132e-03   8.704227e-03   732
  4.648741e-01   2.190052e-01   1.470856e-03   6.896440e-03   1080
  4.708074e-01   2.380387e-01   1.603534e-03   8.293204e-03   936
  4.761732e-01   2.344408e-01   1.731990e-03   8.185569e-03   878
  4.818260e-01   2.401364e-01   1.755225e-03   7.654430e-03   1152
  4.870749e-01   2.445261e-01   1.356663e-03   7.617959e-03   1056
  4.926568e-01   2.473313e-01   1.602363e-03   8.838284e-03   864
  4.976423e-01   2.599918e-01   1.565217e-03   8.054477e-03   1092
  5.036015e-01   2.544259e-01   1.653531e-03   7.474297e-03   1206
  5.092782e-01   2.628172e-01   1.678014e-03   7.817532e-03   1248
  5.145213e-01   2.664646e-01   1.137149e-03   8.902385e-03   864
  5.191890e-01   2.623803e-01   1.180642e-03   8.146724e-03   1152
  5.252742e-01   2.703837e-01   1.757644e-03   7.805633e-03   1382
  5.312134e-01   2.729027e-01   1.566451e-03   8.329037e-03   1188
  5.364142e-01   2.697937e-01   1.659855e-03   8.087523e-03   1248
  5.413249e-01   2.937224e-01   1.574532e-03   8.913812e-03   1152
  5.467138e-01   2.867816e-01   1.729118e-03   7.997272e-03   1320
  5.526917e-01   2.669080e-01   1.146028e-03   8.229923e-03   1206
  5.576517e-01   3.081332e-01   1.665023e-03   7.979057e-03   1560
  5.635439e-01   2.851859e-01   1.549958e-03   7.989501e-03   1280
  5.685850e-01   2.902449e-01   1.560520e-03   8.102274e-03   1308
  5.741001e-01   3.039608e-01   1.566129e-03   7.472917e-03   1512
  5.795940e-01   3.057087e-01   1.277777e-03   8.233033e-03   1350
  5.852552e-01   3.118610e-01   1.688249e-03   7.753814e-03   1608
  5.900948e-01   3.074411e-01   1.451867e-03   8.342603e-03   1320
  5.957309e-01   3.023119e-01   1.748946e-03   7.183918e-03   1656
  6.008045e-01   3.037065e-01   1.374965e-03   8.553237e-03   1254
  6.066730e-01   3.119645e-01   1.569270e-03   7.280338e-03   1932
  6.122044e-01   3.128040e-01   1.409199e-03   7.579415e-03   1640
  6.176544e-01   3.421145e-01   1.462843e-03   8.494429e-03   1488
  6.227944e-01   3.078279e-01   1.414095e-03   8.091321e-03   1560
  6.286404e-01   3.387918e-01   1.698486e-03   7.540950e-03   2046
  6.340669e-01   3.163718e-01   1.523538e-03   8.650302e-03   1512
  6.393232e-01   3.223684e-01   1.516165e-03   8.150174e-03   1764
  6.445652e-01   3.248389e-01   1.511671e-03   7.971984e-03   1776
  6.499746e-01   3.381009e-01   1.817211e-03   8.313280e-03   1704
  6.557781e-01   3.407810e-01   1.779589e-03   7.453747e-03   2126
  6.610046e-01   3.613919e-01   1.236245e-03   8.689116e-03   1632
  6.662499e-01   3.553760e-01   1.646884e-03   8.164539e-03   2064
  6.715382e-01   3.488276e-01   1.357901e-03   8.211234e-03   1680
  6.772924e-01   3.557309e-01   1.523137e-03   8.057264e-03   2154
  6.826481e-01   3.463581e-01   1.541852e-03   7.548286e-03   2016
  6.884154e-01   3.644044e-01   1.692697e-03   7.419586e-03   2304
  6.937001e-01   3.776691e-01   1.347609e-03   9.295857e-03   1680
  6.991903e-01   3.761176e-01   1.561166e-03   7.345157e-03   2432
  7.046941e-01   3.847321e-01   1.538311e-03   8.896294e-03   1902
  7.101567e-01   3.722986e-01   1.581895e-03   7.762418e-03   2292
  7.150285e-01   3.685456e-01   1.252979e-03   8.139321e-03   1992
  7.208092e-01   3.722193e-01   1.606146e-03   7.329433e-03   2568
  7.263678e-01   3.629035e-01   1.402295e-03   8.618685e-03   1806
  7.319849e-01   3.740254e-01   1.724889e-03   6.553462e-03   3000
  7.376724e-01   3.725614e-01   1.569594e-03   8.078933e-03   2016
  7.424201e-01   3.962985e-01   1.465108e-03   8.808341e-03   2168
  7.478330e-01   3.907238e-01   1.496073e-03   8.354301e-03   2412
  7.534914e-01   3.930618e-01   1.636470e-03   7.998448e-03   2550
  7.589365e-01   3.973460e-01   1.624710e-03   8.338288e-03   2592
  7.646194e-01   3.670260e-01   1.496749e-03   7.767385e-03   2496
  7.700227e-01   3.951997e-01   1.655767e-03   7.818717e-03   2688
  7.754124e-01   4.051552e-01   1.430386e-03   8.661925e-03   2424
  7.810929e-01   3.893469e-01   1.312547e-03   7.611552e-03   2634
  7.862125e-01   4.101511e-01   1.574459e-03   8.383697e-03   2552
  7.913127e-01   3.915774e-01   1.651778e-03   7.382827e-03   2832
  7.969736e-01   4.301560e-01   1.568612e-03   9.232079e-03   2424
  8.025554e-01   4.187725e-01   1.740010e-03   7.916837e-03   3198
  8.077809e-01   4.222048e-01   1.388970e-03   8.423859e-03   2400
  8.133203e-01   4.161301e-01   1.597724e-03   7.150416e-03   3336
  8.190443e-01   4.280870e-01   1.344782e-03   9.035775e-03   2508
  8.240739e-01   4.358475e-01   1.620807e-03   8.710337e-03   3104
  8.299549e-01   4.243508e-01   1.630675e-03   8.366984e-03   2934
  8.352548e-01   4.381555e-01   1.499159e-03   7.847000e-03   3120
  8.410021e-01   4.290754e-01   1.672615e-03   7.584927e-03   3288
  8.462971e-01   4.309594e-01   1.408091e-03   8.208085e-03   2808
  8.517341e-01   4.162802e-01   1.767149e-03   7.700637e-03   2988
  8.572072e-01   4.394951e-01   1.617824e-03   7.581362e-03   3486
  8.625080e-01   4.228071e-01   1.531395e-03   7.866368e-03   3000
  8.676262e-01   4.558151e-01   1.332104e-03   8.439616e-03   3024
  8.733607e-01   4.351974e-01   1.466916e-03   7.369458e-03   3584
  8.791129e-01   4.465138e-01   1.571450e-03   7.533875e-03   3486
  8.844786e-01   4.472990e-01   1.415254e-03   7.866594e-03   3120
  8.897252e-01   4.778379e-01   1.397521e-03   8.178797e-03   3396
  8.950216e-01   4.377262e-01   1.596634e-03   7.269470e-03   3552
  9.006758e-01   4.638003e-01   1.536565e-03   7.746394e-03   3384
  9.062646e-01   4.401767e-01   1.564378e-03   7.234161e-03   3726
  9.115861e-01   4.515555e-01   1.516080e-03   7.890351e-03   3344
  9.166417e-01   4.879658e-01   1.557833e-03   8.063444e-03   3744
  9.224231e-01   4.554960e-01   1.516451e-03   7.997287e-03   3540
  9.278433e-01   4.727258e-01   1.609838e-03   7.647678e-03   3822
  9.335305e-01   4.807923e-01   1.580500e-03   7.454554e-03   4056
  9.387066e-01   4.942482e-01   1.452506e-03   8.758672e-03   3288
  9.441340e-01   4.805894e-01   1.677753e-03   7.769101e-03   4056
  9.494626e-01   4.863272e-01   1.536843e-03   7.946223e-03   3984
  9.552959e-01   4.766763e-01   1.413015e-03   8.148560e-03   3662
  9.602370e-01   4.833268e-01   1.541776e-03   8.182574e-03   3828
  9.658108e-01   4.906172e-01   1.742991e-03   7.676392e-03   4632
  9.713679e-01   4.763542e-01   1.345609e-03   7.877516e-03   3600
  9.769230e-01   4.748254e-01   1.597718e-03   7.173541e-03   4320
  9.821794e-01   5.095397e-01   1.253511e-03   8.173906e-03   3918
  9.874859e-01   5.051101e-01   1.442268e-03   8.063424e-03   4200
  9.928210e-01   4.916879e-01   1.636673e-03   7.888764e-03   4188
  9.983519e-01   5.076155e-01   1.662286e-03   7.779483e-03   4360
  1.003968e+00   4.926055e-01   1.662160e-03   7.237074e-03   4582
  1.009399e+00   4.972835e-01   1.477494e-03   7.916764e-03   4128
  1.014920e+00   5.069777e-01   1.587216e-03   7.257105e-03   4752
  1.020120e+00   5.234341e-01   1.461112e-03   8.161292e-03   4176
  1.025775e+00   5.198722e-01   1.680085e-03   7.493096e-03   4848
  1.031437e+00   5.265039e-01   1.459747e-03   8.158403e-03   4338
  1.036771e+00   5.482583e-01   1.593174e-03   7.973346e-03   5160
  1.042045e+00   5.184809e-01   1.291598e-03   8.229991e-03   4008
  1.047767e+00   5.329082e-01   1.707442e-03   7.304008e-03   5360
  1.053032e+00   5.235460e-01   1.588217e-03   8.630407e-03   4110
  1.058510e+00   5.297504e-01   1.701535e-03   7.240798e-03   5424
  1.063733e+00   5.436814e-01   1.454921e-03   8.504095e-03   4140
  1.069227e+00   5.267779e-01   1.625576e-03   7.093360e-03   5664
  1.074866e+00   5.510231e-01   1.412853e-03   8.112203e-03   4632
  1.080236e+00   5.412442e-01   1.490235e-03   7.499785e-03   4902
  1.085555e+00   5.549994e-01   1.592485e-03   7.848868e-03   5072
  1.090999e+00   5.299443e-01   1.501653e-03   7.446170e-03   5472
  1.096387e+00   5.545280e-01   1.526101e-03   8.534561e-03   4704
  1.101916e+00   5.300656e-01   1.676374e-03   7.355014e-03   5436
  1.107545e+00   5.556294e-01   1.596128e-03   7.647712e-03   5646
  1.112664e+00   5.636143e-01   1.428200e-03   8.890417e-03   4512
  1.118112e+00   5.581647e-01   1.824161e-03   7.203350e-03   6120
  1.123729e+00   5.487894e-01   1.411269e-03   7.814974e-03   5112
  1.129131e+00   5.537999e-01   1.667779e-03   7.380163e-03   5606
  1.134567e+00   5.601788e-01   1.554272e-03   7.998335e-03   5328
  1.139989e+00   5.707497e-01   1.565953e-03   7.579334e-03   5964
  1.145435e+00   5.708093e-01   1.590472e-03   8.135529e-03   5448
  1.150957e+00   5.578336e-01   1.628706e-03   7.299778e-03   5904
  1.156600e+00   5.797973e-01   1.600579e-03   7.936872e-03   5598
  1.161806e+00   5.853538e-01   1.501909e-03   7.858471e-03   5952
  1.167187e+00   5.687474e-01   1.643126e-03   7.660499e-03   5688
  1.172631e+00   5.897400e-01   1.575513e-03   8.008929e-03   5876
  1.177964e+00   5.777619e-01   1.536673e-03   7.735600e-03   5784
  1.183501e+00   5.693550e-01   1.532901e-03   7.180342e-03   6462
  1.189054e+00   5.953241e-01   1.653348e-03   7.979693e-03   5688
  1.194197e+00   5.839385e-01   1.525430e-03   7.394286e-03   6408
  1.199756e+00   5.712285e-01   1.574800e-03   7.485926e-03   6000
  1.205422e+00   5.930245e-01   1.694655e-03   7.646853e-03   6582
  1.211021e+00   5.699451e-01   1.612876e-03   6.994774e-03   6564
  1.216263e+00   5.811061e-01   1.422140e-03   7.766377e-03   6048
  1.221699e+00   5.841542e-01   1.629773e-03   7.584931e-03   6512
  1.227397e+00   6.014257e-01   1.620133e-03   7.366106e-03   6816
  1.232850e+00   5.984733e-01   1.416896e-03   7.509182e-03   6222
  1.237968e+00   5.995705e-01   1.476334e-03   7.523879e-03   6432
  1.243434e+00   5.947644e-01   1.553938e-03   7.472626e-03   6804
  1.248868e+00   6.131028e-01   1.464733e-03   7.960659e-03   6432
  1.254187e+00   6.045471e-01   1.722345e-03   7.545632e-03   6846
  1.259590e+00   6.243670e-01   1.572729e-03   7.981622e-03   6424
  1.264755e+00   6.120315e-01   1.411534e-03   7.190996e-03   6952
  1.270430e+00   6.016664e-01   1.700917e-03   7.198350e-03   7560
  1.276003e+00   6.257682e-01   1.461590e-03   7.947809e-03   6648
  1.281750e+00   6.141546e-01   1.606071e-03   7.247433e-03   7578
  1.286810e+00   6.502145e-01   1.450151e-03   8.233376e-03   6552
  1.292277e+00   6.306118e-01   1.596662e-03   7.598457e-03   7536
  1.297851e+00   6.184774e-01   1.461180e-03   7.639156e-03   7272
  1.303277e+00   6.164906e-01   1.556497e-03   7.450064e-03   6936
  1.308485e+00   6.427018e-01   1.596343e-03   7.645686e-03   7430
  1.314120e+00   6.199320e-01   1.672052e-03   7.215213e-03   7644
  1.319350e+00   6.454807e-01   1.489238e-03   7.766195e-03   7248
  1.325034e+00   6.487039e-01   1.703671e-03   7.190504e-03   8232
  1.330590e+00   6.134475e-01   1.553617e-03   7.416355e-03   7038
  1.335931e+00   6.236472e-01   1.510189e-03   7.124310e-03   7824
  1.341174e+00   6.378082e-01   1.590763e-03   7.532734e-03   7752
  1.346585e+00   6.533373e-01   1.605043e-03   7.805433e-03   7480
  1.352208e+00   6.445224e-01   1.618933e-03   7.173248e-03   8404
  1.357671e+00   6.512432e-01   1.503855e-03   7.495228e-03   7614
  1.362913e+00   6.512793e-01   1.575108e-03   7.649550e-03   7776
  1.368188e+00   6.219882e-01   1.502776e-03   6.945614e-03   7944
  1.373702e+00   6.422842e-01   1.562607e-03   7.124858e-03   8424
  1.379142e+00   6.546602e-01   1.533354e-03   7.555424e-03   7872
  1.384762e+00   6.662680e-01   1.540830e-03   7.375601e-03   8658
  1.390152e+00   6.478837e-01   1.537871e-03   7.339447e-03   8352
  1.395701e+00   6.590027e-01   1.544872e-03   7.287271e-03   8648
  1.400946e+00   6.866474e-01   1.463868e-03   8.119822e-03   7680
  1.406459e+00   6.443522e-01   1.524971e-03   6.931951e-03   8646
  1.411581e+00   6.499278e-01   1.477493e-03   7.260928e-03   8448
  1.417243e+00   6.737816e-01   1.570023e-03   7.351215e-03   9120
  1.422706e+00   6.683868e-01   1.534210e-03   7.349426e-03   8316
  1.428231e+00   6.569709e-01   1.655901e-03   6.847564e-03   9504
  1.433780e+00   6.682469e-01   1.505873e-03   7.389187e-03   8358
  1.439318e+00   6.795131e-01   1.591741e-03   7.220715e-03   9584
  1.444669e+00   6.646503e-01   1.523180e-03   7.364770e-03   8616
  1.450194e+00   6.826142e-01   1.658401e-03   7.188768e-03   9432
  1.455837e+00   6.802811e-01   1.687074e-03   7.356343e-03   9018
  1.460959e+00   6.611308e-01   1.428118e-03   7.170071e-03   8568
  1.466312e+00   7.018821e-01   1.589614e-03   7.371728e-03   9816
  1.471848e+00   6.824919e-01   1.504950e-03   7.372362e-03   9000
  1.477320e+00   6.939867e-01   1.574008e-03   7.269428e-03   9504
  1.482769e+00   6.757709e-01   1.610237e-03   7.162194e-03   9446
  1.488128e+00   6.967429e-01   1.539876e-03   7.368830e-03   9696
  1.493639e+00   6.931194e-01   1.432995e-03   7.464381e-03   9180
  1.499052e+00   6.786353e-01   1.656445e-03   6.714048e-03   10512
  1.504580e+00   6.865050e-01   1.565995e-03   7.390009e-03   9048
  1.510050e+00   7.024552e-01   1.502032e-03   7.181324e-03   10014
  1.515115e+00   6.866869e-01   1.465977e-03   7.397048e-03   9096
  1.520624e+00   7.011764e-01   1.678104e-03   6.651326e-03   11088
  1.526481e+00   6.857636e-01   1.632622e-03   6.944750e-03   9860
  1.531846e+00   6.908913e-01   1.547538e-03   7.065000e-03   10110
  1.537226e+00   6.928446e-01   1.610782e-03   7.174106e-03   10104
  1.542638e+00   7.018683e-01   1.527293e-03   6.963919e-03   10392
  1.548117e+00   7.290597e-01   1.580956e-03   7.471647e-03   10104
  1.553700e+00   7.227132e-01   1.636048e-03   7.080030e-03   11352
  1.559389e+00   7.033326e-01   1.498379e-03   7.100989e-03   10014
  1.564440e+00   7.271851e-01   1.383079e-03   7.753984e-03   9636
  1.569783e+00   7.158059e-01   1.639203e-03   7.071053e-03   11552
  1.575422e+00   7.016860e-01   1.523155e-03   7.166439e-03   10488
  1.580867e+00   7.163814e-01   1.590751e-03   7.270256e-03   10254
  1.586166e+00   7.379774e-01   1.497744e-03   7.073861e-03   11304
  1.591672e+00   7.216916e-01   1.520072e-03   7.074054e-03   10872
  1.597152e+00   7.234780e-01   1.630062e-03   7.075826e-03   10932
  1.602461e+00   7.269996e-01   1.470687e-03   7.227159e-03   10848
  1.607949e+00   7.236733e-01   1.538096e-03   6.969736e-03   10998
  1.613393e+00   7.256344e-01   1.616241e-03   6.873048e-03   11720
  1.618857e+00   7.340935e-01   1.486980e-03   7.426658e-03   10776
  1.624233e+00   7.155875e-01   1.626703e-03   6.844918e-03   12072
  1.629803e+00   7.281652e-01   1.491590e-03   7.376093e-03   10704
  1.635146e+00   7.413741e-01   1.530127e-03   6.989206e-03   11730
  1.640724e+00   7.490449e-01   1.589265e-03   7.003938e-03   12144
  1.646103e+00   7.224346e-01   1.505823e-03   6.996545e-03   11568
  1.651732e+00   7.212553e-01   1.628958e-03   6.883487e-03   11552
  1.656794e+00   7.258481e-01   1.470182e-03   7.229312e-03   10926
  1.662301e+00   7.279473e-01   1.665116e-03   6.475923e-03   13032
  1.667699e+00   7.275800e-01   1.360824e-03   7.224672e-03   10776
  1.673163e+00   7.346991e-01   1.675173e-03   6.684428e-03   13116
  1.678750e+00   7.405355e-01   1.576527e-03   6.933572e-03   12288
  1.684254e+00   7.500531e-01   1.448982e-03   7.322075e-03   11262
  1.689407e+00   7.504686e-01   1.565326e-03   7.096554e-03   12672
  1.694949e+00   7.469570e-01   1.534786e-03   6.790623e-03   12624
  1.700444e+00   7.546809e-01   1.539772e-03   6.872629e-03   12392
  1.705894e+00   7.474710e-01   1.578373e-03   6.943207e-03   12060
  1.711417e+00   7.572731e-01   1.664529e-03   6.617350e-03   13662
  1.716714e+00   7.577715e-01   1.437484e-03   7.378155e-03   11592
  1.722229e+00   7.484233e-01   1.708245e-03   6.566636e-03   13776
  1.727732e+00   7.531070e-01   1.452727e-03   6.898877e-03   12240
  1.733259e+00   7.554267e-01   1.673717e-03   6.766097e-03   13662
  1.738451e+00   7.547301e-01   1.438450e-03   7.192738e-03   11520
  1.744057e+00   7.571497e-01   1.657935e-03   6.321382e-03   15044
  1.749584e+00   7.579927e-01   1.490148e-03   6.998920e-03   12384
  1.755011e+00   7.537002e-01   1.568695e-03   6.911725e-03   13176
  1.760324e+00   7.803343e-01   1.420714e-03   7.234388e-03   12798
  1.765805e+00   7.641505e-01   1.613568e-03   6.548345e-03   14376
  1.771131e+00   7.692154e-01   1.533785e-03   7.214516e-03   12528
  1.776603e+00   7.602331e-01   1.610649e-03   6.738151e-03   14100
  1.781897e+00   7.708155e-01   1.461405e-03   7.050930e-03   12630
  1.787364e+00   7.515605e-01   1.587093e-03   6.423109e-03   14624
  1.792771e+00   7.799001e-01   1.583065e-03   6.949447e-03   13272
  1.798277e+00   7.738849e-01   1.613728e-03   6.639346e-03   14664
  1.803884e+00   7.746575e-01   1.649702e-03   6.829650e-03   14328
  1.809294e+00   7.832981e-01   1.531892e-03   7.160697e-03   13086
  1.814778e+00   7.841890e-01   1.648042e-03   6.622170e-03   15612
  1.820245e+00   7.811856e-01   1.420572e-03   6.783462e-03   13416
  1.825554e+00   7.777871e-01   1.670986e-03   6.567798e-03   14360
  1.831007e+00   7.735710e-01   1.563345e-03   6.811005e-03   14064
  1.836565e+00   7.811252e-01   1.608825e-03   6.601278e-03   15750
  1.842043e+00   7.901816e-01   1.519715e-03   6.909238e-03   13680
  1.847448e+00   7.763243e-01   1.654464e-03   6.481762e-03   15468
  1.852944e+00   7.977042e-01   1.594248e-03   6.701311e-03   14352
  1.858276e+00   7.873935e-01   1.572970e-03   6.966854e-03   14454
  1.863633e+00   7.916236e-01   1.615254e-03   6.764287e-03   15048
  1.869150e+00   7.927000e-01   1.497078e-03   6.545846e-03   15360
  1.874596e+00   8.022925e-01   1.645285e-03   6.674733e-03   15224
  1.880069e+00   7.776583e-01   1.557924e-03   6.531576e-03   15096
  1.885497e+00   7.890659e-01   1.522103e-03   6.675686e-03   14514
  1.890790e+00   8.164867e-01   1.595539e-03   6.579296e-03   16416
  1.896345e+00   7.912684e-01   1.570097e-03   6.551142e-03   15216
  1.902017e+00   8.044758e-01   1.580041e-03   6.531545e-03   16440
  1.907431e+00   7.847274e-01   1.589489e-03   6.760930e-03   14904
  1.912612e+00   8.014053e-01   1.493082e-03   6.717814e-03   15134
  1.918128e+00   8.123179e-01   1.670413e-03   6.500107e-03   16644
  1.923636e+00   7.913980e-01   1.568226e-03   6.480814e-03   16128
  1.929039e+00   7.871709e-01   1.558301e-03   6.730708e-03   15384
  1.934362e+00   8.031593e-01   1.531848e-03   6.750403e-03   15462
  1.939814e+00   8.107804e-01   1.636508e-03   6.286896e-03   17304
  1.945372e+00   7.934274e-01   1.543184e-03   6.379900e-03   16176
  1.950827e+00   8.071082e-01   1.632437e-03   6.512634e-03   16824
  1.956411e+00   8.095567e-01   1.501531e-03   6.613458e-03   15980
  1.961671e+00   8.039400e-01   1.494587e-03   6.539415e-03   16326
  1.966974e+00   8.220913e-01   1.595444e-03   6.731891e-03   16488
  1.972469e+00   8.126049e-01   1.547881e-03   6.402447e-03   16944
  1.977987e+00   8.149845e-01   1.628958e-03   6.527785e-03   17256
  1.983307e+00   8.160777e-01   1.510722e-03   6.682842e-03   15966
  1.988830e+00   8.082646e-01   1.604091e-03   6.336681e-03   17628
  1.994237e+00   8.029070e-01   1.523687e-03   6.471088e-03   17280
  1.999700e+00   8.060338e-01   1.677236e-03   6.398340e-03   17056
  2.005087e+00   8.357249e-01   1.581521e-03   6.652195e-03   17296
  2.010708e+00   8.264229e-01   1.549121e-03   6.461019e-03   17526
  2.016014e+00   8.188506e-01   1.559028e-03   6.459622e-03   17592
  2.021539e+00   8.220148e-01   1.621825e-03   6.244070e-03   17880
  2.026921e+00   8.084753e-01   1.503997e-03   6.483597e-03   17028
  2.032244e+00   8.069015e-01   1.529390e-03   6.276099e-03   17376
  2.037659e+00   8.173333e-01   1.518363e-03   6.290029e-03   18414
  2.043253e+00   8.120935e-01   1.557160e-03   6.227727e-03   17840
  2.048675e+00   8.040492e-01   1.634742e-03   6.035760e-03   18960
  2.054080e+00   8.213816e-01   1.518636e-03   6.477033e-03   16992
  2.059506e+00   8.152452e-01   1.672957e-03   6.230818e-03   18378
  2.064817e+00   8.415504e-01   1.489598e-03   6.479296e-03   18192
  2.070342e+00   8.202729e-01   1.590368e-03   6.232295e-03   19320
  2.075827e+00   8.225806e-01   1.542530e-03   6.479044e-03   17856
  2.081294e+00   8.283729e-01   1.592338e-03   6.161147e-03   19128
  2.086669e+00   8.377806e-01   1.472822e-03   6.467975e-03   18246
  2.092142e+00   8.379236e-01   1.530845e-03   6.238744e-03   19184
  2.097560e+00   8.240514e-01   1.566786e-03   6.264647e-03   18900
  2.103127e+00   8.314553e-01   1.634103e-03   6.154336e-03   19776
  2.108435e+00   8.255631e-01   1.499267e-03   6.512531e-03   17814
  2.113953e+00   8.413837e-01   1.631506e-03   6.213466e-03   19944
  2.119331e+00   8.193842e-01   1.609395e-03   6.085396e-03   19536
  2.124895e+00   8.392373e-01   1.592635e-03   6.139770e-03   20112
  2.130295e+00   8.438663e-01   1.480183e-03   6.581268e-03   18116
  2.135677e+00   8.428510e-01   1.543122e-03   6.149311e-03   19878
  2.140967e+00   8.535147e-01   1.559605e-03   6.351810e-03   19800
  2.146556e+00   8.366695e-01   1.559507e-03   6.212464e-03   20136
  2.152123e+00   8.292579e-01   1.640454e-03   5.935492e-03   20808
  2.157545e+00   8.442038e-01   1.486131e-03   6.244374e-03   19152
  2.162999e+00   8.415258e-01   1.569730e-03   6.062872e-03   20526
  2.168508e+00   8.370240e-01   1.615030e-03   6.028836e-03   20532
  2.173853e+00   8.577145e-01   1.604928e-03   6.290664e-03   20120
  2.179147e+00   8.377693e-01   1.495586e-03   6.096179e-03   19512
  2.184682e+00   8.366762e-01   1.624686e-03   6.039864e-03   21246
  2.190096e+00   8.466788e-01   1.477588e-03   6.265572e-03   20112
  2.195583e+00   8.392918e-01   1.645292e-03   5.897130e-03   22104
  2.201050e+00   8.555981e-01   1.614482e-03   6.412804e-03   19620
  2.206482e+00   8.431551e-01   1.604796e-03   5.924784e-03   21912
  2.211921e+00   8.469468e-01   1.497387e-03   6.272596e-03   20070
  2.217337e+00   8.605321e-01   1.630864e-03   6.035005e-03   22064
  2.222850e+00   8.503306e-01   1.548352e-03   6.106799e-03   21048
  2.228199e+00   8.541172e-01   1.514343e-03   6.180706e-03   21168
  2.233635e+00   8.290196e-01   1.637642e-03   5.964365e-03   21384
  2.239216e+00   8.426632e-01   1.481766e-03   5.894622e-03   22146
  2.244666e+00   8.543515e-01   1.585174e-03   6.016212e-03   22200
  2.250163e+00   8.443687e-01   1.501548e-03   6.030558e-03   21648
  2.255545e+00   8.519680e-01   1.607582e-03   6.068015e-03   21144
  2.260867e+00   8.508836e-01   1.529125e-03   5.982095e-03   21710
  2.266343e+00   8.578624e-01   1.624700e-03   5.976543e-03   23112
  2.271991e+00   8.620293e-01   1.620840e-03   5.919373e-03   23064
  2.277435e+00   8.620611e-01   1.500062e-03   6.317841e-03   21252
  2.282668e+00   8.585211e-01   1.503720e-03   6.023378e-03   22128
  2.288126e+00   8.636041e-01   1.558658e-03   5.979822e-03   22446
  2.293582e+00   8.691746e-01   1.527528e-03   6.027303e-03   22848
  2.298983e+00   8.578322e-01   1.529486e-03   5.990580e-03   23208
  2.304508e+00   8.522744e-01   1.574247e-03   5.913410e-03   22536
  2.309946e+00   8.642003e-01   1.596462e-03   6.018321e-03   22586
  2.315370e+00   8.678007e-01   1.627795e-03   5.898615e-03   24096
  2.320825e+00   8.522679e-01   1.527306e-03   6.014815e-03   22440
  2.326212e+00   8.572222e-01   1.664369e-03   5.882661e-03   23400
  2.331602e+00   8.590010e-01   1.511928e-03   5.852005e-03   23232
  2.337168e+00   8.626618e-01   1.592064e-03   5.893015e-03   23886
  2.342533e+00   8.849596e-01   1.530913e-03   6.148016e-03   23376
  2.347967e+00   8.513731e-01   1.544635e-03   5.743728e-03   23540
  2.353338e+00   8.548133e-01   1.532168e-03   5.756685e-03   24240
  2.358915e+00   8.596091e-01   1.612109e-03   5.930576e-03   23952
  2.364402e+00   8.782022e-01   1.508159e-03   6.049635e-03   24006
  2.369901e+00   8.814250e-01   1.691935e-03   5.829868e-03   25560
  2.375221e+00   8.663082e-01   1.500150e-03   5.972485e-03   22728
  2.380552e+00   8.521711e-01   1.511947e-03   5.820999e-03   23556
  2.385955e+00   8.596634e-01   1.577785e-03   5.605173e-03   25398
  2.391435e+00   8.744754e-01   1.545774e-03   5.904387e-03   24088
  2.396892e+00   8.828048e-01   1.609108e-03   5.764341e-03   25696
  2.402362e+00   8.762335e-01   1.511201e-03   5.956299e-03   24144
  2.407786e+00   8.638339e-01   1.615096e-03   5.696469e-03   25560
  2.413246e+00   8.654280e-01   1.489846e-03   5.843904e-03   24246
  2.418724e+00   8.831662e-01   1.581827e-03   5.834629e-03   26292
  2.424188e+00   8.774601e-01   1.560153e-03   5.825555e-03   25200
  2.429626e+00   8.771369e-01   1.624829e-03   5.773300e-03   25296
  2.434943e+00   8.750918e-01   1.483819e-03   5.890315e-03   24192
  2.440599e+00   8.800512e-01   1.638534e-03   5.529258e-03   28646
  2.446110e+00   8.818232e-01   1.506669e-03   5.947118e-03   24552
  2.451515e+00   8.753866e-01   1.579460e-03   5.758325e-03   25788
  2.456795e+00   8.705339e-01   1.491180e-03   5.728943e-03   25272
  2.462256e+00   8.764735e-01   1.613697e-03   5.720760e-03   26118
  2.467607e+00   8.885904e-01   1.579547e-03   5.831677e-03   26016
  2.473206e+00   8.858774e-01   1.595790e-03   5.676831e-03   27792
  2.478571e+00   8.792449e-01   1.565206e-03   5.931958e-03   25072
  2.483982e+00   8.624084e-01   1.621283e-03   5.490826e-03   26824
  2.489402e+00   8.799765e-01   1.480279e-03   5.797239e-03   26106
  2.494915e+00   8.931609e-01   1.629064e-03   5.622939e-03   28296
  2.500377e+00   8.743296e-01   1.567349e-03   5.608378e-03   26640
  2.505822e+00   8.840471e-01   1.492228e-03   5.754728e-03   26064
  2.511215e+00   8.681275e-01   1.637115e-03   5.452803e-03   27822
  2.516572e+00   9.034127e-01   1.521472e-03   5.940554e-03   26160
  2.522001e+00   8.897726e-01   1.673107e-03   5.598425e-03   28108
  2.527479e+00   8.735451e-01   1.599090e-03   5.545282e-03   27664
  2.532916e+00   8.904460e-01   1.590673e-03   5.696024e-03   27600
  2.538445e+00   8.788369e-01   1.594105e-03   5.486562e-03   27510
  2.543900e+00   8.966211e-01   1.577441e-03   5.720498e-03   28848
  2.549331e+00   8.959234e-01   1.562048e-03   5.656962e-03   27744
  2.554787e+00   8.855437e-01   1.521895e-03   5.663072e-03   27888
  2.560210e+00   8.795084e-01   1.547223e-03   5.547766e-03   27780
  2.565645e+00   8.787059e-01   1.558725e-03   5.523537e-03   28734
  2.571023e+00   9.028757e-01   1.609586e-03   5.612382e-03   28232
  2.576527e+00   8.936666e-01   1.600458e-03   5.658003e-03   29016
  2.581909e+00   9.006732e-01   1.581285e-03   5.801973e-03   28056
  2.587324e+00   8.890826e-01   1.534592e-03   5.580548e-03   28710
  2.592790e+00   8.953653e-01   1.621010e-03   5.616388e-03   29220
  2.598465e+00   8.799516e-01   1.658218e-03   5.318803e-03   31584
  2.603840e+00   8.929731e-01   1.528599e-03   5.679622e-03   26904
  2.609079e+00   8.960812e-01   1.485740e-03   5.717466e-03   28512
  2.614658e+00   8.904428e-01   1.600396e-03   5.360529e-03   30878
  2.620190e+00   8.987178e-01   1.607291e-03   5.459801e-03   30408
  2.625603e+00   8.971335e-01   1.552575e-03   5.700009e-03   28632
  2.630926e+00   8.910164e-01   1.494100e-03   5.591638e-03   28764
  2.636301e+00   8.893930e-01   1.662258e-03   5.425232e-03   30630
  2.641825e+00   9.049150e-01   1.539050e-03   5.608577e-03   30240
  2.647360e+00   9.082425e-01   1.576813e-03   5.491775e-03   31008
  2.652753e+00   8.935573e-01   1.510278e-03   5.525994e-03   29240
  2.658053e+00   8.840773e-01   1.541271e-03   5.433326e-03   30000
  2.663579e+00   9.084505e-01   1.631431e-03   5.554577e-03   30978
  2.669020e+00   8.953387e-01   1.538057e-03   5.453018e-03   30696
  2.674440e+00   9.085560e-01   1.612132e-03   5.471933e-03   31320
  2.679792e+00   9.130909e-01   1.506651e-03   5.626709e-03   29280
  2.685220e+00   8.988636e-01   1.611110e-03   5.435038e-03   31488
  2.690645e+00   9.043618e-01   1.512555e-03   5.525434e-03   31326
  2.696128e+00   9.169329e-01   1.624023e-03   5.492453e-03   31480
  2.701662e+00   9.191065e-01   1.575428e-03   5.490099e-03   32572
  2.707181e+00   9.166649e-01   1.576379e-03   5.474501e-03   31296
  2.712540e+00   8.951263e-01   1.532958e-03   5.421775e-03   30798
  2.718010e+00   9.216958e-01   1.631915e-03   5.580425e-03   32256
  2.723379e+00   9.108398e-01   1.576275e-03   5.447240e-03   32088
  2.728754e+00   9.178974e-01   1.559976e-03   5.548486e-03   30936
  2.734196e+00   9.163508e-01   1.621863e-03   5.430596e-03   33036
  2.739744e+00   9.037854e-01   1.570337e-03   5.432885e-03   31846
  2.745145e+00   9.167533e-01   1.600723e-03   5.439999e-03   33832
  2.750571e+00   9.042424e-01   1.482757e-03   5.568446e-03   30912
  2.755951e+00   9.176713e-01   1.554945e-03   5.489469e-03   32976
  2.761359e+00   9.084006e-01   1.534255e-03   5.322546e-03   32712
  2.766879e+00   9.228579e-01   1.551134e-03   5.556862e-03   33438
  2.772315e+00   9.061558e-01   1.561569e-03   5.461577e-03   32556
  2.777612e+00   9.117823e-01   1.547775e-03   5.402325e-03   33144
  2.783077e+00   9.019710e-01   1.531023e-03   5.267376e-03   33504
  2.788685e+00   9.244957e-01   1.585219e-03   5.551183e-03   33542
  2.794001e+00   9.253187e-01   1.561774e-03   5.451689e-03   33768
  2.799514e+00   9.130496e-01   1.582505e-03   5.432165e-03   34368
  2.804894e+00   9.140871e-01   1.503763e-03   5.426970e-03   32856
  2.810386e+00   9.153104e-01   1.555021e-03   5.372298e-03   34524
  2.815774e+00   9.192047e-01   1.476871e-03   5.566935e-03   33510
  2.821310e+00   9.273305e-01   1.652814e-03   5.312119e-03   35856
  2.826780e+00   9.297830e-01   1.566245e-03   5.527479e-03   33888
  2.832150e+00   9.253826e-01   1.534797e-03   5.509960e-03   33752
  2.837510e+00   9.273074e-01   1.613976e-03   5.322447e-03   34902
  2.843143e+00   9.462348e-01   1.578935e-03   5.590529e-03   35484
  2.848630e+00   9.186408e-01   1.625328e-03   5.196782e-03   36648
  2.854056e+00   9.351291e-01   1.503100e-03   5.570596e-03   33000
  2.859416e+00   9.291407e-01   1.625165e-03   5.381017e-03   35520
  2.864954e+00   9.324962e-01   1.587378e-03   5.384522e-03   36078
  2.870343e+00   9.398872e-01   1.553780e-03   5.550574e-03   34992
  2.875726e+00   9.340654e-01   1.537418e-03   5.504316e-03   35072
  2.881222e+00   9.315183e-01   1.612107e-03   5.276137e-03   36876
  2.886535e+00   9.313852e-01   1.490702e-03   5.635414e-03   33216
  2.891986e+00   9.360559e-01   1.651729e-03   5.301406e-03   38382
  2.897574e+00   9.486717e-01   1.549240e-03   5.638332e-03   36072
  2.903069e+00   9.385496e-01   1.551510e-03   5.394350e-03   37464
  2.908437e+00   9.264850e-01   1.491290e-03   5.417973e-03   34416
  2.913907e+00   9.422631e-01   1.634265e-03   5.426805e-03   37386
  2.919336e+00   9.591217e-01   1.560351e-03   5.567763e-03   37040
  2.924747e+00   9.524320e-01   1.519091e-03   5.556016e-03   36240
  2.930120e+00   9.408883e-01   1.620578e-03   5.474812e-03   36432
  2.935572e+00   9.332475e-01   1.530037e-03   5.265966e-03   37560
  2.941044e+00   9.703336e-01   1.585551e-03   5.525783e-03   37350
  2.946615e+00   9.560730e-01   1.620920e-03   5.373943e-03   38616
  2.952019e+00   9.631032e-01   1.527850e-03   5.551077e-03   37092
  2.957454e+00   9.453438e-01   1.469269e-03   5.340428e-03   37272
  2.962879e+00   9.565874e-01   1.617603e-03   5.499727e-03   37616
  2.968367e+00   9.797734e-01   1.566567e-03   5.735710e-03   38478
  2.973773e+00   9.726850e-01   1.591818e-03   5.614721e-03   37992
  2.979169e+00   9.502342e-01   1.560915e-03   5.349269e-03   38232
  2.984576e+00   9.505784e-01   1.529810e-03   5.501855e-03   36708
  2.989998e+00   9.710197e-01   1.601300e-03   5.463069e-03   39534
  2.995476e+00   9.634969e-01   1.604456e-03   5.426421e-03   39336
  3.000916e+00   9.820542e-01   1.543508e-03   5.668109e-03   37624
  3.006363e+00   9.555488e-01   1.579336e-03   5.304403e-03   40408
  3.011852e+00   9.483095e-01   1.510623e-03   5.424304e-03   38256
  3.017315e+00   9.773109e-01   1.543281e-03   5.533212e-03   39438
  3.022829e+00   9.879823e-01   1.592476e-03   5.574504e-03   40524
  3.028194e+00   9.726978e-01   1.503499e-03   5.634443e-03   38448
  3.033601e+00   9.860319e-01   1.582383e-03   5.567442e-03   39312
  3.038992e+00   9.735845e-01   1.512689e-03   5.548074e-03   38718
  3.044403e+00   9.960298e-01   1.614057e-03   5.656085e-03   40872
  3.049845e+00   9.824310e-01   1.532666e-03   5.580526e-03   40088
  3.055371e+00   9.835107e-01   1.633644e-03   5.609429e-03   40644
  3.060822e+00   9.840864e-01   1.532935e-03   5.557235e-03   40176
  3.066304e+00   9.905089e-01   1.625298e-03   5.531266e-03   40998
  3.071650e+00   1.010392e+00   1.490471e-03   5.786523e-03   39192
  3.077083e+00   9.941369e-01   1.573750e-03   5.608224e-03   41640
  3.082545e+00   9.907993e-01   1.578537e-03   5.593797e-03   41400
  3.087927e+00   9.766000e-01   1.553632e-03   5.549059e-03   38640
  3.093396e+00   1.018051e+00   1.594261e-03   5.607356e-03   43658
  3.098867e+00   1.011284e+00   1.533241e-03   5.818520e-03   40608
  3.104282e+00   1.003205e+00   1.565192e-03   5.615753e-03   41880
  3.109810e+00   1.002195e+00   1.547184e-03   5.701060e-03   41712
  3.115335e+00   9.918961e-01   1.615131e-03   5.452033e-03   42942
  3.120741e+00   1.023140e+00   1.534331e-03   5.868717e-03   40896
  3.126165e+00   1.037153e+00   1.580796e-03   5.786385e-03   42708
  3.131542e+00   9.944698e-01   1.496179e-03   5.641799e-03   40968
  3.137007e+00   9.893722e-01   1.625543e-03   5.331150e-03   43496
  3.142457e+00   1.032632e+00   1.556121e-03   6.037121e-03   41454
  3.147915e+00   1.033112e+00   1.607241e-03   5.789533e-03   43704
  3.153202e+00   1.011291e+00   1.481093e-03   5.823503e-03   41208
  3.158685e+00   1.020275e+00   1.625130e-03   5.575040e-03   43944
  3.164222e+00   1.013860e+00   1.568163e-03   5.647245e-03   43218
  3.169711e+00   1.044398e+00   1.573649e-03   6.006457e-03   44136
  3.175074e+00   1.032788e+00   1.550274e-03   5.864293e-03   42304
  3.180483e+00   1.013488e+00   1.574816e-03   5.587973e-03   43096
  3.185809e+00   1.029538e+00   1.541007e-03   5.863494e-03   43464
  3.191366e+00   1.031908e+00   1.606948e-03   5.784521e-03   44382
  3.196804e+00   1.061385e+00   1.605225e-03   5.879662e-03   44316
  3.202282e+00   1.045464e+00   1.582905e-03   5.857651e-03   44592
  3.207694e+00   1.062191e+00   1.548943e-03   5.997369e-03   44328
  3.213178e+00   1.052643e+00   1.523706e-03   5.957305e-03   43560
  3.218610e+00   1.052055e+00   1.570802e-03   5.920581e-03   44763
  3.224020e+00   1.041930e+00   1.574927e-03   5.961178e-03   44216
  3.229465e+00   1.045945e+00   1.604748e-03   5.923281e-03   45144
  3.234953e+00   1.034535e+00   1.525298e-03   5.930019e-03   42876
  3.240354e+00   1.033739e+00   1.662551e-03   5.564656e-03   46164
  3.245765e+00   1.023849e+00   1.526236e-03   5.825773e-03   42360
  3.251284e+00   1.033658e+00   1.607148e-03   5.727264e-03   45324
  3.256678e+00   1.026852e+00   1.599342e-03   5.845571e-03   43320
  3.262107e+00   1.014345e+00   1.611675e-03   5.561951e-03   44580
  3.267667e+00   1.024348e+00   1.609815e-03   5.628827e-03   44468
  3.273119e+00   1.001066e+00   1.531376e-03   5.453914e-03   43416
  3.278411e+00   1.007918e+00   1.520505e-03   5.688397e-03   42264
  3.283884e+00   1.020412e+00   1.597197e-03   5.564045e-03   44580
  3.289368e+00   9.986403e-01   1.621337e-03   5.507887e-03   43824
  3.294829e+00   9.949776e-01   1.523757e-03   5.360612e-03   43392
  3.300224e+00   9.972022e-01   1.553494e-03   5.527051e-03   43296
  3.305724e+00   9.939257e-01   1.495301e-03   5.496579e-03   42656
  3.311087e+00   9.661993e-01   1.596934e-03   5.261132e-03   43728
  3.316591e+00   9.750548e-01   1.610238e-03   5.259211e-03   43536
  3.322030e+00   9.849213e-01   1.602586e-03   5.417744e-03   42180
  3.327473e+00   9.763160e-01   1.551796e-03   5.270796e-03   44136
  3.332939e+00   9.764251e-01   1.563744e-03   5.330262e-03   42372
  3.338336e+00   9.643174e-01   1.528428e-03   5.314657e-03   41604
  3.343731e+00   9.795067e-01   1.610433e-03   5.252449e-03   43440
  3.349182e+00   9.838187e-01   1.611663e-03   5.398753e-03   42488
  3.354561e+00   9.592750e-01   1.547466e-03   5.369679e-03   41496
  3.360074e+00   9.649683e-01   1.615298e-03   5.115780e-03   44112
  3.365562e+00   9.651936e-01   1.540359e-03   5.270010e-03   41688
  3.370956e+00   9.590589e-01   1.604620e-03   5.184002e-03   42276
  3.376369e+00   9.506910e-01   1.547681e-03   5.227870e-03   41172
  3.381820e+00   9.560659e-01   1.622702e-03   5.141923e-03   43536
  3.387296e+00   9.545985e-01   1.510509e-03   5.176120e-03   41496
  3.392714e+00   9.547115e-01   1.602713e-03   5.198648e-03   40764
  3.398118e+00   9.515335e-01   1.572660e-03   5.070997e-03   43220
  3.403602e+00   9.529513e-01   1.558712e-03   5.229611e-03   41076
  3.409040e+00   9.594523e-01   1.557898e-03   5.286518e-03   41532
  3.414506e+00   9.456455e-01   1.586149e-03   5.203733e-03   41928
  3.419924e+00   9.485479e-01   1.518385e-03   5.200671e-03   41412
  3.425338e+00   9.273201e-01   1.580228e-03   5.111496e-03   40032
  3.430721e+00   9.347880e-01   1.567201e-03   5.028296e-03   41880
  3.436133e+00   9.443605e-01   1.559578e-03   5.147849e-03   40264
  3.441614e+00   9.498370e-01   1.596952e-03   5.054950e-03   42592
  3.447111e+00   9.353402e-01   1.531936e-03   5.212066e-03   39588
  3.452537e+00   9.433726e-01   1.583857e-03   5.018932e-03   42180
  3.457928e+00   9.285554e-01   1.528129e-03   5.153507e-03   39240
  3.463345e+00   9.432564e-01   1.603997e-03   5.074965e-03   40920
  3.468834e+00   9.286994e-01   1.583230e-03   5.079063e-03   41184
  3.474296e+00   9.303639e-01   1.568330e-03   5.014526e-03   40872
  3.479702e+00   9.367180e-01   1.491774e-03   5.226024e-03   38748
  3.485168e+00   9.217774e-01   1.587794e-03   4.983557e-03   41420
  3.490553e+00   9.405640e-01   1.557380e-03   5.163482e-03   39816
  3.496030e+00   9.276025e-01   1.561371e-03   5.089881e-03   39792
  3.501436e+00   9.287975e-01   1.491602e-03   5.062727e-03   39816
  3.506965e+00   9.199723e-01   1.612108e-03   4.966154e-03   41064
  3.512408e+00   9.198990e-01   1.546522e-03   5.129522e-03   39204
  3.517925e+00   9.211207e-01   1.631952e-03   5.039909e-03   40080
  3.523223e+00   9.246542e-01   1.507994e-03   5.178431e-03   38332
  3.528672e+00   9.076213e-01   1.573899e-03   4.968726e-03   39952
  3.534102e+00   9.328410e-01   1.572293e-03   5.113153e-03   39000
  3.539668e+00   9.116259e-01   1.614601e-03   4.936577e-03   40356
  3.545098e+00   9.265517e-01   1.584135e-03   5.052843e-03   39300
  3.550517e+00   9.177858e-01   1.562974e-03   5.130548e-03   37452
  3.555894e+00   9.165685e-01   1.549762e-03   5.036422e-03   39732
  3.561429e+00   9.060239e-01   1.557625e-03   4.909777e-03   39312
  3.566817e+00   9.236127e-01   1.583965e-03   5.179669e-03   37632
  3.572234e+00   9.058197e-01   1.557396e-03   5.030148e-03   38420
  3.577674e+00   9.089364e-01   1.609595e-03   5.028304e-03   39564
  3.583132e+00   9.034677e-01   1.548840e-03   5.022525e-03   37236
  3.588516e+00   9.212218e-01   1.565848e-03   5.188360e-03   38100
  3.593924e+00   9.053300e-01   1.539495e-03   4.996487e-03   38208
  3.599440e+00   9.101730e-01   1.602149e-03   4.997279e-03   39072
  3.604845e+00   9.121199e-01   1.480860e-03   5.230206e-03   36192
  3.610293e+00   9.062785e-01   1.600910e-03   4.941242e-03   38928
  3.615801e+00   8.888913e-01   1.590552e-03   4.865719e-03   38768
  3.621383e+00   9.059345e-01   1.562835e-03   5.052243e-03   37596
  3.626841e+00   9.019218e-01   1.555898e-03   5.102820e-03   37296
  3.632194e+00   9.072382e-01   1.557356e-03   5.159188e-03   36948
  3.637577e+00   9.089767e-01   1.597343e-03   5.025716e-03   37248
  3.643147e+00   9.069162e-01   1.577439e-03   5.066304e-03   37152
  3.648492e+00   8.963236e-01   1.574751e-03   4.958562e-03   37512
  3.653954e+00   8.938846e-01   1.507515e-03   5.153493e-03   35876
  3.659374e+00   9.056095e-01   1.606552e-03   5.074468e-03   36936
  3.664880e+00   9.093408e-01   1.600548e-03   5.057541e-03   38028
  3.670348e+00   9.005750e-01   1.522914e-03   5.105170e-03   35592
  3.675687e+00   8.934124e-01   1.511337e-03   5.121772e-03   35508
  3.681088e+00   8.954993e-01   1.567228e-03   5.056088e-03   36492
  3.686612e+00   9.036705e-01   1.616757e-03   5.058059e-03   37608
  3.692081e+00   8.984726e-01   1.595280e-03   5.210553e-03   34848
  3.697390e+00   8.952346e-01   1.496163e-03   5.130534e-03   35220
  3.702857e+00   9.040173e-01   1.560827e-03   5.075935e-03   36884
  3.708318e+00   8.975072e-01   1.549021e-03   5.055236e-03   35412
  3.713858e+00   8.995429e-01   1.603888e-03   5.125750e-03   35652
  3.719249e+00   8.941606e-01   1.603516e-03   5.051460e-03   36072
  3.724653e+00   8.994143e-01   1.545362e-03   5.201273e-03   34368
  3.730119e+00   8.866145e-01   1.565390e-03   5.077355e-03   35484
  3.735586e+00   8.943930e-01   1.549559e-03   5.063536e-03   35256
  3.740941e+00   8.934534e-01   1.612995e-03   5.168160e-03   34476
  3.746410e+00   8.819684e-01   1.582486e-03   4.993003e-03   34916
  3.751834e+00   8.929642e-01   1.560509e-03   5.159850e-03   34596
  3.757263e+00   9.003734e-01   1.526486e-03   5.219057e-03   34656
  3.762714e+00   8.973625e-01   1.581266e-03   5.163013e-03   34596
  3.768200e+00   9.001568e-01   1.534004e-03   5.154597e-03   33984
  3.773562e+00   8.945348e-01   1.566114e-03   5.302260e-03   34080
  3.778963e+00   8.941708e-01   1.572881e-03   5.192787e-03   34140
  3.784487e+00   8.926593e-01   1.624544e-03   5.205851e-03   33804
  3.789951e+00   8.921865e-01   1.561511e-03   5.100098e-03   35096
  3.795448e+00   8.978267e-01   1.548108e-03   5.368883e-03   33108
  3.800788e+00   9.093784e-01   1.540015e-03   5.404077e-03   32280
  3.806205e+00   8.845447e-01   1.567716e-03   5.093183e-03   34404
  3.811718e+00   9.072663e-01   1.599739e-03   5.309215e-03   34248
  3.817250e+00   8.851765e-01   1.498979e-03   5.350869e-03   32016
  3.822674e+00   9.029906e-01   1.582258e-03   5.229039e-03   34344
  3.828141e+00   9.046594e-01   1.521407e-03   5.384073e-03   32024
  3.833419e+00   8.944591e-01   1.577025e-03   5.324243e-03   31908
  3.838903e+00   9.031330e-01   1.580344e-03   5.229789e-03   33192
  3.844404e+00   9.007330e-01   1.637429e-03   5.275277e-03   33288
  3.849795e+00   9.051656e-01   1.490950e-03   5.395268e-03   31356
  3.855259e+00   9.038025e-01   1.613715e-03   5.382620e-03   32496
  3.860695e+00   9.012040e-01   1.533804e-03   5.432945e-03   31944
  3.866002e+00   9.026459e-01   1.574956e-03   5.493493e-03   31512
  3.871427e+00   8.991663e-01   1.528683e-03   5.554534e-03   31156
  3.876990e+00   8.973627e-01   1.610722e-03   5.279248e-03   33352
  3.882440e+00   9.010349e-01   1.562321e-03   5.469021e-03   31344
  3.887945e+00   8.947818e-01   1.617631e-03   5.353841e-03   31068
  3.893365e+00   9.003484e-01   1.595427e-03   5.458241e-03   31752
  3.898694e+00   8.965235e-01   1.472715e-03   5.452923e-03   29868
  3.904158e+00   8.962019e-01   1.618311e-03   5.380699e-03   32052
  3.909662e+00   8.936641e-01   1.535519e-03   5.512112e-03   30012
  3.915037e+00   9.093223e-01   1.611064e-03   5.455669e-03   31520
  3.920567e+00   8.985825e-01   1.575150e-03   5.595332e-03   30648
  3.925929e+00   9.095511e-01   1.553739e-03   5.702072e-03   29304
  3.931379e+00   9.116600e-01   1.540483e-03   5.489125e-03   31140
  3.936935e+00   9.066137e-01   1.641115e-03   5.508032e-03   31320
  3.942387e+00   9.137920e-01   1.548803e-03   5.860700e-03   28356
  3.947754e+00   9.039812e-01   1.583135e-03   5.553558e-03   30288
  3.953106e+00   9.195068e-01   1.573376e-03   5.703251e-03   29472
  3.958489e+00   9.259289e-01   1.555320e-03   5.853318e-03   28716
  3.964046e+00   9.061856e-01   1.543510e-03   5.597395e-03   30740
  3.969538e+00   9.059166e-01   1.574261e-03   5.603890e-03   29304
  3.974923e+00   9.202017e-01   1.567890e-03   5.858413e-03   28476
  3.980403e+00   9.018098e-01   1.588107e-03   5.634058e-03   29304
  3.985849e+00   9.383225e-01   1.586252e-03   5.873344e-03   29280
  3.991362e+00   9.150408e-01   1.582091e-03   5.789011e-03   29100
  3.996850e+00   9.302520e-01   1.550996e-03   6.028763e-03   27816
  4.002128e+00   9.164773e-01   1.557957e-03   5.991278e-03   27692
  4.007580e+00   9.076446e-01   1.619992e-03   5.650479e-03   29724
  4.013138e+00   9.170214e-01   1.544165e-03   5.889434e-03   27240
  4.018514e+00   9.381917e-01   1.500820e-03   6.102789e-03   27588
  4.023894e+00   9.087547e-01   1.561808e-03   5.727499e-03   28560
  4.029394e+00   9.197104e-01   1.581785e-03   5.980458e-03   26952
  4.034839e+00   9.266006e-01   1.583665e-03   5.981829e-03   27516
  4.040261e+00   9.236118e-01   1.600351e-03   5.874870e-03   28344
  4.045759e+00   9.262000e-01   1.576275e-03   6.107375e-03   26196
  4.051072e+00   9.014522e-01   1.541569e-03   5.958045e-03   26360
  4.056519e+00   9.188904e-01   1.593665e-03   5.996425e-03   28152
  4.062017e+00   9.267557e-01   1.541184e-03   6.329542e-03   25896
  4.067403e+00   9.347519e-01   1.577942e-03   6.263673e-03   26592
  4.072863e+00   9.141348e-01   1.510771e-03   6.069225e-03   26568
  4.078361e+00   9.423380e-01   1.598680e-03   6.317203e-03   26832
  4.083715e+00   9.191423e-01   1.515874e-03   6.241280e-03   24972
  4.089266e+00   9.397797e-01   1.598351e-03   6.113122e-03   27000
  4.094669e+00   9.311679e-01   1.532450e-03   6.270054e-03   25448
  4.100056e+00   9.364663e-01   1.584391e-03   6.391687e-03   25476
  4.105587e+00   9.481280e-01   1.553105e-03   6.486302e-03   25152
  4.110933e+00   9.413151e-01   1.592180e-03   6.317094e-03   25968
  4.116439e+00   9.230579e-01   1.585064e-03   6.212516e-03   25320
  4.121936e+00   9.320561e-01   1.497338e-03   6.494185e-03   23796
  4.127194e+00   9.650125e-01   1.571596e-03   6.508184e-03   25500
  4.132663e+00   9.434741e-01   1.566138e-03   6.586844e-03   24420
  4.138205e+00   9.398836e-01   1.621058e-03   6.310786e-03   24656
  4.143555e+00   9.401928e-01   1.535877e-03   6.631908e-03   24036
  4.148982e+00   9.651784e-01   1.588370e-03   6.746660e-03   24528
  4.154373e+00   9.399326e-01   1.534446e-03   6.744093e-03   23004
  4.159821e+00   9.709213e-01   1.575770e-03   6.850851e-03   24576
  4.165293e+00   9.572665e-01   1.505141e-03   6.778098e-03   23736
  4.170760e+00   9.363201e-01   1.599171e-03   6.593837e-03   23712
  4.176262e+00   9.744612e-01   1.552705e-03   6.876307e-03   22992
  4.181681e+00   9.579658e-01   1.541976e-03   6.707126e-03   23984
  4.187096e+00   9.311436e-01   1.540203e-03   6.900278e-03   22344
  4.192540e+00   9.708227e-01   1.562907e-03   7.151277e-03   22536
  4.197951e+00   9.679944e-01   1.546870e-03   7.085336e-03   23268
  4.203353e+00   9.709666e-01   1.588651e-03   7.134330e-03   22152
  4.208799e+00   9.400997e-01   1.568712e-03   6.847726e-03   22068
  4.214381e+00   9.598426e-01   1.610904e-03   6.771100e-03   23664
  4.219765e+00   9.744386e-01   1.496014e-03   7.531288e-03   20640
  4.225141e+00   9.623064e-01   1.587688e-03   6.976775e-03   22376
  4.230687e+00   9.558565e-01   1.561479e-03   7.027509e-03   21444
  4.236032e+00   9.770411e-01   1.618016e-03   7.428585e-03   21576
  4.241470e+00   9.450540e-01   1.604143e-03   7.008866e-03   21660
  4.247060e+00   9.660724e-01   1.622088e-03   7.269298e-03   20916
  4.252463e+00   9.825911e-01   1.591059e-03   7.486508e-03   21504
  4.257831e+00   9.652878e-01   1.516262e-03   7.481274e-03   20508
  4.263333e+00   9.784591e-01   1.620094e-03   7.699708e-03   20036
  4.268738e+00   9.883371e-01   1.567896e-03   7.426367e-03   21276
  4.274208e+00   9.573250e-01   1.552204e-03   7.182453e-03   20652
  4.279668e+00   9.695213e-01   1.544650e-03   7.823159e-03   18696
  4.285116e+00   9.943640e-01   1.616732e-03   7.377908e-03   21504
  4.290573e+00   9.994626e-01   1.511985e-03   7.964751e-03   19284
  4.296019e+00   9.566345e-01   1.630585e-03   7.629102e-03   19356
  4.301432e+00   9.974532e-01   1.540949e-03   7.997466e-03   19236
  4.306795e+00   1.006412e+00   1.571095e-03   7.918685e-03   19476
  4.312272e+00   9.854380e-01   1.634853e-03   7.896806e-03   19184
  4.317835e+00   9.912171e-01   1.583822e-03   7.931018e-03   18852
  4.323254e+00   1.018606e+00   1.533201e-03   8.364249e-03   18876
  4.328571e+00   9.971078e-01   1.593847e-03   8.059827e-03   18336
  4.334078e+00   9.731869e-01   1.599281e-03   8.132060e-03   17820
  4.339614e+00   1.013243e+00   1.614145e-03   8.093938e-03   19392
  4.344985e+00   9.757993e-01   1.598282e-03   8.139822e-03   17616
  4.350318e+00   9.803296e-01   1.504639e-03   8.388633e-03   16320
  4.355861e+00   1.026732e+00   1.629545e-03   8.466871e-03   19292
  4.361241e+00   9.887008e-01   1.561011e-03   8.316544e-03   17112
  4.366853e+00   9.880276e-01   1.582117e-03   8.354963e-03   17388
  4.372327e+00   1.019912e+00   1.481209e-03   8.968863e-03   16692
  4.377488e+00   1.033824e+00   1.566835e-03   8.848461e-03   16956
  4.383124e+00   9.908492e-01   1.580304e-03   8.495081e-03   17040
  4.388630e+00   1.012932e+00   1.563733e-03   9.094153e-03   16092
  4.393862e+00   1.031940e+00   1.553118e-03   9.289419e-03   16380
  4.399428e+00   9.799902e-01   1.596421e-03   8.644328e-03   16688
  4.404886e+00   1.002385e+00   1.596956e-03   9.227015e-03   14940
  4.410242e+00   1.033997e+00   1.605748e-03   9.127732e-03   16668
  4.415795e+00   1.026118e+00   1.568026e-03   9.311733e-03   15804
  4.421181e+00   9.999713e-01   1.557131e-03   9.319707e-03   14280
  4.426622e+00   1.049081e+00   1.532886e-03   9.575921e-03   16068
  4.432054e+00   1.010015e+00   1.562272e-03   9.227740e-03   15048
  4.437457e+00   9.996234e-01   1.592183e-03   9.375997e-03   13940
  4.442869e+00   1.010698e+00   1.521708e-03   9.190881e-03   15072
  4.448295e+00   1.021118e+00   1.622238e-03   9.472831e-03   14808
  4.453669e+00   1.000333e+00   1.506280e-03   9.859616e-03   13200
  4.459194e+00   1.013600e+00   1.595625e-03   9.332336e-03   15156
  4.464724e+00   1.014621e+00   1.556013e-03   9.853412e-03   13788
  4.470151e+00   9.792053e-01   1.533533e-03   9.294367e-03   13608
  4.475573e+00   9.910010e-01   1.461946e-03   9.798471e-03   13224
  4.480979e+00   1.022039e+00   1.576198e-03   9.904388e-03   13320
  4.486355e+00   9.809047e-01   1.554184e-03   9.654799e-03   13220
  4.491886e+00   9.857289e-01   1.570846e-03   9.797034e-03   12984
  4.497444e+00   1.041232e+00   1.589998e-03   1.083564e-02   12780
  4.502691e+00   9.847829e-01   1.504822e-03   9.851882e-03   12360
  4.508225e+00   9.982389e-01   1.583198e-03   1.012697e-02   12480
  4.513746e+00   9.918103e-01   1.537784e-03   1.031637e-02   11892
  4.519015e+00   9.916640e-01   1.594395e-03   1.022424e-02   12192
  4.524529e+00   9.858989e-01   1.563074e-03   1.016349e-02   11328
  4.530016e+00   9.501400e-01   1.657530e-03   9.705459e-03   12020
  4.535376e+00   9.946841e-01   1.523948e-03   1.071027e-02   11052
  4.540948e+00   9.823282e-01   1.618906e-03   1.008654e-02   11304
  4.546169e+00   9.641612e-01   1.489624e-03   1.076920e-02   10368
  4.551511e+00   9.883768e-01   1.550098e-03   1.063645e-02   10899
  4.557146e+00   9.447676e-01   1.554021e-03   1.024531e-02   10752
  4.562496e+00   9.698130e-01   1.559799e-03   1.048932e-02   10446
  4.568012e+00   9.982170e-01   1.535197e-03   1.070095e-02   10092
  4.573476e+00   9.465991e-01   1.555534e-03   1.042539e-02   10220
  4.578755e+00   9.856227e-01   1.523556e-03   1.123383e-02   9636
  4.584373e+00   9.708103e-01   1.567355e-03   1.056262e-02   10020
  4.589883e+00   9.384980e-01   1.628387e-03   1.034975e-02   9906
  4.595217e+00   9.686752e-01   1.510439e-03   1.120076e-02   8940
  4.600749e+00   9.344728e-01   1.531752e-03   1.052343e-02   9558
  4.606151e+00   9.564863e-01   1.668091e-03   1.093746e-02   9180
  4.611496e+00   9.501188e-01   1.596941e-03   1.095419e-02   8674
  4.617087e+00   9.472251e-01   1.587385e-03   1.060464e-02   9454
  4.622489e+00   9.220751e-01   1.631486e-03   1.067368e-02   8316
  4.627854e+00   9.750253e-01   1.608919e-03   1.165847e-02   8622
  4.633459e+00   9.522007e-01   1.597569e-03   1.107629e-02   9006
  4.638817e+00   9.277455e-01   1.610282e-03   1.151678e-02   7698
  4.644188e+00   9.548960e-01   1.545067e-03   1.120825e-02   8406
  4.649796e+00   9.659347e-01   1.648676e-03   1.120968e-02   8646
  4.655134e+00   9.229233e-01   1.566555e-03   1.174550e-02   7014
  4.660482e+00   9.583250e-01   1.557241e-03   1.096669e-02   8510
  4.666168e+00   9.549920e-01   1.641235e-03   1.163446e-02   7890
  4.671505e+00   9.432574e-01   1.574407e-03   1.202105e-02   6966
  4.676764e+00   9.584905e-01   1.504915e-03   1.155709e-02   7902
  4.682374e+00   9.672969e-01   1.641329e-03   1.240567e-02   7278
  4.687828e+00   9.144384e-01   1.612380e-03   1.204697e-02   7338
  4.693196e+00   9.371856e-01   1.493392e-03   1.194296e-02   7254
  4.698697e+00   9.857525e-01   1.608386e-03   1.283193e-02   6678
  4.704032e+00   9.197251e-01   1.606870e-03   1.129528e-02   7286
  4.709691e+00   9.537232e-01   1.589718e-03   1.241821e-02   7200
  4.715313e+00   9.671301e-01   1.543001e-03   1.285758e-02   6234
  4.720293e+00   9.202651e-01   1.546551e-03   1.179658e-02   6630
  4.725937e+00   9.407661e-01   1.594739e-03   1.212765e-02   6822
  4.731533e+00   9.176474e-01   1.502372e-03   1.239112e-02   6078
  4.736631e+00   9.672257e-01   1.597130e-03   1.236994e-02   6528
  4.742272e+00   9.733105e-01   1.526400e-03   1.356322e-02   6034
  4.747672e+00   9.276128e-01   1.563107e-03   1.213604e-02   6190
  4.753036e+00   9.562753e-01   1.605909e-03   1.320957e-02   6270
  4.758704e+00   9.618611e-01   1.444203e-03   1.379247e-02   5520
  4.763890e+00   9.271420e-01   1.616958e-03   1.214953e-02   6126
  4.769317e+00   9.460037e-01   1.511987e-03   1.386752e-02   5562
  4.775011e+00   9.409165e-01   1.511880e-03   1.325687e-02   5790
  4.780175e+00   9.631293e-01   1.547880e-03   1.351680e-02   5496
  4.785646e+00   9.820313e-01   1.559064e-03   1.362619e-02   5262
  4.791216e+00   9.729562e-01   1.535486e-03   1.308278e-02   5774
  4.796542e+00   9.427528e-01   1.521126e-03   1.381968e-02   5124
  4.802154e+00   9.545909e-01   1.525856e-03   1.442405e-02   5070
  4.807432e+00   9.310293e-01   1.588341e-03   1.336068e-02   5430
  4.812826e+00   9.531400e-01   1.483666e-03   1.409373e-02   4680
  4.818540e+00   9.467134e-01   1.536582e-03   1.346606e-02   5370
  4.823790e+00   9.779632e-01   1.468016e-03   1.538788e-02   4638
  4.829137e+00   9.784244e-01   1.543205e-03   1.531916e-02   4536
  4.834713e+00   9.776910e-01   1.545277e-03   1.463838e-02   5222
  4.840070e+00   9.506148e-01   1.418031e-03   1.596984e-02   4254
  4.845561e+00   9.579165e-01   1.563113e-03   1.475457e-02   4548
  4.850865e+00   1.010035e+00   1.515896e-03   1.579115e-02   4638
  4.856279e+00   1.021122e+00   1.496620e-03   1.611160e-02   4176
  4.861899e+00   9.880572e-01   1.501804e-03   1.502613e-02   4518
  4.867234e+00   9.793843e-01   1.513137e-03   1.528611e-02   4278
  4.872549e+00   1.056097e+00   1.464028e-03   1.796024e-02   3732
  4.877994e+00   9.423170e-01   1.546653e-03   1.452360e-02   4502
  4.883481e+00   1.005142e+00   1.503470e-03   1.719804e-02   3984
  4.889020e+00   1.051553e+00   1.557569e-03   1.718117e-02   3726
  4.894174e+00   9.904369e-01   1.501292e-03   1.588639e-02   4014
  4.899605e+00   1.026057e+00   1.574381e-03   1.747192e-02   3756
  4.905398e+00   9.966371e-01   1.580112e-03   1.693240e-02   3894
  4.910659e+00   1.011184e+00   1.546203e-03   1.726590e-02   3744
  4.915968e+00   9.977591e-01   1.571823e-03   1.953493e-02   3174
  4.921505e+00   9.847068e-01   1.608835e-03   1.652589e-02   3968
  4.926991e+00   1.036510e+00   1.622395e-03   1.779357e-02   3522
  4.932722e+00   1.068756e+00   1.666295e-03   1.979618e-02   3198
  4.937920e+00   1.030651e+00   1.632144e-03   1.748637e-02   3648
  4.943345e+00   1.008852e+00   1.659133e-03   1.866817e-02   3054
  4.949062e+00   9.749469e-01   1.560433e-03   1.703216e-02   3312
  4.954266e+00   9.918602e-01   1.648372e-03   1.840904e-02   3354
  4.959775e+00   9.767933e-01   1.630010e-03   1.952013e-02   2624
  4.965165e+00   9.569830e-01   1.590230e-03   1.668451e-02   3462
  4.970648e+00   1.036532e+00   1.658767e-03   2.022779e-02   2976
  4.976433e+00   1.048259e+00   1.570247e-03   2.074367e-02   2670
  4.981450e+00   1.057151e+00   1.634562e-03   2.014013e-02   3186
  4.986828e+00   9.935868e-01   1.526978e-03   2.228089e-02   2376
  4.992553e+00   1.028134e+00   1.609692e-03   1.962649e-02   3102
  4.997840e+00   1.083947e+00   1.575648e-03   2.062851e-02   2688
  5.003337e+00   1.062909e+00   1.643829e-03   2.383456e-02   2286
  5.008726e+00   1.030681e+00   1.585579e-03   2.042489e-02   3020
  5.014174e+00   1.075827e+00   1.510259e-03   2.368385e-02   2310
  5.019958e+00   1.092594e+00   1.669065e-03   2.216744e-02   2544
  5.025112e+00   1.036359e+00   1.556079e-03   2.162489e-02   2526
  5.030503e+00   1.059677e+00   1.598055e-03   2.331571e-02   2112
  5.036149e+00   1.088646e+00   1.535784e-03   2.228936e-02   2538
  5.041490e+00   1.090241e+00   1.597743e-03   2.393493e-02   2304
  5.046925e+00   1.104462e+00   1.576461e-03   2.695652e-02   1902
  5.052197e+00   1.015572e+00   1.506026e-03   2.309656e-02   2408
  5.057655e+00   1.131158e+00   1.588655e-03   2.390539e-02   2094
  5.063468e+00   1.091075e+00   1.618622e-03   2.435621e-02   2028
  5.068570e+00   1.043715e+00   1.535323e-03   2.357231e-02   2094
  5.073985e+00   1.167540e+00   1.674958e-03   2.689993e-02   1920
  5.079736e+00   1.105027e+00   1.412176e-03   2.542196e-02   1926
  5.084997e+00   1.110424e+00   1.648354e-03   2.486142e-02   2088
  5.090349e+00   1.151680e+00   1.445979e-03   3.234373e-02   1434
  5.095727e+00   1.113517e+00   1.528869e-03   2.548748e-02   2048
  5.101055e+00   1.155729e+00   1.524439e-03   2.890066e-02   1758
  5.106921e+00   1.100459e+00   1.681850e-03   3.123424e-02   1584
  5.112297e+00   1.153428e+00   1.666289e-03   2.621698e-02   1998
  5.117737e+00   1.179587e+00   1.517710e-03   3.109438e-02   1428
  5.123436e+00   1.208893e+00   1.270388e-03   3.363570e-02   1488
  5.128415e+00   1.179515e+00   1.618345e-03   2.926068e-02   1806
  5.133668e+00   1.208118e+00   1.473287e-03   3.651741e-02   1040
  5.139281e+00   1.160425e+00   1.543732e-03   2.847853e-02   1782
  5.144417e+00   1.183706e+00   1.459353e-03   3.386251e-02   1428
  5.150558e+00   1.196569e+00   1.752291e-03   3.494212e-02   1206
  5.155754e+00   1.219415e+00   1.628015e-03   3.000504e-02   1728
  5.160990e+00   1.198777e+00   1.525739e-03   3.989567e-02   1038
  5.167027e+00   1.128805e+00   1.237946e-03   3.244034e-02   1248
  5.171798e+00   1.233877e+00   1.578785e-03   3.191208e-02   1530
  5.177034e+00   1.280238e+00   1.447012e-03   5.582597e-02   656
  5.182884e+00   1.281818e+00   1.622270e-03   3.310267e-02   1662
  5.187826e+00   1.241116e+00   1.343030e-03   4.269818e-02   1008
  5.194344e+00   1.237425e+00   1.783380e-03   3.971013e-02   960
  5.199238e+00   1.209462e+00   1.533522e-03   3.320383e-02   1458
  5.204352e+00   1.254203e+00   1.515264e-03   4.922638e-02   672
  5.210626e+00   1.204462e+00   1.187605e-03   3.743706e-02   1062
  5.215066e+00   1.278331e+00   1.540654e-03   3.634746e-02   1224
  5.220385e+00   1.369222e+00   1.345767e-03   6.753135e-02   374
  5.226378e+00   1.345103e+00   1.617607e-03   3.536708e-02   1512
  5.231226e+00   1.492757e+00   1.355537e-03   6.246913e-02   666
  5.238164e+00   1.368808e+00   1.657312e-03   5.049035e-02   720
  5.242515e+00   1.365213e+00   1.484148e-03   4.071040e-02   1224
  5.247863e+00   1.349798e+00   1.475424e-03   6.893954e-02   390
  5.254263e+00   1.384020e+00   1.097036e-03   4.728577e-02   936
  5.258334e+00   1.325160e+00   1.565258e-03   4.514094e-02   882
  5.264148e+00   1.255448e+00   1.528292e-03   8.539822e-02   216
  5.269800e+00   1.290827e+00   1.517469e-03   3.772732e-02   1286
  5.274591e+00   1.369017e+00   1.267641e-03   7.734704e-02   384
  5.281913e+00   1.329897e+00   1.595845e-03   5.748421e-02   576
  5.285704e+00   1.284512e+00   1.430314e-03   4.567874e-02   930
  5.291130e+00   1.245859e+00   1.405067e-03   8.615659e-02   216
  5.298050e+00   1.414813e+00   1.127871e-03   4.971113e-02   918
  5.302037e+00   1.497863e+00   1.519148e-03   7.277314e-02   480
  5.307441e+00   1.457582e+00   1.280066e-03   1.323143e-01   78
  5.313052e+00   1.421832e+00   1.383681e-03   4.541843e-02   1052
  5.318233e+00   1.262919e+00   1.611134e-03   7.357137e-02   240
  5.326163e+00   1.318985e+00   5.882336e-04   6.952078e-02   438
  5.328872e+00   1.652293e+00   1.360971e-03   6.398997e-02   648
  5.333924e+00   1.592640e+00   1.123687e-03   1.576917e-01   78
  5.341457e+00   1.531888e+00   9.804401e-04   5.517034e-02   780
  5.345244e+00   1.539502e+00   1.368055e-03   9.969699e-02   240
  5.349910e+00   1.359365e+00   0.000000e+00   4.012933e-01   6
  5.356198e+00   1.500125e+00   1.253222e-03   4.946134e-02   824
  5.360748e+00   1.363377e+00   9.688384e-04   1.487948e-01   78
  5.369722e+00   1.458221e+00   5.065474e-04   6.526248e-02   432
  5.372065e+00   1.570804e+00   1.225115e-03   8.431369e-02   348
  5.376527e+00   1.084392e+00   0.000000e+00   3.098549e-01   6
  5.384681e+00   1.487939e+00   8.661160e-04   6.816305e-02   600
  5.387907e+00   1.317064e+00   8.155581e-04   1.380619e-01   78
  5.399271e+00   1.665229e+00   1.072115e-03   7.307658e-02   572
  5.403481e+00   1.118232e+00   0.000000e+00   5.141785e-01   6
  5.413189e+00   1.622734e+00   5.033701e-04   7.990378e-02   384
  5.415134e+00   1.652751e+00   7.482049e-04   1.789072e-01   102
  5.427858e+00   1.608321e+00   7.359585e-04   8.876365e-02   396
  5.430766e+00   3.329408e+00   0.000000e+00   6.622127e-01   6
  5.442225e+00   1.935311e+00   6.658608e-04   1.075163e-01   326
  5.456526e+00   1.924639e+00   4.630285e-04   1.265873e-01   252
  5.458378e+00   2.324128e+00   0.000000e+00   4.709757e-01   6
  5.470933e+00   2.030797e+00   4.213345e-04   1.246814e-01   198
  5.485317e+00   1.821406e+00   3.214857e-04   1.764943e-01   146
  5.499721e+00   2.032846e+00   2.359708e-04   1.975030e-01   102
  5.514144e+00   2.098864e+00   1.639936e-04   1.457676e-01   66
  5.528587e+00   2.297632e+00   1.041522e-04   3.637870e-01   38
  5.543047e+00   2.752681e+00   5.371851e-05   6.166058e-01   18
  5.557519e+00   1.155857e+00   5.754450e-08   1.818103e-01   6
