# power spectrum of phi
# redshift z=100.000000
# k              Pk             sigma(k)       sigma(Pk)      count
  2.513274e-02   9.352631e-11   2.247832e-10   3.777565e-11   6
  3.554306e-02   3.410829e-11   0.000000e+00   6.823698e-12   12
  4.353118e-02   1.896774e-11   4.768372e-10   3.873548e-12   8
  5.026548e-02   5.218157e-11   4.495664e-10   5.627645e-12   6
  5.619852e-02   3.207477e-11   8.991328e-10   1.024846e-11   24
  6.156239e-02   4.188105e-11   6.357829e-10   7.076854e-12   24
  7.416620e-02   1.682236e-11   1.948007e-03   3.057617e-12   42
  7.947671e-02   1.980220e-11   0.000000e+00   4.371414e-12   24
  8.335587e-02   1.663625e-11   1.557344e-09   4.133687e-12   24
  8.972863e-02   1.499367e-11   1.539368e-03   1.622297e-12   32
  9.403811e-02   1.228442e-11   0.000000e+00   1.731471e-12   48
  1.005310e-01   1.289871e-11   8.991328e-10   5.683244e-12   6
  1.049125e-01   9.400903e-12   1.486715e-03   8.871266e-13   84
  1.109741e-01   9.655853e-12   1.422978e-03   1.472772e-12   48
  1.160761e-01   7.244189e-12   1.277655e-03   7.382386e-13   72
  1.231248e-01   7.290786e-12   1.271566e-09   1.147441e-12   24
  1.274204e-01   5.080761e-12   1.133933e-03   4.672627e-13   102
  1.338823e-01   5.913613e-12   2.192492e-03   6.013629e-13   104
  1.376577e-01   3.775908e-12   0.000000e+00   5.533959e-13   48
  1.450967e-01   3.261182e-12   1.454852e-03   2.945551e-13   108
  1.494985e-01   4.360980e-12   1.026108e-03   4.563924e-13   78
  1.544156e-01   4.159222e-12   8.885963e-04   3.916304e-13   96
  1.612033e-01   3.107449e-12   1.252396e-03   2.359878e-13   168
  1.674610e-01   2.958748e-12   1.514588e-03   3.088672e-13   120
  1.704585e-01   2.724144e-12   0.000000e+00   4.196498e-13   48
  1.775076e-01   2.627213e-12   1.466362e-03   2.274999e-13   194
  1.836114e-01   2.257537e-12   1.199745e-03   1.803899e-13   192
  1.889121e-01   2.713281e-12   8.359107e-04   2.273328e-13   96
  1.926375e-01   1.797236e-12   7.114371e-04   1.700674e-13   96
  1.973415e-01   1.859578e-12   1.049518e-03   1.515591e-13   174
  2.036605e-01   1.902967e-12   1.032544e-03   1.327183e-13   216
  2.087655e-01   1.482068e-12   1.069752e-03   1.017953e-13   192
  2.153360e-01   1.463663e-12   1.134051e-03   1.012456e-13   204
  2.199701e-01   1.100055e-12   1.553116e-03   6.955932e-14   224
  2.263855e-01   1.392386e-12   8.767448e-04   1.069818e-13   174
  2.313653e-01   1.159320e-12   1.685384e-03   6.631526e-14   288
  2.375440e-01   9.979101e-13   8.296829e-04   6.037417e-14   288
  2.423661e-01   8.952321e-13   1.600294e-03   6.460868e-14   192
  2.486778e-01   9.670910e-13   1.171093e-03   5.773627e-14   252
  2.526714e-01   9.406891e-13   6.978544e-04   5.994378e-14   246
  2.580960e-01   8.346691e-13   1.324197e-03   4.966112e-14   312
  2.629351e-01   8.327144e-13   8.554600e-04   4.350295e-14   248
  2.695776e-01   6.655313e-13   1.809641e-03   3.267708e-14   432
  2.749286e-01   7.979346e-13   1.515534e-03   5.452699e-14   198
  2.802165e-01   7.904379e-13   1.832967e-03   3.639327e-14   456
  2.863920e-01   6.228121e-13   1.069655e-03   3.816270e-14   324
  2.907627e-01   5.874133e-13   1.266356e-03   3.251267e-14   312
  2.961810e-01   5.455133e-13   1.588477e-03   2.818070e-14   408
  3.029220e-01   5.025822e-13   1.466968e-03   2.524476e-14   414
  3.075580e-01   4.308210e-13   1.269406e-03   2.189370e-14   392
  3.123025e-01   5.310204e-13   1.430245e-03   2.674797e-14   408
  3.185470e-01   4.743916e-13   1.518117e-03   2.162459e-14   444
  3.232898e-01   4.521251e-13   1.227263e-03   2.246729e-14   360
  3.293455e-01   4.096900e-13   1.684453e-03   1.559551e-14   678
  3.357501e-01   4.255103e-13   1.079705e-03   2.445505e-14   360
  3.406722e-01   3.649613e-13   1.778081e-03   1.612010e-14   648
  3.453647e-01   3.558686e-13   8.217968e-04   2.319395e-14   288
  3.513418e-01   3.398930e-13   1.531028e-03   1.289683e-14   686
  3.569625e-01   3.378917e-13   1.138289e-03   1.667133e-14   444
  3.620452e-01   3.075848e-13   1.580989e-03   1.205687e-14   696
  3.671010e-01   3.211867e-13   1.502020e-03   1.497930e-14   408
  3.725872e-01   2.742760e-13   1.554025e-03   1.046578e-14   648
  3.782992e-01   3.045357e-13   1.360625e-03   1.320806e-14   582
  3.833918e-01   2.435804e-13   1.703041e-03   9.848611e-15   744
  3.890113e-01   2.749544e-13   1.700144e-03   1.148702e-14   516
  3.941882e-01   2.607724e-13   1.645265e-03   1.082258e-14   728
  3.989676e-01   2.374967e-13   1.363195e-03   9.873601e-15   558
  4.047392e-01   2.003107e-13   1.374231e-03   7.107462e-15   768
  4.109960e-01   2.260437e-13   1.593026e-03   7.196309e-15   960
  4.164620e-01   2.067787e-13   1.114439e-03   9.061084e-15   576
  4.217163e-01   2.141827e-13   1.808947e-03   7.414737e-15   816
  4.273742e-01   1.750517e-13   1.395616e-03   6.177301e-15   666
  4.323421e-01   1.895970e-13   1.636664e-03   6.195108e-15   960
  4.382783e-01   1.779925e-13   1.614107e-03   6.290018e-15   824
  4.440386e-01   1.726938e-13   1.777416e-03   5.550506e-15   936
  4.493430e-01   1.562155e-13   1.321819e-03   5.950617e-15   624
  4.542288e-01   1.663519e-13   1.556102e-03   5.366508e-15   1062
  4.599003e-01   1.628365e-13   1.695132e-03   5.801325e-15   732
  4.648741e-01   1.431739e-13   1.470856e-03   4.469554e-15   1080
  4.708074e-01   1.460217e-13   1.603534e-03   4.970090e-15   936
  4.761732e-01   1.290655e-13   1.731990e-03   4.299332e-15   878
  4.818260e-01   1.257538e-13   1.755225e-03   3.698319e-15   1152
  4.870749e-01   1.223675e-13   1.356663e-03   3.896296e-15   1056
  4.926568e-01   1.275953e-13   1.602363e-03   4.241671e-15   864
  4.976423e-01   1.186070e-13   1.565217e-03   3.667544e-15   1092
  5.036015e-01   1.189892e-13   1.653531e-03   3.532097e-15   1206
  5.092782e-01   1.121421e-13   1.678014e-03   3.177442e-15   1248
  5.145213e-01   1.065365e-13   1.137149e-03   3.702645e-15   864
  5.191890e-01   1.074182e-13   1.180642e-03   3.319125e-15   1152
  5.252742e-01   1.050240e-13   1.757644e-03   2.883628e-15   1382
  5.312134e-01   1.016752e-13   1.566451e-03   2.936508e-15   1188
  5.364142e-01   9.015732e-14   1.659855e-03   2.621483e-15   1248
  5.413249e-01   9.120340e-14   1.574532e-03   2.864661e-15   1152
  5.467138e-01   9.463180e-14   1.729118e-03   2.540636e-15   1320
  5.526917e-01   8.550506e-14   1.146028e-03   2.457537e-15   1206
  5.576517e-01   8.661872e-14   1.665023e-03   2.195694e-15   1560
  5.635439e-01   8.350707e-14   1.549958e-03   2.254945e-15   1280
  5.685850e-01   7.698752e-14   1.560520e-03   2.056440e-15   1308
  5.741001e-01   7.817252e-14   1.566129e-03   1.897974e-15   1512
  5.795940e-01   7.088467e-14   1.277777e-03   1.923478e-15   1350
  5.852552e-01   7.209452e-14   1.688249e-03   1.760477e-15   1608
  5.900948e-01   7.295368e-14   1.451867e-03   2.014977e-15   1320
  5.957309e-01   7.204663e-14   1.748946e-03   1.811211e-15   1656
  6.008045e-01   6.602901e-14   1.374965e-03   1.755174e-15   1254
  6.066730e-01   6.638249e-14   1.569270e-03   1.501626e-15   1932
  6.122044e-01   6.572701e-14   1.409199e-03   1.730920e-15   1640
  6.176544e-01   6.088807e-14   1.462843e-03   1.532019e-15   1488
  6.227944e-01   5.976628e-14   1.414095e-03   1.533323e-15   1560
  6.286404e-01   5.627502e-14   1.698486e-03   1.333721e-15   2046
  6.340669e-01   5.515846e-14   1.523538e-03   1.441391e-15   1512
  6.393232e-01   5.614358e-14   1.516165e-03   1.292118e-15   1764
  6.445652e-01   5.221342e-14   1.511671e-03   1.213013e-15   1776
  6.499746e-01   5.268618e-14   1.817211e-03   1.254870e-15   1704
  6.557781e-01   4.954672e-14   1.779589e-03   1.050899e-15   2126
  6.610046e-01   4.799629e-14   1.236245e-03   1.123217e-15   1632
  6.662499e-01   4.790256e-14   1.646884e-03   1.015721e-15   2064
  6.715382e-01   4.944138e-14   1.357901e-03   1.179949e-15   1680
  6.772924e-01   4.552589e-14   1.523137e-03   1.015504e-15   2154
  6.826481e-01   4.503791e-14   1.541852e-03   9.850849e-16   2016
  6.884154e-01   4.272840e-14   1.692697e-03   8.538662e-16   2304
  6.937001e-01   4.463391e-14   1.347609e-03   1.116159e-15   1680
  6.991903e-01   4.222401e-14   1.561166e-03   9.024535e-16   2432
  7.046941e-01   3.943181e-14   1.538311e-03   8.988761e-16   1902
  7.101567e-01   3.843530e-14   1.581895e-03   7.676417e-16   2292
  7.150285e-01   3.689181e-14   1.252979e-03   8.428623e-16   1992
  7.208092e-01   3.635876e-14   1.606146e-03   6.955434e-16   2568
  7.263678e-01   3.598444e-14   1.402295e-03   8.319785e-16   1806
  7.319849e-01   3.656263e-14   1.724889e-03   7.058240e-16   3000
  7.376724e-01   3.574269e-14   1.569594e-03   7.906189e-16   2016
  7.424201e-01   3.581361e-14   1.465108e-03   7.650263e-16   2168
  7.478330e-01   3.438217e-14   1.496073e-03   7.174387e-16   2412
  7.534914e-01   3.165461e-14   1.636470e-03   6.293828e-16   2550
  7.589365e-01   3.291098e-14   1.624710e-03   6.380158e-16   2592
  7.646194e-01   3.071548e-14   1.496749e-03   6.363887e-16   2496
  7.700227e-01   2.969396e-14   1.655767e-03   5.780721e-16   2688
  7.754124e-01   2.915466e-14   1.430386e-03   5.785175e-16   2424
  7.810929e-01   2.829400e-14   1.312547e-03   5.535119e-16   2634
  7.862125e-01   2.831904e-14   1.574459e-03   5.495630e-16   2552
  7.913127e-01   2.788522e-14   1.651778e-03   5.308198e-16   2832
  7.969736e-01   2.645735e-14   1.568612e-03   5.220553e-16   2424
  8.025554e-01   2.554165e-14   1.740010e-03   4.343353e-16   3198
  8.077809e-01   2.598997e-14   1.388970e-03   5.009445e-16   2400
  8.133203e-01   2.658827e-14   1.597724e-03   4.620105e-16   3336
  8.190443e-01   2.399881e-14   1.344782e-03   5.049567e-16   2508
  8.240739e-01   2.448694e-14   1.620807e-03   4.549372e-16   3104
  8.299549e-01   2.387055e-14   1.630675e-03   4.298090e-16   2934
  8.352548e-01   2.317926e-14   1.499159e-03   4.255985e-16   3120
  8.410021e-01   2.197296e-14   1.672615e-03   3.666282e-16   3288
  8.462971e-01   2.249696e-14   1.408091e-03   4.180190e-16   2808
  8.517341e-01   2.062831e-14   1.767149e-03   3.806108e-16   2988
  8.572072e-01   2.073341e-14   1.617824e-03   3.671475e-16   3486
  8.625080e-01   2.167989e-14   1.531395e-03   4.252683e-16   3000
  8.676262e-01   2.102303e-14   1.332104e-03   3.714955e-16   3024
  8.733607e-01   1.984070e-14   1.466916e-03   3.324569e-16   3584
  8.791129e-01   2.022848e-14   1.571450e-03   3.421464e-16   3486
  8.844786e-01   1.925841e-14   1.415254e-03   3.433658e-16   3120
  8.897252e-01   1.931734e-14   1.397521e-03   3.214521e-16   3396
  8.950216e-01   1.804544e-14   1.596634e-03   3.099482e-16   3552
  9.006758e-01   1.802142e-14   1.536565e-03   2.952746e-16   3384
  9.062646e-01   1.784702e-14   1.564378e-03   2.986392e-16   3726
  9.115861e-01   1.761248e-14   1.516080e-03   3.161370e-16   3344
  9.166417e-01   1.786479e-14   1.557833e-03   2.918528e-16   3744
  9.224231e-01   1.672865e-14   1.516451e-03   2.801499e-16   3540
  9.278433e-01   1.644875e-14   1.609838e-03   2.546261e-16   3822
  9.335305e-01   1.601393e-14   1.580500e-03   2.389402e-16   4056
  9.387066e-01   1.580674e-14   1.452506e-03   2.630174e-16   3288
  9.441340e-01   1.503608e-14   1.677753e-03   2.419330e-16   4056
  9.494626e-01   1.523638e-14   1.536843e-03   2.428050e-16   3984
  9.552959e-01   1.537378e-14   1.413015e-03   2.556015e-16   3662
  9.602370e-01   1.475876e-14   1.541776e-03   2.480406e-16   3828
  9.658108e-01   1.454752e-14   1.742991e-03   2.003590e-16   4632
  9.713679e-01   1.429860e-14   1.345609e-03   2.394807e-16   3600
  9.769230e-01   1.353691e-14   1.597718e-03   2.128947e-16   4320
  9.821794e-01   1.326184e-14   1.253511e-03   2.070255e-16   3918
  9.874859e-01   1.361619e-14   1.442268e-03   2.119453e-16   4200
  9.928210e-01   1.362593e-14   1.636673e-03   2.127081e-16   4188
  9.983519e-01   1.279104e-14   1.662286e-03   1.882828e-16   4360
  1.003968e+00   1.256285e-14   1.662160e-03   1.869757e-16   4582
  1.009399e+00   1.283042e-14   1.477494e-03   2.080886e-16   4128
  1.014920e+00   1.234981e-14   1.587216e-03   1.826415e-16   4752
  1.020120e+00   1.263123e-14   1.461112e-03   1.918819e-16   4176
  1.025775e+00   1.148052e-14   1.680085e-03   1.660111e-16   4848
  1.031437e+00   1.171343e-14   1.459747e-03   1.808630e-16   4338
  1.036771e+00   1.172233e-14   1.593174e-03   1.658222e-16   5160
  1.042045e+00   1.143931e-14   1.291598e-03   1.823462e-16   4008
  1.047767e+00   1.098857e-14   1.707442e-03   1.538059e-16   5360
  1.053032e+00   1.095445e-14   1.588217e-03   1.652877e-16   4110
  1.058510e+00   1.085817e-14   1.701535e-03   1.475595e-16   5424
  1.063733e+00   1.030585e-14   1.454921e-03   1.657247e-16   4140
  1.069227e+00   1.051071e-14   1.625576e-03   1.375971e-16   5664
  1.074866e+00   1.029825e-14   1.412853e-03   1.473808e-16   4632
  1.080236e+00   1.000864e-14   1.490235e-03   1.436402e-16   4902
  1.085555e+00   1.023382e-14   1.592485e-03   1.439234e-16   5072
  1.090999e+00   1.009860e-14   1.501653e-03   1.362575e-16   5472
  1.096387e+00   9.688618e-15   1.526101e-03   1.392886e-16   4704
  1.101916e+00   9.729867e-15   1.676374e-03   1.328002e-16   5436
  1.107545e+00   9.373622e-15   1.596128e-03   1.214979e-16   5646
  1.112664e+00   9.447623e-15   1.428200e-03   1.379007e-16   4512
  1.118112e+00   8.982347e-15   1.824161e-03   1.144827e-16   6120
  1.123729e+00   9.017433e-15   1.411269e-03   1.258634e-16   5112
  1.129131e+00   9.019575e-15   1.667779e-03   1.183937e-16   5606
  1.134567e+00   8.619675e-15   1.554272e-03   1.196713e-16   5328
  1.139989e+00   8.390509e-15   1.565953e-03   1.111275e-16   5964
  1.145435e+00   8.313698e-15   1.590472e-03   1.142014e-16   5448
  1.150957e+00   7.986668e-15   1.628706e-03   1.036698e-16   5904
  1.156600e+00   7.969745e-15   1.600579e-03   1.054162e-16   5598
  1.161806e+00   7.956080e-15   1.501909e-03   1.035486e-16   5952
  1.167187e+00   7.793400e-15   1.643126e-03   1.060437e-16   5688
  1.172631e+00   7.793434e-15   1.575513e-03   1.016438e-16   5876
  1.177964e+00   7.696082e-15   1.536673e-03   1.019382e-16   5784
  1.183501e+00   7.272660e-15   1.532901e-03   8.924490e-17   6462
  1.189054e+00   7.607553e-15   1.653348e-03   1.025865e-16   5688
  1.194197e+00   7.393815e-15   1.525430e-03   9.522741e-17   6408
  1.199756e+00   6.985634e-15   1.574800e-03   8.792967e-17   6000
  1.205422e+00   7.071176e-15   1.694655e-03   8.611816e-17   6582
  1.211021e+00   6.970614e-15   1.612876e-03   8.790205e-17   6564
  1.216263e+00   6.816580e-15   1.422140e-03   8.741358e-17   6048
  1.221699e+00   6.567946e-15   1.629773e-03   8.241453e-17   6512
  1.227397e+00   6.722443e-15   1.620133e-03   8.222565e-17   6816
  1.232850e+00   6.732735e-15   1.416896e-03   8.758458e-17   6222
  1.237968e+00   6.554705e-15   1.476334e-03   8.355155e-17   6432
  1.243434e+00   6.391534e-15   1.553938e-03   7.630690e-17   6804
  1.248868e+00   6.398166e-15   1.464733e-03   8.115522e-17   6432
  1.254187e+00   6.177190e-15   1.722345e-03   7.524654e-17   6846
  1.259590e+00   6.171022e-15   1.572729e-03   7.617692e-17   6424
  1.264755e+00   5.915604e-15   1.411534e-03   7.298112e-17   6952
  1.270430e+00   6.006314e-15   1.700917e-03   6.849395e-17   7560
  1.276003e+00   5.882122e-15   1.461590e-03   7.208696e-17   6648
  1.281750e+00   5.799250e-15   1.606071e-03   6.837753e-17   7578
  1.286810e+00   5.728991e-15   1.450151e-03   7.019819e-17   6552
  1.292277e+00   5.522967e-15   1.596662e-03   6.533652e-17   7536
  1.297851e+00   5.457124e-15   1.461180e-03   6.315206e-17   7272
  1.303277e+00   5.518746e-15   1.556497e-03   6.625537e-17   6936
  1.308485e+00   5.303155e-15   1.596343e-03   6.046334e-17   7430
  1.314120e+00   5.292933e-15   1.672052e-03   5.977688e-17   7644
  1.319350e+00   5.131238e-15   1.489238e-03   6.087178e-17   7248
  1.325034e+00   5.115988e-15   1.703671e-03   5.601988e-17   8232
  1.330590e+00   5.050926e-15   1.553617e-03   6.009833e-17   7038
  1.335931e+00   5.040621e-15   1.510189e-03   5.724210e-17   7824
  1.341174e+00   4.891419e-15   1.590763e-03   5.520579e-17   7752
  1.346585e+00   4.709322e-15   1.605043e-03   5.455552e-17   7480
  1.352208e+00   4.818609e-15   1.618933e-03   5.260394e-17   8404
  1.357671e+00   4.857511e-15   1.503855e-03   5.394506e-17   7614
  1.362913e+00   4.737909e-15   1.575108e-03   5.404159e-17   7776
  1.368188e+00   4.695532e-15   1.502776e-03   5.307493e-17   7944
  1.373702e+00   4.612152e-15   1.562607e-03   5.045586e-17   8424
  1.379142e+00   4.426389e-15   1.533354e-03   5.101598e-17   7872
  1.384762e+00   4.386661e-15   1.540830e-03   4.696721e-17   8658
  1.390152e+00   4.452584e-15   1.537871e-03   4.958477e-17   8352
  1.395701e+00   4.377247e-15   1.544872e-03   4.769984e-17   8648
  1.400946e+00   4.432022e-15   1.463868e-03   4.945719e-17   7680
  1.406459e+00   4.210832e-15   1.524971e-03   4.478051e-17   8646
  1.411581e+00   4.293977e-15   1.477493e-03   4.571567e-17   8448
  1.417243e+00   4.276107e-15   1.570023e-03   4.571526e-17   9120
  1.422706e+00   3.966486e-15   1.534210e-03   4.342729e-17   8316
  1.428231e+00   4.095052e-15   1.655901e-03   4.175439e-17   9504
  1.433780e+00   4.074685e-15   1.505873e-03   4.473888e-17   8358
  1.439318e+00   3.883972e-15   1.591741e-03   4.025442e-17   9584
  1.444669e+00   3.839439e-15   1.523180e-03   4.105398e-17   8616
  1.450194e+00   3.938032e-15   1.658401e-03   3.998489e-17   9432
  1.455837e+00   3.859932e-15   1.687074e-03   4.079711e-17   9018
  1.460959e+00   3.741792e-15   1.428118e-03   3.957995e-17   8568
  1.466312e+00   3.639715e-15   1.589614e-03   3.554844e-17   9816
  1.471848e+00   3.746897e-15   1.504950e-03   3.954296e-17   9000
  1.477320e+00   3.669510e-15   1.574008e-03   3.834777e-17   9504
  1.482769e+00   3.531634e-15   1.610237e-03   3.575848e-17   9446
  1.488128e+00   3.609954e-15   1.539876e-03   3.600461e-17   9696
  1.493639e+00   3.490787e-15   1.432995e-03   3.569402e-17   9180
  1.499052e+00   3.404426e-15   1.656445e-03   3.343326e-17   10512
  1.504580e+00   3.510076e-15   1.565995e-03   3.695076e-17   9048
  1.510050e+00   3.300628e-15   1.502032e-03   3.282080e-17   10014
  1.515115e+00   3.301580e-15   1.465977e-03   3.539061e-17   9096
  1.520624e+00   3.258151e-15   1.678104e-03   3.066791e-17   11088
  1.526481e+00   3.336597e-15   1.632622e-03   3.319349e-17   9860
  1.531846e+00   3.144684e-15   1.547538e-03   3.169785e-17   10110
  1.537226e+00   3.232323e-15   1.610782e-03   3.275547e-17   10104
  1.542638e+00   3.172131e-15   1.527293e-03   3.117207e-17   10392
  1.548117e+00   3.103237e-15   1.580956e-03   2.990525e-17   10104
  1.553700e+00   3.102643e-15   1.636048e-03   2.860244e-17   11352
  1.559389e+00   2.986811e-15   1.498379e-03   2.999339e-17   10014
  1.564440e+00   3.027828e-15   1.383079e-03   3.080641e-17   9636
  1.569783e+00   2.934122e-15   1.639203e-03   2.712333e-17   11552
  1.575422e+00   2.889388e-15   1.523155e-03   2.837053e-17   10488
  1.580867e+00   2.931236e-15   1.590751e-03   2.912776e-17   10254
  1.586166e+00   2.811447e-15   1.497744e-03   2.626785e-17   11304
  1.591672e+00   2.859332e-15   1.520072e-03   2.764901e-17   10872
  1.597152e+00   2.795779e-15   1.630062e-03   2.670476e-17   10932
  1.602461e+00   2.737270e-15   1.470687e-03   2.691227e-17   10848
  1.607949e+00   2.737087e-15   1.538096e-03   2.577241e-17   10998
  1.613393e+00   2.697346e-15   1.616241e-03   2.471862e-17   11720
  1.618857e+00   2.717148e-15   1.486980e-03   2.609245e-17   10776
  1.624233e+00   2.642124e-15   1.626703e-03   2.403660e-17   12072
  1.629803e+00   2.562809e-15   1.491590e-03   2.464947e-17   10704
  1.635146e+00   2.601144e-15   1.530127e-03   2.416563e-17   11730
  1.640724e+00   2.566800e-15   1.589265e-03   2.341514e-17   12144
  1.646103e+00   2.503747e-15   1.505823e-03   2.334365e-17   11568
  1.651732e+00   2.468111e-15   1.628958e-03   2.255761e-17   11552
  1.656794e+00   2.464421e-15   1.470182e-03   2.324600e-17   10926
  1.662301e+00   2.500157e-15   1.665116e-03   2.147826e-17   13032
  1.667699e+00   2.506538e-15   1.360824e-03   2.431007e-17   10776
  1.673163e+00   2.400917e-15   1.675173e-03   2.068160e-17   13116
  1.678750e+00   2.366802e-15   1.576527e-03   2.155676e-17   12288
  1.684254e+00   2.284171e-15   1.448982e-03   2.155775e-17   11262
  1.689407e+00   2.330732e-15   1.565326e-03   2.085627e-17   12672
  1.694949e+00   2.312440e-15   1.534786e-03   2.021355e-17   12624
  1.700444e+00   2.260894e-15   1.539772e-03   2.016946e-17   12392
  1.705894e+00   2.247320e-15   1.578373e-03   2.053585e-17   12060
  1.711417e+00   2.249215e-15   1.664529e-03   1.941598e-17   13662
  1.716714e+00   2.193928e-15   1.437484e-03   2.014910e-17   11592
  1.722229e+00   2.169522e-15   1.708245e-03   1.885121e-17   13776
  1.727732e+00   2.185980e-15   1.452727e-03   1.977737e-17   12240
  1.733259e+00   2.101241e-15   1.673717e-03   1.802920e-17   13662
  1.738451e+00   2.127780e-15   1.438450e-03   1.938584e-17   11520
  1.744057e+00   2.099615e-15   1.657935e-03   1.697005e-17   15044
  1.749584e+00   2.092785e-15   1.490148e-03   1.867423e-17   12384
  1.755011e+00   2.000911e-15   1.568695e-03   1.786869e-17   13176
  1.760324e+00   1.989823e-15   1.420714e-03   1.744102e-17   12798
  1.765805e+00   2.048017e-15   1.613568e-03   1.740735e-17   14376
  1.771131e+00   1.967518e-15   1.533785e-03   1.756615e-17   12528
  1.776603e+00   1.970167e-15   1.610649e-03   1.671363e-17   14100
  1.781897e+00   1.987066e-15   1.461405e-03   1.853988e-17   12630
  1.787364e+00   1.907563e-15   1.587093e-03   1.588986e-17   14624
  1.792771e+00   1.946678e-15   1.583065e-03   1.683627e-17   13272
  1.798277e+00   1.905661e-15   1.613728e-03   1.573419e-17   14664
  1.803884e+00   1.835341e-15   1.649702e-03   1.499077e-17   14328
  1.809294e+00   1.843136e-15   1.531892e-03   1.597388e-17   13086
  1.814778e+00   1.821869e-15   1.648042e-03   1.462255e-17   15612
  1.820245e+00   1.848248e-15   1.420572e-03   1.615217e-17   13416
  1.825554e+00   1.805169e-15   1.670986e-03   1.502990e-17   14360
  1.831007e+00   1.786335e-15   1.563345e-03   1.495135e-17   14064
  1.836565e+00   1.776931e-15   1.608825e-03   1.433517e-17   15750
  1.842043e+00   1.724911e-15   1.519715e-03   1.471942e-17   13680
  1.847448e+00   1.760855e-15   1.654464e-03   1.428642e-17   15468
  1.852944e+00   1.688225e-15   1.594248e-03   1.421243e-17   14352
  1.858276e+00   1.690794e-15   1.572970e-03   1.381070e-17   14454
  1.863633e+00   1.719416e-15   1.615254e-03   1.407219e-17   15048
  1.869150e+00   1.612260e-15   1.497078e-03   1.317796e-17   15360
  1.874596e+00   1.666142e-15   1.645285e-03   1.335033e-17   15224
  1.880069e+00   1.627837e-15   1.557924e-03   1.313570e-17   15096
  1.885497e+00   1.650299e-15   1.522103e-03   1.360261e-17   14514
  1.890790e+00   1.641381e-15   1.595539e-03   1.300290e-17   16416
  1.896345e+00   1.586569e-15   1.570097e-03   1.284158e-17   15216
  1.902017e+00   1.603902e-15   1.580041e-03   1.261863e-17   16440
  1.907431e+00   1.577311e-15   1.589489e-03   1.303431e-17   14904
  1.912612e+00   1.556507e-15   1.493082e-03   1.257121e-17   15134
  1.918128e+00   1.561160e-15   1.670413e-03   1.231509e-17   16644
  1.923636e+00   1.508407e-15   1.568226e-03   1.218902e-17   16128
  1.929039e+00   1.532906e-15   1.558301e-03   1.236650e-17   15384
  1.934362e+00   1.498943e-15   1.531848e-03   1.198558e-17   15462
  1.939814e+00   1.506646e-15   1.636508e-03   1.130588e-17   17304
  1.945372e+00   1.470673e-15   1.543184e-03   1.157799e-17   16176
  1.950827e+00   1.479067e-15   1.632437e-03   1.140816e-17   16824
  1.956411e+00   1.406904e-15   1.501531e-03   1.119160e-17   15980
  1.961671e+00   1.449598e-15   1.494587e-03   1.142353e-17   16326
  1.966974e+00   1.413878e-15   1.595444e-03   1.106202e-17   16488
  1.972469e+00   1.397738e-15   1.547881e-03   1.079826e-17   16944
  1.977987e+00   1.398292e-15   1.628958e-03   1.066565e-17   17256
  1.983307e+00   1.354715e-15   1.510722e-03   1.069917e-17   15966
  1.988830e+00   1.380777e-15   1.604091e-03   1.054431e-17   17628
  1.994237e+00   1.333207e-15   1.523687e-03   1.034027e-17   17280
  1.999700e+00   1.326070e-15   1.677236e-03   1.008817e-17   17056
  2.005087e+00   1.320277e-15   1.581521e-03   1.012960e-17   17296
  2.010708e+00   1.292161e-15   1.549121e-03   9.710153e-18   17526
  2.016014e+00   1.307711e-15   1.559028e-03   9.835799e-18   17592
  2.021539e+00   1.301179e-15   1.621825e-03   9.779245e-18   17880
  2.026921e+00   1.286165e-15   1.503997e-03   1.002174e-17   17028
  2.032244e+00   1.287294e-15   1.529390e-03   9.798210e-18   17376
  2.037659e+00   1.294171e-15   1.518363e-03   9.533893e-18   18414
  2.043253e+00   1.245170e-15   1.557160e-03   9.194085e-18   17840
  2.048675e+00   1.233993e-15   1.634742e-03   9.077842e-18   18960
  2.054080e+00   1.224303e-15   1.518636e-03   9.421939e-18   16992
  2.059506e+00   1.224741e-15   1.672957e-03   9.070696e-18   18378
  2.064817e+00   1.235589e-15   1.489598e-03   9.451537e-18   18192
  2.070342e+00   1.197862e-15   1.590368e-03   8.655339e-18   19320
  2.075827e+00   1.185511e-15   1.542530e-03   8.849458e-18   17856
  2.081294e+00   1.140083e-15   1.592338e-03   8.391643e-18   19128
  2.086669e+00   1.170210e-15   1.472822e-03   8.698475e-18   18246
  2.092142e+00   1.168011e-15   1.530845e-03   8.409536e-18   19184
  2.097560e+00   1.126649e-15   1.566786e-03   8.153039e-18   18900
  2.103127e+00   1.130210e-15   1.634103e-03   8.068126e-18   19776
  2.108435e+00   1.134896e-15   1.499267e-03   8.773230e-18   17814
  2.113953e+00   1.125111e-15   1.631506e-03   8.051836e-18   19944
  2.119331e+00   1.131508e-15   1.609395e-03   8.126181e-18   19536
  2.124895e+00   1.102374e-15   1.592635e-03   7.750336e-18   20112
  2.130295e+00   1.074132e-15   1.480183e-03   8.177605e-18   18116
  2.135677e+00   1.070034e-15   1.543122e-03   7.454568e-18   19878
  2.140967e+00   1.076150e-15   1.559605e-03   7.613166e-18   19800
  2.146556e+00   1.078843e-15   1.559507e-03   7.675635e-18   20136
  2.152123e+00   1.041303e-15   1.640454e-03   7.373675e-18   20808
  2.157545e+00   1.038231e-15   1.486131e-03   7.642137e-18   19152
  2.162999e+00   1.026306e-15   1.569730e-03   7.268359e-18   20526
  2.168508e+00   1.024918e-15   1.615030e-03   7.404540e-18   20532
  2.173853e+00   1.037017e-15   1.604928e-03   7.370498e-18   20120
  2.179147e+00   9.998135e-16   1.495586e-03   7.325421e-18   19512
  2.184682e+00   9.936509e-16   1.624686e-03   6.954397e-18   21246
  2.190096e+00   1.010755e-15   1.477588e-03   7.265564e-18   20112
  2.195583e+00   9.936464e-16   1.645292e-03   6.731928e-18   22104
  2.201050e+00   9.686594e-16   1.614482e-03   6.972818e-18   19620
  2.206482e+00   9.582455e-16   1.604796e-03   6.576354e-18   21912
  2.211921e+00   9.723768e-16   1.497387e-03   6.951751e-18   20070
  2.217337e+00   9.624221e-16   1.630864e-03   6.587565e-18   22064
  2.222850e+00   9.444021e-16   1.548352e-03   6.544802e-18   21048
  2.228199e+00   9.531422e-16   1.514343e-03   6.592345e-18   21168
  2.233635e+00   9.489839e-16   1.637642e-03   6.565580e-18   21384
  2.239216e+00   9.118098e-16   1.481766e-03   6.228063e-18   22146
  2.244666e+00   9.487426e-16   1.585174e-03   6.435345e-18   22200
  2.250163e+00   8.968223e-16   1.501548e-03   6.179785e-18   21648
  2.255545e+00   8.829532e-16   1.607582e-03   6.150960e-18   21144
  2.260867e+00   8.818864e-16   1.529125e-03   6.001706e-18   21710
  2.266343e+00   8.852336e-16   1.624700e-03   5.817192e-18   23112
  2.271991e+00   8.845338e-16   1.620840e-03   5.879939e-18   23064
  2.277435e+00   8.793728e-16   1.500062e-03   6.037787e-18   21252
  2.282668e+00   8.667219e-16   1.503720e-03   5.781014e-18   22128
  2.288126e+00   8.716344e-16   1.558658e-03   5.841223e-18   22446
  2.293582e+00   8.378225e-16   1.527528e-03   5.685955e-18   22848
  2.298983e+00   8.505294e-16   1.529486e-03   5.657752e-18   23208
  2.304508e+00   8.499424e-16   1.574247e-03   5.669400e-18   22536
  2.309946e+00   8.324434e-16   1.596462e-03   5.565038e-18   22586
  2.315370e+00   8.444649e-16   1.627795e-03   5.563243e-18   24096
  2.320825e+00   8.324749e-16   1.527306e-03   5.650894e-18   22440
  2.326212e+00   8.345334e-16   1.664369e-03   5.503458e-18   23400
  2.331602e+00   8.061485e-16   1.511928e-03   5.368343e-18   23232
  2.337168e+00   8.094288e-16   1.592064e-03   5.299757e-18   23886
  2.342533e+00   7.994379e-16   1.530913e-03   5.415753e-18   23376
  2.347967e+00   7.994155e-16   1.544635e-03   5.296786e-18   23540
  2.353338e+00   7.833739e-16   1.532168e-03   5.108086e-18   24240
  2.358915e+00   7.854066e-16   1.612109e-03   5.190540e-18   23952
  2.364402e+00   7.798644e-16   1.508159e-03   5.139561e-18   24006
  2.369901e+00   7.692863e-16   1.691935e-03   4.878761e-18   25560
  2.375221e+00   7.692058e-16   1.500150e-03   5.171875e-18   22728
  2.380552e+00   7.576979e-16   1.511947e-03   4.964724e-18   23556
  2.385955e+00   7.532293e-16   1.577785e-03   4.902131e-18   25398
  2.391435e+00   7.681093e-16   1.545774e-03   5.014560e-18   24088
  2.396892e+00   7.537472e-16   1.609108e-03   4.758851e-18   25696
  2.402362e+00   7.473796e-16   1.511201e-03   4.952690e-18   24144
  2.407786e+00   7.186172e-16   1.615096e-03   4.628501e-18   25560
  2.413246e+00   7.241770e-16   1.489846e-03   4.787434e-18   24246
  2.418724e+00   7.402760e-16   1.581827e-03   4.646943e-18   26292
  2.424188e+00   7.194486e-16   1.560153e-03   4.671942e-18   25200
  2.429626e+00   7.137736e-16   1.624829e-03   4.580699e-18   25296
  2.434943e+00   7.027575e-16   1.483819e-03   4.580230e-18   24192
  2.440599e+00   7.023977e-16   1.638534e-03   4.246204e-18   28646
  2.446110e+00   6.961765e-16   1.506669e-03   4.545836e-18   24552
  2.451515e+00   6.961992e-16   1.579460e-03   4.469014e-18   25788
  2.456795e+00   6.860708e-16   1.491180e-03   4.427619e-18   25272
  2.462256e+00   6.742736e-16   1.613697e-03   4.321225e-18   26118
  2.467607e+00   6.789053e-16   1.579547e-03   4.328399e-18   26016
  2.473206e+00   6.675691e-16   1.595790e-03   4.081076e-18   27792
  2.478571e+00   6.694384e-16   1.565206e-03   4.337803e-18   25072
  2.483982e+00   6.563856e-16   1.621283e-03   4.064061e-18   26824
  2.489402e+00   6.618373e-16   1.480279e-03   4.214537e-18   26106
  2.494915e+00   6.525022e-16   1.629064e-03   3.997686e-18   28296
  2.500377e+00   6.525823e-16   1.567349e-03   4.103730e-18   26640
  2.505822e+00   6.373122e-16   1.492228e-03   3.986340e-18   26064
  2.511215e+00   6.407613e-16   1.637115e-03   3.844754e-18   27822
  2.516572e+00   6.451047e-16   1.521472e-03   4.143103e-18   26160
  2.522001e+00   6.427887e-16   1.673107e-03   3.979226e-18   28108
  2.527479e+00   6.354005e-16   1.599090e-03   3.967168e-18   27664
  2.532916e+00   6.276460e-16   1.590673e-03   3.853484e-18   27600
  2.538445e+00   6.171101e-16   1.594105e-03   3.798072e-18   27510
  2.543900e+00   6.224019e-16   1.577441e-03   3.819471e-18   28848
  2.549331e+00   6.072782e-16   1.562048e-03   3.756264e-18   27744
  2.554787e+00   6.088414e-16   1.521895e-03   3.684875e-18   27888
  2.560210e+00   6.046134e-16   1.547223e-03   3.734471e-18   27780
  2.565645e+00   6.085804e-16   1.558725e-03   3.697390e-18   28734
  2.571023e+00   6.001245e-16   1.609586e-03   3.688248e-18   28232
  2.576527e+00   5.962240e-16   1.600458e-03   3.556411e-18   29016
  2.581909e+00   5.895320e-16   1.581285e-03   3.560904e-18   28056
  2.587324e+00   5.926114e-16   1.534592e-03   3.598048e-18   28710
  2.592790e+00   5.881831e-16   1.621010e-03   3.541142e-18   29220
  2.598465e+00   5.718084e-16   1.658218e-03   3.366333e-18   31584
  2.603840e+00   5.678362e-16   1.528599e-03   3.542142e-18   26904
  2.609079e+00   5.711477e-16   1.485740e-03   3.500698e-18   28512
  2.614658e+00   5.629350e-16   1.600396e-03   3.287539e-18   30878
  2.620190e+00   5.655843e-16   1.607291e-03   3.330941e-18   30408
  2.625603e+00   5.642271e-16   1.552575e-03   3.388959e-18   28632
  2.630926e+00   5.540294e-16   1.494100e-03   3.307732e-18   28764
  2.636301e+00   5.500442e-16   1.662258e-03   3.240574e-18   30630
  2.641825e+00   5.458255e-16   1.539050e-03   3.270371e-18   30240
  2.647360e+00   5.502826e-16   1.576813e-03   3.237274e-18   31008
  2.652753e+00   5.443079e-16   1.510278e-03   3.298951e-18   29240
  2.658053e+00   5.298099e-16   1.541271e-03   3.169957e-18   30000
  2.663579e+00   5.347137e-16   1.631431e-03   3.146984e-18   30978
  2.669020e+00   5.231966e-16   1.538057e-03   3.086041e-18   30696
  2.674440e+00   5.284933e-16   1.612132e-03   3.086419e-18   31320
  2.679792e+00   5.189090e-16   1.506651e-03   3.140018e-18   29280
  2.685220e+00   5.147993e-16   1.611110e-03   3.013244e-18   31488
  2.690645e+00   5.142093e-16   1.512555e-03   3.017663e-18   31326
  2.696128e+00   5.168337e-16   1.624023e-03   3.059308e-18   31480
  2.701662e+00   5.143122e-16   1.575428e-03   2.947729e-18   32572
  2.707181e+00   5.040880e-16   1.576379e-03   2.936520e-18   31296
  2.712540e+00   5.044881e-16   1.532958e-03   3.010668e-18   30798
  2.718010e+00   5.074252e-16   1.631915e-03   2.979696e-18   32256
  2.723379e+00   4.979919e-16   1.576275e-03   2.867424e-18   32088
  2.728754e+00   4.941853e-16   1.559976e-03   2.945106e-18   30936
  2.734196e+00   4.936480e-16   1.621863e-03   2.822386e-18   33036
  2.739744e+00   4.836092e-16   1.570337e-03   2.847897e-18   31846
  2.745145e+00   4.852995e-16   1.600723e-03   2.729698e-18   33832
  2.750571e+00   4.821684e-16   1.482757e-03   2.847335e-18   30912
  2.755951e+00   4.753605e-16   1.554945e-03   2.726320e-18   32976
  2.761359e+00   4.702139e-16   1.534255e-03   2.685984e-18   32712
  2.766879e+00   4.715884e-16   1.551134e-03   2.672006e-18   33438
  2.772315e+00   4.765700e-16   1.561569e-03   2.728776e-18   32556
  2.777612e+00   4.661289e-16   1.547775e-03   2.671043e-18   33144
  2.783077e+00   4.670210e-16   1.531023e-03   2.691251e-18   33504
  2.788685e+00   4.605148e-16   1.585219e-03   2.639805e-18   33542
  2.794001e+00   4.610787e-16   1.561774e-03   2.608040e-18   33768
  2.799514e+00   4.563363e-16   1.582505e-03   2.541439e-18   34368
  2.804894e+00   4.572754e-16   1.503763e-03   2.641560e-18   32856
  2.810386e+00   4.501481e-16   1.555021e-03   2.505820e-18   34524
  2.815774e+00   4.511072e-16   1.476871e-03   2.603674e-18   33510
  2.821310e+00   4.491170e-16   1.652814e-03   2.475255e-18   35856
  2.826780e+00   4.425719e-16   1.566245e-03   2.549931e-18   33888
  2.832150e+00   4.385872e-16   1.534797e-03   2.525937e-18   33752
  2.837510e+00   4.374163e-16   1.613976e-03   2.421828e-18   34902
  2.843143e+00   4.368913e-16   1.578935e-03   2.459940e-18   35484
  2.848630e+00   4.351584e-16   1.625328e-03   2.406991e-18   36648
  2.854056e+00   4.251146e-16   1.503100e-03   2.443383e-18   33000
  2.859416e+00   4.265639e-16   1.625165e-03   2.356189e-18   35520
  2.864954e+00   4.214784e-16   1.587378e-03   2.311909e-18   36078
  2.870343e+00   4.303825e-16   1.553780e-03   2.438751e-18   34992
  2.875726e+00   4.196658e-16   1.537418e-03   2.377319e-18   35072
  2.881222e+00   4.175004e-16   1.612107e-03   2.270665e-18   36876
  2.886535e+00   4.147433e-16   1.490702e-03   2.446331e-18   33216
  2.891986e+00   4.111225e-16   1.651729e-03   2.220497e-18   38382
  2.897574e+00   4.080446e-16   1.549240e-03   2.267277e-18   36072
  2.903069e+00   4.069458e-16   1.551510e-03   2.216756e-18   37464
  2.908437e+00   4.039052e-16   1.491290e-03   2.304336e-18   34416
  2.913907e+00   4.075980e-16   1.634265e-03   2.203765e-18   37386
  2.919336e+00   4.092909e-16   1.560351e-03   2.274175e-18   37040
  2.924747e+00   4.027202e-16   1.519091e-03   2.228456e-18   36240
  2.930120e+00   3.961798e-16   1.620578e-03   2.181095e-18   36432
  2.935572e+00   3.892473e-16   1.530037e-03   2.127683e-18   37560
  2.941044e+00   3.934765e-16   1.585551e-03   2.191309e-18   37350
  2.946615e+00   3.890065e-16   1.620920e-03   2.116480e-18   38616
  2.952019e+00   3.837151e-16   1.527850e-03   2.120192e-18   37092
  2.957454e+00   3.839513e-16   1.469269e-03   2.098783e-18   37272
  2.962879e+00   3.736452e-16   1.617603e-03   2.036595e-18   37616
  2.968367e+00   3.775204e-16   1.566567e-03   2.002704e-18   38478
  2.973773e+00   3.811804e-16   1.591818e-03   2.078567e-18   37992
  2.979169e+00   3.768071e-16   1.560915e-03   2.047603e-18   38232
  2.984576e+00   3.698085e-16   1.529810e-03   2.037038e-18   36708
  2.989998e+00   3.679775e-16   1.601300e-03   1.969569e-18   39534
  2.995476e+00   3.747011e-16   1.604456e-03   2.028397e-18   39336
  3.000916e+00   3.685581e-16   1.543508e-03   2.012460e-18   37624
  3.006363e+00   3.615477e-16   1.579336e-03   1.910733e-18   40408
  3.011852e+00   3.588712e-16   1.510623e-03   1.940637e-18   38256
  3.017315e+00   3.602153e-16   1.543281e-03   1.930863e-18   39438
  3.022829e+00   3.576783e-16   1.592476e-03   1.886129e-18   40524
  3.028194e+00   3.588364e-16   1.503499e-03   1.939845e-18   38448
  3.033601e+00   3.536406e-16   1.582383e-03   1.903949e-18   39312
  3.038992e+00   3.515543e-16   1.512689e-03   1.925999e-18   38718
  3.044403e+00   3.513673e-16   1.614057e-03   1.893731e-18   40872
  3.049845e+00   3.461638e-16   1.532666e-03   1.863805e-18   40088
  3.055371e+00   3.472596e-16   1.633644e-03   1.867919e-18   40644
  3.060822e+00   3.403722e-16   1.532935e-03   1.829551e-18   40176
  3.066304e+00   3.389730e-16   1.625298e-03   1.786700e-18   40998
  3.071650e+00   3.487379e-16   1.490471e-03   1.930894e-18   39192
  3.077083e+00   3.419424e-16   1.573750e-03   1.845146e-18   41640
  3.082545e+00   3.376352e-16   1.578537e-03   1.815146e-18   41400
  3.087927e+00   3.350661e-16   1.553632e-03   1.854916e-18   38640
  3.093396e+00   3.363277e-16   1.594261e-03   1.731415e-18   43658
  3.098867e+00   3.318848e-16   1.533241e-03   1.795131e-18   40608
  3.104282e+00   3.306462e-16   1.565192e-03   1.738180e-18   41880
  3.109810e+00   3.319559e-16   1.547184e-03   1.770485e-18   41712
  3.115335e+00   3.280647e-16   1.615131e-03   1.703292e-18   42942
  3.120741e+00   3.274599e-16   1.534331e-03   1.751823e-18   40896
  3.126165e+00   3.249243e-16   1.580796e-03   1.711158e-18   42708
  3.131542e+00   3.276996e-16   1.496179e-03   1.763586e-18   40968
  3.137007e+00   3.186141e-16   1.625543e-03   1.654889e-18   43496
  3.142457e+00   3.215663e-16   1.556121e-03   1.723115e-18   41454
  3.147915e+00   3.186449e-16   1.607241e-03   1.654587e-18   43704
  3.153202e+00   3.120960e-16   1.481093e-03   1.680311e-18   41208
  3.158685e+00   3.115931e-16   1.625130e-03   1.610341e-18   43944
  3.164222e+00   3.099003e-16   1.568163e-03   1.638978e-18   43218
  3.169711e+00   3.085949e-16   1.573649e-03   1.628178e-18   44136
  3.175074e+00   3.097481e-16   1.550274e-03   1.627827e-18   42304
  3.180483e+00   3.075456e-16   1.574816e-03   1.597622e-18   43096
  3.185809e+00   3.065092e-16   1.541007e-03   1.602430e-18   43464
  3.191366e+00   1.627963e-16   1.606948e-03   1.307972e-18   44382
  3.196804e+00   2.571337e-18   1.605225e-03   1.545943e-20   44316
  3.202282e+00   2.543062e-18   1.582905e-03   1.514348e-20   44592
  3.207694e+00   2.343097e-18   1.548943e-03   1.446028e-20   44328
  3.213178e+00   2.158643e-18   1.523706e-03   1.322744e-20   43560
  3.218610e+00   2.146626e-18   1.570802e-03   1.312719e-20   44763
  3.224020e+00   1.973829e-18   1.574927e-03   1.209337e-20   44216
  3.229465e+00   1.834984e-18   1.604748e-03   1.112376e-20   45144
  3.234953e+00   1.799307e-18   1.525298e-03   1.126735e-20   42876
  3.240354e+00   1.718884e-18   1.662551e-03   1.049354e-20   46164
  3.245765e+00   1.576665e-18   1.526236e-03   9.792603e-21   42360
  3.251284e+00   1.479271e-18   1.607148e-03   8.897212e-21   45324
  3.256678e+00   1.447924e-18   1.599342e-03   8.969749e-21   43320
  3.262107e+00   1.337558e-18   1.611675e-03   8.090313e-21   44580
  3.267667e+00   1.285478e-18   1.609815e-03   7.655131e-21   44468
  3.273119e+00   1.250995e-18   1.531376e-03   7.658568e-21   43416
  3.278411e+00   1.201810e-18   1.520505e-03   7.476452e-21   42264
  3.283884e+00   1.131529e-18   1.597197e-03   6.640396e-21   44580
  3.289368e+00   1.096612e-18   1.621337e-03   6.539306e-21   43824
  3.294829e+00   1.069473e-18   1.523757e-03   6.364159e-21   43392
  3.300224e+00   1.014894e-18   1.553494e-03   6.061032e-21   43296
  3.305724e+00   9.721124e-19   1.495301e-03   5.807440e-21   42656
  3.311087e+00   9.700755e-19   1.596934e-03   5.774467e-21   43728
  3.316591e+00   9.137820e-19   1.610238e-03   5.434558e-21   43536
  3.322030e+00   8.874588e-19   1.602586e-03   5.234504e-21   42180
  3.327473e+00   8.794158e-19   1.551796e-03   5.086308e-21   44136
  3.332939e+00   8.371947e-19   1.563744e-03   4.891312e-21   42372
  3.338336e+00   8.168409e-19   1.528428e-03   4.851499e-21   41604
  3.343731e+00   8.075919e-19   1.610433e-03   4.706727e-21   43440
  3.349182e+00   7.614088e-19   1.611663e-03   4.358646e-21   42488
  3.354561e+00   7.527206e-19   1.547466e-03   4.412671e-21   41496
  3.360074e+00   7.535961e-19   1.615298e-03   4.274037e-21   44112
  3.365562e+00   7.278783e-19   1.540359e-03   4.221904e-21   41688
  3.370956e+00   7.070341e-19   1.604620e-03   4.038287e-21   42276
  3.376369e+00   6.950822e-19   1.547681e-03   4.054621e-21   41172
  3.381820e+00   6.690152e-19   1.622702e-03   3.718309e-21   43536
  3.387296e+00   6.644557e-19   1.510509e-03   3.774807e-21   41496
  3.392714e+00   6.493649e-19   1.602713e-03   3.781055e-21   40764
  3.398118e+00   6.383080e-19   1.572660e-03   3.578133e-21   43220
  3.403602e+00   6.272551e-19   1.558712e-03   3.577019e-21   41076
  3.409040e+00   6.047055e-19   1.557898e-03   3.387377e-21   41532
  3.414506e+00   6.100973e-19   1.586149e-03   3.476891e-21   41928
  3.419924e+00   5.883111e-19   1.518385e-03   3.341577e-21   41412
  3.425338e+00   5.868773e-19   1.580228e-03   3.373963e-21   40032
  3.430721e+00   5.725954e-19   1.567201e-03   3.177957e-21   41880
  3.436133e+00   5.709323e-19   1.559578e-03   3.256365e-21   40264
  3.441614e+00   5.464585e-19   1.596952e-03   2.987277e-21   42592
  3.447111e+00   5.434961e-19   1.531936e-03   3.055077e-21   39588
  3.452537e+00   5.404219e-19   1.583857e-03   2.951015e-21   42180
  3.457928e+00   5.267671e-19   1.528129e-03   3.004217e-21   39240
  3.463345e+00   5.163921e-19   1.603997e-03   2.818327e-21   40920
  3.468834e+00   5.155984e-19   1.583230e-03   2.845498e-21   41184
  3.474296e+00   5.024685e-19   1.568330e-03   2.764984e-21   40872
  3.479702e+00   4.930781e-19   1.491774e-03   2.722898e-21   38748
  3.485168e+00   5.002533e-19   1.587794e-03   2.749644e-21   41420
  3.490553e+00   4.785209e-19   1.557380e-03   2.685978e-21   39816
  3.496030e+00   4.742885e-19   1.561371e-03   2.597415e-21   39792
  3.501436e+00   4.647721e-19   1.491602e-03   2.589306e-21   39816
  3.506965e+00   4.717350e-19   1.612108e-03   2.554004e-21   41064
  3.512408e+00   4.650043e-19   1.546522e-03   2.539604e-21   39204
  3.517925e+00   4.526189e-19   1.631952e-03   2.470621e-21   40080
  3.523223e+00   4.501449e-19   1.507994e-03   2.506667e-21   38332
  3.528672e+00   4.486886e-19   1.573899e-03   2.473732e-21   39952
  3.534102e+00   4.317434e-19   1.572293e-03   2.380618e-21   39000
  3.539668e+00   4.347154e-19   1.614601e-03   2.380073e-21   40356
  3.545098e+00   4.276700e-19   1.584135e-03   2.328536e-21   39300
  3.550517e+00   4.145594e-19   1.562974e-03   2.317891e-21   37452
  3.555894e+00   4.150685e-19   1.549762e-03   2.262399e-21   39732
  3.561429e+00   4.160753e-19   1.557625e-03   2.279067e-21   39312
  3.566817e+00   4.087055e-19   1.583965e-03   2.264112e-21   37632
  3.572234e+00   3.987234e-19   1.557396e-03   2.263134e-21   38420
  3.577674e+00   4.004767e-19   1.609595e-03   2.171357e-21   39564
  3.583132e+00   3.963725e-19   1.548840e-03   2.217144e-21   37236
  3.588516e+00   3.882607e-19   1.565848e-03   2.127462e-21   38100
  3.593924e+00   3.852202e-19   1.539495e-03   2.172727e-21   38208
  3.599440e+00   3.815540e-19   1.602149e-03   2.096278e-21   39072
  3.604845e+00   3.778692e-19   1.480860e-03   2.155618e-21   36192
  3.610293e+00   3.788786e-19   1.600910e-03   2.069825e-21   38928
  3.615801e+00   3.677246e-19   1.590552e-03   2.022542e-21   38768
  3.621383e+00   3.655952e-19   1.562835e-03   2.012307e-21   37596
  3.626841e+00   3.656775e-19   1.555898e-03   2.036401e-21   37296
  3.632194e+00   3.614153e-19   1.557356e-03   2.027931e-21   36948
  3.637577e+00   3.577394e-19   1.597343e-03   1.987104e-21   37248
  3.643147e+00   3.511496e-19   1.577439e-03   1.951143e-21   37152
  3.648492e+00   3.479980e-19   1.574751e-03   1.923959e-21   37512
  3.653954e+00   3.434533e-19   1.507515e-03   1.991278e-21   35876
  3.659374e+00   3.420921e-19   1.606552e-03   1.937733e-21   36936
  3.664880e+00   3.381108e-19   1.600548e-03   1.906328e-21   38028
  3.670348e+00   3.365408e-19   1.522914e-03   1.935928e-21   35592
  3.675687e+00   3.310618e-19   1.511337e-03   1.901164e-21   35508
  3.681088e+00   3.279054e-19   1.567228e-03   1.871868e-21   36492
  3.686612e+00   3.285186e-19   1.616757e-03   1.858206e-21   37608
  3.692081e+00   3.194206e-19   1.595280e-03   1.871202e-21   34848
  3.697390e+00   3.230560e-19   1.496163e-03   1.878785e-21   35220
  3.702857e+00   3.221126e-19   1.560827e-03   1.840572e-21   36884
  3.708318e+00   3.152259e-19   1.549021e-03   1.839700e-21   35412
  3.713858e+00   3.110848e-19   1.603888e-03   1.788292e-21   35652
  3.719249e+00   3.093419e-19   1.603516e-03   1.770541e-21   36072
  3.724653e+00   3.064678e-19   1.545362e-03   1.826986e-21   34368
  3.730119e+00   3.021854e-19   1.565390e-03   1.763604e-21   35484
  3.735586e+00   2.999693e-19   1.549559e-03   1.783376e-21   35256
  3.740941e+00   2.932873e-19   1.612995e-03   1.718161e-21   34476
  3.746410e+00   2.888430e-19   1.582486e-03   1.721951e-21   34916
  3.751834e+00   2.956034e-19   1.560509e-03   1.791531e-21   34596
  3.757263e+00   2.904934e-19   1.526486e-03   1.720050e-21   34656
  3.762714e+00   2.870492e-19   1.581266e-03   1.698497e-21   34596
  3.768200e+00   2.839373e-19   1.534004e-03   1.724573e-21   33984
  3.773562e+00   2.826782e-19   1.566114e-03   1.715361e-21   34080
  3.778963e+00   2.777309e-19   1.572881e-03   1.658213e-21   34140
  3.784487e+00   2.778902e-19   1.624544e-03   1.661649e-21   33804
  3.789951e+00   2.759649e-19   1.561511e-03   1.686174e-21   35096
  3.795448e+00   2.754967e-19   1.548108e-03   1.696942e-21   33108
  3.800788e+00   2.711560e-19   1.540015e-03   1.698691e-21   32280
  3.806205e+00   2.709799e-19   1.567716e-03   1.656535e-21   34404
  3.811718e+00   2.634721e-19   1.599739e-03   1.602884e-21   34248
  3.817250e+00   2.590978e-19   1.498979e-03   1.638183e-21   32016
  3.822674e+00   2.626806e-19   1.582258e-03   1.589057e-21   34344
  3.828141e+00   2.601464e-19   1.521407e-03   1.633444e-21   32024
  3.833419e+00   2.560559e-19   1.577025e-03   1.613746e-21   31908
  3.838903e+00   2.579023e-19   1.580344e-03   1.593983e-21   33192
  3.844404e+00   2.561086e-19   1.637429e-03   1.583585e-21   33288
  3.849795e+00   2.505806e-19   1.490950e-03   1.588383e-21   31356
  3.855259e+00   2.488923e-19   1.613715e-03   1.554330e-21   32496
  3.860695e+00   2.490110e-19   1.533804e-03   1.606876e-21   31944
  3.866002e+00   2.454307e-19   1.574956e-03   1.577575e-21   31512
  3.871427e+00   2.392065e-19   1.528683e-03   1.555894e-21   31156
  3.876990e+00   2.429743e-19   1.610722e-03   1.527347e-21   33352
  3.882440e+00   2.430514e-19   1.562321e-03   1.577058e-21   31344
  3.887945e+00   2.347607e-19   1.617631e-03   1.547039e-21   31068
  3.893365e+00   2.382859e-19   1.595427e-03   1.557579e-21   31752
  3.898694e+00   2.353653e-19   1.472715e-03   1.584610e-21   29868
  3.904158e+00   2.329857e-19   1.618311e-03   1.534699e-21   32052
  3.909662e+00   2.298747e-19   1.535519e-03   1.536247e-21   30012
  3.915037e+00   2.279860e-19   1.611064e-03   1.495445e-21   31520
  3.920567e+00   2.230850e-19   1.575150e-03   1.495622e-21   30648
  3.925929e+00   2.228925e-19   1.553739e-03   1.503811e-21   29304
  3.931379e+00   2.266620e-19   1.540483e-03   1.520884e-21   31140
  3.936935e+00   2.235574e-19   1.641115e-03   1.476629e-21   31320
  3.942387e+00   2.161061e-19   1.548803e-03   1.499801e-21   28356
  3.947754e+00   2.204020e-19   1.583135e-03   1.523248e-21   30288
  3.953106e+00   2.182209e-19   1.573376e-03   1.557005e-21   29472
  3.958489e+00   2.143748e-19   1.555320e-03   1.539250e-21   28716
  3.964046e+00   2.117298e-19   1.543510e-03   1.425647e-21   30740
  3.969538e+00   2.103091e-19   1.574261e-03   1.431000e-21   29304
  3.974923e+00   2.072204e-19   1.567890e-03   1.456613e-21   28476
  3.980403e+00   2.042382e-19   1.588107e-03   1.410884e-21   29304
  3.985849e+00   2.103571e-19   1.586252e-03   1.471311e-21   29280
  3.991362e+00   2.065656e-19   1.582091e-03   1.455073e-21   29100
  3.996850e+00   1.990559e-19   1.550996e-03   1.459020e-21   27816
  4.002128e+00   2.064443e-19   1.557957e-03   1.518841e-21   27692
  4.007580e+00   1.959649e-19   1.619992e-03   1.392054e-21   29724
  4.013138e+00   1.960088e-19   1.544165e-03   1.447379e-21   27240
  4.018514e+00   2.004256e-19   1.500820e-03   1.464690e-21   27588
  4.023894e+00   1.943221e-19   1.561808e-03   1.434016e-21   28560
  4.029394e+00   1.930768e-19   1.581785e-03   1.464842e-21   26952
  4.034839e+00   1.935595e-19   1.583665e-03   1.458507e-21   27516
  4.040261e+00   1.913661e-19   1.600351e-03   1.427695e-21   28344
  4.045759e+00   1.921178e-19   1.576275e-03   1.491249e-21   26196
  4.051072e+00   1.877507e-19   1.541569e-03   1.428708e-21   26360
  4.056519e+00   1.890021e-19   1.593665e-03   1.381558e-21   28152
  4.062017e+00   1.856804e-19   1.541184e-03   1.459707e-21   25896
  4.067403e+00   1.788258e-19   1.577942e-03   1.370890e-21   26592
  4.072863e+00   1.825447e-19   1.510771e-03   1.410676e-21   26568
  4.078361e+00   1.811509e-19   1.598680e-03   1.385528e-21   26832
  4.083715e+00   1.740460e-19   1.515874e-03   1.396189e-21   24972
  4.089266e+00   1.829592e-19   1.598351e-03   1.404141e-21   27000
  4.094669e+00   1.750266e-19   1.532450e-03   1.387344e-21   25448
  4.100056e+00   1.764705e-19   1.584391e-03   1.427582e-21   25476
  4.105587e+00   1.741742e-19   1.553105e-03   1.387669e-21   25152
  4.110933e+00   1.730852e-19   1.592180e-03   1.395101e-21   25968
  4.116439e+00   1.682193e-19   1.585064e-03   1.347696e-21   25320
  4.121936e+00   1.664007e-19   1.497338e-03   1.381827e-21   23796
  4.127194e+00   1.727937e-19   1.571596e-03   1.385166e-21   25500
  4.132663e+00   1.716450e-19   1.566138e-03   1.430455e-21   24420
  4.138205e+00   1.624982e-19   1.621058e-03   1.361785e-21   24656
  4.143555e+00   1.697144e-19   1.535877e-03   1.412440e-21   24036
  4.148982e+00   1.673013e-19   1.588370e-03   1.405015e-21   24528
  4.154373e+00   1.564483e-19   1.534446e-03   1.369608e-21   23004
  4.159821e+00   1.655009e-19   1.575770e-03   1.397771e-21   24576
  4.165293e+00   1.625668e-19   1.505141e-03   1.422960e-21   23736
  4.170760e+00   1.555218e-19   1.599171e-03   1.354358e-21   23712
  4.176262e+00   1.597982e-19   1.552705e-03   1.371919e-21   22992
  4.181681e+00   1.591467e-19   1.541976e-03   1.418198e-21   23984
  4.187096e+00   1.558971e-19   1.540203e-03   1.413846e-21   22344
  4.192540e+00   1.538331e-19   1.562907e-03   1.370919e-21   22536
  4.197951e+00   1.554308e-19   1.546870e-03   1.360950e-21   23268
  4.203353e+00   1.545533e-19   1.588651e-03   1.424903e-21   22152
  4.208799e+00   1.457307e-19   1.568712e-03   1.330145e-21   22068
  4.214381e+00   1.515386e-19   1.610904e-03   1.340913e-21   23664
  4.219765e+00   1.493859e-19   1.496014e-03   1.439752e-21   20640
  4.225141e+00   1.452526e-19   1.587688e-03   1.354649e-21   22376
  4.230687e+00   1.485053e-19   1.561479e-03   1.416066e-21   21444
  4.236032e+00   1.488910e-19   1.618016e-03   1.392725e-21   21576
  4.241470e+00   1.427058e-19   1.604143e-03   1.363640e-21   21660
  4.247060e+00   1.431787e-19   1.622088e-03   1.374792e-21   20916
  4.252463e+00   1.467954e-19   1.591059e-03   1.419195e-21   21504
  4.257831e+00   1.382212e-19   1.516262e-03   1.385417e-21   20508
  4.263333e+00   1.377428e-19   1.620094e-03   1.403174e-21   20036
  4.268738e+00   1.458244e-19   1.567896e-03   1.434507e-21   21276
  4.274208e+00   1.357525e-19   1.552204e-03   1.351652e-21   20652
  4.279668e+00   1.298011e-19   1.544650e-03   1.356776e-21   18696
  4.285116e+00   1.402846e-19   1.616732e-03   1.376448e-21   21504
  4.290573e+00   1.372514e-19   1.511985e-03   1.422548e-21   19284
  4.296019e+00   1.235145e-19   1.630585e-03   1.282581e-21   19356
  4.301432e+00   1.320868e-19   1.540949e-03   1.413663e-21   19236
  4.306795e+00   1.391466e-19   1.571095e-03   1.519633e-21   19476
  4.312272e+00   1.212578e-19   1.634853e-03   1.281782e-21   19184
  4.317835e+00   1.292143e-19   1.583822e-03   1.377939e-21   18852
  4.323254e+00   1.357294e-19   1.533201e-03   1.477982e-21   18876
  4.328571e+00   1.199163e-19   1.593847e-03   1.316832e-21   18336
  4.334078e+00   1.170681e-19   1.599281e-03   1.275132e-21   17820
  4.339614e+00   1.342162e-19   1.614145e-03   1.500476e-21   19392
  4.344985e+00   1.183678e-19   1.598282e-03   1.351953e-21   17616
  4.350318e+00   1.115907e-19   1.504639e-03   1.282593e-21   16320
  4.355861e+00   1.269246e-19   1.629545e-03   1.419637e-21   19292
  4.361241e+00   1.197998e-19   1.561011e-03   1.432330e-21   17112
  4.366853e+00   1.107017e-19   1.582117e-03   1.297545e-21   17388
  4.372327e+00   1.168937e-19   1.481209e-03   1.486655e-21   16692
  4.377488e+00   1.199915e-19   1.566835e-03   1.459025e-21   16956
  4.383124e+00   1.059299e-19   1.580304e-03   1.225772e-21   17040
  4.388630e+00   1.117710e-19   1.563733e-03   1.375781e-21   16092
  4.393862e+00   1.195407e-19   1.553118e-03   1.523040e-21   16380
  4.399428e+00   1.039672e-19   1.596421e-03   1.269028e-21   16688
  4.404886e+00   1.001528e-19   1.596956e-03   1.283576e-21   14940
  4.410242e+00   1.162026e-19   1.605748e-03   1.471525e-21   16668
  4.415795e+00   1.021386e-19   1.568026e-03   1.321319e-21   15804
  4.421181e+00   1.000407e-19   1.557131e-03   1.376457e-21   14280
  4.426622e+00   1.107091e-19   1.532886e-03   1.432630e-21   16068
  4.432054e+00   9.972426e-20   1.562272e-03   1.357074e-21   15048
  4.437457e+00   9.781468e-20   1.592183e-03   1.404704e-21   13940
  4.442869e+00   9.840309e-20   1.521708e-03   1.355329e-21   15072
  4.448295e+00   9.998867e-20   1.622238e-03   1.366430e-21   14808
  4.453669e+00   9.121589e-20   1.506280e-03   1.334065e-21   13200
  4.459194e+00   9.209221e-20   1.595625e-03   1.257082e-21   15156
  4.464724e+00   9.755859e-20   1.556013e-03   1.474303e-21   13788
  4.470151e+00   8.846830e-20   1.533533e-03   1.386476e-21   13608
  4.475573e+00   8.362019e-20   1.461946e-03   1.154865e-21   13224
  4.480979e+00   9.466502e-20   1.576198e-03   1.465037e-21   13320
  4.486355e+00   8.618027e-20   1.554184e-03   1.304681e-21   13220
  4.491886e+00   7.824241e-20   1.570846e-03   1.119961e-21   12984
  4.497444e+00   8.718530e-20   1.589998e-03   1.376885e-21   12780
  4.502691e+00   7.785276e-20   1.504822e-03   1.261279e-21   12360
  4.508225e+00   7.855469e-20   1.583198e-03   1.176354e-21   12480
  4.513746e+00   7.774019e-20   1.537784e-03   1.251707e-21   11892
  4.519015e+00   7.484125e-20   1.594395e-03   1.147349e-21   12192
  4.524529e+00   7.319352e-20   1.563074e-03   1.124894e-21   11328
  4.530016e+00   6.813255e-20   1.657530e-03   1.104660e-21   12020
  4.535376e+00   7.187947e-20   1.523948e-03   1.221518e-21   11052
  4.540948e+00   6.263958e-20   1.618906e-03   1.001302e-21   11304
  4.546169e+00   6.095224e-20   1.489624e-03   1.030937e-21   10368
  4.551511e+00   6.030742e-20   1.550098e-03   9.422638e-22   10899
  4.557146e+00   6.064307e-20   1.554021e-03   1.030686e-21   10752
  4.562496e+00   5.715017e-20   1.559799e-03   9.685687e-22   10446
  4.568012e+00   5.724025e-20   1.535197e-03   9.070784e-22   10092
  4.573476e+00   5.123529e-20   1.555534e-03   8.052096e-22   10220
  4.578755e+00   5.573682e-20   1.523556e-03   9.416266e-22   9636
  4.584373e+00   5.042365e-20   1.567355e-03   7.739782e-22   10020
  4.589883e+00   4.759188e-20   1.628387e-03   8.113533e-22   9906
  4.595217e+00   4.890497e-20   1.510439e-03   8.021897e-22   8940
  4.600749e+00   4.712322e-20   1.531752e-03   7.603672e-22   9558
  4.606151e+00   4.693193e-20   1.668091e-03   7.973210e-22   9180
  4.611496e+00   4.575381e-20   1.596941e-03   7.673563e-22   8674
  4.617087e+00   4.358546e-20   1.587385e-03   7.055586e-22   9454
  4.622489e+00   3.951923e-20   1.631486e-03   6.652709e-22   8316
  4.627854e+00   4.155606e-20   1.608919e-03   6.643856e-22   8622
  4.633459e+00   3.998332e-20   1.597569e-03   6.373641e-22   9006
  4.638817e+00   3.695683e-20   1.610282e-03   6.471386e-22   7698
  4.644188e+00   3.948572e-20   1.545067e-03   6.293967e-22   8406
  4.649796e+00   3.680573e-20   1.648676e-03   6.052680e-22   8646
  4.655134e+00   3.521760e-20   1.566555e-03   6.668046e-22   7014
  4.660482e+00   3.668648e-20   1.557241e-03   5.868876e-22   8510
  4.666168e+00   3.421146e-20   1.641235e-03   5.468791e-22   7890
  4.671505e+00   3.105591e-20   1.574407e-03   5.455742e-22   6966
  4.676764e+00   3.324870e-20   1.504915e-03   5.337896e-22   7902
  4.682374e+00   3.143861e-20   1.641329e-03   5.040880e-22   7278
  4.687828e+00   2.860641e-20   1.612380e-03   4.786066e-22   7338
  4.693196e+00   3.089839e-20   1.493392e-03   5.340971e-22   7254
  4.698697e+00   3.065802e-20   1.608386e-03   5.335072e-22   6678
  4.704032e+00   2.893975e-20   1.606870e-03   5.110058e-22   7286
  4.709691e+00   3.058925e-20   1.589718e-03   5.535766e-22   7200
  4.715313e+00   2.825274e-20   1.543001e-03   5.330904e-22   6234
  4.720293e+00   2.576747e-20   1.546551e-03   4.449008e-22   6630
  4.725937e+00   2.755828e-20   1.594739e-03   4.970409e-22   6822
  4.731533e+00   2.433985e-20   1.502372e-03   4.115291e-22   6078
  4.736631e+00   2.498332e-20   1.597130e-03   4.267830e-22   6528
  4.742272e+00   2.704800e-20   1.526400e-03   4.851699e-22   6034
  4.747672e+00   2.178574e-20   1.563107e-03   3.644192e-22   6190
  4.753036e+00   2.412956e-20   1.605909e-03   4.189774e-22   6270
  4.758704e+00   2.454148e-20   1.444203e-03   4.796594e-22   5520
  4.763890e+00   1.949592e-20   1.616958e-03   3.035009e-22   6126
  4.769317e+00   2.335554e-20   1.511987e-03   4.082987e-22   5562
  4.775011e+00   2.086397e-20   1.511880e-03   3.639808e-22   5790
  4.780175e+00   1.884611e-20   1.547880e-03   3.173659e-22   5496
  4.785646e+00   2.208727e-20   1.559064e-03   4.034461e-22   5262
  4.791216e+00   1.941483e-20   1.535486e-03   3.691142e-22   5774
  4.796542e+00   1.967581e-20   1.521126e-03   3.540607e-22   5124
  4.802154e+00   1.983442e-20   1.525856e-03   3.961433e-22   5070
  4.807432e+00   1.855635e-20   1.588341e-03   3.228980e-22   5430
  4.812826e+00   1.838282e-20   1.483666e-03   3.521574e-22   4680
  4.818540e+00   1.697389e-20   1.536582e-03   3.062214e-22   5370
  4.823790e+00   1.680424e-20   1.468016e-03   3.169052e-22   4638
  4.829137e+00   1.728537e-20   1.543205e-03   3.418788e-22   4536
  4.834713e+00   1.565004e-20   1.545277e-03   2.956934e-22   5222
  4.840070e+00   1.566076e-20   1.418031e-03   2.922892e-22   4254
  4.845561e+00   1.610179e-20   1.563113e-03   2.972203e-22   4548
  4.850865e+00   1.509758e-20   1.515896e-03   2.759111e-22   4638
  4.856279e+00   1.510715e-20   1.496620e-03   2.944451e-22   4176
  4.861899e+00   1.489058e-20   1.501804e-03   2.880115e-22   4518
  4.867234e+00   1.353964e-20   1.513137e-03   2.494480e-22   4278
  4.872549e+00   1.410776e-20   1.464028e-03   2.890287e-22   3732
  4.877994e+00   1.351555e-20   1.546653e-03   2.794925e-22   4502
  4.883481e+00   1.298625e-20   1.503470e-03   2.639846e-22   3984
  4.889020e+00   1.318851e-20   1.557569e-03   2.555908e-22   3726
  4.894174e+00   1.209040e-20   1.501292e-03   2.297446e-22   4014
  4.899605e+00   1.280992e-20   1.574381e-03   2.369070e-22   3756
  4.905398e+00   1.155297e-20   1.580112e-03   2.315172e-22   3894
  4.910659e+00   1.144399e-20   1.546203e-03   2.382092e-22   3744
  4.915968e+00   1.243118e-20   1.571823e-03   2.649465e-22   3174
  4.921505e+00   1.088119e-20   1.608835e-03   2.022710e-22   3968
  4.926991e+00   1.105576e-20   1.622395e-03   2.278930e-22   3522
  4.932722e+00   1.164251e-20   1.666295e-03   2.577251e-22   3198
  4.937920e+00   9.993991e-21   1.632144e-03   1.883064e-22   3648
  4.943345e+00   1.073084e-20   1.659133e-03   2.320053e-22   3054
  4.949062e+00   9.665884e-21   1.560433e-03   1.941373e-22   3312
  4.954266e+00   9.384675e-21   1.648372e-03   1.876725e-22   3354
  4.959775e+00   9.634265e-21   1.630010e-03   2.151972e-22   2624
  4.965165e+00   8.802943e-21   1.590230e-03   1.822377e-22   3462
  4.970648e+00   9.536772e-21   1.658767e-03   2.197416e-22   2976
  4.976433e+00   9.098494e-21   1.570247e-03   1.959588e-22   2670
  4.981450e+00   8.699888e-21   1.634562e-03   1.917499e-22   3186
  4.986828e+00   8.569360e-21   1.526978e-03   2.004433e-22   2376
  4.992553e+00   8.258057e-21   1.609692e-03   1.754231e-22   3102
  4.997840e+00   8.218557e-21   1.575648e-03   1.906419e-22   2688
  5.003337e+00   7.974603e-21   1.643829e-03   2.007995e-22   2286
  5.008726e+00   7.400207e-21   1.585579e-03   1.570136e-22   3020
  5.014174e+00   7.715914e-21   1.510259e-03   1.816795e-22   2310
  5.019958e+00   7.712724e-21   1.669065e-03   1.751571e-22   2544
  5.025112e+00   6.900571e-21   1.556079e-03   1.538064e-22   2526
  5.030503e+00   7.692588e-21   1.598055e-03   1.956104e-22   2112
  5.036149e+00   6.865550e-21   1.535784e-03   1.574658e-22   2538
  5.041490e+00   6.703834e-21   1.597743e-03   1.466196e-22   2304
  5.046925e+00   7.398982e-21   1.576461e-03   1.881590e-22   1902
  5.052197e+00   5.851061e-21   1.506026e-03   1.353885e-22   2408
  5.057655e+00   6.701271e-21   1.588655e-03   1.663659e-22   2094
  5.063468e+00   6.251067e-21   1.618622e-03   1.503148e-22   2028
  5.068570e+00   6.061439e-21   1.535323e-03   1.570862e-22   2094
  5.073985e+00   6.240257e-21   1.674958e-03   1.702890e-22   1920
  5.079736e+00   5.726100e-21   1.412176e-03   1.493445e-22   1926
  5.084997e+00   5.595799e-21   1.648354e-03   1.364065e-22   2088
  5.090349e+00   5.835713e-21   1.445979e-03   1.614675e-22   1434
  5.095727e+00   5.125396e-21   1.528869e-03   1.317195e-22   2048
  5.101055e+00   5.284426e-21   1.524439e-03   1.503821e-22   1758
  5.106921e+00   5.464958e-21   1.681850e-03   1.418865e-22   1584
  5.112297e+00   5.060830e-21   1.666289e-03   1.324829e-22   1998
  5.117737e+00   5.459876e-21   1.517710e-03   1.555722e-22   1428
  5.123436e+00   4.686294e-21   1.270388e-03   1.344579e-22   1488
  5.128415e+00   4.863757e-21   1.618345e-03   1.198367e-22   1806
  5.133668e+00   5.402981e-21   1.473287e-03   1.830366e-22   1040
  5.139281e+00   4.280269e-21   1.543732e-03   1.145870e-22   1782
  5.144417e+00   4.678564e-21   1.459353e-03   1.326083e-22   1428
  5.150558e+00   4.516390e-21   1.752291e-03   1.322883e-22   1206
  5.155754e+00   4.491651e-21   1.628015e-03   1.123067e-22   1728
  5.160990e+00   3.991893e-21   1.525739e-03   1.292733e-22   1038
  5.167027e+00   3.830301e-21   1.237946e-03   1.219900e-22   1248
  5.171798e+00   4.281303e-21   1.578785e-03   1.202079e-22   1530
  5.177034e+00   4.499245e-21   1.447012e-03   1.859386e-22   656
  5.182884e+00   3.625195e-21   1.622270e-03   9.227278e-23   1662
  5.187826e+00   3.810177e-21   1.343030e-03   1.255012e-22   1008
  5.194344e+00   4.151289e-21   1.783380e-03   1.416473e-22   960
  5.199238e+00   3.442918e-21   1.533522e-03   9.357379e-23   1458
  5.204352e+00   3.892740e-21   1.515264e-03   1.662436e-22   672
  5.210626e+00   3.415384e-21   1.187605e-03   1.136530e-22   1062
  5.215066e+00   3.456655e-21   1.540654e-03   1.087312e-22   1224
  5.220385e+00   4.062408e-21   1.345767e-03   1.953291e-22   374
  5.226378e+00   3.319510e-21   1.617607e-03   8.657150e-23   1512
  5.231226e+00   3.679772e-21   1.355537e-03   1.439769e-22   666
  5.238164e+00   3.332643e-21   1.657312e-03   1.311340e-22   720
  5.242515e+00   3.034243e-21   1.484148e-03   9.002060e-23   1224
  5.247863e+00   3.776704e-21   1.475424e-03   1.995132e-22   390
  5.254263e+00   3.014372e-21   1.097036e-03   1.117865e-22   936
  5.258334e+00   3.236887e-21   1.565258e-03   1.002599e-22   882
  5.264148e+00   3.475074e-21   1.528292e-03   2.655316e-22   216
  5.269800e+00   2.729683e-21   1.517469e-03   7.801524e-23   1286
  5.274591e+00   3.348459e-21   1.267641e-03   1.719690e-22   384
  5.281913e+00   2.740929e-21   1.595845e-03   1.248730e-22   576
  5.285704e+00   2.834531e-21   1.430314e-03   9.545579e-23   930
  5.291130e+00   3.120854e-21   1.405067e-03   2.065757e-22   216
  5.298050e+00   2.487547e-21   1.127871e-03   8.747852e-23   918
  5.302037e+00   2.961202e-21   1.519148e-03   1.515038e-22   480
  5.307441e+00   3.358554e-21   1.280066e-03   3.502348e-22   78
  5.313052e+00   2.390028e-21   1.383681e-03   7.671455e-23   1052
  5.318233e+00   3.121039e-21   1.611134e-03   2.042435e-22   240
  5.326163e+00   2.194040e-21   5.882336e-04   1.087379e-22   438
  5.328872e+00   2.799441e-21   1.360971e-03   1.210600e-22   648
  5.333924e+00   3.935005e-21   1.123687e-03   4.278874e-22   78
  5.341457e+00   2.208326e-21   9.804401e-04   7.883062e-23   780
  5.345244e+00   2.564768e-21   1.368055e-03   1.726006e-22   240
  5.349910e+00   4.336660e-21   0.000000e+00   7.314486e-22   6
  5.356198e+00   2.269128e-21   1.253222e-03   7.984036e-23   824
  5.360748e+00   3.781872e-21   9.688384e-04   4.076305e-22   78
  5.369722e+00   2.119325e-21   5.065474e-04   1.011758e-22   432
  5.372065e+00   2.294068e-21   1.225115e-03   1.158208e-22   348
  5.376527e+00   4.339143e-21   0.000000e+00   2.440588e-21   6
  5.384681e+00   2.317038e-21   8.661160e-04   9.437102e-23   600
  5.387907e+00   2.947013e-21   8.155581e-04   3.452544e-22   78
  5.399271e+00   2.125781e-21   1.072115e-03   9.299914e-23   572
  5.403481e+00   1.078894e-21   0.000000e+00   2.336786e-22   6
  5.413189e+00   2.367081e-21   5.033701e-04   1.302747e-22   384
  5.415134e+00   2.472406e-21   7.482049e-04   1.991023e-22   102
  5.427858e+00   1.985055e-21   7.359585e-04   1.073250e-22   396
  5.430766e+00   1.635417e-21   0.000000e+00   6.461697e-22   6
  5.442225e+00   1.945308e-21   6.658608e-04   1.119696e-22   326
  5.456526e+00   2.106428e-21   4.630285e-04   1.365999e-22   252
  5.458378e+00   1.405606e-21   0.000000e+00   8.010806e-22   6
  5.470933e+00   1.606037e-21   4.213345e-04   1.219705e-22   198
  5.485317e+00   2.189522e-21   3.214857e-04   1.924364e-22   146
  5.499721e+00   2.115230e-21   2.359708e-04   2.398000e-22   102
  5.514144e+00   2.024933e-21   1.639936e-04   3.455983e-22   66
  5.528587e+00   9.857339e-22   1.041522e-04   1.413096e-22   38
  5.543047e+00   1.583797e-21   5.371851e-05   2.030039e-22   18
  5.557519e+00   3.362671e-21   5.754450e-08   1.896745e-21   6
