# power spectrum of chi
# redshift z=100.000000
# k              Pk             sigma(k)       sigma(Pk)      count
  2.513274e-02   4.665740e-21   2.247832e-10   1.502566e-21   6
  3.554306e-02   1.679159e-20   0.000000e+00   4.172175e-21   12
  4.353118e-02   9.443904e-21   4.768372e-10   3.856025e-21   8
  5.026548e-02   6.528391e-21   4.495664e-10   2.523534e-21   6
  5.619852e-02   6.155276e-21   8.991328e-10   1.340104e-21   24
  6.156239e-02   7.153749e-21   6.357829e-10   9.551529e-22   24
  7.416620e-02   6.354123e-21   1.948007e-03   9.243272e-22   42
  7.947671e-02   2.486657e-21   0.000000e+00   4.643553e-22   24
  8.335587e-02   3.759439e-21   1.557344e-09   7.333314e-22   24
  8.972863e-02   2.794337e-21   1.539368e-03   6.176976e-22   32
  9.403811e-02   2.686827e-21   0.000000e+00   3.866009e-22   48
  1.005310e-01   9.150266e-22   8.991328e-10   2.067719e-22   6
  1.049125e-01   1.740323e-21   1.486715e-03   1.965547e-22   84
  1.109741e-01   1.703211e-21   1.422978e-03   1.947099e-22   48
  1.160761e-01   1.682671e-21   1.277655e-03   1.500414e-22   72
  1.231248e-01   1.054727e-21   1.271566e-09   1.423439e-22   24
  1.274204e-01   1.139824e-21   1.133933e-03   1.080659e-22   102
  1.338823e-01   8.633725e-22   2.192492e-03   7.053763e-23   104
  1.376577e-01   6.693337e-22   0.000000e+00   9.910190e-23   48
  1.450967e-01   7.272468e-22   1.454852e-03   6.976059e-23   108
  1.494985e-01   8.106439e-22   1.026108e-03   9.885854e-23   78
  1.544156e-01   6.114243e-22   8.885963e-04   5.828691e-23   96
  1.612033e-01   4.463423e-22   1.252396e-03   3.689656e-23   168
  1.674610e-01   4.522488e-22   1.514588e-03   3.574765e-23   120
  1.704585e-01   2.726422e-22   0.000000e+00   3.555948e-23   48
  1.775076e-01   3.879812e-22   1.466362e-03   2.425426e-23   194
  1.836114e-01   2.793641e-22   1.199745e-03   1.971789e-23   192
  1.889121e-01   2.397618e-22   8.359107e-04   2.376171e-23   96
  1.926375e-01   2.517801e-22   7.114371e-04   2.104716e-23   96
  1.973415e-01   1.997002e-22   1.049518e-03   1.779068e-23   174
  2.036605e-01   1.955880e-22   1.032544e-03   1.509416e-23   216
  2.087655e-01   1.630654e-22   1.069752e-03   1.072522e-23   192
  2.153360e-01   1.063583e-22   1.134051e-03   8.241123e-24   204
  2.199701e-01   1.387208e-22   1.553116e-03   1.040779e-23   224
  2.263855e-01   1.104111e-22   8.767448e-04   7.583516e-24   174
  2.313653e-01   1.249202e-22   1.685384e-03   6.824958e-24   288
  2.375440e-01   8.194224e-23   8.296829e-04   4.673636e-24   288
  2.423661e-01   8.641864e-23   1.600294e-03   4.472263e-24   192
  2.486778e-01   7.981943e-23   1.171093e-03   4.631647e-24   252
  2.526714e-01   6.629171e-23   6.978544e-04   3.853186e-24   246
  2.580960e-01   6.663185e-23   1.324197e-03   3.289449e-24   312
  2.629351e-01   5.857524e-23   8.554600e-04   3.379842e-24   248
  2.695776e-01   4.578031e-23   1.809641e-03   2.052521e-24   432
  2.749286e-01   4.418208e-23   1.515534e-03   3.014532e-24   198
  2.802165e-01   4.088038e-23   1.832967e-03   2.061959e-24   456
  2.863920e-01   4.056204e-23   1.069655e-03   2.113964e-24   324
  2.907627e-01   3.634687e-23   1.266356e-03   2.133271e-24   312
  2.961810e-01   3.246922e-23   1.588477e-03   1.404256e-24   408
  3.029220e-01   2.931297e-23   1.466968e-03   1.270561e-24   414
  3.075580e-01   2.480808e-23   1.269406e-03   1.295084e-24   392
  3.123025e-01   1.991394e-23   1.430245e-03   9.676227e-25   408
  3.185470e-01   2.243797e-23   1.518117e-03   9.250814e-25   444
  3.232898e-01   2.513713e-23   1.227263e-03   1.333764e-24   360
  3.293455e-01   2.056294e-23   1.684453e-03   6.855475e-25   678
  3.357501e-01   1.624154e-23   1.079705e-03   7.665128e-25   360
  3.406722e-01   1.585985e-23   1.778081e-03   5.789310e-25   648
  3.453647e-01   1.511508e-23   8.217968e-04   7.691636e-25   288
  3.513418e-01   1.435857e-23   1.531028e-03   5.106477e-25   686
  3.569625e-01   1.367172e-23   1.138289e-03   6.242374e-25   444
  3.620452e-01   1.276663e-23   1.580989e-03   4.573068e-25   696
  3.671010e-01   1.248529e-23   1.502020e-03   5.419566e-25   408
  3.725872e-01   9.145765e-24   1.554025e-03   3.388706e-25   648
  3.782992e-01   1.020803e-23   1.360625e-03   3.755302e-25   582
  3.833918e-01   8.459468e-24   1.703041e-03   3.107519e-25   744
  3.890113e-01   7.649911e-24   1.700144e-03   2.956026e-25   516
  3.941882e-01   7.417429e-24   1.645265e-03   2.485728e-25   728
  3.989676e-01   8.092184e-24   1.363195e-03   3.194614e-25   558
  4.047392e-01   6.477905e-24   1.374231e-03   2.268821e-25   768
  4.109960e-01   6.671050e-24   1.593026e-03   2.011903e-25   960
  4.164620e-01   5.683636e-24   1.114439e-03   2.061379e-25   576
  4.217163e-01   5.856920e-24   1.808947e-03   1.925181e-25   816
  4.273742e-01   5.710935e-24   1.395616e-03   1.940853e-25   666
  4.323421e-01   5.146897e-24   1.636664e-03   1.556248e-25   960
  4.382783e-01   5.046640e-24   1.614107e-03   1.610978e-25   824
  4.440386e-01   4.208730e-24   1.777416e-03   1.326699e-25   936
  4.493430e-01   4.134612e-24   1.321819e-03   1.443421e-25   624
  4.542288e-01   3.714061e-24   1.556102e-03   1.102431e-25   1062
  4.599003e-01   3.389438e-24   1.695132e-03   1.237103e-25   732
  4.648741e-01   3.072700e-24   1.470856e-03   9.194730e-26   1080
  4.708074e-01   3.488601e-24   1.603534e-03   1.166605e-25   936
  4.761732e-01   2.876229e-24   1.731990e-03   9.973674e-26   878
  4.818260e-01   2.952000e-24   1.755225e-03   8.557664e-26   1152
  4.870749e-01   2.763575e-24   1.356663e-03   8.002813e-26   1056
  4.926568e-01   2.686730e-24   1.602363e-03   8.513721e-26   864
  4.976423e-01   2.289485e-24   1.565217e-03   6.765369e-26   1092
  5.036015e-01   2.247630e-24   1.653531e-03   6.545971e-26   1206
  5.092782e-01   2.222194e-24   1.678014e-03   6.047352e-26   1248
  5.145213e-01   2.142189e-24   1.137149e-03   6.788258e-26   864
  5.191890e-01   1.885514e-24   1.180642e-03   5.117463e-26   1152
  5.252742e-01   1.872212e-24   1.757644e-03   4.940628e-26   1382
  5.312134e-01   1.793013e-24   1.566451e-03   4.963636e-26   1188
  5.364142e-01   1.726000e-24   1.659855e-03   4.644623e-26   1248
  5.413249e-01   1.608031e-24   1.574532e-03   4.470981e-26   1152
  5.467138e-01   1.555759e-24   1.729118e-03   4.501711e-26   1320
  5.526917e-01   1.409347e-24   1.146028e-03   3.883383e-26   1206
  5.576517e-01   1.452864e-24   1.665023e-03   3.608535e-26   1560
  5.635439e-01   1.270251e-24   1.549958e-03   3.163818e-26   1280
  5.685850e-01   1.264619e-24   1.560520e-03   3.215306e-26   1308
  5.741001e-01   1.126291e-24   1.566129e-03   2.816909e-26   1512
  5.795940e-01   1.177975e-24   1.277777e-03   3.040455e-26   1350
  5.852552e-01   1.084391e-24   1.688249e-03   2.635472e-26   1608
  5.900948e-01   9.942767e-25   1.451867e-03   2.673900e-26   1320
  5.957309e-01   9.446607e-25   1.748946e-03   2.126295e-26   1656
  6.008045e-01   8.985392e-25   1.374965e-03   2.464453e-26   1254
  6.066730e-01   8.668877e-25   1.569270e-03   1.892051e-26   1932
  6.122044e-01   8.817332e-25   1.409199e-03   2.260164e-26   1640
  6.176544e-01   8.031550e-25   1.462843e-03   1.947742e-26   1488
  6.227944e-01   7.444881e-25   1.414095e-03   1.768252e-26   1560
  6.286404e-01   7.580514e-25   1.698486e-03   1.537890e-26   2046
  6.340669e-01   7.154931e-25   1.523538e-03   1.784383e-26   1512
  6.393232e-01   6.596765e-25   1.516165e-03   1.505573e-26   1764
  6.445652e-01   6.418072e-25   1.511671e-03   1.484846e-26   1776
  6.499746e-01   6.114964e-25   1.817211e-03   1.507758e-26   1704
  6.557781e-01   5.546266e-25   1.779589e-03   1.159641e-26   2126
  6.610046e-01   5.228145e-25   1.236245e-03   1.216523e-26   1632
  6.662499e-01   5.670303e-25   1.646884e-03   1.202406e-26   2064
  6.715382e-01   5.125280e-25   1.357901e-03   1.217839e-26   1680
  6.772924e-01   4.736836e-25   1.523137e-03   1.027304e-26   2154
  6.826481e-01   4.777410e-25   1.541852e-03   1.016756e-26   2016
  6.884154e-01   4.349675e-25   1.692697e-03   8.355168e-27   2304
  6.937001e-01   4.384710e-25   1.347609e-03   1.049288e-26   1680
  6.991903e-01   4.292016e-25   1.561166e-03   7.948819e-27   2432
  7.046941e-01   4.068969e-25   1.538311e-03   8.891927e-27   1902
  7.101567e-01   3.725572e-25   1.581895e-03   7.344857e-27   2292
  7.150285e-01   3.648277e-25   1.252979e-03   8.212571e-27   1992
  7.208092e-01   3.582861e-25   1.606146e-03   7.047306e-27   2568
  7.263678e-01   2.957224e-25   1.402295e-03   6.774950e-27   1806
  7.319849e-01   3.114738e-25   1.724889e-03   5.416822e-27   3000
  7.376724e-01   3.099864e-25   1.569594e-03   6.840002e-27   2016
  7.424201e-01   3.140728e-25   1.465108e-03   6.260177e-27   2168
  7.478330e-01   2.812744e-25   1.496073e-03   5.262483e-27   2412
  7.534914e-01   2.876636e-25   1.636470e-03   5.355943e-27   2550
  7.589365e-01   2.733800e-25   1.624710e-03   5.204640e-27   2592
  7.646194e-01   2.464771e-25   1.496749e-03   4.570551e-27   2496
  7.700227e-01   2.475333e-25   1.655767e-03   4.647819e-27   2688
  7.754124e-01   2.455608e-25   1.430386e-03   4.738093e-27   2424
  7.810929e-01   2.221167e-25   1.312547e-03   4.108673e-27   2634
  7.862125e-01   2.210668e-25   1.574459e-03   4.257784e-27   2552
  7.913127e-01   2.129074e-25   1.651778e-03   3.536174e-27   2832
  7.969736e-01   2.032734e-25   1.568612e-03   3.967775e-27   2424
  8.025554e-01   1.930927e-25   1.740010e-03   3.257588e-27   3198
  8.077809e-01   1.924455e-25   1.388970e-03   3.710127e-27   2400
  8.133203e-01   1.783234e-25   1.597724e-03   2.943262e-27   3336
  8.190443e-01   1.768790e-25   1.344782e-03   3.149818e-27   2508
  8.240739e-01   1.698606e-25   1.620807e-03   3.028683e-27   3104
  8.299549e-01   1.609686e-25   1.630675e-03   2.884992e-27   2934
  8.352548e-01   1.570529e-25   1.499159e-03   2.643351e-27   3120
  8.410021e-01   1.540653e-25   1.672615e-03   2.468114e-27   3288
  8.462971e-01   1.450358e-25   1.408091e-03   2.587727e-27   2808
  8.517341e-01   1.392835e-25   1.767149e-03   2.511077e-27   2988
  8.572072e-01   1.385094e-25   1.617824e-03   2.272371e-27   3486
  8.625080e-01   1.342269e-25   1.531395e-03   2.322513e-27   3000
  8.676262e-01   1.273997e-25   1.332104e-03   2.116967e-27   3024
  8.733607e-01   1.264886e-25   1.466916e-03   1.949743e-27   3584
  8.791129e-01   1.188525e-25   1.571450e-03   1.900298e-27   3486
  8.844786e-01   1.189079e-25   1.415254e-03   1.974455e-27   3120
  8.897252e-01   1.102240e-25   1.397521e-03   1.841167e-27   3396
  8.950216e-01   1.070740e-25   1.596634e-03   1.672087e-27   3552
  9.006758e-01   1.047104e-25   1.536565e-03   1.729224e-27   3384
  9.062646e-01   1.006981e-25   1.564378e-03   1.620337e-27   3726
  9.115861e-01   9.907656e-26   1.516080e-03   1.669995e-27   3344
  9.166417e-01   9.430463e-26   1.557833e-03   1.432503e-27   3744
  9.224231e-01   8.905831e-26   1.516451e-03   1.376088e-27   3540
  9.278433e-01   8.891034e-26   1.609838e-03   1.381844e-27   3822
  9.335305e-01   8.489413e-26   1.580500e-03   1.256053e-27   4056
  9.387066e-01   8.511922e-26   1.452506e-03   1.412390e-27   3288
  9.441340e-01   7.969057e-26   1.677753e-03   1.175248e-27   4056
  9.494626e-01   7.764709e-26   1.536843e-03   1.196810e-27   3984
  9.552959e-01   7.642876e-26   1.413015e-03   1.234383e-27   3662
  9.602370e-01   7.503419e-26   1.541776e-03   1.154053e-27   3828
  9.658108e-01   6.917280e-26   1.742991e-03   9.633839e-28   4632
  9.713679e-01   6.658276e-26   1.345609e-03   1.068802e-27   3600
  9.769230e-01   6.646698e-26   1.597718e-03   9.482116e-28   4320
  9.821794e-01   6.732968e-26   1.253511e-03   1.066516e-27   3918
  9.874859e-01   6.454739e-26   1.442268e-03   9.601816e-28   4200
  9.928210e-01   6.345143e-26   1.636673e-03   9.381960e-28   4188
  9.983519e-01   5.960177e-26   1.662286e-03   8.638944e-28   4360
  1.003968e+00   5.686186e-26   1.662160e-03   8.096656e-28   4582
  1.009399e+00   5.566020e-26   1.477494e-03   8.357376e-28   4128
  1.014920e+00   5.427625e-26   1.587216e-03   7.383234e-28   4752
  1.020120e+00   5.271489e-26   1.461112e-03   8.092572e-28   4176
  1.025775e+00   5.332677e-26   1.680085e-03   7.373287e-28   4848
  1.031437e+00   4.920072e-26   1.459747e-03   6.886655e-28   4338
  1.036771e+00   4.722068e-26   1.593174e-03   6.227565e-28   5160
  1.042045e+00   4.707149e-26   1.291598e-03   7.044632e-28   4008
  1.047767e+00   4.447838e-26   1.707442e-03   5.831319e-28   5360
  1.053032e+00   4.495143e-26   1.588217e-03   6.605968e-28   4110
  1.058510e+00   4.317400e-26   1.701535e-03   5.625125e-28   5424
  1.063733e+00   4.274280e-26   1.454921e-03   6.431928e-28   4140
  1.069227e+00   4.164247e-26   1.625576e-03   5.203232e-28   5664
  1.074866e+00   3.900053e-26   1.412853e-03   5.390402e-28   4632
  1.080236e+00   3.836228e-26   1.490235e-03   5.258106e-28   4902
  1.085555e+00   3.799757e-26   1.592485e-03   5.194229e-28   5072
  1.090999e+00   3.756612e-26   1.501653e-03   5.110187e-28   5472
  1.096387e+00   3.675827e-26   1.526101e-03   5.118281e-28   4704
  1.101916e+00   3.566869e-26   1.676374e-03   4.890949e-28   5436
  1.107545e+00   3.346406e-26   1.596128e-03   4.272659e-28   5646
  1.112664e+00   3.308071e-26   1.428200e-03   4.859717e-28   4512
  1.118112e+00   3.184921e-26   1.824161e-03   3.946105e-28   6120
  1.123729e+00   3.065618e-26   1.411269e-03   3.927943e-28   5112
  1.129131e+00   3.037151e-26   1.667779e-03   3.810018e-28   5606
  1.134567e+00   2.926399e-26   1.554272e-03   3.702341e-28   5328
  1.139989e+00   2.901625e-26   1.565953e-03   3.486835e-28   5964
  1.145435e+00   2.808705e-26   1.590472e-03   3.680481e-28   5448
  1.150957e+00   2.774897e-26   1.628706e-03   3.490859e-28   5904
  1.156600e+00   2.690678e-26   1.600579e-03   3.452948e-28   5598
  1.161806e+00   2.559916e-26   1.501909e-03   3.183736e-28   5952
  1.167187e+00   2.482976e-26   1.643126e-03   3.179866e-28   5688
  1.172631e+00   2.367482e-26   1.575513e-03   2.971504e-28   5876
  1.177964e+00   2.377474e-26   1.536673e-03   2.987899e-28   5784
  1.183501e+00   2.264476e-26   1.532901e-03   2.652527e-28   6462
  1.189054e+00   2.283641e-26   1.653348e-03   2.938763e-28   5688
  1.194197e+00   2.211764e-26   1.525430e-03   2.567080e-28   6408
  1.199756e+00   2.164227e-26   1.574800e-03   2.692117e-28   6000
  1.205422e+00   2.050758e-26   1.694655e-03   2.430669e-28   6582
  1.211021e+00   2.029968e-26   1.612876e-03   2.386669e-28   6564
  1.216263e+00   2.014224e-26   1.422140e-03   2.493273e-28   6048
  1.221699e+00   1.971857e-26   1.629773e-03   2.335281e-28   6512
  1.227397e+00   1.859791e-26   1.620133e-03   2.074999e-28   6816
  1.232850e+00   1.794752e-26   1.416896e-03   2.088715e-28   6222
  1.237968e+00   1.823573e-26   1.476334e-03   2.153597e-28   6432
  1.243434e+00   1.716918e-26   1.553938e-03   1.976033e-28   6804
  1.248868e+00   1.731148e-26   1.464733e-03   2.067376e-28   6432
  1.254187e+00   1.687942e-26   1.722345e-03   1.927042e-28   6846
  1.259590e+00   1.659037e-26   1.572729e-03   1.934882e-28   6424
  1.264755e+00   1.624262e-26   1.411534e-03   1.876853e-28   6952
  1.270430e+00   1.622749e-26   1.700917e-03   1.834568e-28   7560
  1.276003e+00   1.534362e-26   1.461590e-03   1.869149e-28   6648
  1.281750e+00   1.485824e-26   1.606071e-03   1.615279e-28   7578
  1.286810e+00   1.469674e-26   1.450151e-03   1.692348e-28   6552
  1.292277e+00   1.426843e-26   1.596662e-03   1.587332e-28   7536
  1.297851e+00   1.372038e-26   1.461180e-03   1.587267e-28   7272
  1.303277e+00   1.351702e-26   1.556497e-03   1.556980e-28   6936
  1.308485e+00   1.338836e-26   1.596343e-03   1.457472e-28   7430
  1.314120e+00   1.287760e-26   1.672052e-03   1.411385e-28   7644
  1.319350e+00   1.285256e-26   1.489238e-03   1.425557e-28   7248
  1.325034e+00   1.241669e-26   1.703671e-03   1.319374e-28   8232
  1.330590e+00   1.198567e-26   1.553617e-03   1.307693e-28   7038
  1.335931e+00   1.173555e-26   1.510189e-03   1.274798e-28   7824
  1.341174e+00   1.146019e-26   1.590763e-03   1.259370e-28   7752
  1.346585e+00   1.129369e-26   1.605043e-03   1.261593e-28   7480
  1.352208e+00   1.101684e-26   1.618933e-03   1.127732e-28   8404
  1.357671e+00   1.085692e-26   1.503855e-03   1.162289e-28   7614
  1.362913e+00   1.011424e-26   1.575108e-03   1.087027e-28   7776
  1.368188e+00   1.037869e-26   1.502776e-03   1.107887e-28   7944
  1.373702e+00   1.015361e-26   1.562607e-03   1.079656e-28   8424
  1.379142e+00   9.981326e-27   1.533354e-03   1.068929e-28   7872
  1.384762e+00   9.677057e-27   1.540830e-03   9.909788e-29   8658
  1.390152e+00   9.070595e-27   1.537871e-03   9.444515e-29   8352
  1.395701e+00   9.153801e-27   1.544872e-03   9.227597e-29   8648
  1.400946e+00   8.946674e-27   1.463868e-03   9.369825e-29   7680
  1.406459e+00   8.813022e-27   1.524971e-03   9.034644e-29   8646
  1.411581e+00   8.386826e-27   1.477493e-03   8.653448e-29   8448
  1.417243e+00   8.477045e-27   1.570023e-03   8.336861e-29   9120
  1.422706e+00   8.216359e-27   1.534210e-03   8.624451e-29   8316
  1.428231e+00   7.897942e-27   1.655901e-03   7.759955e-29   9504
  1.433780e+00   7.838149e-27   1.505873e-03   8.476556e-29   8358
  1.439318e+00   7.649044e-27   1.591741e-03   7.575473e-29   9584
  1.444669e+00   7.458500e-27   1.523180e-03   7.605407e-29   8616
  1.450194e+00   7.396564e-27   1.658401e-03   7.297817e-29   9432
  1.455837e+00   7.062493e-27   1.687074e-03   7.188250e-29   9018
  1.460959e+00   6.871966e-27   1.428118e-03   7.001924e-29   8568
  1.466312e+00   6.782541e-27   1.589614e-03   6.283011e-29   9816
  1.471848e+00   6.696232e-27   1.504950e-03   6.628438e-29   9000
  1.477320e+00   6.618803e-27   1.574008e-03   6.312803e-29   9504
  1.482769e+00   6.291204e-27   1.610237e-03   6.080922e-29   9446
  1.488128e+00   6.344574e-27   1.539876e-03   6.252297e-29   9696
  1.493639e+00   6.282543e-27   1.432995e-03   6.263885e-29   9180
  1.499052e+00   6.048044e-27   1.656445e-03   5.581652e-29   10512
  1.504580e+00   6.043774e-27   1.565995e-03   6.115870e-29   9048
  1.510050e+00   5.767250e-27   1.502032e-03   5.515413e-29   10014
  1.515115e+00   5.576209e-27   1.465977e-03   5.642756e-29   9096
  1.520624e+00   5.587556e-27   1.678104e-03   5.025046e-29   11088
  1.526481e+00   5.484237e-27   1.632622e-03   5.191225e-29   9860
  1.531846e+00   5.309787e-27   1.547538e-03   5.135576e-29   10110
  1.537226e+00   5.135672e-27   1.610782e-03   4.930931e-29   10104
  1.542638e+00   5.105378e-27   1.527293e-03   4.790166e-29   10392
  1.548117e+00   5.056497e-27   1.580956e-03   4.784433e-29   10104
  1.553700e+00   4.966921e-27   1.636048e-03   4.369791e-29   11352
  1.559389e+00   4.792320e-27   1.498379e-03   4.509678e-29   10014
  1.564440e+00   4.732688e-27   1.383079e-03   4.649450e-29   9636
  1.569783e+00   4.540428e-27   1.639203e-03   4.054578e-29   11552
  1.575422e+00   4.636579e-27   1.523155e-03   4.232972e-29   10488
  1.580867e+00   4.505739e-27   1.590751e-03   4.167862e-29   10254
  1.586166e+00   4.405589e-27   1.497744e-03   3.935894e-29   11304
  1.591672e+00   4.360765e-27   1.520072e-03   3.971361e-29   10872
  1.597152e+00   4.276388e-27   1.630062e-03   3.911135e-29   10932
  1.602461e+00   4.161720e-27   1.470687e-03   3.727968e-29   10848
  1.607949e+00   4.074962e-27   1.538096e-03   3.686246e-29   10998
  1.613393e+00   3.999500e-27   1.616241e-03   3.506584e-29   11720
  1.618857e+00   3.888636e-27   1.486980e-03   3.528900e-29   10776
  1.624233e+00   3.791881e-27   1.626703e-03   3.288596e-29   12072
  1.629803e+00   3.771887e-27   1.491590e-03   3.477321e-29   10704
  1.635146e+00   3.687515e-27   1.530127e-03   3.219240e-29   11730
  1.640724e+00   3.606322e-27   1.589265e-03   3.174758e-29   12144
  1.646103e+00   3.548303e-27   1.505823e-03   3.173846e-29   11568
  1.651732e+00   3.394602e-27   1.628958e-03   2.980539e-29   11552
  1.656794e+00   3.386164e-27   1.470182e-03   3.063091e-29   10926
  1.662301e+00   3.316248e-27   1.665116e-03   2.763035e-29   13032
  1.667699e+00   3.282538e-27   1.360824e-03   3.076439e-29   10776
  1.673163e+00   3.137937e-27   1.675173e-03   2.629548e-29   13116
  1.678750e+00   3.207180e-27   1.576527e-03   2.762439e-29   12288
  1.684254e+00   3.114637e-27   1.448982e-03   2.784465e-29   11262
  1.689407e+00   3.094805e-27   1.565326e-03   2.660807e-29   12672
  1.694949e+00   2.908323e-27   1.534786e-03   2.516405e-29   12624
  1.700444e+00   2.905577e-27   1.539772e-03   2.505245e-29   12392
  1.705894e+00   2.793404e-27   1.578373e-03   2.427681e-29   12060
  1.711417e+00   2.771332e-27   1.664529e-03   2.289239e-29   13662
  1.716714e+00   2.796027e-27   1.437484e-03   2.480049e-29   11592
  1.722229e+00   2.714309e-27   1.708245e-03   2.188085e-29   13776
  1.727732e+00   2.633054e-27   1.452727e-03   2.302244e-29   12240
  1.733259e+00   2.613080e-27   1.673717e-03   2.163156e-29   13662
  1.738451e+00   2.560922e-27   1.438450e-03   2.299699e-29   11520
  1.744057e+00   2.508145e-27   1.657935e-03   1.938430e-29   15044
  1.749584e+00   2.481150e-27   1.490148e-03   2.140866e-29   12384
  1.755011e+00   2.382495e-27   1.568695e-03   1.976129e-29   13176
  1.760324e+00   2.359736e-27   1.420714e-03   1.933385e-29   12798
  1.765805e+00   2.384038e-27   1.613568e-03   1.906673e-29   14376
  1.771131e+00   2.258466e-27   1.533785e-03   1.893423e-29   12528
  1.776603e+00   2.229730e-27   1.610649e-03   1.790042e-29   14100
  1.781897e+00   2.232022e-27   1.461405e-03   1.901263e-29   12630
  1.787364e+00   2.168392e-27   1.587093e-03   1.700648e-29   14624
  1.792771e+00   2.163488e-27   1.583065e-03   1.762385e-29   13272
  1.798277e+00   2.107926e-27   1.613728e-03   1.650934e-29   14664
  1.803884e+00   2.017978e-27   1.649702e-03   1.597017e-29   14328
  1.809294e+00   2.019031e-27   1.531892e-03   1.696802e-29   13086
  1.814778e+00   1.989871e-27   1.648042e-03   1.535693e-29   15612
  1.820245e+00   1.956601e-27   1.420572e-03   1.588858e-29   13416
  1.825554e+00   1.915186e-27   1.670986e-03   1.510755e-29   14360
  1.831007e+00   1.881823e-27   1.563345e-03   1.500253e-29   14064
  1.836565e+00   1.810503e-27   1.608825e-03   1.360797e-29   15750
  1.842043e+00   1.790042e-27   1.519715e-03   1.446878e-29   13680
  1.847448e+00   1.766645e-27   1.654464e-03   1.337351e-29   15468
  1.852944e+00   1.767929e-27   1.594248e-03   1.405143e-29   14352
  1.858276e+00   1.725344e-27   1.572970e-03   1.344707e-29   14454
  1.863633e+00   1.676114e-27   1.615254e-03   1.299125e-29   15048
  1.869150e+00   1.686503e-27   1.497078e-03   1.316610e-29   15360
  1.874596e+00   1.605850e-27   1.645285e-03   1.252045e-29   15224
  1.880069e+00   1.647507e-27   1.557924e-03   1.282998e-29   15096
  1.885497e+00   1.571033e-27   1.522103e-03   1.231646e-29   14514
  1.890790e+00   1.565619e-27   1.595539e-03   1.158041e-29   16416
  1.896345e+00   1.555962e-27   1.570097e-03   1.169049e-29   15216
  1.902017e+00   1.483377e-27   1.580041e-03   1.102249e-29   16440
  1.907431e+00   1.475510e-27   1.589489e-03   1.168378e-29   14904
  1.912612e+00   1.450641e-27   1.493082e-03   1.128533e-29   15134
  1.918128e+00   1.407772e-27   1.670413e-03   1.042677e-29   16644
  1.923636e+00   1.402937e-27   1.568226e-03   1.069723e-29   16128
  1.929039e+00   1.372254e-27   1.558301e-03   1.036903e-29   15384
  1.934362e+00   1.346794e-27   1.531848e-03   1.033959e-29   15462
  1.939814e+00   1.323739e-27   1.636508e-03   9.508350e-30   17304
  1.945372e+00   1.303966e-27   1.543184e-03   9.855312e-30   16176
  1.950827e+00   1.245626e-27   1.632437e-03   9.135380e-30   16824
  1.956411e+00   1.285368e-27   1.501531e-03   9.533137e-30   15980
  1.961671e+00   1.228388e-27   1.494587e-03   9.065648e-30   16326
  1.966974e+00   1.247486e-27   1.595444e-03   9.130373e-30   16488
  1.972469e+00   1.187929e-27   1.547881e-03   8.722826e-30   16944
  1.977987e+00   1.184964e-27   1.628958e-03   8.317074e-30   17256
  1.983307e+00   1.179168e-27   1.510722e-03   8.852862e-30   15966
  1.988830e+00   1.146979e-27   1.604091e-03   8.071062e-30   17628
  1.994237e+00   1.108000e-27   1.523687e-03   7.994176e-30   17280
  1.999700e+00   1.117559e-27   1.677236e-03   8.137130e-30   17056
  2.005087e+00   1.082313e-27   1.581521e-03   7.866405e-30   17296
  2.010708e+00   1.071714e-27   1.549121e-03   7.592756e-30   17526
  2.016014e+00   1.054480e-27   1.559028e-03   7.543966e-30   17592
  2.021539e+00   1.041164e-27   1.621825e-03   7.553794e-30   17880
  2.026921e+00   1.032693e-27   1.503997e-03   7.528626e-30   17028
  2.032244e+00   1.016256e-27   1.529390e-03   7.331302e-30   17376
  2.037659e+00   9.786079e-28   1.518363e-03   6.903738e-30   18414
  2.043253e+00   9.855734e-28   1.557160e-03   7.047959e-30   17840
  2.048675e+00   9.538402e-28   1.634742e-03   6.615889e-30   18960
  2.054080e+00   9.360524e-28   1.518636e-03   6.718326e-30   16992
  2.059506e+00   9.273924e-28   1.672957e-03   6.454118e-30   18378
  2.064817e+00   9.148561e-28   1.489598e-03   6.479213e-30   18192
  2.070342e+00   9.014893e-28   1.590368e-03   6.110487e-30   19320
  2.075827e+00   8.853581e-28   1.542530e-03   6.312161e-30   17856
  2.081294e+00   8.707508e-28   1.592338e-03   5.925380e-30   19128
  2.086669e+00   8.396894e-28   1.472822e-03   6.010221e-30   18246
  2.092142e+00   8.573207e-28   1.530845e-03   5.815543e-30   19184
  2.097560e+00   8.183963e-28   1.566786e-03   5.668992e-30   18900
  2.103127e+00   8.090138e-28   1.634103e-03   5.457093e-30   19776
  2.108435e+00   7.994352e-28   1.499267e-03   5.753772e-30   17814
  2.113953e+00   7.796419e-28   1.631506e-03   5.253370e-30   19944
  2.119331e+00   7.534681e-28   1.609395e-03   4.992436e-30   19536
  2.124895e+00   7.589535e-28   1.592635e-03   5.132139e-30   20112
  2.130295e+00   7.547188e-28   1.480183e-03   5.346963e-30   18116
  2.135677e+00   7.356748e-28   1.543122e-03   4.967459e-30   19878
  2.140967e+00   7.325871e-28   1.559605e-03   4.968317e-30   19800
  2.146556e+00   7.287552e-28   1.559507e-03   4.861257e-30   20136
  2.152123e+00   7.095748e-28   1.640454e-03   4.645981e-30   20808
  2.157545e+00   6.963372e-28   1.486131e-03   4.848214e-30   19152
  2.162999e+00   6.865709e-28   1.569730e-03   4.630958e-30   20526
  2.168508e+00   6.692740e-28   1.615030e-03   4.358602e-30   20532
  2.173853e+00   6.632778e-28   1.604928e-03   4.391006e-30   20120
  2.179147e+00   6.497401e-28   1.495586e-03   4.370087e-30   19512
  2.184682e+00   6.460345e-28   1.624686e-03   4.232995e-30   21246
  2.190096e+00   6.363713e-28   1.477588e-03   4.249183e-30   20112
  2.195583e+00   6.347176e-28   1.645292e-03   4.062085e-30   22104
  2.201050e+00   6.194181e-28   1.614482e-03   4.133814e-30   19620
  2.206482e+00   6.073286e-28   1.604796e-03   3.941136e-30   21912
  2.211921e+00   5.958661e-28   1.497387e-03   3.972151e-30   20070
  2.217337e+00   5.853102e-28   1.630864e-03   3.706315e-30   22064
  2.222850e+00   5.746641e-28   1.548352e-03   3.780917e-30   21048
  2.228199e+00   5.734468e-28   1.514343e-03   3.824406e-30   21168
  2.233635e+00   5.662698e-28   1.637642e-03   3.720834e-30   21384
  2.239216e+00   5.587757e-28   1.481766e-03   3.519728e-30   22146
  2.244666e+00   5.376013e-28   1.585174e-03   3.433424e-30   22200
  2.250163e+00   5.340919e-28   1.501548e-03   3.469582e-30   21648
  2.255545e+00   5.230071e-28   1.607582e-03   3.478239e-30   21144
  2.260867e+00   5.146331e-28   1.529125e-03   3.418098e-30   21710
  2.266343e+00   5.129664e-28   1.624700e-03   3.270088e-30   23112
  2.271991e+00   5.051463e-28   1.620840e-03   3.162518e-30   23064
  2.277435e+00   4.915063e-28   1.500062e-03   3.254740e-30   21252
  2.282668e+00   4.876534e-28   1.503720e-03   3.110910e-30   22128
  2.288126e+00   4.884540e-28   1.558658e-03   3.058050e-30   22446
  2.293582e+00   4.777766e-28   1.527528e-03   2.986067e-30   22848
  2.298983e+00   4.704583e-28   1.529486e-03   2.931932e-30   23208
  2.304508e+00   4.658214e-28   1.574247e-03   2.971308e-30   22536
  2.309946e+00   4.626322e-28   1.596462e-03   2.917365e-30   22586
  2.315370e+00   4.483684e-28   1.627795e-03   2.755072e-30   24096
  2.320825e+00   4.416404e-28   1.527306e-03   2.799666e-30   22440
  2.326212e+00   4.352723e-28   1.664369e-03   2.653642e-30   23400
  2.331602e+00   4.272435e-28   1.511928e-03   2.663854e-30   23232
  2.337168e+00   4.194364e-28   1.592064e-03   2.558141e-30   23886
  2.342533e+00   4.182551e-28   1.530913e-03   2.587923e-30   23376
  2.347967e+00   4.117986e-28   1.544635e-03   2.507587e-30   23540
  2.353338e+00   4.079009e-28   1.532168e-03   2.502387e-30   24240
  2.358915e+00   4.018066e-28   1.612109e-03   2.475548e-30   23952
  2.364402e+00   3.927712e-28   1.508159e-03   2.370154e-30   24006
  2.369901e+00   3.942762e-28   1.691935e-03   2.396889e-30   25560
  2.375221e+00   3.875739e-28   1.500150e-03   2.483434e-30   22728
  2.380552e+00   3.747864e-28   1.511947e-03   2.316387e-30   23556
  2.385955e+00   3.749240e-28   1.577785e-03   2.227056e-30   25398
  2.391435e+00   3.681915e-28   1.545774e-03   2.272567e-30   24088
  2.396892e+00   3.646332e-28   1.609108e-03   2.137403e-30   25696
  2.402362e+00   3.546621e-28   1.511201e-03   2.131786e-30   24144
  2.407786e+00   3.544954e-28   1.615096e-03   2.117701e-30   25560
  2.413246e+00   3.454169e-28   1.489846e-03   2.108017e-30   24246
  2.418724e+00   3.405080e-28   1.581827e-03   1.991743e-30   26292
  2.424188e+00   3.394911e-28   1.560153e-03   2.033911e-30   25200
  2.429626e+00   3.337560e-28   1.624829e-03   1.992461e-30   25296
  2.434943e+00   3.355827e-28   1.483819e-03   2.058981e-30   24192
  2.440599e+00   3.223346e-28   1.638534e-03   1.784317e-30   28646
  2.446110e+00   3.235428e-28   1.506669e-03   1.970225e-30   24552
  2.451515e+00   3.147933e-28   1.579460e-03   1.862779e-30   25788
  2.456795e+00   3.150765e-28   1.491180e-03   1.861538e-30   25272
  2.462256e+00   3.095871e-28   1.613697e-03   1.808744e-30   26118
  2.467607e+00   3.091011e-28   1.579547e-03   1.808986e-30   26016
  2.473206e+00   2.983187e-28   1.595790e-03   1.735974e-30   27792
  2.478571e+00   2.967438e-28   1.565206e-03   1.774985e-30   25072
  2.483982e+00   2.903165e-28   1.621283e-03   1.711131e-30   26824
  2.489402e+00   2.862696e-28   1.480279e-03   1.682072e-30   26106
  2.494915e+00   2.815077e-28   1.629064e-03   1.595958e-30   28296
  2.500377e+00   2.796758e-28   1.567349e-03   1.612298e-30   26640
  2.505822e+00   2.772039e-28   1.492228e-03   1.628019e-30   26064
  2.511215e+00   2.753474e-28   1.637115e-03   1.584165e-30   27822
  2.516572e+00   2.700553e-28   1.521472e-03   1.580886e-30   26160
  2.522001e+00   2.617659e-28   1.673107e-03   1.493186e-30   28108
  2.527479e+00   2.609393e-28   1.599090e-03   1.479637e-30   27664
  2.532916e+00   2.594459e-28   1.590673e-03   1.478214e-30   27600
  2.538445e+00   2.518468e-28   1.594105e-03   1.436169e-30   27510
  2.543900e+00   2.480440e-28   1.577441e-03   1.383465e-30   28848
  2.549331e+00   2.471210e-28   1.562048e-03   1.404954e-30   27744
  2.554787e+00   2.461024e-28   1.521895e-03   1.406609e-30   27888
  2.560210e+00   2.415726e-28   1.547223e-03   1.382454e-30   27780
  2.565645e+00   2.362662e-28   1.558725e-03   1.319011e-30   28734
  2.571023e+00   2.375853e-28   1.609586e-03   1.381051e-30   28232
  2.576527e+00   2.318274e-28   1.600458e-03   1.280452e-30   29016
  2.581909e+00   2.306684e-28   1.581285e-03   1.321523e-30   28056
  2.587324e+00   2.273179e-28   1.534592e-03   1.276884e-30   28710
  2.592790e+00   2.219347e-28   1.621010e-03   1.233049e-30   29220
  2.598465e+00   2.160044e-28   1.658218e-03   1.152621e-30   31584
  2.603840e+00   2.185474e-28   1.528599e-03   1.286862e-30   26904
  2.609079e+00   2.164232e-28   1.485740e-03   1.227939e-30   28512
  2.614658e+00   2.096647e-28   1.600396e-03   1.134757e-30   30878
  2.620190e+00   2.039962e-28   1.607291e-03   1.105546e-30   30408
  2.625603e+00   2.047029e-28   1.552575e-03   1.154840e-30   28632
  2.630926e+00   2.012871e-28   1.494100e-03   1.136748e-30   28764
  2.636301e+00   1.984314e-28   1.662258e-03   1.079770e-30   30630
  2.641825e+00   1.962250e-28   1.539050e-03   1.071462e-30   30240
  2.647360e+00   1.942790e-28   1.576813e-03   1.043112e-30   31008
  2.652753e+00   1.930490e-28   1.510278e-03   1.076362e-30   29240
  2.658053e+00   1.910720e-28   1.541271e-03   1.048134e-30   30000
  2.663579e+00   1.859922e-28   1.631431e-03   1.024257e-30   30978
  2.669020e+00   1.867713e-28   1.538057e-03   1.025220e-30   30696
  2.674440e+00   1.808291e-28   1.612132e-03   9.772968e-31   31320
  2.679792e+00   1.794296e-28   1.506651e-03   1.006101e-30   29280
  2.685220e+00   1.784667e-28   1.611110e-03   9.784769e-31   31488
  2.690645e+00   1.757971e-28   1.512555e-03   9.511860e-31   31326
  2.696128e+00   1.751625e-28   1.624023e-03   9.467849e-31   31480
  2.701662e+00   1.712472e-28   1.575428e-03   9.056259e-31   32572
  2.707181e+00   1.694118e-28   1.576379e-03   9.170007e-31   31296
  2.712540e+00   1.681564e-28   1.532958e-03   9.127828e-31   30798
  2.718010e+00   1.624506e-28   1.631915e-03   8.642283e-31   32256
  2.723379e+00   1.645396e-28   1.576275e-03   8.901479e-31   32088
  2.728754e+00   1.633728e-28   1.559976e-03   8.841788e-31   30936
  2.734196e+00   1.596936e-28   1.621863e-03   8.414375e-31   33036
  2.739744e+00   1.560198e-28   1.570337e-03   8.452392e-31   31846
  2.745145e+00   1.544556e-28   1.600723e-03   8.056030e-31   33832
  2.750571e+00   1.523732e-28   1.482757e-03   8.286091e-31   30912
  2.755951e+00   1.510704e-28   1.554945e-03   8.058404e-31   32976
  2.761359e+00   1.501382e-28   1.534255e-03   8.135345e-31   32712
  2.766879e+00   1.471496e-28   1.551134e-03   7.716810e-31   33438
  2.772315e+00   1.465184e-28   1.561569e-03   7.897806e-31   32556
  2.777612e+00   1.451272e-28   1.547775e-03   7.624404e-31   33144
  2.783077e+00   1.438710e-28   1.531023e-03   7.535009e-31   33504
  2.788685e+00   1.435106e-28   1.585219e-03   7.461977e-31   33542
  2.794001e+00   1.383679e-28   1.561774e-03   7.282332e-31   33768
  2.799514e+00   1.378189e-28   1.582505e-03   7.292093e-31   34368
  2.804894e+00   1.352010e-28   1.503763e-03   7.377614e-31   32856
  2.810386e+00   1.335029e-28   1.555021e-03   6.977537e-31   34524
  2.815774e+00   1.326723e-28   1.476871e-03   7.070867e-31   33510
  2.821310e+00   1.309035e-28   1.652814e-03   6.760648e-31   35856
  2.826780e+00   1.286514e-28   1.566245e-03   6.777544e-31   33888
  2.832150e+00   1.276288e-28   1.534797e-03   6.671639e-31   33752
  2.837510e+00   1.255878e-28   1.613976e-03   6.484749e-31   34902
  2.843143e+00   1.245747e-28   1.578935e-03   6.399118e-31   35484
  2.848630e+00   1.239971e-28   1.625328e-03   6.278337e-31   36648
  2.854056e+00   1.223936e-28   1.503100e-03   6.506903e-31   33000
  2.859416e+00   1.205208e-28   1.625165e-03   6.124246e-31   35520
  2.864954e+00   1.193311e-28   1.587378e-03   6.017198e-31   36078
  2.870343e+00   1.184165e-28   1.553780e-03   6.182276e-31   34992
  2.875726e+00   1.165176e-28   1.537418e-03   6.092747e-31   35072
  2.881222e+00   1.153071e-28   1.612107e-03   5.897321e-31   36876
  2.886535e+00   1.139948e-28   1.490702e-03   5.961685e-31   33216
  2.891986e+00   1.118133e-28   1.651729e-03   5.566622e-31   38382
  2.897574e+00   1.114381e-28   1.549240e-03   5.726023e-31   36072
  2.903069e+00   1.096273e-28   1.551510e-03   5.586658e-31   37464
  2.908437e+00   1.084842e-28   1.491290e-03   5.661930e-31   34416
  2.913907e+00   1.088633e-28   1.634265e-03   5.531292e-31   37386
  2.919336e+00   1.054802e-28   1.560351e-03   5.352149e-31   37040
  2.924747e+00   1.044609e-28   1.519091e-03   5.377902e-31   36240
  2.930120e+00   1.034000e-28   1.620578e-03   5.258053e-31   36432
  2.935572e+00   1.042346e-28   1.530037e-03   5.222309e-31   37560
  2.941044e+00   1.019240e-28   1.585551e-03   5.141894e-31   37350
  2.946615e+00   1.006314e-28   1.620920e-03   5.078770e-31   38616
  2.952019e+00   9.909352e-29   1.527850e-03   5.077833e-31   37092
  2.957454e+00   9.819981e-29   1.469269e-03   4.967632e-31   37272
  2.962879e+00   9.684133e-29   1.617603e-03   4.935510e-31   37616
  2.968367e+00   9.503534e-29   1.566567e-03   4.796414e-31   38478
  2.973773e+00   9.347549e-29   1.591818e-03   4.689336e-31   37992
  2.979169e+00   9.336060e-29   1.560915e-03   4.705069e-31   38232
  2.984576e+00   9.178053e-29   1.529810e-03   4.668524e-31   36708
  2.989998e+00   9.039871e-29   1.601300e-03   4.508908e-31   39534
  2.995476e+00   8.893944e-29   1.604456e-03   4.479735e-31   39336
  3.000916e+00   8.970697e-29   1.543508e-03   4.595646e-31   37624
  3.006363e+00   8.886053e-29   1.579336e-03   4.395379e-31   40408
  3.011852e+00   8.676210e-29   1.510623e-03   4.336077e-31   38256
  3.017315e+00   8.653680e-29   1.543281e-03   4.402819e-31   39438
  3.022829e+00   8.464376e-29   1.592476e-03   4.189009e-31   40524
  3.028194e+00   8.265044e-29   1.503499e-03   4.222075e-31   38448
  3.033601e+00   8.266225e-29   1.582383e-03   4.147659e-31   39312
  3.038992e+00   8.291368e-29   1.512689e-03   4.212789e-31   38718
  3.044403e+00   8.084636e-29   1.614057e-03   4.046770e-31   40872
  3.049845e+00   8.001872e-29   1.532666e-03   4.005220e-31   40088
  3.055371e+00   7.876415e-29   1.633644e-03   3.898390e-31   40644
  3.060822e+00   7.853105e-29   1.532935e-03   3.919162e-31   40176
  3.066304e+00   7.628180e-29   1.625298e-03   3.776099e-31   40998
  3.071650e+00   7.569561e-29   1.490471e-03   3.827753e-31   39192
  3.077083e+00   7.497670e-29   1.573750e-03   3.677951e-31   41640
  3.082545e+00   7.411296e-29   1.578537e-03   3.618958e-31   41400
  3.087927e+00   7.388691e-29   1.553632e-03   3.779370e-31   38640
  3.093396e+00   7.122351e-29   1.594261e-03   3.412926e-31   43658
  3.098867e+00   7.010893e-29   1.533241e-03   3.540938e-31   40608
  3.104282e+00   6.959155e-29   1.565192e-03   3.426809e-31   41880
  3.109810e+00   6.884572e-29   1.547184e-03   3.455757e-31   41712
  3.115335e+00   6.761951e-29   1.615131e-03   3.319159e-31   42942
  3.120741e+00   6.607995e-29   1.534331e-03   3.358612e-31   40896
  3.126165e+00   6.580833e-29   1.580796e-03   3.280464e-31   42708
  3.131542e+00   6.397589e-29   1.496179e-03   3.188707e-31   40968
  3.137007e+00   6.260924e-29   1.625543e-03   3.069109e-31   43496
  3.142457e+00   6.103639e-29   1.556121e-03   3.089603e-31   41454
  3.147915e+00   5.976627e-29   1.607241e-03   2.977013e-31   43704
  3.153202e+00   5.750952e-29   1.481093e-03   2.913589e-31   41208
  3.158685e+00   5.599064e-29   1.625130e-03   2.700791e-31   43944
  3.164222e+00   5.439205e-29   1.568163e-03   2.734559e-31   43218
  3.169711e+00   5.246973e-29   1.573649e-03   2.585257e-31   44136
  3.175074e+00   5.134253e-29   1.550274e-03   2.599364e-31   42304
  3.180483e+00   4.915899e-29   1.574816e-03   2.461094e-31   43096
  3.185809e+00   4.569590e-29   1.541007e-03   2.255119e-31   43464
  3.191366e+00   4.404486e-29   1.606948e-03   2.106530e-31   44382
  3.196804e+00   4.253542e-29   1.605225e-03   1.996668e-31   44316
  3.202282e+00   3.970296e-29   1.582905e-03   1.831365e-31   44592
  3.207694e+00   3.806092e-29   1.548943e-03   1.780595e-31   44328
  3.213178e+00   3.565587e-29   1.523706e-03   1.692771e-31   43560
  3.218610e+00   3.510747e-29   1.570802e-03   1.646390e-31   44763
  3.224020e+00   3.228203e-29   1.574927e-03   1.505296e-31   44216
  3.229465e+00   3.109018e-29   1.604748e-03   1.433884e-31   45144
  3.234953e+00   2.964543e-29   1.525298e-03   1.398790e-31   42876
  3.240354e+00   2.804556e-29   1.662551e-03   1.291047e-31   46164
  3.245765e+00   2.680726e-29   1.526236e-03   1.262409e-31   42360
  3.251284e+00   2.531263e-29   1.607148e-03   1.165576e-31   45324
  3.256678e+00   2.429027e-29   1.599342e-03   1.158800e-31   43320
  3.262107e+00   2.304033e-29   1.611675e-03   1.086744e-31   44580
  3.267667e+00   2.235034e-29   1.609815e-03   1.042299e-31   44468
  3.273119e+00   2.142046e-29   1.531376e-03   1.023977e-31   43416
  3.278411e+00   2.080589e-29   1.520505e-03   1.001446e-31   42264
  3.283884e+00   1.984852e-29   1.597197e-03   9.289515e-32   44580
  3.289368e+00   1.926399e-29   1.621337e-03   9.074180e-32   43824
  3.294829e+00   1.841272e-29   1.523757e-03   8.704541e-32   43392
  3.300224e+00   1.781510e-29   1.553494e-03   8.539794e-32   43296
  3.305724e+00   1.733243e-29   1.495301e-03   8.220373e-32   42656
  3.311087e+00   1.668899e-29   1.596934e-03   8.123354e-32   43728
  3.316591e+00   1.631730e-29   1.610238e-03   7.798521e-32   43536
  3.322030e+00   1.579526e-29   1.602586e-03   7.764740e-32   42180
  3.327473e+00   1.520665e-29   1.551796e-03   7.227818e-32   44136
  3.332939e+00   1.483550e-29   1.563744e-03   7.258484e-32   42372
  3.338336e+00   1.436063e-29   1.528428e-03   7.096211e-32   41604
  3.343731e+00   1.400806e-29   1.610433e-03   6.740810e-32   43440
  3.349182e+00   1.352522e-29   1.611663e-03   6.626879e-32   42488
  3.354561e+00   1.314773e-29   1.547466e-03   6.587275e-32   41496
  3.360074e+00   1.291370e-29   1.615298e-03   6.256259e-32   44112
  3.365562e+00   1.269262e-29   1.540359e-03   6.243425e-32   41688
  3.370956e+00   1.222850e-29   1.604620e-03   6.035046e-32   42276
  3.376369e+00   1.202502e-29   1.547681e-03   5.950412e-32   41172
  3.381820e+00   1.148854e-29   1.622702e-03   5.513202e-32   43536
  3.387296e+00   1.133626e-29   1.510509e-03   5.607962e-32   41496
  3.392714e+00   1.108952e-29   1.602713e-03   5.598265e-32   40764
  3.398118e+00   1.087532e-29   1.572660e-03   5.335675e-32   43220
  3.403602e+00   1.044825e-29   1.558712e-03   5.225908e-32   41076
  3.409040e+00   1.026947e-29   1.557898e-03   5.148757e-32   41532
  3.414506e+00   1.000603e-29   1.586149e-03   4.994971e-32   41928
  3.419924e+00   9.845188e-30   1.518385e-03   4.897440e-32   41412
  3.425338e+00   9.629694e-30   1.580228e-03   4.922850e-32   40032
  3.430721e+00   9.515365e-30   1.567201e-03   4.732558e-32   41880
  3.436133e+00   9.230096e-30   1.559578e-03   4.629138e-32   40264
  3.441614e+00   9.030408e-30   1.596952e-03   4.447344e-32   42592
  3.447111e+00   8.769121e-30   1.531936e-03   4.479872e-32   39588
  3.452537e+00   8.662519e-30   1.583857e-03   4.255627e-32   42180
  3.457928e+00   8.435691e-30   1.528129e-03   4.346833e-32   39240
  3.463345e+00   8.362130e-30   1.603997e-03   4.124153e-32   40920
  3.468834e+00   7.974997e-30   1.583230e-03   3.982068e-32   41184
  3.474296e+00   7.965363e-30   1.568330e-03   4.046336e-32   40872
  3.479702e+00   7.767923e-30   1.491774e-03   3.985080e-32   38748
  3.485168e+00   7.695085e-30   1.587794e-03   3.871557e-32   41420
  3.490553e+00   7.354008e-30   1.557380e-03   3.764551e-32   39816
  3.496030e+00   7.337592e-30   1.561371e-03   3.741778e-32   39792
  3.501436e+00   7.096328e-30   1.491602e-03   3.674707e-32   39816
  3.506965e+00   7.062065e-30   1.612108e-03   3.536401e-32   41064
  3.512408e+00   6.954430e-30   1.546522e-03   3.582772e-32   39204
  3.517925e+00   6.762920e-30   1.631952e-03   3.437823e-32   40080
  3.523223e+00   6.723536e-30   1.507994e-03   3.483688e-32   38332
  3.528672e+00   6.518299e-30   1.573899e-03   3.296923e-32   39952
  3.534102e+00   6.430526e-30   1.572293e-03   3.361707e-32   39000
  3.539668e+00   6.165565e-30   1.614601e-03   3.086761e-32   40356
  3.545098e+00   6.157109e-30   1.584135e-03   3.176856e-32   39300
  3.550517e+00   5.967307e-30   1.562974e-03   3.145824e-32   37452
  3.555894e+00   5.909858e-30   1.549762e-03   3.050748e-32   39732
  3.561429e+00   5.794372e-30   1.557625e-03   2.947256e-32   39312
  3.566817e+00   5.700629e-30   1.583965e-03   2.955029e-32   37632
  3.572234e+00   5.498677e-30   1.557396e-03   2.893214e-32   38420
  3.577674e+00   5.510217e-30   1.609595e-03   2.792830e-32   39564
  3.583132e+00   5.459520e-30   1.548840e-03   2.956026e-32   37236
  3.588516e+00   5.318654e-30   1.565848e-03   2.765373e-32   38100
  3.593924e+00   5.121278e-30   1.539495e-03   2.656695e-32   38208
  3.599440e+00   5.083756e-30   1.602149e-03   2.576537e-32   39072
  3.604845e+00   5.031864e-30   1.480860e-03   2.727126e-32   36192
  3.610293e+00   4.949916e-30   1.600910e-03   2.565842e-32   38928
  3.615801e+00   4.825213e-30   1.590552e-03   2.476481e-32   38768
  3.621383e+00   4.795749e-30   1.562835e-03   2.531774e-32   37596
  3.626841e+00   4.715965e-30   1.555898e-03   2.484142e-32   37296
  3.632194e+00   4.629119e-30   1.557356e-03   2.458522e-32   36948
  3.637577e+00   4.567302e-30   1.597343e-03   2.438528e-32   37248
  3.643147e+00   4.439308e-30   1.577439e-03   2.337678e-32   37152
  3.648492e+00   4.317521e-30   1.574751e-03   2.259018e-32   37512
  3.653954e+00   4.292099e-30   1.507515e-03   2.317609e-32   35876
  3.659374e+00   4.209521e-30   1.606552e-03   2.256095e-32   36936
  3.664880e+00   4.124306e-30   1.600548e-03   2.157732e-32   38028
  3.670348e+00   4.067008e-30   1.522914e-03   2.201861e-32   35592
  3.675687e+00   4.046604e-30   1.511337e-03   2.196215e-32   35508
  3.681088e+00   3.919398e-30   1.567228e-03   2.110237e-32   36492
  3.686612e+00   3.891254e-30   1.616757e-03   2.072062e-32   37608
  3.692081e+00   3.776527e-30   1.595280e-03   2.082446e-32   34848
  3.697390e+00   3.786060e-30   1.496163e-03   2.047395e-32   35220
  3.702857e+00   3.730077e-30   1.560827e-03   1.993667e-32   36884
  3.708318e+00   3.684631e-30   1.549021e-03   2.015635e-32   35412
  3.713858e+00   3.528151e-30   1.603888e-03   1.879623e-32   35652
  3.719249e+00   3.518521e-30   1.603516e-03   1.885210e-32   36072
  3.724653e+00   3.482225e-30   1.545362e-03   1.927591e-32   34368
  3.730119e+00   3.403181e-30   1.565390e-03   1.844943e-32   35484
  3.735586e+00   3.298230e-30   1.549559e-03   1.817044e-32   35256
  3.740941e+00   3.270051e-30   1.612995e-03   1.800855e-32   34476
  3.746410e+00   3.189146e-30   1.582486e-03   1.754976e-32   34916
  3.751834e+00   3.171440e-30   1.560509e-03   1.775353e-32   34596
  3.757263e+00   3.133402e-30   1.526486e-03   1.699576e-32   34656
  3.762714e+00   3.074811e-30   1.581266e-03   1.689787e-32   34596
  3.768200e+00   3.023742e-30   1.534004e-03   1.680506e-32   33984
  3.773562e+00   2.952386e-30   1.566114e-03   1.644339e-32   34080
  3.778963e+00   2.955297e-30   1.572881e-03   1.623916e-32   34140
  3.784487e+00   2.891459e-30   1.624544e-03   1.591172e-32   33804
  3.789951e+00   2.867651e-30   1.561511e-03   1.592507e-32   35096
  3.795448e+00   2.809666e-30   1.548108e-03   1.575819e-32   33108
  3.800788e+00   2.801720e-30   1.540015e-03   1.601575e-32   32280
  3.806205e+00   2.709199e-30   1.567716e-03   1.507654e-32   34404
  3.811718e+00   2.654108e-30   1.599739e-03   1.476648e-32   34248
  3.817250e+00   2.605746e-30   1.498979e-03   1.507538e-32   32016
  3.822674e+00   2.596321e-30   1.582258e-03   1.423861e-32   34344
  3.828141e+00   2.560402e-30   1.521407e-03   1.459768e-32   32024
  3.833419e+00   2.518567e-30   1.577025e-03   1.430693e-32   31908
  3.838903e+00   2.516945e-30   1.580344e-03   1.390249e-32   33192
  3.844404e+00   2.463526e-30   1.637429e-03   1.372505e-32   33288
  3.849795e+00   2.426846e-30   1.490950e-03   1.387614e-32   31356
  3.855259e+00   2.385798e-30   1.613715e-03   1.339365e-32   32496
  3.860695e+00   2.348950e-30   1.533804e-03   1.334031e-32   31944
  3.866002e+00   2.312130e-30   1.574956e-03   1.326226e-32   31512
  3.871427e+00   2.267747e-30   1.528683e-03   1.307564e-32   31156
  3.876990e+00   2.251129e-30   1.610722e-03   1.255099e-32   33352
  3.882440e+00   2.256086e-30   1.562321e-03   1.306371e-32   31344
  3.887945e+00   2.163707e-30   1.617631e-03   1.257057e-32   31068
  3.893365e+00   2.158142e-30   1.595427e-03   1.242265e-32   31752
  3.898694e+00   2.126874e-30   1.472715e-03   1.258961e-32   29868
  3.904158e+00   2.098683e-30   1.618311e-03   1.216608e-32   32052
  3.909662e+00   2.068217e-30   1.535519e-03   1.204287e-32   30012
  3.915037e+00   2.008218e-30   1.611064e-03   1.173245e-32   31520
  3.920567e+00   1.991914e-30   1.575150e-03   1.171198e-32   30648
  3.925929e+00   1.966479e-30   1.553739e-03   1.180002e-32   29304
  3.931379e+00   1.981683e-30   1.540483e-03   1.158674e-32   31140
  3.936935e+00   1.944476e-30   1.641115e-03   1.134080e-32   31320
  3.942387e+00   1.889965e-30   1.548803e-03   1.154075e-32   28356
  3.947754e+00   1.849428e-30   1.583135e-03   1.106766e-32   30288
  3.953106e+00   1.856997e-30   1.573376e-03   1.127746e-32   29472
  3.958489e+00   1.818161e-30   1.555320e-03   1.127311e-32   28716
  3.964046e+00   1.781471e-30   1.543510e-03   1.042898e-32   30740
  3.969538e+00   1.765610e-30   1.574261e-03   1.046279e-32   29304
  3.974923e+00   1.742695e-30   1.567890e-03   1.062067e-32   28476
  3.980403e+00   1.680223e-30   1.588107e-03   9.985251e-33   29304
  3.985849e+00   1.711064e-30   1.586252e-03   1.020604e-32   29280
  3.991362e+00   1.699352e-30   1.582091e-03   1.025126e-32   29100
  3.996850e+00   1.627481e-30   1.550996e-03   1.012149e-32   27816
  4.002128e+00   1.639540e-30   1.557957e-03   1.016553e-32   27692
  4.007580e+00   1.584524e-30   1.619992e-03   9.529626e-33   29724
  4.013138e+00   1.583286e-30   1.544165e-03   1.002076e-32   27240
  4.018514e+00   1.569579e-30   1.500820e-03   9.602898e-33   27588
  4.023894e+00   1.532071e-30   1.561808e-03   9.443413e-33   28560
  4.029394e+00   1.517804e-30   1.581785e-03   9.759910e-33   26952
  4.034839e+00   1.501591e-30   1.583665e-03   9.425587e-33   27516
  4.040261e+00   1.466078e-30   1.600351e-03   9.131611e-33   28344
  4.045759e+00   1.477871e-30   1.576275e-03   9.521969e-33   26196
  4.051072e+00   1.440002e-30   1.541569e-03   9.113073e-33   26360
  4.056519e+00   1.435222e-30   1.593665e-03   8.815578e-33   28152
  4.062017e+00   1.398684e-30   1.541184e-03   9.058205e-33   25896
  4.067403e+00   1.371242e-30   1.577942e-03   8.804248e-33   26592
  4.072863e+00   1.362167e-30   1.510771e-03   8.747841e-33   26568
  4.078361e+00   1.354198e-30   1.598680e-03   8.586084e-33   26832
  4.083715e+00   1.301500e-30   1.515874e-03   8.493343e-33   24972
  4.089266e+00   1.340598e-30   1.598351e-03   8.433815e-33   27000
  4.094669e+00   1.289195e-30   1.532450e-03   8.401086e-33   25448
  4.100056e+00   1.302504e-30   1.584391e-03   8.653919e-33   25476
  4.105587e+00   1.269177e-30   1.553105e-03   8.421079e-33   25152
  4.110933e+00   1.241928e-30   1.592180e-03   8.055825e-33   25968
  4.116439e+00   1.212961e-30   1.585064e-03   7.919801e-33   25320
  4.121936e+00   1.201275e-30   1.497338e-03   8.110834e-33   23796
  4.127194e+00   1.233553e-30   1.571596e-03   8.100501e-33   25500
  4.132663e+00   1.200182e-30   1.566138e-03   8.059076e-33   24420
  4.138205e+00   1.162068e-30   1.621058e-03   7.904039e-33   24656
  4.143555e+00   1.175277e-30   1.535877e-03   8.077423e-33   24036
  4.148982e+00   1.168004e-30   1.588370e-03   8.022907e-33   24528
  4.154373e+00   1.092632e-30   1.534446e-03   7.678455e-33   23004
  4.159821e+00   1.134978e-30   1.575770e-03   7.734111e-33   24576
  4.165293e+00   1.109014e-30   1.505141e-03   7.727895e-33   23736
  4.170760e+00   1.072747e-30   1.599171e-03   7.335332e-33   23712
  4.176262e+00   1.083859e-30   1.552705e-03   7.546771e-33   22992
  4.181681e+00   1.075211e-30   1.541976e-03   7.566316e-33   23984
  4.187096e+00   1.045258e-30   1.540203e-03   7.477809e-33   22344
  4.192540e+00   1.035953e-30   1.562907e-03   7.373187e-33   22536
  4.197951e+00   1.030749e-30   1.546870e-03   7.050066e-33   23268
  4.203353e+00   1.023006e-30   1.588651e-03   7.418117e-33   22152
  4.208799e+00   9.786915e-31   1.568712e-03   7.130759e-33   22068
  4.214381e+00   9.925115e-31   1.610904e-03   6.870280e-33   23664
  4.219765e+00   9.828474e-31   1.496014e-03   7.411738e-33   20640
  4.225141e+00   9.610933e-31   1.587688e-03   6.981405e-33   22376
  4.230687e+00   9.665951e-31   1.561479e-03   7.177301e-33   21444
  4.236032e+00   9.585313e-31   1.618016e-03   7.005605e-33   21576
  4.241470e+00   9.332233e-31   1.604143e-03   6.970549e-33   21660
  4.247060e+00   9.243624e-31   1.622088e-03   6.881985e-33   20916
  4.252463e+00   9.188781e-31   1.591059e-03   6.875998e-33   21504
  4.257831e+00   8.875892e-31   1.516262e-03   6.931307e-33   20508
  4.263333e+00   8.915364e-31   1.620094e-03   6.933152e-33   20036
  4.268738e+00   9.055275e-31   1.567896e-03   6.803548e-33   21276
  4.274208e+00   8.661012e-31   1.552204e-03   6.647345e-33   20652
  4.279668e+00   8.386017e-31   1.544650e-03   6.716072e-33   18696
  4.285116e+00   8.626324e-31   1.616732e-03   6.430241e-33   21504
  4.290573e+00   8.382393e-31   1.511985e-03   6.629776e-33   19284
  4.296019e+00   7.865231e-31   1.630585e-03   6.121530e-33   19356
  4.301432e+00   8.156465e-31   1.540949e-03   6.551328e-33   19236
  4.306795e+00   8.430241e-31   1.571095e-03   7.007905e-33   19476
  4.312272e+00   7.617254e-31   1.634853e-03   6.102139e-33   19184
  4.317835e+00   7.929253e-31   1.583822e-03   6.471980e-33   18852
  4.323254e+00   8.199457e-31   1.533201e-03   6.760004e-33   18876
  4.328571e+00   7.441279e-31   1.593847e-03   6.131839e-33   18336
  4.334078e+00   7.249383e-31   1.599281e-03   6.043839e-33   17820
  4.339614e+00   7.886475e-31   1.614145e-03   6.683750e-33   19392
  4.344985e+00   7.192281e-31   1.598282e-03   6.107611e-33   17616
  4.350318e+00   6.939026e-31   1.504639e-03   5.973296e-33   16320
  4.355861e+00   7.443329e-31   1.629545e-03   6.196754e-33   19292
  4.361241e+00   7.260557e-31   1.561011e-03   6.567785e-33   17112
  4.366853e+00   6.823514e-31   1.582117e-03   6.073229e-33   17388
  4.372327e+00   6.928106e-31   1.481209e-03   6.658280e-33   16692
  4.377488e+00   7.176199e-31   1.566835e-03   6.542144e-33   16956
  4.383124e+00   6.470583e-31   1.580304e-03   5.607371e-33   17040
  4.388630e+00   6.714096e-31   1.563733e-03   6.098421e-33   16092
  4.393862e+00   6.994753e-31   1.553118e-03   6.672762e-33   16380
  4.399428e+00   6.420685e-31   1.596421e-03   5.832762e-33   16688
  4.404886e+00   6.113763e-31   1.596956e-03   5.716930e-33   14940
  4.410242e+00   6.711265e-31   1.605748e-03   6.263423e-33   16668
  4.415795e+00   6.132169e-31   1.568026e-03   5.899836e-33   15804
  4.421181e+00   6.029724e-31   1.557131e-03   5.949972e-33   14280
  4.426622e+00   6.373315e-31   1.532886e-03   5.953962e-33   16068
  4.432054e+00   5.962563e-31   1.562272e-03   5.861077e-33   15048
  4.437457e+00   5.916893e-31   1.592183e-03   6.044452e-33   13940
  4.442869e+00   5.806692e-31   1.521708e-03   5.759835e-33   15072
  4.448295e+00   5.830574e-31   1.622238e-03   5.611763e-33   14808
  4.453669e+00   5.552574e-31   1.506280e-03   5.787458e-33   13200
  4.459194e+00   5.514542e-31   1.595625e-03   5.416788e-33   15156
  4.464724e+00   5.775610e-31   1.556013e-03   6.248061e-33   13788
  4.470151e+00   5.400973e-31   1.533533e-03   5.947894e-33   13608
  4.475573e+00   5.139687e-31   1.461946e-03   5.281673e-33   13224
  4.480979e+00   5.591392e-31   1.576198e-03   6.191771e-33   13320
  4.486355e+00   5.201794e-31   1.554184e-03   5.612670e-33   13220
  4.491886e+00   4.800537e-31   1.570846e-03   4.976133e-33   12984
  4.497444e+00   5.131407e-31   1.589998e-03   5.695573e-33   12780
  4.502691e+00   4.772744e-31   1.504822e-03   5.448042e-33   12360
  4.508225e+00   4.844417e-31   1.583198e-03   5.225765e-33   12480
  4.513746e+00   4.793338e-31   1.537784e-03   5.489749e-33   11892
  4.519015e+00   4.619987e-31   1.594395e-03   5.042688e-33   12192
  4.524529e+00   4.560157e-31   1.563074e-03   5.029270e-33   11328
  4.530016e+00   4.283295e-31   1.657530e-03   4.760908e-33   12020
  4.535376e+00   4.470374e-31   1.523948e-03   5.411227e-33   11052
  4.540948e+00   4.032701e-31   1.618906e-03   4.537400e-33   11304
  4.546169e+00   3.960087e-31   1.489624e-03   4.753935e-33   10368
  4.551511e+00   3.910662e-31   1.550098e-03   4.366308e-33   10899
  4.557146e+00   3.954700e-31   1.554021e-03   4.637976e-33   10752
  4.562496e+00   3.762234e-31   1.559799e-03   4.276822e-33   10446
  4.568012e+00   3.744987e-31   1.535197e-03   4.058201e-33   10092
  4.573476e+00   3.575577e-31   1.555534e-03   4.014930e-33   10220
  4.578755e+00   3.712685e-31   1.523556e-03   4.436053e-33   9636
  4.584373e+00   3.428882e-31   1.567355e-03   3.714114e-33   10020
  4.589883e+00   3.323005e-31   1.628387e-03   3.979316e-33   9906
  4.595217e+00   3.338892e-31   1.510439e-03   3.944518e-33   8940
  4.600749e+00   3.285665e-31   1.531752e-03   3.740623e-33   9558
  4.606151e+00   3.302782e-31   1.668091e-03   3.884796e-33   9180
  4.611496e+00   3.223171e-31   1.596941e-03   3.873495e-33   8674
  4.617087e+00   3.067438e-31   1.587385e-03   3.612155e-33   9454
  4.622489e+00   2.948707e-31   1.631486e-03   3.455316e-33   8316
  4.627854e+00   2.959779e-31   1.608919e-03   3.472328e-33   8622
  4.633459e+00   2.937088e-31   1.597569e-03   3.345077e-33   9006
  4.638817e+00   2.748666e-31   1.610282e-03   3.417179e-33   7698
  4.644188e+00   2.875864e-31   1.545067e-03   3.411248e-33   8406
  4.649796e+00   2.732854e-31   1.648676e-03   3.232804e-33   8646
  4.655134e+00   2.705678e-31   1.566555e-03   3.553039e-33   7014
  4.660482e+00   2.688352e-31   1.557241e-03   3.145857e-33   8510
  4.666168e+00   2.635637e-31   1.641235e-03   3.136677e-33   7890
  4.671505e+00   2.447026e-31   1.574407e-03   3.152508e-33   6966
  4.676764e+00   2.555526e-31   1.504915e-03   3.002197e-33   7902
  4.682374e+00   2.438884e-31   1.641329e-03   2.909854e-33   7278
  4.687828e+00   2.311593e-31   1.612380e-03   2.801759e-33   7338
  4.693196e+00   2.384059e-31   1.493392e-03   3.012821e-33   7254
  4.698697e+00   2.441578e-31   1.608386e-03   3.171417e-33   6678
  4.704032e+00   2.341915e-31   1.606870e-03   3.011816e-33   7286
  4.709691e+00   2.425855e-31   1.589718e-03   3.116391e-33   7200
  4.715313e+00   2.299083e-31   1.543001e-03   3.127007e-33   6234
  4.720293e+00   2.146375e-31   1.546551e-03   2.786339e-33   6630
  4.725937e+00   2.201559e-31   1.594739e-03   2.909251e-33   6822
  4.731533e+00   2.096878e-31   1.502372e-03   2.786146e-33   6078
  4.736631e+00   2.103134e-31   1.597130e-03   2.678011e-33   6528
  4.742272e+00   2.228191e-31   1.526400e-03   2.930997e-33   6034
  4.747672e+00   1.943988e-31   1.563107e-03   2.500722e-33   6190
  4.753036e+00   2.047247e-31   1.605909e-03   2.698521e-33   6270
  4.758704e+00   2.044333e-31   1.444203e-03   2.919956e-33   5520
  4.763890e+00   1.803330e-31   1.616958e-03   2.272533e-33   6126
  4.769317e+00   1.988236e-31   1.511987e-03   2.662883e-33   5562
  4.775011e+00   1.880204e-31   1.511880e-03   2.497257e-33   5790
  4.780175e+00   1.777680e-31   1.547880e-03   2.388789e-33   5496
  4.785646e+00   1.902754e-31   1.559064e-03   2.639500e-33   5262
  4.791216e+00   1.771213e-31   1.535486e-03   2.472255e-33   5774
  4.796542e+00   1.846584e-31   1.521126e-03   2.597876e-33   5124
  4.802154e+00   1.780790e-31   1.525856e-03   2.653906e-33   5070
  4.807432e+00   1.757527e-31   1.588341e-03   2.385696e-33   5430
  4.812826e+00   1.736411e-31   1.483666e-03   2.602524e-33   4680
  4.818540e+00   1.677320e-31   1.536582e-03   2.330875e-33   5370
  4.823790e+00   1.613901e-31   1.468016e-03   2.372544e-33   4638
  4.829137e+00   1.635440e-31   1.543205e-03   2.486954e-33   4536
  4.834713e+00   1.520488e-31   1.545277e-03   2.112647e-33   5222
  4.840070e+00   1.562999e-31   1.418031e-03   2.254677e-33   4254
  4.845561e+00   1.579227e-31   1.563113e-03   2.294700e-33   4548
  4.850865e+00   1.500285e-31   1.515896e-03   2.129935e-33   4638
  4.856279e+00   1.550303e-31   1.496620e-03   2.399856e-33   4176
  4.861899e+00   1.525802e-31   1.501804e-03   2.315154e-33   4518
  4.867234e+00   1.415353e-31   1.513137e-03   2.063735e-33   4278
  4.872549e+00   1.441516e-31   1.464028e-03   2.360495e-33   3732
  4.877994e+00   1.413226e-31   1.546653e-03   2.224108e-33   4502
  4.883481e+00   1.367934e-31   1.503470e-03   2.224890e-33   3984
  4.889020e+00   1.397886e-31   1.557569e-03   2.160625e-33   3726
  4.894174e+00   1.321973e-31   1.501292e-03   1.986262e-33   4014
  4.899605e+00   1.397503e-31   1.574381e-03   2.122374e-33   3756
  4.905398e+00   1.289249e-31   1.580112e-03   2.000283e-33   3894
  4.910659e+00   1.281887e-31   1.546203e-03   2.048178e-33   3744
  4.915968e+00   1.367062e-31   1.571823e-03   2.328607e-33   3174
  4.921505e+00   1.249209e-31   1.608835e-03   1.863090e-33   3968
  4.926991e+00   1.225370e-31   1.622395e-03   2.033046e-33   3522
  4.932722e+00   1.281274e-31   1.666295e-03   2.191058e-33   3198
  4.937920e+00   1.201189e-31   1.632144e-03   1.875998e-33   3648
  4.943345e+00   1.247265e-31   1.659133e-03   2.195969e-33   3054
  4.949062e+00   1.184147e-31   1.560433e-03   1.981583e-33   3312
  4.954266e+00   1.135585e-31   1.648372e-03   1.834472e-33   3354
  4.959775e+00   1.142690e-31   1.630010e-03   2.090643e-33   2624
  4.965165e+00   1.130576e-31   1.590230e-03   1.867626e-33   3462
  4.970648e+00   1.168699e-31   1.658767e-03   2.129219e-33   2976
  4.976433e+00   1.153601e-31   1.570247e-03   2.067572e-33   2670
  4.981450e+00   1.076738e-31   1.634562e-03   1.871294e-33   3186
  4.986828e+00   1.073612e-31   1.526978e-03   2.095826e-33   2376
  4.992553e+00   1.046086e-31   1.609692e-03   1.803147e-33   3102
  4.997840e+00   1.055350e-31   1.575648e-03   1.979167e-33   2688
  5.003337e+00   1.034056e-31   1.643829e-03   2.112348e-33   2286
  5.008726e+00   1.010437e-31   1.585579e-03   1.758791e-33   3020
  5.014174e+00   1.039203e-31   1.510259e-03   2.114418e-33   2310
  5.019958e+00   1.044861e-31   1.669065e-03   1.978270e-33   2544
  5.025112e+00   9.785174e-32   1.556079e-03   1.874570e-33   2526
  5.030503e+00   1.068459e-31   1.598055e-03   2.163729e-33   2112
  5.036149e+00   9.866935e-32   1.535784e-03   1.898625e-33   2538
  5.041490e+00   9.600274e-32   1.597743e-03   1.805234e-33   2304
  5.046925e+00   9.841120e-32   1.576461e-03   2.109586e-33   1902
  5.052197e+00   8.718708e-32   1.506026e-03   1.668224e-33   2408
  5.057655e+00   9.305825e-32   1.588655e-03   1.863610e-33   2094
  5.063468e+00   9.509455e-32   1.618622e-03   1.966023e-33   2028
  5.068570e+00   9.381712e-32   1.535323e-03   1.993439e-33   2094
  5.073985e+00   8.900699e-32   1.674958e-03   2.082621e-33   1920
  5.079736e+00   8.645788e-32   1.412176e-03   1.843623e-33   1926
  5.084997e+00   8.520501e-32   1.648354e-03   1.841594e-33   2088
  5.090349e+00   8.928959e-32   1.445979e-03   2.128157e-33   1434
  5.095727e+00   8.307278e-32   1.528869e-03   1.833114e-33   2048
  5.101055e+00   8.280012e-32   1.524439e-03   1.916203e-33   1758
  5.106921e+00   8.682769e-32   1.681850e-03   1.980735e-33   1584
  5.112297e+00   7.984796e-32   1.666289e-03   1.713858e-33   1998
  5.117737e+00   8.621024e-32   1.517710e-03   2.175778e-33   1428
  5.123436e+00   8.167119e-32   1.270388e-03   1.968234e-33   1488
  5.128415e+00   8.276692e-32   1.618345e-03   1.746405e-33   1806
  5.133668e+00   8.905054e-32   1.473287e-03   2.635942e-33   1040
  5.139281e+00   7.539109e-32   1.543732e-03   1.796438e-33   1782
  5.144417e+00   7.691243e-32   1.459353e-03   1.905300e-33   1428
  5.150558e+00   7.802011e-32   1.752291e-03   2.041615e-33   1206
  5.155754e+00   7.872766e-32   1.628015e-03   1.830843e-33   1728
  5.160990e+00   6.907057e-32   1.525739e-03   1.963539e-33   1038
  5.167027e+00   7.436946e-32   1.237946e-03   1.977658e-33   1248
  5.171798e+00   7.904330e-32   1.578785e-03   1.929004e-33   1530
  5.177034e+00   7.657629e-32   1.447012e-03   2.766395e-33   656
  5.182884e+00   6.936183e-32   1.622270e-03   1.479731e-33   1662
  5.187826e+00   7.396897e-32   1.343030e-03   2.279528e-33   1008
  5.194344e+00   7.571096e-32   1.783380e-03   2.152993e-33   960
  5.199238e+00   6.658182e-32   1.533522e-03   1.581843e-33   1458
  5.204352e+00   7.427549e-32   1.515264e-03   2.676261e-33   672
  5.210626e+00   6.770457e-32   1.187605e-03   2.024949e-33   1062
  5.215066e+00   6.587157e-32   1.540654e-03   1.813928e-33   1224
  5.220385e+00   7.521395e-32   1.345767e-03   3.513069e-33   374
  5.226378e+00   6.697537e-32   1.617607e-03   1.538971e-33   1512
  5.231226e+00   7.124914e-32   1.355537e-03   2.378874e-33   666
  5.238164e+00   6.793083e-32   1.657312e-03   2.295470e-33   720
  5.242515e+00   6.625628e-32   1.484148e-03   1.690177e-33   1224
  5.247863e+00   6.852673e-32   1.475424e-03   3.060263e-33   390
  5.254263e+00   6.509334e-32   1.097036e-03   2.060353e-33   936
  5.258334e+00   7.016950e-32   1.565258e-03   2.023830e-33   882
  5.264148e+00   6.657835e-32   1.528292e-03   3.844225e-33   216
  5.269800e+00   6.175744e-32   1.517469e-03   1.547431e-33   1286
  5.274591e+00   7.080373e-32   1.267641e-03   3.075215e-33   384
  5.281913e+00   5.920978e-32   1.595845e-03   2.284020e-33   576
  5.285704e+00   6.189817e-32   1.430314e-03   1.817529e-33   930
  5.291130e+00   6.654160e-32   1.405067e-03   3.719025e-33   216
  5.298050e+00   5.740275e-32   1.127871e-03   1.847602e-33   918
  5.302037e+00   6.076824e-32   1.519148e-03   3.002655e-33   480
  5.307441e+00   8.722456e-32   1.280066e-03   7.704693e-33   78
  5.313052e+00   6.187091e-32   1.383681e-03   1.773606e-33   1052
  5.318233e+00   6.771815e-32   1.611134e-03   3.602259e-33   240
  5.326163e+00   5.717697e-32   5.882336e-04   2.480900e-33   438
  5.328872e+00   6.455966e-32   1.360971e-03   2.623155e-33   648
  5.333924e+00   9.159843e-32   1.123687e-03   8.004211e-33   78
  5.341457e+00   5.278724e-32   9.804401e-04   1.699007e-33   780
  5.345244e+00   5.717589e-32   1.368055e-03   3.261609e-33   240
  5.349910e+00   7.354806e-32   0.000000e+00   1.026518e-32   6
  5.356198e+00   5.866679e-32   1.253222e-03   1.864577e-33   824
  5.360748e+00   7.427753e-32   9.688384e-04   7.634884e-33   78
  5.369722e+00   4.800463e-32   5.065474e-04   1.929810e-33   432
  5.372065e+00   6.403222e-32   1.225115e-03   3.320622e-33   348
  5.376527e+00   9.912511e-32   0.000000e+00   4.861120e-32   6
  5.384681e+00   5.949488e-32   8.661160e-04   2.092142e-33   600
  5.387907e+00   6.413968e-32   8.155581e-04   5.348276e-33   78
  5.399271e+00   5.166616e-32   1.072115e-03   1.846207e-33   572
  5.403481e+00   5.901313e-32   0.000000e+00   2.773524e-32   6
  5.413189e+00   6.187892e-32   5.033701e-04   3.125338e-33   384
  5.415134e+00   6.652399e-32   7.482049e-04   4.526503e-33   102
  5.427858e+00   5.474069e-32   7.359585e-04   2.472335e-33   396
  5.430766e+00   3.319604e-32   0.000000e+00   5.188916e-33   6
  5.442225e+00   4.793631e-32   6.658608e-04   2.684708e-33   326
  5.456526e+00   4.775177e-32   4.630285e-04   2.859621e-33   252
  5.458378e+00   1.210392e-31   0.000000e+00   4.403483e-32   6
  5.470933e+00   5.311200e-32   4.213345e-04   3.433747e-33   198
  5.485317e+00   5.894002e-32   3.214857e-04   5.072265e-33   146
  5.499721e+00   6.351456e-32   2.359708e-04   5.837938e-33   102
  5.514144e+00   4.417254e-32   1.639936e-04   4.349295e-33   66
  5.528587e+00   4.437716e-32   1.041522e-04   5.262654e-33   38
  5.543047e+00   4.982574e-32   5.371851e-05   9.108251e-33   18
  5.557519e+00   9.117683e-32   5.754450e-08   1.602297e-32   6
