# power spectrum of chi
# redshift z=0.000000
# k              Pk             sigma(k)       sigma(Pk)      count
  2.513274e-02   1.417814e-21   2.247832e-10   5.399944e-22   6
  3.554306e-02   5.336638e-21   0.000000e+00   1.500415e-21   12
  4.353118e-02   3.155522e-21   4.768372e-10   1.747870e-21   8
  5.026548e-02   2.602282e-21   4.495664e-10   1.200017e-21   6
  5.619852e-02   2.057165e-21   8.991328e-10   4.348834e-22   24
  6.156239e-02   2.333224e-21   6.357829e-10   4.222101e-22   24
  7.416620e-02   2.057395e-21   1.948007e-03   2.813818e-22   42
  7.947671e-02   9.563387e-22   0.000000e+00   1.763259e-22   24
  8.335587e-02   1.032574e-21   1.557344e-09   2.085689e-22   24
  8.972863e-02   8.732748e-22   1.539368e-03   1.760729e-22   32
  9.403811e-02   9.581037e-22   0.000000e+00   1.228359e-22   48
  1.005310e-01   3.514057e-22   8.991328e-10   1.523593e-22   6
  1.049125e-01   5.081410e-22   1.486715e-03   6.292770e-23   84
  1.109741e-01   5.042037e-22   1.422978e-03   5.191858e-23   48
  1.160761e-01   4.385006e-22   1.277655e-03   4.500267e-23   72
  1.231248e-01   1.917059e-22   1.271566e-09   3.285508e-23   24
  1.274204e-01   3.193468e-22   1.133933e-03   3.018338e-23   102
  1.338823e-01   2.428805e-22   2.192492e-03   2.386293e-23   104
  1.376577e-01   2.637794e-22   0.000000e+00   3.445413e-23   48
  1.450967e-01   2.092979e-22   1.454852e-03   1.771939e-23   108
  1.494985e-01   2.545408e-22   1.026108e-03   2.733345e-23   78
  1.544156e-01   1.858434e-22   8.885963e-04   1.819508e-23   96
  1.612033e-01   1.666744e-22   1.252396e-03   1.094877e-23   168
  1.674610e-01   1.758265e-22   1.514588e-03   1.402607e-23   120
  1.704585e-01   1.201690e-22   0.000000e+00   1.576204e-23   48
  1.775076e-01   1.306012e-22   1.466362e-03   8.522526e-24   194
  1.836114e-01   1.215019e-22   1.199745e-03   8.414362e-24   192
  1.889121e-01   1.412867e-22   8.359107e-04   1.139309e-23   96
  1.926375e-01   9.009978e-23   7.114371e-04   8.723151e-24   96
  1.973415e-01   8.462411e-23   1.049518e-03   6.398889e-24   174
  2.036605e-01   7.980119e-23   1.032544e-03   5.817150e-24   216
  2.087655e-01   9.867624e-23   1.069752e-03   6.178796e-24   192
  2.153360e-01   7.087398e-23   1.134051e-03   4.438560e-24   204
  2.199701e-01   7.669428e-23   1.553116e-03   4.258808e-24   224
  2.263855e-01   5.975731e-23   8.767448e-04   4.032284e-24   174
  2.313653e-01   6.673809e-23   1.685384e-03   3.696112e-24   288
  2.375440e-01   5.647377e-23   8.296829e-04   2.972097e-24   288
  2.423661e-01   4.233188e-23   1.600294e-03   2.964370e-24   192
  2.486778e-01   4.989762e-23   1.171093e-03   2.787391e-24   252
  2.526714e-01   4.345230e-23   6.978544e-04   2.778557e-24   246
  2.580960e-01   4.588120e-23   1.324197e-03   2.488530e-24   312
  2.629351e-01   4.281510e-23   8.554600e-04   2.532775e-24   248
  2.695776e-01   4.626662e-23   1.809641e-03   2.015052e-24   432
  2.749286e-01   3.605592e-23   1.515534e-03   2.527615e-24   198
  2.802165e-01   4.454165e-23   1.832967e-03   2.016455e-24   456
  2.863920e-01   4.080496e-23   1.069655e-03   2.022178e-24   324
  2.907627e-01   3.528558e-23   1.266356e-03   1.873193e-24   312
  2.961810e-01   3.734376e-23   1.588477e-03   1.813231e-24   408
  3.029220e-01   2.838025e-23   1.466968e-03   1.265644e-24   414
  3.075580e-01   3.471432e-23   1.269406e-03   1.605239e-24   392
  3.123025e-01   2.690214e-23   1.430245e-03   1.305529e-24   408
  3.185470e-01   2.789068e-23   1.518117e-03   1.130281e-24   444
  3.232898e-01   2.696200e-23   1.227263e-03   1.464729e-24   360
  3.293455e-01   2.633595e-23   1.684453e-03   8.989354e-25   678
  3.357501e-01   2.707045e-23   1.079705e-03   1.346322e-24   360
  3.406722e-01   2.462103e-23   1.778081e-03   9.042789e-25   648
  3.453647e-01   2.565481e-23   8.217968e-04   1.237957e-24   288
  3.513418e-01   2.472126e-23   1.531028e-03   9.533873e-25   686
  3.569625e-01   2.411311e-23   1.138289e-03   9.777223e-25   444
  3.620452e-01   2.301564e-23   1.580989e-03   8.149375e-25   696
  3.671010e-01   2.387041e-23   1.502020e-03   1.054365e-24   408
  3.725872e-01   2.207568e-23   1.554025e-03   7.926921e-25   648
  3.782992e-01   2.077474e-23   1.360625e-03   7.732512e-25   582
  3.833918e-01   2.210979e-23   1.703041e-03   7.190906e-25   744
  3.890113e-01   1.996333e-23   1.700144e-03   8.011058e-25   516
  3.941882e-01   2.015046e-23   1.645265e-03   7.113068e-25   728
  3.989676e-01   1.884432e-23   1.363195e-03   8.208756e-25   558
  4.047392e-01   1.819095e-23   1.374231e-03   5.744030e-25   768
  4.109960e-01   1.825176e-23   1.593026e-03   5.360177e-25   960
  4.164620e-01   1.906383e-23   1.114439e-03   7.221226e-25   576
  4.217163e-01   1.746152e-23   1.808947e-03   5.950513e-25   816
  4.273742e-01   1.884358e-23   1.395616e-03   6.779330e-25   666
  4.323421e-01   1.751862e-23   1.636664e-03   5.251027e-25   960
  4.382783e-01   1.656559e-23   1.614107e-03   5.152469e-25   824
  4.440386e-01   1.614941e-23   1.777416e-03   4.886530e-25   936
  4.493430e-01   1.564931e-23   1.321819e-03   5.763437e-25   624
  4.542288e-01   1.446008e-23   1.556102e-03   4.132693e-25   1062
  4.599003e-01   1.614151e-23   1.695132e-03   5.179015e-25   732
  4.648741e-01   1.561286e-23   1.470856e-03   4.373073e-25   1080
  4.708074e-01   1.562710e-23   1.603534e-03   4.640382e-25   936
  4.761732e-01   1.552283e-23   1.731990e-03   5.010970e-25   878
  4.818260e-01   1.503483e-23   1.755225e-03   4.133628e-25   1152
  4.870749e-01   1.512896e-23   1.356663e-03   4.164175e-25   1056
  4.926568e-01   1.544223e-23   1.602363e-03   5.042995e-25   864
  4.976423e-01   1.377834e-23   1.565217e-03   4.014181e-25   1092
  5.036015e-01   1.465001e-23   1.653531e-03   3.963909e-25   1206
  5.092782e-01   1.463320e-23   1.678014e-03   3.894014e-25   1248
  5.145213e-01   1.381679e-23   1.137149e-03   4.395513e-25   864
  5.191890e-01   1.377615e-23   1.180642e-03   3.642759e-25   1152
  5.252742e-01   1.231269e-23   1.757644e-03   3.046893e-25   1382
  5.312134e-01   1.388234e-23   1.566451e-03   3.867166e-25   1188
  5.364142e-01   1.246082e-23   1.659855e-03   3.272953e-25   1248
  5.413249e-01   1.192530e-23   1.574532e-03   3.067323e-25   1152
  5.467138e-01   1.248961e-23   1.729118e-03   3.299207e-25   1320
  5.526917e-01   1.216382e-23   1.146028e-03   3.289264e-25   1206
  5.576517e-01   1.264052e-23   1.665023e-03   2.972725e-25   1560
  5.635439e-01   1.185034e-23   1.549958e-03   3.235837e-25   1280
  5.685850e-01   1.178207e-23   1.560520e-03   3.010881e-25   1308
  5.741001e-01   1.177316e-23   1.566129e-03   2.814051e-25   1512
  5.795940e-01   1.199705e-23   1.277777e-03   2.995704e-25   1350
  5.852552e-01   1.146958e-23   1.688249e-03   2.558720e-25   1608
  5.900948e-01   1.238995e-23   1.451867e-03   3.174476e-25   1320
  5.957309e-01   1.079255e-23   1.748946e-03   2.336888e-25   1656
  6.008045e-01   1.117615e-23   1.374965e-03   2.904148e-25   1254
  6.066730e-01   1.122072e-23   1.569270e-03   2.484729e-25   1932
  6.122044e-01   1.061653e-23   1.409199e-03   2.424539e-25   1640
  6.176544e-01   1.073024e-23   1.462843e-03   2.670080e-25   1488
  6.227944e-01   1.076209e-23   1.414095e-03   2.539154e-25   1560
  6.286404e-01   1.103981e-23   1.698486e-03   2.250805e-25   2046
  6.340669e-01   1.013608e-23   1.523538e-03   2.372354e-25   1512
  6.393232e-01   1.021580e-23   1.516165e-03   2.315956e-25   1764
  6.445652e-01   1.019195e-23   1.511671e-03   2.246728e-25   1776
  6.499746e-01   1.007329e-23   1.817211e-03   2.326902e-25   1704
  6.557781e-01   9.842302e-24   1.779589e-03   2.066495e-25   2126
  6.610046e-01   9.622354e-24   1.236245e-03   2.190579e-25   1632
  6.662499e-01   1.026638e-23   1.646884e-03   2.069031e-25   2064
  6.715382e-01   9.534967e-24   1.357901e-03   2.262306e-25   1680
  6.772924e-01   9.918607e-24   1.523137e-03   1.954183e-25   2154
  6.826481e-01   9.521632e-24   1.541852e-03   1.858679e-25   2016
  6.884154e-01   9.797928e-24   1.692697e-03   1.866301e-25   2304
  6.937001e-01   9.678199e-24   1.347609e-03   2.152562e-25   1680
  6.991903e-01   9.432265e-24   1.561166e-03   1.814909e-25   2432
  7.046941e-01   8.567942e-24   1.538311e-03   1.688500e-25   1902
  7.101567e-01   9.114348e-24   1.581895e-03   1.761994e-25   2292
  7.150285e-01   8.977161e-24   1.252979e-03   1.782042e-25   1992
  7.208092e-01   8.765052e-24   1.606146e-03   1.614466e-25   2568
  7.263678e-01   8.950510e-24   1.402295e-03   1.795520e-25   1806
  7.319849e-01   8.849544e-24   1.724889e-03   1.408023e-25   3000
  7.376724e-01   8.605479e-24   1.569594e-03   1.759218e-25   2016
  7.424201e-01   8.312157e-24   1.465108e-03   1.652024e-25   2168
  7.478330e-01   8.334528e-24   1.496073e-03   1.550774e-25   2412
  7.534914e-01   8.235691e-24   1.636470e-03   1.469688e-25   2550
  7.589365e-01   8.104510e-24   1.624710e-03   1.479409e-25   2592
  7.646194e-01   8.211271e-24   1.496749e-03   1.558455e-25   2496
  7.700227e-01   8.084236e-24   1.655767e-03   1.371620e-25   2688
  7.754124e-01   8.248626e-24   1.430386e-03   1.464406e-25   2424
  7.810929e-01   8.016394e-24   1.312547e-03   1.409575e-25   2634
  7.862125e-01   8.142370e-24   1.574459e-03   1.438271e-25   2552
  7.913127e-01   7.902720e-24   1.651778e-03   1.347948e-25   2832
  7.969736e-01   7.765129e-24   1.568612e-03   1.416519e-25   2424
  8.025554e-01   7.623871e-24   1.740010e-03   1.220935e-25   3198
  8.077809e-01   7.607485e-24   1.388970e-03   1.388630e-25   2400
  8.133203e-01   7.430104e-24   1.597724e-03   1.175666e-25   3336
  8.190443e-01   7.488258e-24   1.344782e-03   1.421182e-25   2508
  8.240739e-01   7.506295e-24   1.620807e-03   1.248899e-25   3104
  8.299549e-01   7.197891e-24   1.630675e-03   1.237528e-25   2934
  8.352548e-01   7.359640e-24   1.499159e-03   1.202183e-25   3120
  8.410021e-01   7.201734e-24   1.672615e-03   1.136623e-25   3288
  8.462971e-01   7.122819e-24   1.408091e-03   1.186220e-25   2808
  8.517341e-01   7.074809e-24   1.767149e-03   1.205664e-25   2988
  8.572072e-01   7.215525e-24   1.617824e-03   1.121853e-25   3486
  8.625080e-01   7.051470e-24   1.531395e-03   1.150442e-25   3000
  8.676262e-01   7.030034e-24   1.332104e-03   1.143177e-25   3024
  8.733607e-01   6.793213e-24   1.466916e-03   1.050239e-25   3584
  8.791129e-01   7.070058e-24   1.571450e-03   1.114274e-25   3486
  8.844786e-01   6.839826e-24   1.415254e-03   1.061053e-25   3120
  8.897252e-01   6.803945e-24   1.397521e-03   1.023352e-25   3396
  8.950216e-01   6.528510e-24   1.596634e-03   1.011590e-25   3552
  9.006758e-01   6.726642e-24   1.536565e-03   1.013410e-25   3384
  9.062646e-01   6.397456e-24   1.564378e-03   9.635574e-26   3726
  9.115861e-01   6.285950e-24   1.516080e-03   9.986132e-26   3344
  9.166417e-01   6.351044e-24   1.557833e-03   9.490098e-26   3744
  9.224231e-01   6.412219e-24   1.516451e-03   9.532838e-26   3540
  9.278433e-01   6.151362e-24   1.609838e-03   9.117597e-26   3822
  9.335305e-01   6.290351e-24   1.580500e-03   9.234565e-26   4056
  9.387066e-01   6.208039e-24   1.452506e-03   9.780101e-26   3288
  9.441340e-01   6.230324e-24   1.677753e-03   9.068024e-26   4056
  9.494626e-01   5.871831e-24   1.536843e-03   8.591675e-26   3984
  9.552959e-01   5.818866e-24   1.413015e-03   9.058094e-26   3662
  9.602370e-01   5.856937e-24   1.541776e-03   8.946124e-26   3828
  9.658108e-01   5.859815e-24   1.742991e-03   7.881627e-26   4632
  9.713679e-01   5.946867e-24   1.345609e-03   8.995955e-26   3600
  9.769230e-01   5.778455e-24   1.597718e-03   7.882207e-26   4320
  9.821794e-01   5.840215e-24   1.253511e-03   8.593453e-26   3918
  9.874859e-01   5.542650e-24   1.442268e-03   7.917052e-26   4200
  9.928210e-01   5.557138e-24   1.636673e-03   7.649181e-26   4188
  9.983519e-01   5.508799e-24   1.662286e-03   7.415325e-26   4360
  1.003968e+00   5.454662e-24   1.662160e-03   7.597763e-26   4582
  1.009399e+00   5.384999e-24   1.477494e-03   7.629890e-26   4128
  1.014920e+00   5.246287e-24   1.587216e-03   7.079540e-26   4752
  1.020120e+00   5.188133e-24   1.461112e-03   7.280087e-26   4176
  1.025775e+00   5.140107e-24   1.680085e-03   6.839637e-26   4848
  1.031437e+00   5.254272e-24   1.459747e-03   7.356013e-26   4338
  1.036771e+00   5.316797e-24   1.593174e-03   6.648068e-26   5160
  1.042045e+00   5.267025e-24   1.291598e-03   7.380904e-26   4008
  1.047767e+00   5.099197e-24   1.707442e-03   6.261463e-26   5360
  1.053032e+00   5.059659e-24   1.588217e-03   6.991883e-26   4110
  1.058510e+00   5.110407e-24   1.701535e-03   6.334033e-26   5424
  1.063733e+00   5.043123e-24   1.454921e-03   7.166994e-26   4140
  1.069227e+00   4.988354e-24   1.625576e-03   6.150276e-26   5664
  1.074866e+00   5.041584e-24   1.412853e-03   6.729922e-26   4632
  1.080236e+00   4.824847e-24   1.490235e-03   6.240941e-26   4902
  1.085555e+00   4.647198e-24   1.592485e-03   6.057647e-26   5072
  1.090999e+00   4.809251e-24   1.501653e-03   5.978202e-26   5472
  1.096387e+00   4.744577e-24   1.526101e-03   6.052607e-26   4704
  1.101916e+00   4.504404e-24   1.676374e-03   5.537222e-26   5436
  1.107545e+00   4.620299e-24   1.596128e-03   5.596975e-26   5646
  1.112664e+00   4.563019e-24   1.428200e-03   6.172890e-26   4512
  1.118112e+00   4.414049e-24   1.824161e-03   5.334186e-26   6120
  1.123729e+00   4.449297e-24   1.411269e-03   5.736224e-26   5112
  1.129131e+00   4.425504e-24   1.667779e-03   5.427745e-26   5606
  1.134567e+00   4.497341e-24   1.554272e-03   5.628825e-26   5328
  1.139989e+00   4.592243e-24   1.565953e-03   5.452553e-26   5964
  1.145435e+00   4.340159e-24   1.590472e-03   5.294767e-26   5448
  1.150957e+00   4.238168e-24   1.628706e-03   5.147082e-26   5904
  1.156600e+00   4.386516e-24   1.600579e-03   5.321868e-26   5598
  1.161806e+00   4.252468e-24   1.501909e-03   4.987061e-26   5952
  1.167187e+00   4.107545e-24   1.643126e-03   4.789261e-26   5688
  1.172631e+00   4.092567e-24   1.575513e-03   4.752801e-26   5876
  1.177964e+00   4.191686e-24   1.536673e-03   5.090799e-26   5784
  1.183501e+00   4.064214e-24   1.532901e-03   4.692396e-26   6462
  1.189054e+00   4.054975e-24   1.653348e-03   5.018616e-26   5688
  1.194197e+00   3.978518e-24   1.525430e-03   4.516940e-26   6408
  1.199756e+00   3.967244e-24   1.574800e-03   4.720134e-26   6000
  1.205422e+00   3.989603e-24   1.694655e-03   4.447796e-26   6582
  1.211021e+00   3.870330e-24   1.612876e-03   4.352985e-26   6564
  1.216263e+00   3.742973e-24   1.422140e-03   4.365877e-26   6048
  1.221699e+00   3.777149e-24   1.629773e-03   4.325264e-26   6512
  1.227397e+00   3.678489e-24   1.620133e-03   3.993975e-26   6816
  1.232850e+00   3.855254e-24   1.416896e-03   4.388061e-26   6222
  1.237968e+00   3.743003e-24   1.476334e-03   4.264708e-26   6432
  1.243434e+00   3.755137e-24   1.553938e-03   4.230977e-26   6804
  1.248868e+00   3.740679e-24   1.464733e-03   4.275484e-26   6432
  1.254187e+00   3.663653e-24   1.722345e-03   3.976899e-26   6846
  1.259590e+00   3.654062e-24   1.572729e-03   4.133318e-26   6424
  1.264755e+00   3.570981e-24   1.411534e-03   3.928154e-26   6952
  1.270430e+00   3.568223e-24   1.700917e-03   3.665955e-26   7560
  1.276003e+00   3.547395e-24   1.461590e-03   3.988135e-26   6648
  1.281750e+00   3.470109e-24   1.606071e-03   3.669187e-26   7578
  1.286810e+00   3.522739e-24   1.450151e-03   4.048982e-26   6552
  1.292277e+00   3.408123e-24   1.596662e-03   3.672516e-26   7536
  1.297851e+00   3.321138e-24   1.461180e-03   3.548835e-26   7272
  1.303277e+00   3.374090e-24   1.556497e-03   3.737558e-26   6936
  1.308485e+00   3.356774e-24   1.596343e-03   3.646758e-26   7430
  1.314120e+00   3.276061e-24   1.672052e-03   3.480554e-26   7644
  1.319350e+00   3.287379e-24   1.489238e-03   3.462435e-26   7248
  1.325034e+00   3.170990e-24   1.703671e-03   3.297853e-26   8232
  1.330590e+00   3.227553e-24   1.553617e-03   3.629300e-26   7038
  1.335931e+00   3.201195e-24   1.510189e-03   3.277812e-26   7824
  1.341174e+00   3.120842e-24   1.590763e-03   3.260124e-26   7752
  1.346585e+00   3.178042e-24   1.605043e-03   3.302255e-26   7480
  1.352208e+00   3.080283e-24   1.618933e-03   3.017100e-26   8404
  1.357671e+00   3.046234e-24   1.503855e-03   3.165108e-26   7614
  1.362913e+00   3.111638e-24   1.575108e-03   3.283517e-26   7776
  1.368188e+00   2.956579e-24   1.502776e-03   3.029818e-26   7944
  1.373702e+00   2.950712e-24   1.562607e-03   3.020192e-26   8424
  1.379142e+00   2.864750e-24   1.533354e-03   2.979420e-26   7872
  1.384762e+00   2.959089e-24   1.540830e-03   2.990286e-26   8658
  1.390152e+00   2.802768e-24   1.537871e-03   2.820624e-26   8352
  1.395701e+00   2.784959e-24   1.544872e-03   2.817077e-26   8648
  1.400946e+00   2.896191e-24   1.463868e-03   3.014588e-26   7680
  1.406459e+00   2.814760e-24   1.524971e-03   2.826617e-26   8646
  1.411581e+00   2.782618e-24   1.477493e-03   2.783272e-26   8448
  1.417243e+00   2.721375e-24   1.570023e-03   2.636999e-26   9120
  1.422706e+00   2.661948e-24   1.534210e-03   2.622668e-26   8316
  1.428231e+00   2.688089e-24   1.655901e-03   2.526910e-26   9504
  1.433780e+00   2.659522e-24   1.505873e-03   2.691774e-26   8358
  1.439318e+00   2.647277e-24   1.591741e-03   2.461815e-26   9584
  1.444669e+00   2.642444e-24   1.523180e-03   2.649375e-26   8616
  1.450194e+00   2.571626e-24   1.658401e-03   2.448942e-26   9432
  1.455837e+00   2.617658e-24   1.687074e-03   2.556921e-26   9018
  1.460959e+00   2.562574e-24   1.428118e-03   2.519537e-26   8568
  1.466312e+00   2.542171e-24   1.589614e-03   2.377027e-26   9816
  1.471848e+00   2.502478e-24   1.504950e-03   2.460986e-26   9000
  1.477320e+00   2.490816e-24   1.574008e-03   2.428913e-26   9504
  1.482769e+00   2.438829e-24   1.610237e-03   2.362667e-26   9446
  1.488128e+00   2.485108e-24   1.539876e-03   2.340607e-26   9696
  1.493639e+00   2.398548e-24   1.432995e-03   2.266461e-26   9180
  1.499052e+00   2.388642e-24   1.656445e-03   2.197435e-26   10512
  1.504580e+00   2.385423e-24   1.565995e-03   2.338808e-26   9048
  1.510050e+00   2.337130e-24   1.502032e-03   2.133254e-26   10014
  1.515115e+00   2.358894e-24   1.465977e-03   2.325741e-26   9096
  1.520624e+00   2.335321e-24   1.678104e-03   2.048385e-26   11088
  1.526481e+00   2.255508e-24   1.632622e-03   2.110269e-26   9860
  1.531846e+00   2.217354e-24   1.547538e-03   2.054537e-26   10110
  1.537226e+00   2.278149e-24   1.610782e-03   2.143369e-26   10104
  1.542638e+00   2.232940e-24   1.527293e-03   2.048819e-26   10392
  1.548117e+00   2.179465e-24   1.580956e-03   2.017874e-26   10104
  1.553700e+00   2.171383e-24   1.636048e-03   1.906063e-26   11352
  1.559389e+00   2.167704e-24   1.498379e-03   2.059081e-26   10014
  1.564440e+00   2.110852e-24   1.383079e-03   2.043694e-26   9636
  1.569783e+00   2.073812e-24   1.639203e-03   1.829734e-26   11552
  1.575422e+00   2.065269e-24   1.523155e-03   1.848330e-26   10488
  1.580867e+00   2.041251e-24   1.590751e-03   1.908218e-26   10254
  1.586166e+00   2.123308e-24   1.497744e-03   1.873354e-26   11304
  1.591672e+00   2.024825e-24   1.520072e-03   1.794944e-26   10872
  1.597152e+00   1.944014e-24   1.630062e-03   1.691100e-26   10932
  1.602461e+00   1.954525e-24   1.470687e-03   1.764328e-26   10848
  1.607949e+00   1.969315e-24   1.538096e-03   1.730163e-26   10998
  1.613393e+00   1.973424e-24   1.616241e-03   1.696779e-26   11720
  1.618857e+00   1.940700e-24   1.486980e-03   1.732596e-26   10776
  1.624233e+00   1.886638e-24   1.626703e-03   1.608737e-26   12072
  1.629803e+00   1.903325e-24   1.491590e-03   1.744862e-26   10704
  1.635146e+00   1.917012e-24   1.530127e-03   1.672357e-26   11730
  1.640724e+00   1.864542e-24   1.589265e-03   1.576367e-26   12144
  1.646103e+00   1.833106e-24   1.505823e-03   1.572503e-26   11568
  1.651732e+00   1.845650e-24   1.628958e-03   1.638293e-26   11552
  1.656794e+00   1.835917e-24   1.470182e-03   1.637498e-26   10926
  1.662301e+00   1.762564e-24   1.665116e-03   1.420979e-26   13032
  1.667699e+00   1.772017e-24   1.360824e-03   1.607650e-26   10776
  1.673163e+00   1.777918e-24   1.675173e-03   1.482273e-26   13116
  1.678750e+00   1.739323e-24   1.576527e-03   1.491823e-26   12288
  1.684254e+00   1.723536e-24   1.448982e-03   1.565771e-26   11262
  1.689407e+00   1.718386e-24   1.565326e-03   1.440053e-26   12672
  1.694949e+00   1.665503e-24   1.534786e-03   1.398975e-26   12624
  1.700444e+00   1.697459e-24   1.539772e-03   1.454287e-26   12392
  1.705894e+00   1.648152e-24   1.578373e-03   1.401771e-26   12060
  1.711417e+00   1.649413e-24   1.664529e-03   1.344045e-26   13662
  1.716714e+00   1.635651e-24   1.437484e-03   1.409801e-26   11592
  1.722229e+00   1.616572e-24   1.708245e-03   1.297502e-26   13776
  1.727732e+00   1.572040e-24   1.452727e-03   1.338741e-26   12240
  1.733259e+00   1.613878e-24   1.673717e-03   1.335766e-26   13662
  1.738451e+00   1.593812e-24   1.438450e-03   1.428711e-26   11520
  1.744057e+00   1.558588e-24   1.657935e-03   1.182029e-26   15044
  1.749584e+00   1.563763e-24   1.490148e-03   1.339845e-26   12384
  1.755011e+00   1.478259e-24   1.568695e-03   1.234401e-26   13176
  1.760324e+00   1.505888e-24   1.420714e-03   1.259551e-26   12798
  1.765805e+00   1.486056e-24   1.613568e-03   1.157626e-26   14376
  1.771131e+00   1.444143e-24   1.533785e-03   1.254142e-26   12528
  1.776603e+00   1.444039e-24   1.610649e-03   1.168072e-26   14100
  1.781897e+00   1.455077e-24   1.461405e-03   1.225284e-26   12630
  1.787364e+00   1.422929e-24   1.587093e-03   1.122352e-26   14624
  1.792771e+00   1.416427e-24   1.583065e-03   1.164475e-26   13272
  1.798277e+00   1.407393e-24   1.613728e-03   1.121903e-26   14664
  1.803884e+00   1.374841e-24   1.649702e-03   1.094240e-26   14328
  1.809294e+00   1.378524e-24   1.531892e-03   1.142298e-26   13086
  1.814778e+00   1.372705e-24   1.648042e-03   1.033116e-26   15612
  1.820245e+00   1.340497e-24   1.420572e-03   1.109713e-26   13416
  1.825554e+00   1.355426e-24   1.670986e-03   1.075356e-26   14360
  1.831007e+00   1.305555e-24   1.563345e-03   1.047866e-26   14064
  1.836565e+00   1.320954e-24   1.608825e-03   1.003085e-26   15750
  1.842043e+00   1.323920e-24   1.519715e-03   1.070848e-26   13680
  1.847448e+00   1.305417e-24   1.654464e-03   9.962487e-27   15468
  1.852944e+00   1.267314e-24   1.594248e-03   1.012615e-26   14352
  1.858276e+00   1.261011e-24   1.572970e-03   9.942363e-27   14454
  1.863633e+00   1.272538e-24   1.615254e-03   1.006618e-26   15048
  1.869150e+00   1.232495e-24   1.497078e-03   9.627405e-27   15360
  1.874596e+00   1.224375e-24   1.645285e-03   9.285753e-27   15224
  1.880069e+00   1.209779e-24   1.557924e-03   9.443811e-27   15096
  1.885497e+00   1.201560e-24   1.522103e-03   9.455689e-27   14514
  1.890790e+00   1.212968e-24   1.595539e-03   9.040488e-27   16416
  1.896345e+00   1.204781e-24   1.570097e-03   9.499077e-27   15216
  1.902017e+00   1.166520e-24   1.580041e-03   8.691231e-27   16440
  1.907431e+00   1.171619e-24   1.589489e-03   9.017575e-27   14904
  1.912612e+00   1.172117e-24   1.493082e-03   9.135521e-27   15134
  1.918128e+00   1.149112e-24   1.670413e-03   8.448733e-27   16644
  1.923636e+00   1.123324e-24   1.568226e-03   8.514051e-27   16128
  1.929039e+00   1.117285e-24   1.558301e-03   8.676078e-27   15384
  1.934362e+00   1.109277e-24   1.531848e-03   8.548568e-27   15462
  1.939814e+00   1.090834e-24   1.636508e-03   7.990129e-27   17304
  1.945372e+00   1.094467e-24   1.543184e-03   8.390146e-27   16176
  1.950827e+00   1.064431e-24   1.632437e-03   7.999553e-27   16824
  1.956411e+00   1.070662e-24   1.501531e-03   8.259738e-27   15980
  1.961671e+00   1.062561e-24   1.494587e-03   8.009459e-27   16326
  1.966974e+00   1.052965e-24   1.595444e-03   7.994864e-27   16488
  1.972469e+00   1.039489e-24   1.547881e-03   7.749515e-27   16944
  1.977987e+00   1.014078e-24   1.628958e-03   7.464629e-27   17256
  1.983307e+00   1.015181e-24   1.510722e-03   7.744859e-27   15966
  1.988830e+00   1.020270e-24   1.604091e-03   7.347998e-27   17628
  1.994237e+00   1.002366e-24   1.523687e-03   7.292180e-27   17280
  1.999700e+00   9.850402e-25   1.677236e-03   7.306267e-27   17056
  2.005087e+00   9.851873e-25   1.581521e-03   7.128364e-27   17296
  2.010708e+00   9.819847e-25   1.549121e-03   7.200303e-27   17526
  2.016014e+00   9.756388e-25   1.559028e-03   7.105753e-27   17592
  2.021539e+00   9.382609e-25   1.621825e-03   6.712172e-27   17880
  2.026921e+00   9.309701e-25   1.503997e-03   6.892981e-27   17028
  2.032244e+00   9.349848e-25   1.529390e-03   6.949536e-27   17376
  2.037659e+00   9.230745e-25   1.518363e-03   6.551866e-27   18414
  2.043253e+00   9.118864e-25   1.557160e-03   6.548318e-27   17840
  2.048675e+00   9.161936e-25   1.634742e-03   6.481690e-27   18960
  2.054080e+00   9.077446e-25   1.518636e-03   6.731700e-27   16992
  2.059506e+00   8.964841e-25   1.672957e-03   6.384861e-27   18378
  2.064817e+00   8.874673e-25   1.489598e-03   6.447654e-27   18192
  2.070342e+00   8.872961e-25   1.590368e-03   6.159689e-27   19320
  2.075827e+00   8.669722e-25   1.542530e-03   6.349732e-27   17856
  2.081294e+00   8.665157e-25   1.592338e-03   6.044213e-27   19128
  2.086669e+00   8.605446e-25   1.472822e-03   6.147081e-27   18246
  2.092142e+00   8.403438e-25   1.530845e-03   5.862837e-27   19184
  2.097560e+00   8.320437e-25   1.566786e-03   5.920434e-27   18900
  2.103127e+00   8.436309e-25   1.634103e-03   5.838289e-27   19776
  2.108435e+00   8.208842e-25   1.499267e-03   5.896117e-27   17814
  2.113953e+00   8.278876e-25   1.631506e-03   5.841391e-27   19944
  2.119331e+00   8.135423e-25   1.609395e-03   5.597337e-27   19536
  2.124895e+00   7.987200e-25   1.592635e-03   5.594861e-27   20112
  2.130295e+00   7.950447e-25   1.480183e-03   5.696676e-27   18116
  2.135677e+00   7.721602e-25   1.543122e-03   5.328901e-27   19878
  2.140967e+00   7.951366e-25   1.559605e-03   5.503686e-27   19800
  2.146556e+00   7.747516e-25   1.559507e-03   5.345573e-27   20136
  2.152123e+00   7.687454e-25   1.640454e-03   5.188462e-27   20808
  2.157545e+00   7.485759e-25   1.486131e-03   5.289001e-27   19152
  2.162999e+00   7.557473e-25   1.569730e-03   5.194964e-27   20526
  2.168508e+00   7.326550e-25   1.615030e-03   5.000322e-27   20532
  2.173853e+00   7.315689e-25   1.604928e-03   5.053158e-27   20120
  2.179147e+00   7.369217e-25   1.495586e-03   5.115347e-27   19512
  2.184682e+00   7.323773e-25   1.624686e-03   4.942140e-27   21246
  2.190096e+00   7.304366e-25   1.477588e-03   5.053328e-27   20112
  2.195583e+00   7.147682e-25   1.645292e-03   4.719363e-27   22104
  2.201050e+00   7.044054e-25   1.614482e-03   4.919941e-27   19620
  2.206482e+00   6.988634e-25   1.604796e-03   4.592997e-27   21912
  2.211921e+00   6.975798e-25   1.497387e-03   4.739873e-27   20070
  2.217337e+00   6.921341e-25   1.630864e-03   4.490145e-27   22064
  2.222850e+00   6.726854e-25   1.548352e-03   4.539655e-27   21048
  2.228199e+00   6.651067e-25   1.514343e-03   4.456500e-27   21168
  2.233635e+00   6.590573e-25   1.637642e-03   4.316244e-27   21384
  2.239216e+00   6.545068e-25   1.481766e-03   4.280213e-27   22146
  2.244666e+00   6.590657e-25   1.585174e-03   4.352285e-27   22200
  2.250163e+00   6.528230e-25   1.501548e-03   4.269727e-27   21648
  2.255545e+00   6.351079e-25   1.607582e-03   4.276901e-27   21144
  2.260867e+00   6.376457e-25   1.529125e-03   4.225317e-27   21710
  2.266343e+00   6.454174e-25   1.624700e-03   4.227659e-27   23112
  2.271991e+00   6.327742e-25   1.620840e-03   4.125755e-27   23064
  2.277435e+00   6.234370e-25   1.500062e-03   4.169020e-27   21252
  2.282668e+00   6.209648e-25   1.503720e-03   4.117284e-27   22128
  2.288126e+00   6.132802e-25   1.558658e-03   3.985534e-27   22446
  2.293582e+00   6.166967e-25   1.527528e-03   4.041973e-27   22848
  2.298983e+00   6.029818e-25   1.529486e-03   3.845184e-27   23208
  2.304508e+00   5.935062e-25   1.574247e-03   3.896562e-27   22536
  2.309946e+00   5.877514e-25   1.596462e-03   3.821395e-27   22586
  2.315370e+00   5.971157e-25   1.627795e-03   3.774724e-27   24096
  2.320825e+00   5.794798e-25   1.527306e-03   3.810772e-27   22440
  2.326212e+00   5.759646e-25   1.664369e-03   3.698197e-27   23400
  2.331602e+00   5.729259e-25   1.511928e-03   3.703894e-27   23232
  2.337168e+00   5.738278e-25   1.592064e-03   3.686189e-27   23886
  2.342533e+00   5.666007e-25   1.530913e-03   3.710595e-27   23376
  2.347967e+00   5.525744e-25   1.544635e-03   3.556041e-27   23540
  2.353338e+00   5.436181e-25   1.532168e-03   3.444209e-27   24240
  2.358915e+00   5.444071e-25   1.612109e-03   3.472462e-27   23952
  2.364402e+00   5.514299e-25   1.508159e-03   3.459187e-27   24006
  2.369901e+00   5.363908e-25   1.691935e-03   3.279778e-27   25560
  2.375221e+00   5.335365e-25   1.500150e-03   3.452956e-27   22728
  2.380552e+00   5.304758e-25   1.511947e-03   3.383129e-27   23556
  2.385955e+00   5.243399e-25   1.577785e-03   3.220596e-27   25398
  2.391435e+00   5.262043e-25   1.545774e-03   3.355856e-27   24088
  2.396892e+00   5.170460e-25   1.609108e-03   3.226733e-27   25696
  2.402362e+00   5.035460e-25   1.511201e-03   3.155151e-27   24144
  2.407786e+00   5.088281e-25   1.615096e-03   3.124457e-27   25560
  2.413246e+00   5.012135e-25   1.489846e-03   3.178141e-27   24246
  2.418724e+00   4.967998e-25   1.581827e-03   3.067725e-27   26292
  2.424188e+00   4.851090e-25   1.560153e-03   2.997443e-27   25200
  2.429626e+00   4.892633e-25   1.624829e-03   3.062903e-27   25296
  2.434943e+00   4.829827e-25   1.483819e-03   3.066832e-27   24192
  2.440599e+00   4.827302e-25   1.638534e-03   2.806373e-27   28646
  2.446110e+00   4.744800e-25   1.506669e-03   3.014942e-27   24552
  2.451515e+00   4.696599e-25   1.579460e-03   2.875211e-27   25788
  2.456795e+00   4.646589e-25   1.491180e-03   2.928530e-27   25272
  2.462256e+00   4.686091e-25   1.613697e-03   2.896786e-27   26118
  2.467607e+00   4.675072e-25   1.579547e-03   2.845464e-27   26016
  2.473206e+00   4.626326e-25   1.595790e-03   2.741609e-27   27792
  2.478571e+00   4.524183e-25   1.565206e-03   2.824597e-27   25072
  2.483982e+00   4.509640e-25   1.621283e-03   2.762029e-27   26824
  2.489402e+00   4.488075e-25   1.480279e-03   2.808670e-27   26106
  2.494915e+00   4.383043e-25   1.629064e-03   2.602426e-27   28296
  2.500377e+00   4.371307e-25   1.567349e-03   2.675337e-27   26640
  2.505822e+00   4.377193e-25   1.492228e-03   2.731234e-27   26064
  2.511215e+00   4.293214e-25   1.637115e-03   2.549284e-27   27822
  2.516572e+00   4.281629e-25   1.521472e-03   2.631266e-27   26160
  2.522001e+00   4.290028e-25   1.673107e-03   2.553331e-27   28108
  2.527479e+00   4.156513e-25   1.599090e-03   2.472308e-27   27664
  2.532916e+00   4.183173e-25   1.590673e-03   2.493406e-27   27600
  2.538445e+00   4.125085e-25   1.594105e-03   2.503443e-27   27510
  2.543900e+00   4.124402e-25   1.577441e-03   2.429693e-27   28848
  2.549331e+00   4.049936e-25   1.562048e-03   2.432005e-27   27744
  2.554787e+00   4.114445e-25   1.521895e-03   2.455780e-27   27888
  2.560210e+00   3.991703e-25   1.547223e-03   2.419080e-27   27780
  2.565645e+00   3.995285e-25   1.558725e-03   2.361631e-27   28734
  2.571023e+00   3.947139e-25   1.609586e-03   2.354755e-27   28232
  2.576527e+00   3.882383e-25   1.600458e-03   2.250744e-27   29016
  2.581909e+00   3.832495e-25   1.581285e-03   2.302244e-27   28056
  2.587324e+00   3.829020e-25   1.534592e-03   2.292534e-27   28710
  2.592790e+00   3.835611e-25   1.621010e-03   2.225389e-27   29220
  2.598465e+00   3.794826e-25   1.658218e-03   2.165498e-27   31584
  2.603840e+00   3.751248e-25   1.528599e-03   2.290852e-27   26904
  2.609079e+00   3.753154e-25   1.485740e-03   2.259647e-27   28512
  2.614658e+00   3.728615e-25   1.600396e-03   2.151433e-27   30878
  2.620190e+00   3.646127e-25   1.607291e-03   2.136510e-27   30408
  2.625603e+00   3.659844e-25   1.552575e-03   2.191172e-27   28632
  2.630926e+00   3.525557e-25   1.494100e-03   2.106725e-27   28764
  2.636301e+00   3.550663e-25   1.662258e-03   2.029004e-27   30630
  2.641825e+00   3.542629e-25   1.539050e-03   2.012126e-27   30240
  2.647360e+00   3.562147e-25   1.576813e-03   2.047774e-27   31008
  2.652753e+00   3.523680e-25   1.510278e-03   2.072995e-27   29240
  2.658053e+00   3.417797e-25   1.541271e-03   1.989876e-27   30000
  2.663579e+00   3.445551e-25   1.631431e-03   2.018363e-27   30978
  2.669020e+00   3.481464e-25   1.538057e-03   2.029719e-27   30696
  2.674440e+00   3.396996e-25   1.612132e-03   1.932429e-27   31320
  2.679792e+00   3.371210e-25   1.506651e-03   2.000918e-27   29280
  2.685220e+00   3.261169e-25   1.611110e-03   1.856961e-27   31488
  2.690645e+00   3.297247e-25   1.512555e-03   1.880553e-27   31326
  2.696128e+00   3.332827e-25   1.624023e-03   1.908402e-27   31480
  2.701662e+00   3.284992e-25   1.575428e-03   1.851880e-27   32572
  2.707181e+00   3.252398e-25   1.576379e-03   1.856806e-27   31296
  2.712540e+00   3.243466e-25   1.532958e-03   1.872994e-27   30798
  2.718010e+00   3.167487e-25   1.631915e-03   1.818921e-27   32256
  2.723379e+00   3.202014e-25   1.576275e-03   1.808181e-27   32088
  2.728754e+00   3.093151e-25   1.559976e-03   1.792076e-27   30936
  2.734196e+00   3.155795e-25   1.621863e-03   1.755208e-27   33036
  2.739744e+00   3.117494e-25   1.570337e-03   1.783767e-27   31846
  2.745145e+00   3.101165e-25   1.600723e-03   1.721770e-27   33832
  2.750571e+00   3.052023e-25   1.482757e-03   1.758857e-27   30912
  2.755951e+00   3.003866e-25   1.554945e-03   1.708701e-27   32976
  2.761359e+00   3.057859e-25   1.534255e-03   1.737797e-27   32712
  2.766879e+00   2.999858e-25   1.551134e-03   1.689839e-27   33438
  2.772315e+00   2.998035e-25   1.561569e-03   1.708708e-27   32556
  2.777612e+00   2.957619e-25   1.547775e-03   1.665120e-27   33144
  2.783077e+00   2.908324e-25   1.531023e-03   1.640360e-27   33504
  2.788685e+00   2.906940e-25   1.585219e-03   1.655540e-27   33542
  2.794001e+00   2.924736e-25   1.561774e-03   1.617122e-27   33768
  2.799514e+00   2.862816e-25   1.582505e-03   1.592774e-27   34368
  2.804894e+00   2.847725e-25   1.503763e-03   1.598233e-27   32856
  2.810386e+00   2.800715e-25   1.555021e-03   1.557055e-27   34524
  2.815774e+00   2.799744e-25   1.476871e-03   1.586781e-27   33510
  2.821310e+00   2.835950e-25   1.652814e-03   1.543293e-27   35856
  2.826780e+00   2.785757e-25   1.566245e-03   1.573097e-27   33888
  2.832150e+00   2.726207e-25   1.534797e-03   1.545909e-27   33752
  2.837510e+00   2.733428e-25   1.613976e-03   1.523151e-27   34902
  2.843143e+00   2.737320e-25   1.578935e-03   1.521153e-27   35484
  2.848630e+00   2.692739e-25   1.625328e-03   1.435016e-27   36648
  2.854056e+00   2.680236e-25   1.503100e-03   1.526332e-27   33000
  2.859416e+00   2.672882e-25   1.625165e-03   1.459161e-27   35520
  2.864954e+00   2.623924e-25   1.587378e-03   1.426874e-27   36078
  2.870343e+00   2.656998e-25   1.553780e-03   1.495273e-27   34992
  2.875726e+00   2.598266e-25   1.537418e-03   1.419525e-27   35072
  2.881222e+00   2.590164e-25   1.612107e-03   1.393953e-27   36876
  2.886535e+00   2.586015e-25   1.490702e-03   1.505540e-27   33216
  2.891986e+00   2.577126e-25   1.651729e-03   1.378419e-27   38382
  2.897574e+00   2.535770e-25   1.549240e-03   1.376812e-27   36072
  2.903069e+00   2.529548e-25   1.551510e-03   1.367100e-27   37464
  2.908437e+00   2.502983e-25   1.491290e-03   1.416406e-27   34416
  2.913907e+00   2.521118e-25   1.634265e-03   1.352161e-27   37386
  2.919336e+00   2.529624e-25   1.560351e-03   1.364751e-27   37040
  2.924747e+00   2.476257e-25   1.519091e-03   1.373806e-27   36240
  2.930120e+00   2.476851e-25   1.620578e-03   1.373128e-27   36432
  2.935572e+00   2.432067e-25   1.530037e-03   1.331896e-27   37560
  2.941044e+00   2.475663e-25   1.585551e-03   1.344935e-27   37350
  2.946615e+00   2.438376e-25   1.620920e-03   1.302081e-27   38616
  2.952019e+00   2.399123e-25   1.527850e-03   1.300018e-27   37092
  2.957454e+00   2.392909e-25   1.469269e-03   1.303543e-27   37272
  2.962879e+00   2.379253e-25   1.617603e-03   1.316415e-27   37616
  2.968367e+00   2.375000e-25   1.566567e-03   1.284148e-27   38478
  2.973773e+00   2.355590e-25   1.591818e-03   1.291057e-27   37992
  2.979169e+00   2.360270e-25   1.560915e-03   1.303244e-27   38232
  2.984576e+00   2.314458e-25   1.529810e-03   1.300493e-27   36708
  2.989998e+00   2.327518e-25   1.601300e-03   1.254711e-27   39534
  2.995476e+00   2.302842e-25   1.604456e-03   1.251847e-27   39336
  3.000916e+00   2.306593e-25   1.543508e-03   1.256071e-27   37624
  3.006363e+00   2.249296e-25   1.579336e-03   1.182861e-27   40408
  3.011852e+00   2.261268e-25   1.510623e-03   1.242830e-27   38256
  3.017315e+00   2.246862e-25   1.543281e-03   1.214962e-27   39438
  3.022829e+00   2.280888e-25   1.592476e-03   1.232358e-27   40524
  3.028194e+00   2.248768e-25   1.503499e-03   1.243427e-27   38448
  3.033601e+00   2.214459e-25   1.582383e-03   1.223037e-27   39312
  3.038992e+00   2.199325e-25   1.512689e-03   1.219157e-27   38718
  3.044403e+00   2.250322e-25   1.614057e-03   1.213944e-27   40872
  3.049845e+00   2.177858e-25   1.532666e-03   1.179660e-27   40088
  3.055371e+00   2.193946e-25   1.633644e-03   1.189065e-27   40644
  3.060822e+00   2.141796e-25   1.532935e-03   1.159908e-27   40176
  3.066304e+00   2.122003e-25   1.625298e-03   1.160278e-27   40998
  3.071650e+00   2.182656e-25   1.490471e-03   1.215618e-27   39192
  3.077083e+00   2.167836e-25   1.573750e-03   1.167474e-27   41640
  3.082545e+00   2.124033e-25   1.578537e-03   1.145053e-27   41400
  3.087927e+00   2.109517e-25   1.553632e-03   1.178478e-27   38640
  3.093396e+00   2.143523e-25   1.594261e-03   1.141425e-27   43658
  3.098867e+00   2.130189e-25   1.533241e-03   1.184303e-27   40608
  3.104282e+00   2.112099e-25   1.565192e-03   1.164063e-27   41880
  3.109810e+00   2.078378e-25   1.547184e-03   1.138999e-27   41712
  3.115335e+00   2.084837e-25   1.615131e-03   1.119505e-27   42942
  3.120741e+00   2.105233e-25   1.534331e-03   1.164859e-27   40896
  3.126165e+00   2.075159e-25   1.580796e-03   1.131388e-27   42708
  3.131542e+00   2.037962e-25   1.496179e-03   1.120724e-27   40968
  3.137007e+00   2.031904e-25   1.625543e-03   1.094830e-27   43496
  3.142457e+00   2.087082e-25   1.556121e-03   1.178195e-27   41454
  3.147915e+00   2.078138e-25   1.607241e-03   1.142014e-27   43704
  3.153202e+00   2.043763e-25   1.481093e-03   1.159402e-27   41208
  3.158685e+00   2.019918e-25   1.625130e-03   1.123582e-27   43944
  3.164222e+00   2.006711e-25   1.568163e-03   1.089843e-27   43218
  3.169711e+00   2.040499e-25   1.573649e-03   1.131554e-27   44136
  3.175074e+00   2.023626e-25   1.550274e-03   1.122162e-27   42304
  3.180483e+00   1.988542e-25   1.574816e-03   1.116252e-27   43096
  3.185809e+00   1.965366e-25   1.541007e-03   1.076177e-27   43464
  3.191366e+00   1.988148e-25   1.606948e-03   1.096403e-27   44382
  3.196804e+00   2.032093e-25   1.605225e-03   1.131140e-27   44316
  3.202282e+00   1.984947e-25   1.582905e-03   1.119151e-27   44592
  3.207694e+00   1.982164e-25   1.548943e-03   1.126944e-27   44328
  3.213178e+00   1.940676e-25   1.523706e-03   1.114702e-27   43560
  3.218610e+00   1.960088e-25   1.570802e-03   1.093967e-27   44763
  3.224020e+00   1.891342e-25   1.574927e-03   1.051962e-27   44216
  3.229465e+00   1.948545e-25   1.604748e-03   1.080281e-27   45144
  3.234953e+00   1.862020e-25   1.525298e-03   1.056796e-27   42876
  3.240354e+00   1.873972e-25   1.662551e-03   1.043614e-27   46164
  3.245765e+00   1.852124e-25   1.526236e-03   1.065917e-27   42360
  3.251284e+00   1.848468e-25   1.607148e-03   1.026871e-27   45324
  3.256678e+00   1.794235e-25   1.599342e-03   1.023116e-27   43320
  3.262107e+00   1.821044e-25   1.611675e-03   1.036148e-27   44580
  3.267667e+00   1.765777e-25   1.609815e-03   1.002824e-27   44468
  3.273119e+00   1.757779e-25   1.531376e-03   9.867060e-28   43416
  3.278411e+00   1.722499e-25   1.520505e-03   9.905461e-28   42264
  3.283884e+00   1.729387e-25   1.597197e-03   9.653008e-28   44580
  3.289368e+00   1.717187e-25   1.621337e-03   9.555379e-28   43824
  3.294829e+00   1.664519e-25   1.523757e-03   9.232351e-28   43392
  3.300224e+00   1.655673e-25   1.553494e-03   9.436499e-28   43296
  3.305724e+00   1.664983e-25   1.495301e-03   9.406614e-28   42656
  3.311087e+00   1.611086e-25   1.596934e-03   9.139231e-28   43728
  3.316591e+00   1.610004e-25   1.610238e-03   9.136590e-28   43536
  3.322030e+00   1.585243e-25   1.602586e-03   9.129103e-28   42180
  3.327473e+00   1.542964e-25   1.551796e-03   8.553766e-28   44136
  3.332939e+00   1.573865e-25   1.563744e-03   8.999450e-28   42372
  3.338336e+00   1.537116e-25   1.528428e-03   8.753886e-28   41604
  3.343731e+00   1.517331e-25   1.610433e-03   8.532468e-28   43440
  3.349182e+00   1.518876e-25   1.611663e-03   8.585174e-28   42488
  3.354561e+00   1.496604e-25   1.547466e-03   8.733675e-28   41496
  3.360074e+00   1.468940e-25   1.615298e-03   8.206907e-28   44112
  3.365562e+00   1.456280e-25   1.540359e-03   8.207752e-28   41688
  3.370956e+00   1.440208e-25   1.604620e-03   8.277385e-28   42276
  3.376369e+00   1.440539e-25   1.547681e-03   8.309182e-28   41172
  3.381820e+00   1.420805e-25   1.622702e-03   7.886781e-28   43536
  3.387296e+00   1.389142e-25   1.510509e-03   7.846036e-28   41496
  3.392714e+00   1.379207e-25   1.602713e-03   7.877236e-28   40764
  3.398118e+00   1.379771e-25   1.572660e-03   7.524532e-28   43220
  3.403602e+00   1.358049e-25   1.558712e-03   7.855179e-28   41076
  3.409040e+00   1.332021e-25   1.557898e-03   7.469733e-28   41532
  3.414506e+00   1.317644e-25   1.586149e-03   7.479768e-28   41928
  3.419924e+00   1.324313e-25   1.518385e-03   7.450111e-28   41412
  3.425338e+00   1.280118e-25   1.580228e-03   7.371227e-28   40032
  3.430721e+00   1.290227e-25   1.567201e-03   7.252607e-28   41880
  3.436133e+00   1.263866e-25   1.559578e-03   7.251199e-28   40264
  3.441614e+00   1.261895e-25   1.596952e-03   6.990752e-28   42592
  3.447111e+00   1.229026e-25   1.531936e-03   7.193215e-28   39588
  3.452537e+00   1.232633e-25   1.583857e-03   6.868162e-28   42180
  3.457928e+00   1.221867e-25   1.528129e-03   7.129009e-28   39240
  3.463345e+00   1.212021e-25   1.603997e-03   6.919469e-28   40920
  3.468834e+00   1.164863e-25   1.583230e-03   6.480575e-28   41184
  3.474296e+00   1.185553e-25   1.568330e-03   6.673805e-28   40872
  3.479702e+00   1.155813e-25   1.491774e-03   6.766200e-28   38748
  3.485168e+00   1.167008e-25   1.587794e-03   6.569295e-28   41420
  3.490553e+00   1.144159e-25   1.557380e-03   6.532025e-28   39816
  3.496030e+00   1.146375e-25   1.561371e-03   6.440211e-28   39792
  3.501436e+00   1.124710e-25   1.491602e-03   6.500479e-28   39816
  3.506965e+00   1.117763e-25   1.612108e-03   6.304012e-28   41064
  3.512408e+00   1.099245e-25   1.546522e-03   6.223556e-28   39204
  3.517925e+00   1.090629e-25   1.631952e-03   6.245256e-28   40080
  3.523223e+00   1.092811e-25   1.507994e-03   6.326375e-28   38332
  3.528672e+00   1.051412e-25   1.573899e-03   5.908183e-28   39952
  3.534102e+00   1.061007e-25   1.572293e-03   6.126683e-28   39000
  3.539668e+00   1.045553e-25   1.614601e-03   5.807340e-28   40356
  3.545098e+00   1.051057e-25   1.584135e-03   5.973633e-28   39300
  3.550517e+00   1.020843e-25   1.562974e-03   5.964212e-28   37452
  3.555894e+00   1.019208e-25   1.549762e-03   5.777298e-28   39732
  3.561429e+00   1.006533e-25   1.557625e-03   5.726657e-28   39312
  3.566817e+00   1.011345e-25   1.583965e-03   5.755889e-28   37632
  3.572234e+00   9.943328e-26   1.557396e-03   5.723647e-28   38420
  3.577674e+00   9.804604e-26   1.609595e-03   5.517071e-28   39564
  3.583132e+00   9.691830e-26   1.548840e-03   5.604502e-28   37236
  3.588516e+00   9.706583e-26   1.565848e-03   5.556548e-28   38100
  3.593924e+00   9.549478e-26   1.539495e-03   5.377201e-28   38208
  3.599440e+00   9.514828e-26   1.602149e-03   5.444716e-28   39072
  3.604845e+00   9.370327e-26   1.480860e-03   5.438036e-28   36192
  3.610293e+00   9.259470e-26   1.600910e-03   5.252587e-28   38928
  3.615801e+00   9.167346e-26   1.590552e-03   5.203381e-28   38768
  3.621383e+00   9.150445e-26   1.562835e-03   5.281442e-28   37596
  3.626841e+00   9.110759e-26   1.555898e-03   5.195215e-28   37296
  3.632194e+00   8.840010e-26   1.557356e-03   5.057773e-28   36948
  3.637577e+00   8.810496e-26   1.597343e-03   4.996411e-28   37248
  3.643147e+00   8.806945e-26   1.577439e-03   5.136150e-28   37152
  3.648492e+00   8.639577e-26   1.574751e-03   4.974051e-28   37512
  3.653954e+00   8.597853e-26   1.507515e-03   4.975413e-28   35876
  3.659374e+00   8.467552e-26   1.606552e-03   4.851104e-28   36936
  3.664880e+00   8.360294e-26   1.600548e-03   4.672645e-28   38028
  3.670348e+00   8.351439e-26   1.522914e-03   4.783816e-28   35592
  3.675687e+00   8.292427e-26   1.511337e-03   4.841454e-28   35508
  3.681088e+00   8.222436e-26   1.567228e-03   4.617603e-28   36492
  3.686612e+00   8.214805e-26   1.616757e-03   4.685893e-28   37608
  3.692081e+00   8.110809e-26   1.595280e-03   4.765226e-28   34848
  3.697390e+00   8.010778e-26   1.496163e-03   4.659971e-28   35220
  3.702857e+00   7.948628e-26   1.560827e-03   4.517019e-28   36884
  3.708318e+00   7.906246e-26   1.549021e-03   4.594112e-28   35412
  3.713858e+00   7.704997e-26   1.603888e-03   4.434558e-28   35652
  3.719249e+00   7.768250e-26   1.603516e-03   4.516783e-28   36072
  3.724653e+00   7.671625e-26   1.545362e-03   4.471699e-28   34368
  3.730119e+00   7.643568e-26   1.565390e-03   4.477031e-28   35484
  3.735586e+00   7.547162e-26   1.549559e-03   4.398753e-28   35256
  3.740941e+00   7.695056e-26   1.612995e-03   4.549313e-28   34476
  3.746410e+00   7.297292e-26   1.582486e-03   4.308362e-28   34916
  3.751834e+00   7.359115e-26   1.560509e-03   4.242210e-28   34596
  3.757263e+00   7.304694e-26   1.526486e-03   4.307573e-28   34656
  3.762714e+00   7.231890e-26   1.581266e-03   4.248680e-28   34596
  3.768200e+00   7.223686e-26   1.534004e-03   4.267277e-28   33984
  3.773562e+00   7.137018e-26   1.566114e-03   4.262958e-28   34080
  3.778963e+00   7.113644e-26   1.572881e-03   4.166189e-28   34140
  3.784487e+00   7.034751e-26   1.624544e-03   4.125727e-28   33804
  3.789951e+00   6.961070e-26   1.561511e-03   4.028656e-28   35096
  3.795448e+00   6.826261e-26   1.548108e-03   4.100393e-28   33108
  3.800788e+00   6.948570e-26   1.540015e-03   4.233192e-28   32280
  3.806205e+00   6.676897e-26   1.567716e-03   3.903780e-28   34404
  3.811718e+00   6.761544e-26   1.599739e-03   3.970636e-28   34248
  3.817250e+00   6.599480e-26   1.498979e-03   3.967635e-28   32016
  3.822674e+00   6.612222e-26   1.582258e-03   3.765591e-28   34344
  3.828141e+00   6.614405e-26   1.521407e-03   3.962639e-28   32024
  3.833419e+00   6.459034e-26   1.577025e-03   3.920306e-28   31908
  3.838903e+00   6.544864e-26   1.580344e-03   3.895026e-28   33192
  3.844404e+00   6.353834e-26   1.637429e-03   3.727093e-28   33288
  3.849795e+00   6.433996e-26   1.490950e-03   3.888361e-28   31356
  3.855259e+00   6.230065e-26   1.613715e-03   3.655135e-28   32496
  3.860695e+00   6.308648e-26   1.533804e-03   3.764462e-28   31944
  3.866002e+00   6.159781e-26   1.574956e-03   3.717439e-28   31512
  3.871427e+00   6.172755e-26   1.528683e-03   3.686839e-28   31156
  3.876990e+00   6.053403e-26   1.610722e-03   3.553415e-28   33352
  3.882440e+00   5.992067e-26   1.562321e-03   3.675734e-28   31344
  3.887945e+00   5.998519e-26   1.617631e-03   3.624293e-28   31068
  3.893365e+00   6.039202e-26   1.595427e-03   3.677342e-28   31752
  3.898694e+00   5.890473e-26   1.472715e-03   3.576139e-28   29868
  3.904158e+00   5.825869e-26   1.618311e-03   3.416025e-28   32052
  3.909662e+00   5.867050e-26   1.535519e-03   3.632513e-28   30012
  3.915037e+00   5.825936e-26   1.611064e-03   3.481551e-28   31520
  3.920567e+00   5.746351e-26   1.575150e-03   3.508250e-28   30648
  3.925929e+00   5.706031e-26   1.553739e-03   3.510239e-28   29304
  3.931379e+00   5.742115e-26   1.540483e-03   3.444357e-28   31140
  3.936935e+00   5.707378e-26   1.641115e-03   3.402863e-28   31320
  3.942387e+00   5.695730e-26   1.548803e-03   3.548972e-28   28356
  3.947754e+00   5.561256e-26   1.583135e-03   3.382307e-28   30288
  3.953106e+00   5.561643e-26   1.573376e-03   3.424007e-28   29472
  3.958489e+00   5.522868e-26   1.555320e-03   3.444068e-28   28716
  3.964046e+00   5.467906e-26   1.543510e-03   3.304278e-28   30740
  3.969538e+00   5.532250e-26   1.574261e-03   3.392420e-28   29304
  3.974923e+00   5.356800e-26   1.567890e-03   3.336598e-28   28476
  3.980403e+00   5.261424e-26   1.588107e-03   3.294843e-28   29304
  3.985849e+00   5.452662e-26   1.586252e-03   3.359381e-28   29280
  3.991362e+00   5.232730e-26   1.582091e-03   3.247767e-28   29100
  3.996850e+00   5.225490e-26   1.550996e-03   3.291438e-28   27816
  4.002128e+00   5.229225e-26   1.557957e-03   3.380910e-28   27692
  4.007580e+00   5.090540e-26   1.619992e-03   3.163102e-28   29724
  4.013138e+00   5.068664e-26   1.544165e-03   3.209002e-28   27240
  4.018514e+00   5.174087e-26   1.500820e-03   3.255448e-28   27588
  4.023894e+00   5.095079e-26   1.561808e-03   3.127655e-28   28560
  4.029394e+00   5.034568e-26   1.581785e-03   3.221031e-28   26952
  4.034839e+00   4.997468e-26   1.583665e-03   3.155730e-28   27516
  4.040261e+00   4.982940e-26   1.600351e-03   3.056844e-28   28344
  4.045759e+00   4.954071e-26   1.576275e-03   3.159378e-28   26196
  4.051072e+00   4.821444e-26   1.541569e-03   3.170936e-28   26360
  4.056519e+00   4.918837e-26   1.593665e-03   3.051224e-28   28152
  4.062017e+00   4.829936e-26   1.541184e-03   3.166242e-28   25896
  4.067403e+00   4.765613e-26   1.577942e-03   3.026788e-28   26592
  4.072863e+00   4.726082e-26   1.510771e-03   3.028244e-28   26568
  4.078361e+00   4.759592e-26   1.598680e-03   3.098297e-28   26832
  4.083715e+00   4.680436e-26   1.515874e-03   3.185369e-28   24972
  4.089266e+00   4.679077e-26   1.598351e-03   2.928380e-28   27000
  4.094669e+00   4.675417e-26   1.532450e-03   3.118423e-28   25448
  4.100056e+00   4.574069e-26   1.584391e-03   3.023775e-28   25476
  4.105587e+00   4.604391e-26   1.553105e-03   3.081404e-28   25152
  4.110933e+00   4.595767e-26   1.592180e-03   3.014033e-28   25968
  4.116439e+00   4.531166e-26   1.585064e-03   2.976872e-28   25320
  4.121936e+00   4.486819e-26   1.497338e-03   3.063985e-28   23796
  4.127194e+00   4.558622e-26   1.571596e-03   2.962227e-28   25500
  4.132663e+00   4.495585e-26   1.566138e-03   3.099547e-28   24420
  4.138205e+00   4.347736e-26   1.621058e-03   2.908340e-28   24656
  4.143555e+00   4.542942e-26   1.535877e-03   3.142153e-28   24036
  4.148982e+00   4.389281e-26   1.588370e-03   2.936456e-28   24528
  4.154373e+00   4.315923e-26   1.534446e-03   3.004510e-28   23004
  4.159821e+00   4.398291e-26   1.575770e-03   2.984699e-28   24576
  4.165293e+00   4.318283e-26   1.505141e-03   3.030758e-28   23736
  4.170760e+00   4.174159e-26   1.599171e-03   2.914836e-28   23712
  4.176262e+00   4.295852e-26   1.552705e-03   3.069845e-28   22992
  4.181681e+00   4.252230e-26   1.541976e-03   2.896641e-28   23984
  4.187096e+00   4.212491e-26   1.540203e-03   3.014566e-28   22344
  4.192540e+00   4.146228e-26   1.562907e-03   2.889494e-28   22536
  4.197951e+00   4.122773e-26   1.546870e-03   2.829474e-28   23268
  4.203353e+00   4.206874e-26   1.588651e-03   3.043743e-28   22152
  4.208799e+00   4.006926e-26   1.568712e-03   2.857601e-28   22068
  4.214381e+00   4.001775e-26   1.610904e-03   2.723856e-28   23664
  4.219765e+00   4.107543e-26   1.496014e-03   3.077883e-28   20640
  4.225141e+00   3.950471e-26   1.587688e-03   2.792531e-28   22376
  4.230687e+00   3.891381e-26   1.561479e-03   2.798974e-28   21444
  4.236032e+00   4.008886e-26   1.618016e-03   2.901105e-28   21576
  4.241470e+00   3.873240e-26   1.604143e-03   2.792720e-28   21660
  4.247060e+00   3.859997e-26   1.622088e-03   2.850183e-28   20916
  4.252463e+00   3.883104e-26   1.591059e-03   2.812804e-28   21504
  4.257831e+00   3.780079e-26   1.516262e-03   2.783109e-28   20508
  4.263333e+00   3.788663e-26   1.620094e-03   2.836498e-28   20036
  4.268738e+00   3.890123e-26   1.567896e-03   2.823878e-28   21276
  4.274208e+00   3.708729e-26   1.552204e-03   2.707460e-28   20652
  4.279668e+00   3.698262e-26   1.544650e-03   2.869281e-28   18696
  4.285116e+00   3.813230e-26   1.616732e-03   2.851600e-28   21504
  4.290573e+00   3.751698e-26   1.511985e-03   2.873614e-28   19284
  4.296019e+00   3.629907e-26   1.630585e-03   2.728960e-28   19356
  4.301432e+00   3.670042e-26   1.540949e-03   2.885364e-28   19236
  4.306795e+00   3.801645e-26   1.571095e-03   2.918188e-28   19476
  4.312272e+00   3.544677e-26   1.634853e-03   2.727748e-28   19184
  4.317835e+00   3.632519e-26   1.583822e-03   2.827441e-28   18852
  4.323254e+00   3.744418e-26   1.533201e-03   2.971693e-28   18876
  4.328571e+00   3.484292e-26   1.593847e-03   2.782699e-28   18336
  4.334078e+00   3.491689e-26   1.599281e-03   2.781314e-28   17820
  4.339614e+00   3.640570e-26   1.614145e-03   2.904848e-28   19392
  4.344985e+00   3.550514e-26   1.598282e-03   2.909749e-28   17616
  4.350318e+00   3.392210e-26   1.504639e-03   2.711210e-28   16320
  4.355861e+00   3.559866e-26   1.629545e-03   2.865707e-28   19292
  4.361241e+00   3.485915e-26   1.561011e-03   2.944512e-28   17112
  4.366853e+00   3.336427e-26   1.582117e-03   2.693795e-28   17388
  4.372327e+00   3.400543e-26   1.481209e-03   2.836327e-28   16692
  4.377488e+00   3.474190e-26   1.566835e-03   2.932628e-28   16956
  4.383124e+00   3.268349e-26   1.580304e-03   2.679694e-28   17040
  4.388630e+00   3.337535e-26   1.563733e-03   2.913479e-28   16092
  4.393862e+00   3.471524e-26   1.553118e-03   3.011215e-28   16380
  4.399428e+00   3.161639e-26   1.596421e-03   2.694619e-28   16688
  4.404886e+00   3.171319e-26   1.596956e-03   2.785441e-28   14940
  4.410242e+00   3.357705e-26   1.605748e-03   2.902453e-28   16668
  4.415795e+00   3.149082e-26   1.568026e-03   2.675806e-28   15804
  4.421181e+00   3.136732e-26   1.557131e-03   2.802180e-28   14280
  4.426622e+00   3.225959e-26   1.532886e-03   2.839571e-28   16068
  4.432054e+00   3.184821e-26   1.562272e-03   2.947117e-28   15048
  4.437457e+00   3.049159e-26   1.592183e-03   2.766605e-28   13940
  4.442869e+00   3.060027e-26   1.521708e-03   2.768712e-28   15072
  4.448295e+00   3.115044e-26   1.622238e-03   2.809996e-28   14808
  4.453669e+00   3.019769e-26   1.506280e-03   2.891624e-28   13200
  4.459194e+00   2.993208e-26   1.595625e-03   2.675978e-28   15156
  4.464724e+00   3.069358e-26   1.556013e-03   2.922685e-28   13788
  4.470151e+00   2.846553e-26   1.533533e-03   2.782375e-28   13608
  4.475573e+00   2.956293e-26   1.461946e-03   2.866711e-28   13224
  4.480979e+00   3.014182e-26   1.576198e-03   2.979016e-28   13320
  4.486355e+00   2.832689e-26   1.554184e-03   2.768767e-28   13220
  4.491886e+00   2.742880e-26   1.570846e-03   2.576119e-28   12984
  4.497444e+00   2.932416e-26   1.589998e-03   2.983862e-28   12780
  4.502691e+00   2.706279e-26   1.504822e-03   2.684872e-28   12360
  4.508225e+00   2.690348e-26   1.583198e-03   2.623736e-28   12480
  4.513746e+00   2.758361e-26   1.537784e-03   2.878913e-28   11892
  4.519015e+00   2.735577e-26   1.594395e-03   2.798937e-28   12192
  4.524529e+00   2.650982e-26   1.563074e-03   2.653965e-28   11328
  4.530016e+00   2.532435e-26   1.657530e-03   2.536266e-28   12020
  4.535376e+00   2.605339e-26   1.523948e-03   2.748394e-28   11052
  4.540948e+00   2.511293e-26   1.618906e-03   2.485004e-28   11304
  4.546169e+00   2.443929e-26   1.489624e-03   2.621248e-28   10368
  4.551511e+00   2.457176e-26   1.550098e-03   2.521660e-28   10899
  4.557146e+00   2.378025e-26   1.554021e-03   2.417112e-28   10752
  4.562496e+00   2.347245e-26   1.559799e-03   2.505100e-28   10446
  4.568012e+00   2.405632e-26   1.535197e-03   2.546242e-28   10092
  4.573476e+00   2.238396e-26   1.555534e-03   2.405845e-28   10220
  4.578755e+00   2.277677e-26   1.523556e-03   2.462819e-28   9636
  4.584373e+00   2.281243e-26   1.567355e-03   2.402323e-28   10020
  4.589883e+00   2.168702e-26   1.628387e-03   2.225605e-28   9906
  4.595217e+00   2.169471e-26   1.510439e-03   2.356095e-28   8940
  4.600749e+00   2.158866e-26   1.531752e-03   2.277324e-28   9558
  4.606151e+00   2.090202e-26   1.668091e-03   2.195306e-28   9180
  4.611496e+00   2.106253e-26   1.596941e-03   2.312796e-28   8674
  4.617087e+00   2.070314e-26   1.587385e-03   2.191862e-28   9454
  4.622489e+00   1.986399e-26   1.631486e-03   2.185889e-28   8316
  4.627854e+00   1.982088e-26   1.608919e-03   2.177917e-28   8622
  4.633459e+00   2.017482e-26   1.597569e-03   2.127929e-28   9006
  4.638817e+00   1.921847e-26   1.610282e-03   2.157554e-28   7698
  4.644188e+00   2.008826e-26   1.545067e-03   2.224799e-28   8406
  4.649796e+00   1.868507e-26   1.648676e-03   1.900584e-28   8646
  4.655134e+00   1.844354e-26   1.566555e-03   2.085961e-28   7014
  4.660482e+00   1.942876e-26   1.557241e-03   2.163917e-28   8510
  4.666168e+00   1.891395e-26   1.641235e-03   2.199073e-28   7890
  4.671505e+00   1.831586e-26   1.574407e-03   2.141698e-28   6966
  4.676764e+00   1.843926e-26   1.504915e-03   1.924922e-28   7902
  4.682374e+00   1.789495e-26   1.641329e-03   1.933367e-28   7278
  4.687828e+00   1.727874e-26   1.612380e-03   1.943414e-28   7338
  4.693196e+00   1.803203e-26   1.493392e-03   2.022336e-28   7254
  4.698697e+00   1.766841e-26   1.608386e-03   2.126211e-28   6678
  4.704032e+00   1.709707e-26   1.606870e-03   1.958012e-28   7286
  4.709691e+00   1.717668e-26   1.589718e-03   1.858352e-28   7200
  4.715313e+00   1.660020e-26   1.543001e-03   1.959248e-28   6234
  4.720293e+00   1.639712e-26   1.546551e-03   1.803750e-28   6630
  4.725937e+00   1.720285e-26   1.594739e-03   2.048346e-28   6822
  4.731533e+00   1.603076e-26   1.502372e-03   1.852655e-28   6078
  4.736631e+00   1.601281e-26   1.597130e-03   1.810095e-28   6528
  4.742272e+00   1.660654e-26   1.526400e-03   2.053253e-28   6034
  4.747672e+00   1.495542e-26   1.563107e-03   1.710701e-28   6190
  4.753036e+00   1.613986e-26   1.605909e-03   1.886437e-28   6270
  4.758704e+00   1.637270e-26   1.444203e-03   1.948795e-28   5520
  4.763890e+00   1.504129e-26   1.616958e-03   1.765993e-28   6126
  4.769317e+00   1.557132e-26   1.511987e-03   1.954101e-28   5562
  4.775011e+00   1.536727e-26   1.511880e-03   1.926422e-28   5790
  4.780175e+00   1.435003e-26   1.547880e-03   1.782528e-28   5496
  4.785646e+00   1.564435e-26   1.559064e-03   1.889643e-28   5262
  4.791216e+00   1.479663e-26   1.535486e-03   1.816782e-28   5774
  4.796542e+00   1.390211e-26   1.521126e-03   1.706008e-28   5124
  4.802154e+00   1.483544e-26   1.525856e-03   1.866169e-28   5070
  4.807432e+00   1.392527e-26   1.588341e-03   1.589211e-28   5430
  4.812826e+00   1.422140e-26   1.483666e-03   1.813036e-28   4680
  4.818540e+00   1.386454e-26   1.536582e-03   1.750740e-28   5370
  4.823790e+00   1.374952e-26   1.468016e-03   1.715101e-28   4638
  4.829137e+00   1.403517e-26   1.543205e-03   1.854027e-28   4536
  4.834713e+00   1.332393e-26   1.545277e-03   1.660519e-28   5222
  4.840070e+00   1.330222e-26   1.418031e-03   1.783752e-28   4254
  4.845561e+00   1.349971e-26   1.563113e-03   1.838044e-28   4548
  4.850865e+00   1.315799e-26   1.515896e-03   1.714056e-28   4638
  4.856279e+00   1.362477e-26   1.496620e-03   1.843584e-28   4176
  4.861899e+00   1.274526e-26   1.501804e-03   1.707221e-28   4518
  4.867234e+00   1.325103e-26   1.513137e-03   1.766319e-28   4278
  4.872549e+00   1.369933e-26   1.464028e-03   1.958950e-28   3732
  4.877994e+00   1.295608e-26   1.546653e-03   1.670145e-28   4502
  4.883481e+00   1.264284e-26   1.503470e-03   1.728770e-28   3984
  4.889020e+00   1.295341e-26   1.557569e-03   1.740503e-28   3726
  4.894174e+00   1.206342e-26   1.501292e-03   1.670430e-28   4014
  4.899605e+00   1.223088e-26   1.574381e-03   1.669898e-28   3756
  4.905398e+00   1.226093e-26   1.580112e-03   1.669483e-28   3894
  4.910659e+00   1.238355e-26   1.546203e-03   1.702835e-28   3744
  4.915968e+00   1.226256e-26   1.571823e-03   1.940380e-28   3174
  4.921505e+00   1.179698e-26   1.608835e-03   1.604847e-28   3968
  4.926991e+00   1.192600e-26   1.622395e-03   1.744532e-28   3522
  4.932722e+00   1.230098e-26   1.666295e-03   1.937788e-28   3198
  4.937920e+00   1.154625e-26   1.632144e-03   1.586827e-28   3648
  4.943345e+00   1.211709e-26   1.659133e-03   1.792617e-28   3054
  4.949062e+00   1.168189e-26   1.560433e-03   1.687239e-28   3312
  4.954266e+00   1.179560e-26   1.648372e-03   1.667271e-28   3354
  4.959775e+00   1.163226e-26   1.630010e-03   1.943186e-28   2624
  4.965165e+00   1.150682e-26   1.590230e-03   1.789289e-28   3462
  4.970648e+00   1.143642e-26   1.658767e-03   1.861435e-28   2976
  4.976433e+00   1.113973e-26   1.570247e-03   1.864220e-28   2670
  4.981450e+00   1.145386e-26   1.634562e-03   1.717178e-28   3186
  4.986828e+00   1.169077e-26   1.526978e-03   2.084508e-28   2376
  4.992553e+00   1.133005e-26   1.609692e-03   1.770460e-28   3102
  4.997840e+00   1.110501e-26   1.575648e-03   1.861274e-28   2688
  5.003337e+00   1.106843e-26   1.643829e-03   1.971584e-28   2286
  5.008726e+00   1.086549e-26   1.585579e-03   1.668474e-28   3020
  5.014174e+00   1.105509e-26   1.510259e-03   1.903006e-28   2310
  5.019958e+00   1.182640e-26   1.669065e-03   2.061939e-28   2544
  5.025112e+00   1.087232e-26   1.556079e-03   1.870627e-28   2526
  5.030503e+00   1.114817e-26   1.598055e-03   2.052184e-28   2112
  5.036149e+00   1.076944e-26   1.535784e-03   1.789298e-28   2538
  5.041490e+00   9.998346e-27   1.597743e-03   1.749558e-28   2304
  5.046925e+00   1.037583e-26   1.576461e-03   2.074685e-28   1902
  5.052197e+00   9.968805e-27   1.506026e-03   1.805960e-28   2408
  5.057655e+00   1.072063e-26   1.588655e-03   2.107222e-28   2094
  5.063468e+00   1.078686e-26   1.618622e-03   2.040190e-28   2028
  5.068570e+00   1.024791e-26   1.535323e-03   1.937535e-28   2094
  5.073985e+00   1.059402e-26   1.674958e-03   2.119226e-28   1920
  5.079736e+00   1.068580e-26   1.412176e-03   2.210848e-28   1926
  5.084997e+00   1.031046e-26   1.648354e-03   1.924628e-28   2088
  5.090349e+00   1.008123e-26   1.445979e-03   2.230506e-28   1434
  5.095727e+00   9.521561e-27   1.528869e-03   1.768813e-28   2048
  5.101055e+00   1.002345e-26   1.524439e-03   1.957566e-28   1758
  5.106921e+00   1.075372e-26   1.681850e-03   2.417161e-28   1584
  5.112297e+00   1.023592e-26   1.666289e-03   2.000789e-28   1998
  5.117737e+00   1.000074e-26   1.517710e-03   2.529506e-28   1428
  5.123436e+00   9.514685e-27   1.270388e-03   2.135773e-28   1488
  5.128415e+00   9.993945e-27   1.618345e-03   2.000336e-28   1806
  5.133668e+00   1.014556e-26   1.473287e-03   2.733914e-28   1040
  5.139281e+00   9.500367e-27   1.543732e-03   1.973316e-28   1782
  5.144417e+00   9.968138e-27   1.459353e-03   2.253253e-28   1428
  5.150558e+00   9.764725e-27   1.752291e-03   2.259678e-28   1206
  5.155754e+00   9.662844e-27   1.628015e-03   2.022957e-28   1728
  5.160990e+00   1.047462e-26   1.525739e-03   3.018329e-28   1038
  5.167027e+00   1.002546e-26   1.237946e-03   2.542670e-28   1248
  5.171798e+00   9.651827e-27   1.578785e-03   2.091207e-28   1530
  5.177034e+00   9.784439e-27   1.447012e-03   3.153364e-28   656
  5.182884e+00   9.730979e-27   1.622270e-03   1.944867e-28   1662
  5.187826e+00   1.028517e-26   1.343030e-03   2.669197e-28   1008
  5.194344e+00   8.735710e-27   1.783380e-03   2.444154e-28   960
  5.199238e+00   9.659161e-27   1.533522e-03   2.056843e-28   1458
  5.204352e+00   1.014556e-26   1.515264e-03   3.340691e-28   672
  5.210626e+00   9.805934e-27   1.187605e-03   2.697775e-28   1062
  5.215066e+00   9.876566e-27   1.540654e-03   2.372499e-28   1224
  5.220385e+00   8.343825e-27   1.345767e-03   3.625427e-28   374
  5.226378e+00   9.354260e-27   1.617607e-03   2.044001e-28   1512
  5.231226e+00   9.564941e-27   1.355537e-03   3.221482e-28   666
  5.238164e+00   9.456568e-27   1.657312e-03   2.923411e-28   720
  5.242515e+00   9.816840e-27   1.484148e-03   2.253125e-28   1224
  5.247863e+00   1.038033e-26   1.475424e-03   5.014572e-28   390
  5.254263e+00   9.273822e-27   1.097036e-03   2.406321e-28   936
  5.258334e+00   9.169015e-27   1.565258e-03   2.513542e-28   882
  5.264148e+00   1.211688e-26   1.528292e-03   7.177860e-28   216
  5.269800e+00   9.406604e-27   1.517469e-03   2.160004e-28   1286
  5.274591e+00   9.750533e-27   1.267641e-03   4.084558e-28   384
  5.281913e+00   9.892725e-27   1.595845e-03   3.529730e-28   576
  5.285704e+00   8.391130e-27   1.430314e-03   2.382589e-28   930
  5.291130e+00   1.130954e-26   1.405067e-03   6.719281e-28   216
  5.298050e+00   9.036138e-27   1.127871e-03   2.570495e-28   918
  5.302037e+00   9.571137e-27   1.519148e-03   4.108050e-28   480
  5.307441e+00   1.064255e-26   1.280066e-03   1.022245e-27   78
  5.313052e+00   9.056560e-27   1.383681e-03   2.447746e-28   1052
  5.318233e+00   1.015742e-26   1.611134e-03   5.718005e-28   240
  5.326163e+00   1.003079e-26   5.882336e-04   3.642246e-28   438
  5.328872e+00   9.668949e-27   1.360971e-03   3.401172e-28   648
  5.333924e+00   1.151884e-26   1.123687e-03   1.162135e-27   78
  5.341457e+00   9.265374e-27   9.804401e-04   2.663739e-28   780
  5.345244e+00   1.221054e-26   1.368055e-03   6.667814e-28   240
  5.349910e+00   1.626326e-26   0.000000e+00   3.397118e-27   6
  5.356198e+00   8.405028e-27   1.253222e-03   2.439893e-28   824
  5.360748e+00   1.181987e-26   9.688384e-04   1.163826e-27   78
  5.369722e+00   8.826988e-27   5.065474e-04   3.533294e-28   432
  5.372065e+00   8.868741e-27   1.225115e-03   4.213831e-28   348
  5.376527e+00   5.201863e-27   0.000000e+00   1.849107e-27   6
  5.384681e+00   9.280799e-27   8.661160e-04   3.091789e-28   600
  5.387907e+00   1.078114e-26   8.155581e-04   1.144913e-27   78
  5.399271e+00   9.258528e-27   1.072115e-03   3.219841e-28   572
  5.403481e+00   1.193976e-26   0.000000e+00   2.998351e-27   6
  5.413189e+00   8.190185e-27   5.033701e-04   3.141550e-28   384
  5.415134e+00   1.128407e-26   7.482049e-04   1.142110e-27   102
  5.427858e+00   9.455809e-27   7.359585e-04   3.963573e-28   396
  5.430766e+00   4.200453e-27   0.000000e+00   5.103159e-28   6
  5.442225e+00   8.861393e-27   6.658608e-04   4.075673e-28   326
  5.456526e+00   8.074721e-27   4.630285e-04   4.605448e-28   252
  5.458378e+00   4.812602e-27   0.000000e+00   4.876756e-28   6
  5.470933e+00   9.081469e-27   4.213345e-04   5.640064e-28   198
  5.485317e+00   1.131279e-26   3.214857e-04   7.397111e-28   146
  5.499721e+00   9.642999e-27   2.359708e-04   7.220451e-28   102
  5.514144e+00   8.124579e-27   1.639936e-04   8.500407e-28   66
  5.528587e+00   1.414821e-26   1.041522e-04   1.842508e-27   38
  5.543047e+00   6.256889e-27   5.371851e-05   1.362498e-27   18
  5.557519e+00   1.344225e-26   5.754450e-08   2.552682e-27   6
