# power spectrum of chi
# redshift z=30.000000
# k              Pk             sigma(k)       sigma(Pk)      count
  2.513274e-02   4.448482e-21   2.247832e-10   1.517537e-21   6
  3.554306e-02   1.606764e-20   0.000000e+00   4.187945e-21   12
  4.353118e-02   9.024730e-21   4.768372e-10   3.887849e-21   8
  5.026548e-02   6.263396e-21   4.495664e-10   2.554350e-21   6
  5.619852e-02   5.902055e-21   8.991328e-10   1.348255e-21   24
  6.156239e-02   6.843994e-21   6.357829e-10   9.612999e-22   24
  7.416620e-02   6.087978e-21   1.948007e-03   9.276729e-22   42
  7.947671e-02   2.388825e-21   0.000000e+00   4.657690e-22   24
  8.335587e-02   3.589291e-21   1.557344e-09   7.384495e-22   24
  8.972863e-02   2.663721e-21   1.539368e-03   6.185745e-22   32
  9.403811e-02   2.577234e-21   0.000000e+00   3.881375e-22   48
  1.005310e-01   8.758176e-22   8.991328e-10   2.068606e-22   6
  1.049125e-01   1.655691e-21   1.486715e-03   1.961204e-22   84
  1.109741e-01   1.623189e-21   1.422978e-03   1.937637e-22   48
  1.160761e-01   1.604191e-21   1.277655e-03   1.507246e-22   72
  1.231248e-01   9.894587e-22   1.271566e-09   1.380434e-22   24
  1.274204e-01   1.085563e-21   1.133933e-03   1.077205e-22   102
  1.338823e-01   8.236227e-22   2.192492e-03   7.075105e-23   104
  1.376577e-01   6.358111e-22   0.000000e+00   9.791187e-23   48
  1.450967e-01   6.954143e-22   1.454852e-03   6.955334e-23   108
  1.494985e-01   7.779665e-22   1.026108e-03   9.925611e-23   78
  1.544156e-01   5.866945e-22   8.885963e-04   5.869818e-23   96
  1.612033e-01   4.258980e-22   1.252396e-03   3.720743e-23   168
  1.674610e-01   4.377503e-22   1.514588e-03   3.623969e-23   120
  1.704585e-01   2.612742e-22   0.000000e+00   3.682841e-23   48
  1.775076e-01   3.712389e-22   1.466362e-03   2.403247e-23   194
  1.836114e-01   2.655450e-22   1.199745e-03   1.972594e-23   192
  1.889121e-01   2.278853e-22   8.359107e-04   2.370183e-23   96
  1.926375e-01   2.405344e-22   7.114371e-04   2.096238e-23   96
  1.973415e-01   1.907176e-22   1.049518e-03   1.779639e-23   174
  2.036605e-01   1.863080e-22   1.032544e-03   1.513160e-23   216
  2.087655e-01   1.552276e-22   1.069752e-03   1.074656e-23   192
  2.153360e-01   1.017325e-22   1.134051e-03   8.001704e-24   204
  2.199701e-01   1.317203e-22   1.553116e-03   1.016647e-23   224
  2.263855e-01   1.047978e-22   8.767448e-04   7.546175e-24   174
  2.313653e-01   1.191165e-22   1.685384e-03   6.792828e-24   288
  2.375440e-01   7.783204e-23   8.296829e-04   4.642463e-24   288
  2.423661e-01   8.215873e-23   1.600294e-03   4.479836e-24   192
  2.486778e-01   7.669948e-23   1.171093e-03   4.616561e-24   252
  2.526714e-01   6.387459e-23   6.978544e-04   3.916687e-24   246
  2.580960e-01   6.348776e-23   1.324197e-03   3.255975e-24   312
  2.629351e-01   5.643189e-23   8.554600e-04   3.381617e-24   248
  2.695776e-01   4.392268e-23   1.809641e-03   2.037193e-24   432
  2.749286e-01   4.254364e-23   1.515534e-03   3.091784e-24   198
  2.802165e-01   3.897884e-23   1.832967e-03   2.074373e-24   456
  2.863920e-01   3.794950e-23   1.069655e-03   2.072109e-24   324
  2.907627e-01   3.474847e-23   1.266356e-03   2.178649e-24   312
  2.961810e-01   3.106889e-23   1.588477e-03   1.384243e-24   408
  3.029220e-01   2.789577e-23   1.466968e-03   1.280322e-24   414
  3.075580e-01   2.379068e-23   1.269406e-03   1.299817e-24   392
  3.123025e-01   1.920448e-23   1.430245e-03   9.725225e-25   408
  3.185470e-01   2.102016e-23   1.518117e-03   9.204514e-25   444
  3.232898e-01   2.389511e-23   1.227263e-03   1.337657e-24   360
  3.293455e-01   1.923757e-23   1.684453e-03   6.658869e-25   678
  3.357501e-01   1.537709e-23   1.079705e-03   7.450269e-25   360
  3.406722e-01   1.524324e-23   1.778081e-03   5.832489e-25   648
  3.453647e-01   1.453016e-23   8.217968e-04   7.849466e-25   288
  3.513418e-01   1.368481e-23   1.531028e-03   5.123383e-25   686
  3.569625e-01   1.296810e-23   1.138289e-03   6.191438e-25   444
  3.620452e-01   1.226200e-23   1.580989e-03   4.565535e-25   696
  3.671010e-01   1.172371e-23   1.502020e-03   5.352473e-25   408
  3.725872e-01   8.576282e-24   1.554025e-03   3.345275e-25   648
  3.782992e-01   9.685086e-24   1.360625e-03   3.771314e-25   582
  3.833918e-01   7.968896e-24   1.703041e-03   3.016308e-25   744
  3.890113e-01   7.266109e-24   1.700144e-03   2.933766e-25   516
  3.941882e-01   7.028126e-24   1.645265e-03   2.445000e-25   728
  3.989676e-01   7.594192e-24   1.363195e-03   3.128301e-25   558
  4.047392e-01   6.088969e-24   1.374231e-03   2.159872e-25   768
  4.109960e-01   6.284903e-24   1.593026e-03   2.018155e-25   960
  4.164620e-01   5.384987e-24   1.114439e-03   2.037391e-25   576
  4.217163e-01   5.591494e-24   1.808947e-03   1.946627e-25   816
  4.273742e-01   5.459444e-24   1.395616e-03   1.942619e-25   666
  4.323421e-01   4.834007e-24   1.636664e-03   1.515045e-25   960
  4.382783e-01   4.732671e-24   1.614107e-03   1.574198e-25   824
  4.440386e-01   3.989636e-24   1.777416e-03   1.321048e-25   936
  4.493430e-01   3.844859e-24   1.321819e-03   1.437392e-25   624
  4.542288e-01   3.500858e-24   1.556102e-03   1.087448e-25   1062
  4.599003e-01   3.220855e-24   1.695132e-03   1.240938e-25   732
  4.648741e-01   2.914449e-24   1.470856e-03   9.304390e-26   1080
  4.708074e-01   3.276140e-24   1.603534e-03   1.162073e-25   936
  4.761732e-01   2.678333e-24   1.731990e-03   9.695055e-26   878
  4.818260e-01   2.778769e-24   1.755225e-03   8.459422e-26   1152
  4.870749e-01   2.585395e-24   1.356663e-03   7.837235e-26   1056
  4.926568e-01   2.544205e-24   1.602363e-03   8.566324e-26   864
  4.976423e-01   2.175898e-24   1.565217e-03   6.773564e-26   1092
  5.036015e-01   2.121289e-24   1.653531e-03   6.524570e-26   1206
  5.092782e-01   2.062173e-24   1.678014e-03   6.000171e-26   1248
  5.145213e-01   2.006459e-24   1.137149e-03   6.572672e-26   864
  5.191890e-01   1.764974e-24   1.180642e-03   5.018452e-26   1152
  5.252742e-01   1.748848e-24   1.757644e-03   4.783757e-26   1382
  5.312134e-01   1.676605e-24   1.566451e-03   4.803235e-26   1188
  5.364142e-01   1.624260e-24   1.659855e-03   4.692495e-26   1248
  5.413249e-01   1.513830e-24   1.574532e-03   4.469083e-26   1152
  5.467138e-01   1.460894e-24   1.729118e-03   4.437549e-26   1320
  5.526917e-01   1.325772e-24   1.146028e-03   3.860541e-26   1206
  5.576517e-01   1.340921e-24   1.665023e-03   3.440340e-26   1560
  5.635439e-01   1.202395e-24   1.549958e-03   3.162993e-26   1280
  5.685850e-01   1.184383e-24   1.560520e-03   3.211663e-26   1308
  5.741001e-01   1.071084e-24   1.566129e-03   2.825039e-26   1512
  5.795940e-01   1.115216e-24   1.277777e-03   3.084423e-26   1350
  5.852552e-01   1.017483e-24   1.688249e-03   2.510540e-26   1608
  5.900948e-01   9.294528e-25   1.451867e-03   2.629364e-26   1320
  5.957309e-01   8.766913e-25   1.748946e-03   2.092611e-26   1656
  6.008045e-01   8.540006e-25   1.374965e-03   2.481654e-26   1254
  6.066730e-01   8.110026e-25   1.569270e-03   1.839861e-26   1932
  6.122044e-01   8.087849e-25   1.409199e-03   2.138004e-26   1640
  6.176544e-01   7.495027e-25   1.462843e-03   1.894768e-26   1488
  6.227944e-01   6.928727e-25   1.414095e-03   1.700154e-26   1560
  6.286404e-01   7.030105e-25   1.698486e-03   1.486456e-26   2046
  6.340669e-01   6.669058e-25   1.523538e-03   1.749660e-26   1512
  6.393232e-01   6.116726e-25   1.516165e-03   1.469452e-26   1764
  6.445652e-01   5.983289e-25   1.511671e-03   1.424133e-26   1776
  6.499746e-01   5.673831e-25   1.817211e-03   1.488654e-26   1704
  6.557781e-01   5.112032e-25   1.779589e-03   1.131679e-26   2126
  6.610046e-01   4.936490e-25   1.236245e-03   1.205968e-26   1632
  6.662499e-01   5.268643e-25   1.646884e-03   1.192607e-26   2064
  6.715382e-01   4.688429e-25   1.357901e-03   1.151387e-26   1680
  6.772924e-01   4.421590e-25   1.523137e-03   1.009110e-26   2154
  6.826481e-01   4.367094e-25   1.541852e-03   9.531591e-27   2016
  6.884154e-01   4.078569e-25   1.692697e-03   7.959998e-27   2304
  6.937001e-01   4.090272e-25   1.347609e-03   1.033217e-26   1680
  6.991903e-01   3.972943e-25   1.561166e-03   7.623026e-27   2432
  7.046941e-01   3.813354e-25   1.538311e-03   8.921634e-27   1902
  7.101567e-01   3.453517e-25   1.581895e-03   7.123500e-27   2292
  7.150285e-01   3.383801e-25   1.252979e-03   8.019448e-27   1992
  7.208092e-01   3.291807e-25   1.606146e-03   6.756838e-27   2568
  7.263678e-01   2.767316e-25   1.402295e-03   6.633708e-27   1806
  7.319849e-01   2.862853e-25   1.724889e-03   5.243521e-27   3000
  7.376724e-01   2.843281e-25   1.569594e-03   6.517978e-27   2016
  7.424201e-01   2.899023e-25   1.465108e-03   6.195264e-27   2168
  7.478330e-01   2.565404e-25   1.496073e-03   5.052852e-27   2412
  7.534914e-01   2.653930e-25   1.636470e-03   5.156226e-27   2550
  7.589365e-01   2.522470e-25   1.624710e-03   5.072574e-27   2592
  7.646194e-01   2.269095e-25   1.496749e-03   4.471877e-27   2496
  7.700227e-01   2.321234e-25   1.655767e-03   4.494192e-27   2688
  7.754124e-01   2.278467e-25   1.430386e-03   4.663783e-27   2424
  7.810929e-01   2.064215e-25   1.312547e-03   4.028970e-27   2634
  7.862125e-01   2.029791e-25   1.574459e-03   4.130179e-27   2552
  7.913127e-01   1.960965e-25   1.651778e-03   3.385359e-27   2832
  7.969736e-01   1.870740e-25   1.568612e-03   3.788944e-27   2424
  8.025554e-01   1.779101e-25   1.740010e-03   3.177147e-27   3198
  8.077809e-01   1.783717e-25   1.388970e-03   3.633694e-27   2400
  8.133203e-01   1.644829e-25   1.597724e-03   2.901717e-27   3336
  8.190443e-01   1.616897e-25   1.344782e-03   3.067209e-27   2508
  8.240739e-01   1.551041e-25   1.620807e-03   2.869591e-27   3104
  8.299549e-01   1.475489e-25   1.630675e-03   2.761093e-27   2934
  8.352548e-01   1.457783e-25   1.499159e-03   2.566442e-27   3120
  8.410021e-01   1.435367e-25   1.672615e-03   2.411867e-27   3288
  8.462971e-01   1.352470e-25   1.408091e-03   2.516901e-27   2808
  8.517341e-01   1.269719e-25   1.767149e-03   2.357059e-27   2988
  8.572072e-01   1.277201e-25   1.617824e-03   2.207203e-27   3486
  8.625080e-01   1.234490e-25   1.531395e-03   2.254728e-27   3000
  8.676262e-01   1.178535e-25   1.332104e-03   2.044515e-27   3024
  8.733607e-01   1.153744e-25   1.466916e-03   1.892856e-27   3584
  8.791129e-01   1.102204e-25   1.571450e-03   1.860184e-27   3486
  8.844786e-01   1.074176e-25   1.415254e-03   1.869509e-27   3120
  8.897252e-01   1.020748e-25   1.397521e-03   1.759413e-27   3396
  8.950216e-01   9.543729e-26   1.596634e-03   1.552904e-27   3552
  9.006758e-01   9.575673e-26   1.536565e-03   1.654319e-27   3384
  9.062646e-01   9.187592e-26   1.564378e-03   1.570957e-27   3726
  9.115861e-01   9.010413e-26   1.516080e-03   1.590863e-27   3344
  9.166417e-01   8.743930e-26   1.557833e-03   1.448691e-27   3744
  9.224231e-01   8.162192e-26   1.516451e-03   1.320617e-27   3540
  9.278433e-01   8.046828e-26   1.609838e-03   1.327792e-27   3822
  9.335305e-01   7.809927e-26   1.580500e-03   1.230126e-27   4056
  9.387066e-01   7.856353e-26   1.452506e-03   1.350444e-27   3288
  9.441340e-01   7.282240e-26   1.677753e-03   1.145346e-27   4056
  9.494626e-01   7.171869e-26   1.536843e-03   1.167426e-27   3984
  9.552959e-01   6.933255e-26   1.413015e-03   1.183000e-27   3662
  9.602370e-01   6.877829e-26   1.541776e-03   1.101871e-27   3828
  9.658108e-01   6.305334e-26   1.742991e-03   9.426606e-28   4632
  9.713679e-01   6.110726e-26   1.345609e-03   1.012921e-27   3600
  9.769230e-01   6.033932e-26   1.597718e-03   9.182462e-28   4320
  9.821794e-01   6.093429e-26   1.253511e-03   1.001458e-27   3918
  9.874859e-01   5.808768e-26   1.442268e-03   9.119737e-28   4200
  9.928210e-01   5.751902e-26   1.636673e-03   8.793307e-28   4188
  9.983519e-01   5.272454e-26   1.662286e-03   8.041594e-28   4360
  1.003968e+00   5.074942e-26   1.662160e-03   7.539838e-28   4582
  1.009399e+00   4.972869e-26   1.477494e-03   7.986162e-28   4128
  1.014920e+00   4.893109e-26   1.587216e-03   7.174402e-28   4752
  1.020120e+00   4.795986e-26   1.461112e-03   7.552772e-28   4176
  1.025775e+00   4.764269e-26   1.680085e-03   6.867155e-28   4848
  1.031437e+00   4.429193e-26   1.459747e-03   6.667018e-28   4338
  1.036771e+00   4.279175e-26   1.593174e-03   5.779778e-28   5160
  1.042045e+00   4.264785e-26   1.291598e-03   6.821608e-28   4008
  1.047767e+00   4.058987e-26   1.707442e-03   5.599802e-28   5360
  1.053032e+00   4.017651e-26   1.588217e-03   6.394728e-28   4110
  1.058510e+00   3.912454e-26   1.701535e-03   5.365103e-28   5424
  1.063733e+00   3.913589e-26   1.454921e-03   6.150394e-28   4140
  1.069227e+00   3.717333e-26   1.625576e-03   4.865674e-28   5664
  1.074866e+00   3.577474e-26   1.412853e-03   5.339958e-28   4632
  1.080236e+00   3.424611e-26   1.490235e-03   5.087490e-28   4902
  1.085555e+00   3.476969e-26   1.592485e-03   5.028707e-28   5072
  1.090999e+00   3.341473e-26   1.501653e-03   4.757161e-28   5472
  1.096387e+00   3.303992e-26   1.526101e-03   4.730154e-28   4704
  1.101916e+00   3.235629e-26   1.676374e-03   4.649612e-28   5436
  1.107545e+00   3.005315e-26   1.596128e-03   3.958435e-28   5646
  1.112664e+00   2.964489e-26   1.428200e-03   4.584990e-28   4512
  1.118112e+00   2.852902e-26   1.824161e-03   3.716002e-28   6120
  1.123729e+00   2.741079e-26   1.411269e-03   3.788302e-28   5112
  1.129131e+00   2.709440e-26   1.667779e-03   3.593436e-28   5606
  1.134567e+00   2.628900e-26   1.554272e-03   3.514718e-28   5328
  1.139989e+00   2.609861e-26   1.565953e-03   3.288164e-28   5964
  1.145435e+00   2.556009e-26   1.590472e-03   3.505047e-28   5448
  1.150957e+00   2.490728e-26   1.628706e-03   3.283944e-28   5904
  1.156600e+00   2.412279e-26   1.600579e-03   3.269424e-28   5598
  1.161806e+00   2.303006e-26   1.501909e-03   2.950737e-28   5952
  1.167187e+00   2.235666e-26   1.643126e-03   3.038177e-28   5688
  1.172631e+00   2.153088e-26   1.575513e-03   2.867023e-28   5876
  1.177964e+00   2.122672e-26   1.536673e-03   2.816908e-28   5784
  1.183501e+00   2.018717e-26   1.532901e-03   2.484902e-28   6462
  1.189054e+00   2.031560e-26   1.653348e-03   2.788080e-28   5688
  1.194197e+00   1.980413e-26   1.525430e-03   2.431414e-28   6408
  1.199756e+00   1.914313e-26   1.574800e-03   2.538417e-28   6000
  1.205422e+00   1.832316e-26   1.694655e-03   2.317415e-28   6582
  1.211021e+00   1.802457e-26   1.612876e-03   2.191670e-28   6564
  1.216263e+00   1.789280e-26   1.422140e-03   2.313599e-28   6048
  1.221699e+00   1.749205e-26   1.629773e-03   2.169644e-28   6512
  1.227397e+00   1.662512e-26   1.620133e-03   1.969069e-28   6816
  1.232850e+00   1.600195e-26   1.416896e-03   1.999656e-28   6222
  1.237968e+00   1.635997e-26   1.476334e-03   2.075087e-28   6432
  1.243434e+00   1.546386e-26   1.553938e-03   1.890410e-28   6804
  1.248868e+00   1.552615e-26   1.464733e-03   1.979592e-28   6432
  1.254187e+00   1.479818e-26   1.722345e-03   1.782322e-28   6846
  1.259590e+00   1.469771e-26   1.572729e-03   1.839316e-28   6424
  1.264755e+00   1.431379e-26   1.411534e-03   1.785516e-28   6952
  1.270430e+00   1.440343e-26   1.700917e-03   1.688004e-28   7560
  1.276003e+00   1.371827e-26   1.461590e-03   1.737057e-28   6648
  1.281750e+00   1.314322e-26   1.606071e-03   1.528261e-28   7578
  1.286810e+00   1.306101e-26   1.450151e-03   1.625719e-28   6552
  1.292277e+00   1.273849e-26   1.596662e-03   1.515167e-28   7536
  1.297851e+00   1.213365e-26   1.461180e-03   1.488675e-28   7272
  1.303277e+00   1.199345e-26   1.556497e-03   1.417890e-28   6936
  1.308485e+00   1.175930e-26   1.596343e-03   1.365163e-28   7430
  1.314120e+00   1.138742e-26   1.672052e-03   1.327846e-28   7644
  1.319350e+00   1.132316e-26   1.489238e-03   1.342963e-28   7248
  1.325034e+00   1.080684e-26   1.703671e-03   1.205862e-28   8232
  1.330590e+00   1.046320e-26   1.553617e-03   1.233250e-28   7038
  1.335931e+00   1.035468e-26   1.510189e-03   1.164037e-28   7824
  1.341174e+00   1.026810e-26   1.590763e-03   1.189167e-28   7752
  1.346585e+00   1.005596e-26   1.605043e-03   1.196706e-28   7480
  1.352208e+00   9.533058e-27   1.618933e-03   1.020230e-28   8404
  1.357671e+00   9.704226e-27   1.503855e-03   1.105120e-28   7614
  1.362913e+00   8.946305e-27   1.575108e-03   1.027849e-28   7776
  1.368188e+00   9.116620e-27   1.502776e-03   1.018918e-28   7944
  1.373702e+00   8.933856e-27   1.562607e-03   1.008318e-28   8424
  1.379142e+00   8.675301e-27   1.533354e-03   9.807223e-29   7872
  1.384762e+00   8.439847e-27   1.540830e-03   9.358975e-29   8658
  1.390152e+00   7.961991e-27   1.537871e-03   8.802844e-29   8352
  1.395701e+00   7.953075e-27   1.544872e-03   8.467587e-29   8648
  1.400946e+00   7.801884e-27   1.463868e-03   8.875344e-29   7680
  1.406459e+00   7.722680e-27   1.524971e-03   8.394829e-29   8646
  1.411581e+00   7.574302e-27   1.477493e-03   8.239158e-29   8448
  1.417243e+00   7.508689e-27   1.570023e-03   7.816963e-29   9120
  1.422706e+00   7.263846e-27   1.534210e-03   7.911164e-29   8316
  1.428231e+00   6.979724e-27   1.655901e-03   7.078111e-29   9504
  1.433780e+00   6.921368e-27   1.505873e-03   8.045647e-29   8358
  1.439318e+00   6.782344e-27   1.591741e-03   7.112886e-29   9584
  1.444669e+00   6.567888e-27   1.523180e-03   6.991352e-29   8616
  1.450194e+00   6.495153e-27   1.658401e-03   6.846762e-29   9432
  1.455837e+00   6.201087e-27   1.687074e-03   6.433479e-29   9018
  1.460959e+00   5.990814e-27   1.428118e-03   6.507060e-29   8568
  1.466312e+00   5.973700e-27   1.589614e-03   5.929648e-29   9816
  1.471848e+00   5.869919e-27   1.504950e-03   6.177083e-29   9000
  1.477320e+00   5.829574e-27   1.574008e-03   6.014224e-29   9504
  1.482769e+00   5.514817e-27   1.610237e-03   5.665422e-29   9446
  1.488128e+00   5.506288e-27   1.539876e-03   5.804881e-29   9696
  1.493639e+00   5.452645e-27   1.432995e-03   5.782526e-29   9180
  1.499052e+00   5.314973e-27   1.656445e-03   5.046134e-29   10512
  1.504580e+00   5.300737e-27   1.565995e-03   5.543114e-29   9048
  1.510050e+00   5.047243e-27   1.502032e-03   5.230278e-29   10014
  1.515115e+00   4.842689e-27   1.465977e-03   5.099983e-29   9096
  1.520624e+00   4.913342e-27   1.678104e-03   4.672572e-29   11088
  1.526481e+00   4.719027e-27   1.632622e-03   4.758561e-29   9860
  1.531846e+00   4.600994e-27   1.547538e-03   4.715319e-29   10110
  1.537226e+00   4.471060e-27   1.610782e-03   4.459444e-29   10104
  1.542638e+00   4.440167e-27   1.527293e-03   4.358368e-29   10392
  1.548117e+00   4.491318e-27   1.580956e-03   4.542777e-29   10104
  1.553700e+00   4.275118e-27   1.636048e-03   4.090757e-29   11352
  1.559389e+00   4.267661e-27   1.498379e-03   4.288505e-29   10014
  1.564440e+00   4.151562e-27   1.383079e-03   4.356891e-29   9636
  1.569783e+00   3.954551e-27   1.639203e-03   3.715710e-29   11552
  1.575422e+00   4.147874e-27   1.523155e-03   4.020612e-29   10488
  1.580867e+00   3.976516e-27   1.590751e-03   3.952960e-29   10254
  1.586166e+00   3.802100e-27   1.497744e-03   3.617685e-29   11304
  1.591672e+00   3.825584e-27   1.520072e-03   3.683155e-29   10872
  1.597152e+00   3.718885e-27   1.630062e-03   3.592589e-29   10932
  1.602461e+00   3.652652e-27   1.470687e-03   3.536120e-29   10848
  1.607949e+00   3.571121e-27   1.538096e-03   3.462293e-29   10998
  1.613393e+00   3.496190e-27   1.616241e-03   3.274420e-29   11720
  1.618857e+00   3.422085e-27   1.486980e-03   3.326380e-29   10776
  1.624233e+00   3.320136e-27   1.626703e-03   3.006090e-29   12072
  1.629803e+00   3.232561e-27   1.491590e-03   3.094554e-29   10704
  1.635146e+00   3.279422e-27   1.530127e-03   3.135319e-29   11730
  1.640724e+00   3.148408e-27   1.589265e-03   2.991339e-29   12144
  1.646103e+00   3.112266e-27   1.505823e-03   2.987715e-29   11568
  1.651732e+00   3.028632e-27   1.628958e-03   2.924156e-29   11552
  1.656794e+00   2.934260e-27   1.470182e-03   2.815264e-29   10926
  1.662301e+00   2.962700e-27   1.665116e-03   2.710481e-29   13032
  1.667699e+00   2.837376e-27   1.360824e-03   2.847539e-29   10776
  1.673163e+00   2.715712e-27   1.675173e-03   2.438784e-29   13116
  1.678750e+00   2.795698e-27   1.576527e-03   2.587427e-29   12288
  1.684254e+00   2.672681e-27   1.448982e-03   2.578428e-29   11262
  1.689407e+00   2.727100e-27   1.565326e-03   2.553167e-29   12672
  1.694949e+00   2.596633e-27   1.534786e-03   2.381649e-29   12624
  1.700444e+00   2.533472e-27   1.539772e-03   2.334627e-29   12392
  1.705894e+00   2.511799e-27   1.578373e-03   2.304959e-29   12060
  1.711417e+00   2.411643e-27   1.664529e-03   2.110874e-29   13662
  1.716714e+00   2.443388e-27   1.437484e-03   2.251043e-29   11592
  1.722229e+00   2.409728e-27   1.708245e-03   2.103771e-29   13776
  1.727732e+00   2.276859e-27   1.452727e-03   2.110898e-29   12240
  1.733259e+00   2.287448e-27   1.673717e-03   2.014130e-29   13662
  1.738451e+00   2.233855e-27   1.438450e-03   2.135222e-29   11520
  1.744057e+00   2.202017e-27   1.657935e-03   1.892121e-29   15044
  1.749584e+00   2.190600e-27   1.490148e-03   2.063462e-29   12384
  1.755011e+00   2.104831e-27   1.568695e-03   1.876524e-29   13176
  1.760324e+00   2.093050e-27   1.420714e-03   1.883303e-29   12798
  1.765805e+00   2.122058e-27   1.613568e-03   1.822652e-29   14376
  1.771131e+00   1.984866e-27   1.533785e-03   1.797865e-29   12528
  1.776603e+00   1.968887e-27   1.610649e-03   1.694052e-29   14100
  1.781897e+00   1.997186e-27   1.461405e-03   1.828761e-29   12630
  1.787364e+00   1.959781e-27   1.587093e-03   1.648156e-29   14624
  1.792771e+00   1.906929e-27   1.583065e-03   1.692973e-29   13272
  1.798277e+00   1.867994e-27   1.613728e-03   1.574249e-29   14664
  1.803884e+00   1.800293e-27   1.649702e-03   1.547747e-29   14328
  1.809294e+00   1.768258e-27   1.531892e-03   1.590101e-29   13086
  1.814778e+00   1.742812e-27   1.648042e-03   1.436459e-29   15612
  1.820245e+00   1.775015e-27   1.420572e-03   1.545645e-29   13416
  1.825554e+00   1.676627e-27   1.670986e-03   1.455736e-29   14360
  1.831007e+00   1.636205e-27   1.563345e-03   1.402569e-29   14064
  1.836565e+00   1.605996e-27   1.608825e-03   1.336776e-29   15750
  1.842043e+00   1.571361e-27   1.519715e-03   1.380224e-29   13680
  1.847448e+00   1.556113e-27   1.654464e-03   1.273803e-29   15468
  1.852944e+00   1.547873e-27   1.594248e-03   1.313533e-29   14352
  1.858276e+00   1.505411e-27   1.572970e-03   1.280307e-29   14454
  1.863633e+00   1.518450e-27   1.615254e-03   1.273911e-29   15048
  1.869150e+00   1.482338e-27   1.497078e-03   1.194184e-29   15360
  1.874596e+00   1.453341e-27   1.645285e-03   1.208115e-29   15224
  1.880069e+00   1.464852e-27   1.557924e-03   1.232604e-29   15096
  1.885497e+00   1.397139e-27   1.522103e-03   1.182430e-29   14514
  1.890790e+00   1.403858e-27   1.595539e-03   1.130792e-29   16416
  1.896345e+00   1.377788e-27   1.570097e-03   1.122644e-29   15216
  1.902017e+00   1.321083e-27   1.580041e-03   1.033997e-29   16440
  1.907431e+00   1.327049e-27   1.589489e-03   1.113506e-29   14904
  1.912612e+00   1.305028e-27   1.493082e-03   1.086064e-29   15134
  1.918128e+00   1.280176e-27   1.670413e-03   1.017638e-29   16644
  1.923636e+00   1.252205e-27   1.568226e-03   1.003718e-29   16128
  1.929039e+00   1.226171e-27   1.558301e-03   1.024717e-29   15384
  1.934362e+00   1.205209e-27   1.531848e-03   1.007203e-29   15462
  1.939814e+00   1.199605e-27   1.636508e-03   9.438287e-30   17304
  1.945372e+00   1.169366e-27   1.543184e-03   9.510935e-30   16176
  1.950827e+00   1.137243e-27   1.632437e-03   9.134447e-30   16824
  1.956411e+00   1.170214e-27   1.501531e-03   9.440690e-30   15980
  1.961671e+00   1.095752e-27   1.494587e-03   8.683372e-30   16326
  1.966974e+00   1.118830e-27   1.595444e-03   9.185783e-30   16488
  1.972469e+00   1.071817e-27   1.547881e-03   8.410322e-30   16944
  1.977987e+00   1.061791e-27   1.628958e-03   8.226582e-30   17256
  1.983307e+00   1.070267e-27   1.510722e-03   8.517318e-30   15966
  1.988830e+00   1.031634e-27   1.604091e-03   8.085231e-30   17628
  1.994237e+00   9.926201e-28   1.523687e-03   7.654266e-30   17280
  1.999700e+00   1.037185e-27   1.677236e-03   8.207015e-30   17056
  2.005087e+00   9.883581e-28   1.581521e-03   7.532312e-30   17296
  2.010708e+00   9.575057e-28   1.549121e-03   7.321036e-30   17526
  2.016014e+00   9.702607e-28   1.559028e-03   7.532440e-30   17592
  2.021539e+00   9.695951e-28   1.621825e-03   7.535708e-30   17880
  2.026921e+00   9.568690e-28   1.503997e-03   7.516056e-30   17028
  2.032244e+00   9.111480e-28   1.529390e-03   7.169960e-30   17376
  2.037659e+00   9.019073e-28   1.518363e-03   6.831714e-30   18414
  2.043253e+00   8.990902e-28   1.557160e-03   6.857699e-30   17840
  2.048675e+00   8.739657e-28   1.634742e-03   6.603394e-30   18960
  2.054080e+00   8.600397e-28   1.518636e-03   6.841492e-30   16992
  2.059506e+00   8.519897e-28   1.672957e-03   6.481228e-30   18378
  2.064817e+00   8.360374e-28   1.489598e-03   6.407740e-30   18192
  2.070342e+00   8.309418e-28   1.590368e-03   6.248400e-30   19320
  2.075827e+00   8.193383e-28   1.542530e-03   6.295264e-30   17856
  2.081294e+00   8.074748e-28   1.592338e-03   6.096169e-30   19128
  2.086669e+00   7.732709e-28   1.472822e-03   6.008922e-30   18246
  2.092142e+00   7.966207e-28   1.530845e-03   5.905044e-30   19184
  2.097560e+00   7.643693e-28   1.566786e-03   5.647070e-30   18900
  2.103127e+00   7.481346e-28   1.634103e-03   5.544408e-30   19776
  2.108435e+00   7.534564e-28   1.499267e-03   5.839329e-30   17814
  2.113953e+00   7.393137e-28   1.631506e-03   5.376825e-30   19944
  2.119331e+00   7.224173e-28   1.609395e-03   5.190643e-30   19536
  2.124895e+00   7.176587e-28   1.592635e-03   5.271187e-30   20112
  2.130295e+00   7.006925e-28   1.480183e-03   5.493005e-30   18116
  2.135677e+00   6.888237e-28   1.543122e-03   5.011173e-30   19878
  2.140967e+00   7.022008e-28   1.559605e-03   5.197005e-30   19800
  2.146556e+00   6.922639e-28   1.559507e-03   5.103893e-30   20136
  2.152123e+00   6.760765e-28   1.640454e-03   4.880160e-30   20808
  2.157545e+00   6.596409e-28   1.486131e-03   4.962152e-30   19152
  2.162999e+00   6.522316e-28   1.569730e-03   4.735405e-30   20526
  2.168508e+00   6.381024e-28   1.615030e-03   4.701050e-30   20532
  2.173853e+00   6.371967e-28   1.604928e-03   4.591547e-30   20120
  2.179147e+00   6.153499e-28   1.495586e-03   4.503681e-30   19512
  2.184682e+00   6.177702e-28   1.624686e-03   4.362822e-30   21246
  2.190096e+00   6.101723e-28   1.477588e-03   4.562457e-30   20112
  2.195583e+00   6.107713e-28   1.645292e-03   4.373190e-30   22104
  2.201050e+00   6.104406e-28   1.614482e-03   4.586688e-30   19620
  2.206482e+00   5.886078e-28   1.604796e-03   4.210995e-30   21912
  2.211921e+00   5.690322e-28   1.497387e-03   4.193859e-30   20070
  2.217337e+00   5.638939e-28   1.630864e-03   3.962300e-30   22064
  2.222850e+00   5.559775e-28   1.548352e-03   3.974529e-30   21048
  2.228199e+00   5.651857e-28   1.514343e-03   4.042975e-30   21168
  2.233635e+00   5.413142e-28   1.637642e-03   3.860337e-30   21384
  2.239216e+00   5.362341e-28   1.481766e-03   3.748598e-30   22146
  2.244666e+00   5.445942e-28   1.585174e-03   3.789981e-30   22200
  2.250163e+00   5.271670e-28   1.501548e-03   3.728054e-30   21648
  2.255545e+00   5.186718e-28   1.607582e-03   3.725781e-30   21144
  2.260867e+00   5.061591e-28   1.529125e-03   3.626775e-30   21710
  2.266343e+00   5.064441e-28   1.624700e-03   3.471321e-30   23112
  2.271991e+00   4.981198e-28   1.620840e-03   3.445373e-30   23064
  2.277435e+00   4.946902e-28   1.500062e-03   3.581454e-30   21252
  2.282668e+00   4.849969e-28   1.503720e-03   3.404932e-30   22128
  2.288126e+00   4.915836e-28   1.558658e-03   3.455945e-30   22446
  2.293582e+00   4.799900e-28   1.527528e-03   3.231367e-30   22848
  2.298983e+00   4.685582e-28   1.529486e-03   3.192537e-30   23208
  2.304508e+00   4.716034e-28   1.574247e-03   3.360119e-30   22536
  2.309946e+00   4.585624e-28   1.596462e-03   3.267832e-30   22586
  2.315370e+00   4.520757e-28   1.627795e-03   3.064826e-30   24096
  2.320825e+00   4.501580e-28   1.527306e-03   3.143250e-30   22440
  2.326212e+00   4.420772e-28   1.664369e-03   3.028238e-30   23400
  2.331602e+00   4.412998e-28   1.511928e-03   3.069092e-30   23232
  2.337168e+00   4.356473e-28   1.592064e-03   3.019051e-30   23886
  2.342533e+00   4.292817e-28   1.530913e-03   2.924540e-30   23376
  2.347967e+00   4.247088e-28   1.544635e-03   2.866643e-30   23540
  2.353338e+00   4.214321e-28   1.532168e-03   2.825898e-30   24240
  2.358915e+00   4.088456e-28   1.612109e-03   2.730929e-30   23952
  2.364402e+00   4.118349e-28   1.508159e-03   2.738813e-30   24006
  2.369901e+00   4.042641e-28   1.691935e-03   2.727340e-30   25560
  2.375221e+00   4.109039e-28   1.500150e-03   2.880285e-30   22728
  2.380552e+00   3.909294e-28   1.511947e-03   2.733152e-30   23556
  2.385955e+00   3.940574e-28   1.577785e-03   2.613471e-30   25398
  2.391435e+00   3.869158e-28   1.545774e-03   2.623550e-30   24088
  2.396892e+00   3.858593e-28   1.609108e-03   2.512114e-30   25696
  2.402362e+00   3.775218e-28   1.511201e-03   2.597846e-30   24144
  2.407786e+00   3.815016e-28   1.615096e-03   2.570666e-30   25560
  2.413246e+00   3.690334e-28   1.489846e-03   2.466316e-30   24246
  2.418724e+00   3.697122e-28   1.581827e-03   2.455920e-30   26292
  2.424188e+00   3.667046e-28   1.560153e-03   2.431192e-30   25200
  2.429626e+00   3.644926e-28   1.624829e-03   2.429099e-30   25296
  2.434943e+00   3.641286e-28   1.483819e-03   2.449522e-30   24192
  2.440599e+00   3.506357e-28   1.638534e-03   2.223167e-30   28646
  2.446110e+00   3.527428e-28   1.506669e-03   2.394164e-30   24552
  2.451515e+00   3.497174e-28   1.579460e-03   2.286173e-30   25788
  2.456795e+00   3.407155e-28   1.491180e-03   2.215559e-30   25272
  2.462256e+00   3.425217e-28   1.613697e-03   2.260594e-30   26118
  2.467607e+00   3.423460e-28   1.579547e-03   2.240553e-30   26016
  2.473206e+00   3.304078e-28   1.595790e-03   2.149118e-30   27792
  2.478571e+00   3.368766e-28   1.565206e-03   2.318661e-30   25072
  2.483982e+00   3.249313e-28   1.621283e-03   2.112042e-30   26824
  2.489402e+00   3.196940e-28   1.480279e-03   2.071020e-30   26106
  2.494915e+00   3.230131e-28   1.629064e-03   2.052360e-30   28296
  2.500377e+00   3.216321e-28   1.567349e-03   2.103116e-30   26640
  2.505822e+00   3.110837e-28   1.492228e-03   2.047436e-30   26064
  2.511215e+00   3.114843e-28   1.637115e-03   1.980013e-30   27822
  2.516572e+00   3.085825e-28   1.521472e-03   2.035732e-30   26160
  2.522001e+00   3.011133e-28   1.673107e-03   1.918725e-30   28108
  2.527479e+00   3.022896e-28   1.599090e-03   1.963719e-30   27664
  2.532916e+00   3.021621e-28   1.590673e-03   1.937613e-30   27600
  2.538445e+00   2.931204e-28   1.594105e-03   1.873573e-30   27510
  2.543900e+00   2.944126e-28   1.577441e-03   1.850240e-30   28848
  2.549331e+00   2.906038e-28   1.562048e-03   1.861259e-30   27744
  2.554787e+00   2.918824e-28   1.521895e-03   1.879295e-30   27888
  2.560210e+00   2.870123e-28   1.547223e-03   1.870669e-30   27780
  2.565645e+00   2.784956e-28   1.558725e-03   1.741767e-30   28734
  2.571023e+00   2.792883e-28   1.609586e-03   1.751394e-30   28232
  2.576527e+00   2.764619e-28   1.600458e-03   1.716316e-30   29016
  2.581909e+00   2.774927e-28   1.581285e-03   1.777044e-30   28056
  2.587324e+00   2.751860e-28   1.534592e-03   1.744052e-30   28710
  2.592790e+00   2.720552e-28   1.621010e-03   1.703455e-30   29220
  2.598465e+00   2.634247e-28   1.658218e-03   1.599169e-30   31584
  2.603840e+00   2.679128e-28   1.528599e-03   1.756262e-30   26904
  2.609079e+00   2.659112e-28   1.485740e-03   1.686569e-30   28512
  2.614658e+00   2.600827e-28   1.600396e-03   1.581285e-30   30878
  2.620190e+00   2.532414e-28   1.607291e-03   1.545792e-30   30408
  2.625603e+00   2.528445e-28   1.552575e-03   1.599092e-30   28632
  2.630926e+00   2.507241e-28   1.494100e-03   1.600635e-30   28764
  2.636301e+00   2.541733e-28   1.662258e-03   1.564958e-30   30630
  2.641825e+00   2.499274e-28   1.539050e-03   1.555068e-30   30240
  2.647360e+00   2.480356e-28   1.576813e-03   1.520070e-30   31008
  2.652753e+00   2.457055e-28   1.510278e-03   1.541843e-30   29240
  2.658053e+00   2.415918e-28   1.541271e-03   1.515608e-30   30000
  2.663579e+00   2.405607e-28   1.631431e-03   1.488233e-30   30978
  2.669020e+00   2.397812e-28   1.538057e-03   1.472953e-30   30696
  2.674440e+00   2.387057e-28   1.612132e-03   1.489984e-30   31320
  2.679792e+00   2.367061e-28   1.506651e-03   1.472761e-30   29280
  2.685220e+00   2.329453e-28   1.611110e-03   1.451389e-30   31488
  2.690645e+00   2.330932e-28   1.512555e-03   1.411019e-30   31326
  2.696128e+00   2.337193e-28   1.624023e-03   1.453173e-30   31480
  2.701662e+00   2.255617e-28   1.575428e-03   1.352653e-30   32572
  2.707181e+00   2.298319e-28   1.576379e-03   1.416842e-30   31296
  2.712540e+00   2.266751e-28   1.532958e-03   1.379115e-30   30798
  2.718010e+00   2.202402e-28   1.631915e-03   1.358572e-30   32256
  2.723379e+00   2.254246e-28   1.576275e-03   1.379032e-30   32088
  2.728754e+00   2.225986e-28   1.559976e-03   1.381158e-30   30936
  2.734196e+00   2.218522e-28   1.621863e-03   1.339540e-30   33036
  2.739744e+00   2.157136e-28   1.570337e-03   1.311128e-30   31846
  2.745145e+00   2.151960e-28   1.600723e-03   1.261541e-30   33832
  2.750571e+00   2.127804e-28   1.482757e-03   1.341483e-30   30912
  2.755951e+00   2.132800e-28   1.554945e-03   1.279513e-30   32976
  2.761359e+00   2.090046e-28   1.534255e-03   1.256980e-30   32712
  2.766879e+00   2.113971e-28   1.551134e-03   1.262989e-30   33438
  2.772315e+00   2.106277e-28   1.561569e-03   1.281778e-30   32556
  2.777612e+00   2.063962e-28   1.547775e-03   1.258426e-30   33144
  2.783077e+00   2.057783e-28   1.531023e-03   1.242494e-30   33504
  2.788685e+00   2.054518e-28   1.585219e-03   1.236748e-30   33542
  2.794001e+00   2.037250e-28   1.561774e-03   1.215536e-30   33768
  2.799514e+00   2.041585e-28   1.582505e-03   1.215947e-30   34368
  2.804894e+00   1.992813e-28   1.503763e-03   1.237897e-30   32856
  2.810386e+00   2.001065e-28   1.555021e-03   1.197399e-30   34524
  2.815774e+00   1.981634e-28   1.476871e-03   1.190427e-30   33510
  2.821310e+00   1.948492e-28   1.652814e-03   1.120332e-30   35856
  2.826780e+00   1.954547e-28   1.566245e-03   1.188730e-30   33888
  2.832150e+00   1.941866e-28   1.534797e-03   1.175288e-30   33752
  2.837510e+00   1.962255e-28   1.613976e-03   1.197711e-30   34902
  2.843143e+00   1.911902e-28   1.578935e-03   1.128003e-30   35484
  2.848630e+00   1.924680e-28   1.625328e-03   1.110689e-30   36648
  2.854056e+00   1.884953e-28   1.503100e-03   1.139471e-30   33000
  2.859416e+00   1.912516e-28   1.625165e-03   1.141928e-30   35520
  2.864954e+00   1.886801e-28   1.587378e-03   1.106277e-30   36078
  2.870343e+00   1.875113e-28   1.553780e-03   1.110574e-30   34992
  2.875726e+00   1.837251e-28   1.537418e-03   1.094896e-30   35072
  2.881222e+00   1.871650e-28   1.612107e-03   1.081624e-30   36876
  2.886535e+00   1.844293e-28   1.490702e-03   1.127737e-30   33216
  2.891986e+00   1.827162e-28   1.651729e-03   1.035897e-30   38382
  2.897574e+00   1.822973e-28   1.549240e-03   1.080407e-30   36072
  2.903069e+00   1.817765e-28   1.551510e-03   1.053257e-30   37464
  2.908437e+00   1.786792e-28   1.491290e-03   1.082642e-30   34416
  2.913907e+00   1.805493e-28   1.634265e-03   1.055177e-30   37386
  2.919336e+00   1.757679e-28   1.560351e-03   1.018685e-30   37040
  2.924747e+00   1.780652e-28   1.519091e-03   1.059831e-30   36240
  2.930120e+00   1.771037e-28   1.620578e-03   1.025313e-30   36432
  2.935572e+00   1.770517e-28   1.530037e-03   1.037460e-30   37560
  2.941044e+00   1.723940e-28   1.585551e-03   9.886002e-31   37350
  2.946615e+00   1.719911e-28   1.620920e-03   9.775200e-31   38616
  2.952019e+00   1.731160e-28   1.527850e-03   1.008838e-30   37092
  2.957454e+00   1.730148e-28   1.469269e-03   1.011374e-30   37272
  2.962879e+00   1.711739e-28   1.617603e-03   9.977860e-31   37616
  2.968367e+00   1.686520e-28   1.566567e-03   9.734261e-31   38478
  2.973773e+00   1.703615e-28   1.591818e-03   1.002677e-30   37992
  2.979169e+00   1.689384e-28   1.560915e-03   9.759065e-31   38232
  2.984576e+00   1.659138e-28   1.529810e-03   9.907584e-31   36708
  2.989998e+00   1.666553e-28   1.601300e-03   9.539660e-31   39534
  2.995476e+00   1.650514e-28   1.604456e-03   9.564378e-31   39336
  3.000916e+00   1.654229e-28   1.543508e-03   9.704855e-31   37624
  3.006363e+00   1.663150e-28   1.579336e-03   9.451187e-31   40408
  3.011852e+00   1.664364e-28   1.510623e-03   9.777253e-31   38256
  3.017315e+00   1.622329e-28   1.543281e-03   9.465007e-31   39438
  3.022829e+00   1.605332e-28   1.592476e-03   9.100609e-31   40524
  3.028194e+00   1.622204e-28   1.503499e-03   9.444334e-31   38448
  3.033601e+00   1.606006e-28   1.582383e-03   9.459492e-31   39312
  3.038992e+00   1.610776e-28   1.512689e-03   9.549174e-31   38718
  3.044403e+00   1.594745e-28   1.614057e-03   9.052115e-31   40872
  3.049845e+00   1.594494e-28   1.532666e-03   9.180823e-31   40088
  3.055371e+00   1.590872e-28   1.633644e-03   8.926980e-31   40644
  3.060822e+00   1.571746e-28   1.532935e-03   9.050011e-31   40176
  3.066304e+00   1.567677e-28   1.625298e-03   9.085388e-31   40998
  3.071650e+00   1.576854e-28   1.490471e-03   9.313804e-31   39192
  3.077083e+00   1.540791e-28   1.573750e-03   8.643738e-31   41640
  3.082545e+00   1.555214e-28   1.578537e-03   8.723693e-31   41400
  3.087927e+00   1.562481e-28   1.553632e-03   9.184497e-31   38640
  3.093396e+00   1.545684e-28   1.594261e-03   8.738751e-31   43658
  3.098867e+00   1.503341e-28   1.533241e-03   8.792857e-31   40608
  3.104282e+00   1.520883e-28   1.565192e-03   8.615055e-31   41880
  3.109810e+00   1.526108e-28   1.547184e-03   8.651712e-31   41712
  3.115335e+00   1.538614e-28   1.615131e-03   8.600647e-31   42942
  3.120741e+00   1.481963e-28   1.534331e-03   8.593154e-31   40896
  3.126165e+00   1.516598e-28   1.580796e-03   8.567082e-31   42708
  3.131542e+00   1.491440e-28   1.496179e-03   8.594785e-31   40968
  3.137007e+00   1.464349e-28   1.625543e-03   8.271034e-31   43496
  3.142457e+00   1.484386e-28   1.556121e-03   8.548369e-31   41454
  3.147915e+00   1.483077e-28   1.607241e-03   8.354631e-31   43704
  3.153202e+00   1.457723e-28   1.481093e-03   8.420449e-31   41208
  3.158685e+00   1.461860e-28   1.625130e-03   8.339934e-31   43944
  3.164222e+00   1.456116e-28   1.568163e-03   8.056858e-31   43218
  3.169711e+00   1.444351e-28   1.573649e-03   8.119514e-31   44136
  3.175074e+00   1.434893e-28   1.550274e-03   8.302935e-31   42304
  3.180483e+00   1.433852e-28   1.574816e-03   8.424227e-31   43096
  3.185809e+00   1.417626e-28   1.541007e-03   7.970380e-31   43464
  3.191366e+00   1.398428e-28   1.606948e-03   7.845725e-31   44382
  3.196804e+00   1.393939e-28   1.605225e-03   7.919849e-31   44316
  3.202282e+00   1.357758e-28   1.582905e-03   7.566182e-31   44592
  3.207694e+00   1.378674e-28   1.548943e-03   7.789987e-31   44328
  3.213178e+00   1.376640e-28   1.523706e-03   7.836461e-31   43560
  3.218610e+00   1.371880e-28   1.570802e-03   7.634604e-31   44763
  3.224020e+00   1.350465e-28   1.574927e-03   7.775649e-31   44216
  3.229465e+00   1.359630e-28   1.604748e-03   7.573943e-31   45144
  3.234953e+00   1.356105e-28   1.525298e-03   7.808794e-31   42876
  3.240354e+00   1.336389e-28   1.662551e-03   7.478662e-31   46164
  3.245765e+00   1.321273e-28   1.526236e-03   7.734427e-31   42360
  3.251284e+00   1.336963e-28   1.607148e-03   7.495436e-31   45324
  3.256678e+00   1.304566e-28   1.599342e-03   7.558510e-31   43320
  3.262107e+00   1.323511e-28   1.611675e-03   7.675841e-31   44580
  3.267667e+00   1.302781e-28   1.609815e-03   7.591899e-31   44468
  3.273119e+00   1.300930e-28   1.531376e-03   7.609809e-31   43416
  3.278411e+00   1.290931e-28   1.520505e-03   7.640573e-31   42264
  3.283884e+00   1.290610e-28   1.597197e-03   7.446196e-31   44580
  3.289368e+00   1.317877e-28   1.621337e-03   7.516172e-31   43824
  3.294829e+00   1.260235e-28   1.523757e-03   7.444469e-31   43392
  3.300224e+00   1.276412e-28   1.553494e-03   7.600517e-31   43296
  3.305724e+00   1.276230e-28   1.495301e-03   7.389771e-31   42656
  3.311087e+00   1.245469e-28   1.596934e-03   7.276687e-31   43728
  3.316591e+00   1.252196e-28   1.610238e-03   7.295441e-31   43536
  3.322030e+00   1.237018e-28   1.602586e-03   7.356158e-31   42180
  3.327473e+00   1.230630e-28   1.551796e-03   7.196892e-31   44136
  3.332939e+00   1.230501e-28   1.563744e-03   7.336667e-31   42372
  3.338336e+00   1.210038e-28   1.528428e-03   7.299838e-31   41604
  3.343731e+00   1.212944e-28   1.610433e-03   7.081365e-31   43440
  3.349182e+00   1.216767e-28   1.611663e-03   7.221361e-31   42488
  3.354561e+00   1.184913e-28   1.547466e-03   7.012672e-31   41496
  3.360074e+00   1.196339e-28   1.615298e-03   6.878582e-31   44112
  3.365562e+00   1.186425e-28   1.540359e-03   7.145485e-31   41688
  3.370956e+00   1.160512e-28   1.604620e-03   6.927911e-31   42276
  3.376369e+00   1.179836e-28   1.547681e-03   7.192360e-31   41172
  3.381820e+00   1.146637e-28   1.622702e-03   6.736992e-31   43536
  3.387296e+00   1.145599e-28   1.510509e-03   6.973960e-31   41496
  3.392714e+00   1.146661e-28   1.602713e-03   6.951359e-31   40764
  3.398118e+00   1.143924e-28   1.572660e-03   6.757010e-31   43220
  3.403602e+00   1.132948e-28   1.558712e-03   6.805675e-31   41076
  3.409040e+00   1.140635e-28   1.557898e-03   7.000209e-31   41532
  3.414506e+00   1.108307e-28   1.586149e-03   6.643454e-31   41928
  3.419924e+00   1.112373e-28   1.518385e-03   6.711841e-31   41412
  3.425338e+00   1.095866e-28   1.580228e-03   6.849941e-31   40032
  3.430721e+00   1.125774e-28   1.567201e-03   6.755375e-31   41880
  3.436133e+00   1.077000e-28   1.559578e-03   6.545250e-31   40264
  3.441614e+00   1.096016e-28   1.596952e-03   6.470568e-31   42592
  3.447111e+00   1.070197e-28   1.531936e-03   6.765129e-31   39588
  3.452537e+00   1.076622e-28   1.583857e-03   6.309047e-31   42180
  3.457928e+00   1.049330e-28   1.528129e-03   6.488298e-31   39240
  3.463345e+00   1.072184e-28   1.603997e-03   6.447153e-31   40920
  3.468834e+00   1.052049e-28   1.583230e-03   6.241623e-31   41184
  3.474296e+00   1.039795e-28   1.568330e-03   6.245768e-31   40872
  3.479702e+00   1.039385e-28   1.491774e-03   6.413864e-31   38748
  3.485168e+00   1.038325e-28   1.587794e-03   6.217140e-31   41420
  3.490553e+00   1.022581e-28   1.557380e-03   6.184848e-31   39816
  3.496030e+00   1.014943e-28   1.561371e-03   6.121989e-31   39792
  3.501436e+00   1.003713e-28   1.491602e-03   6.065122e-31   39816
  3.506965e+00   1.013779e-28   1.612108e-03   5.989229e-31   41064
  3.512408e+00   9.902060e-29   1.546522e-03   6.090704e-31   39204
  3.517925e+00   9.938891e-29   1.631952e-03   6.030011e-31   40080
  3.523223e+00   1.017666e-28   1.507994e-03   6.258813e-31   38332
  3.528672e+00   9.719539e-29   1.573899e-03   5.856310e-31   39952
  3.534102e+00   1.005469e-28   1.572293e-03   6.270499e-31   39000
  3.539668e+00   9.622796e-29   1.614601e-03   5.718813e-31   40356
  3.545098e+00   9.668576e-29   1.584135e-03   5.936163e-31   39300
  3.550517e+00   9.537992e-29   1.562974e-03   5.927428e-31   37452
  3.555894e+00   9.701026e-29   1.549762e-03   5.817245e-31   39732
  3.561429e+00   9.503407e-29   1.557625e-03   5.698288e-31   39312
  3.566817e+00   9.598835e-29   1.583965e-03   5.918162e-31   37632
  3.572234e+00   9.522690e-29   1.557396e-03   5.874298e-31   38420
  3.577674e+00   9.438485e-29   1.609595e-03   5.701421e-31   39564
  3.583132e+00   9.333183e-29   1.548840e-03   5.777435e-31   37236
  3.588516e+00   9.277335e-29   1.565848e-03   5.674192e-31   38100
  3.593924e+00   9.103557e-29   1.539495e-03   5.579718e-31   38208
  3.599440e+00   9.275125e-29   1.602149e-03   5.564505e-31   39072
  3.604845e+00   9.045281e-29   1.480860e-03   5.643937e-31   36192
  3.610293e+00   9.270677e-29   1.600910e-03   5.626810e-31   38928
  3.615801e+00   8.938050e-29   1.590552e-03   5.319136e-31   38768
  3.621383e+00   9.053336e-29   1.562835e-03   5.679567e-31   37596
  3.626841e+00   9.013338e-29   1.555898e-03   5.540154e-31   37296
  3.632194e+00   8.979963e-29   1.557356e-03   5.482654e-31   36948
  3.637577e+00   8.952773e-29   1.597343e-03   5.728341e-31   37248
  3.643147e+00   8.987118e-29   1.577439e-03   5.572934e-31   37152
  3.648492e+00   8.932269e-29   1.574751e-03   5.564245e-31   37512
  3.653954e+00   8.733782e-29   1.507515e-03   5.584037e-31   35876
  3.659374e+00   8.880935e-29   1.606552e-03   5.610782e-31   36936
  3.664880e+00   8.732919e-29   1.600548e-03   5.308530e-31   38028
  3.670348e+00   8.671260e-29   1.522914e-03   5.438740e-31   35592
  3.675687e+00   8.657666e-29   1.511337e-03   5.510504e-31   35508
  3.681088e+00   8.717948e-29   1.567228e-03   5.411481e-31   36492
  3.686612e+00   8.512570e-29   1.616757e-03   5.192494e-31   37608
  3.692081e+00   8.468661e-29   1.595280e-03   5.463335e-31   34848
  3.697390e+00   8.570857e-29   1.496163e-03   5.504513e-31   35220
  3.702857e+00   8.563153e-29   1.560827e-03   5.389514e-31   36884
  3.708318e+00   8.619664e-29   1.549021e-03   5.580562e-31   35412
  3.713858e+00   8.475851e-29   1.603888e-03   5.450402e-31   35652
  3.719249e+00   8.523490e-29   1.603516e-03   5.384801e-31   36072
  3.724653e+00   8.346865e-29   1.545362e-03   5.382045e-31   34368
  3.730119e+00   8.350802e-29   1.565390e-03   5.313609e-31   35484
  3.735586e+00   8.394874e-29   1.549559e-03   5.378479e-31   35256
  3.740941e+00   8.303350e-29   1.612995e-03   5.328012e-31   34476
  3.746410e+00   8.233137e-29   1.582486e-03   5.354244e-31   34916
  3.751834e+00   8.397039e-29   1.560509e-03   5.498683e-31   34596
  3.757263e+00   8.243826e-29   1.526486e-03   5.319441e-31   34656
  3.762714e+00   8.032659e-29   1.581266e-03   5.363642e-31   34596
  3.768200e+00   8.156244e-29   1.534004e-03   5.402875e-31   33984
  3.773562e+00   8.151553e-29   1.566114e-03   5.375256e-31   34080
  3.778963e+00   8.046108e-29   1.572881e-03   5.176706e-31   34140
  3.784487e+00   8.148566e-29   1.624544e-03   5.315305e-31   33804
  3.789951e+00   8.008407e-29   1.561511e-03   5.083471e-31   35096
  3.795448e+00   7.975626e-29   1.548108e-03   5.256801e-31   33108
  3.800788e+00   8.056979e-29   1.540015e-03   5.509364e-31   32280
  3.806205e+00   8.055456e-29   1.567716e-03   5.347047e-31   34404
  3.811718e+00   7.931478e-29   1.599739e-03   5.197527e-31   34248
  3.817250e+00   7.791973e-29   1.498979e-03   5.376420e-31   32016
  3.822674e+00   7.932386e-29   1.582258e-03   5.249768e-31   34344
  3.828141e+00   7.880862e-29   1.521407e-03   5.413714e-31   32024
  3.833419e+00   7.901417e-29   1.577025e-03   5.523596e-31   31908
  3.838903e+00   7.819433e-29   1.580344e-03   5.230611e-31   33192
  3.844404e+00   7.821293e-29   1.637429e-03   5.343236e-31   33288
  3.849795e+00   7.827825e-29   1.490950e-03   5.324551e-31   31356
  3.855259e+00   7.807250e-29   1.613715e-03   5.302334e-31   32496
  3.860695e+00   7.754317e-29   1.533804e-03   5.257579e-31   31944
  3.866002e+00   7.670222e-29   1.574956e-03   5.337747e-31   31512
  3.871427e+00   7.639803e-29   1.528683e-03   5.309897e-31   31156
  3.876990e+00   7.683881e-29   1.610722e-03   5.187768e-31   33352
  3.882440e+00   7.687882e-29   1.562321e-03   5.386039e-31   31344
  3.887945e+00   7.557155e-29   1.617631e-03   5.333884e-31   31068
  3.893365e+00   7.592240e-29   1.595427e-03   5.270760e-31   31752
  3.898694e+00   7.602239e-29   1.472715e-03   5.432165e-31   29868
  3.904158e+00   7.472066e-29   1.618311e-03   5.213696e-31   32052
  3.909662e+00   7.424662e-29   1.535519e-03   5.303359e-31   30012
  3.915037e+00   7.557594e-29   1.611064e-03   5.177563e-31   31520
  3.920567e+00   7.338576e-29   1.575150e-03   5.241564e-31   30648
  3.925929e+00   7.438318e-29   1.553739e-03   5.388205e-31   29304
  3.931379e+00   7.631941e-29   1.540483e-03   5.321978e-31   31140
  3.936935e+00   7.456438e-29   1.641115e-03   5.101341e-31   31320
  3.942387e+00   7.389592e-29   1.548803e-03   5.490230e-31   28356
  3.947754e+00   7.472850e-29   1.583135e-03   5.287059e-31   30288
  3.953106e+00   7.308365e-29   1.573376e-03   5.256706e-31   29472
  3.958489e+00   7.314790e-29   1.555320e-03   5.352069e-31   28716
  3.964046e+00   7.242729e-29   1.543510e-03   5.084838e-31   30740
  3.969538e+00   7.361783e-29   1.574261e-03   5.343125e-31   29304
  3.974923e+00   7.248760e-29   1.567890e-03   5.421001e-31   28476
  3.980403e+00   7.260413e-29   1.588107e-03   5.437275e-31   29304
  3.985849e+00   7.441627e-29   1.586252e-03   5.464625e-31   29280
  3.991362e+00   7.202912e-29   1.582091e-03   5.275520e-31   29100
  3.996850e+00   7.172909e-29   1.550996e-03   5.409905e-31   27816
  4.002128e+00   7.473115e-29   1.557957e-03   5.665805e-31   27692
  4.007580e+00   7.189918e-29   1.619992e-03   5.281791e-31   29724
  4.013138e+00   7.059011e-29   1.544165e-03   5.466247e-31   27240
  4.018514e+00   7.341120e-29   1.500820e-03   5.592361e-31   27588
  4.023894e+00   7.258945e-29   1.561808e-03   5.465077e-31   28560
  4.029394e+00   7.091241e-29   1.581785e-03   5.353168e-31   26952
  4.034839e+00   7.126322e-29   1.583665e-03   5.404677e-31   27516
  4.040261e+00   7.160914e-29   1.600351e-03   5.315941e-31   28344
  4.045759e+00   6.967255e-29   1.576275e-03   5.424662e-31   26196
  4.051072e+00   7.027082e-29   1.541569e-03   5.415987e-31   26360
  4.056519e+00   7.282538e-29   1.593665e-03   5.439740e-31   28152
  4.062017e+00   7.046353e-29   1.541184e-03   5.417447e-31   25896
  4.067403e+00   6.973522e-29   1.577942e-03   5.430619e-31   26592
  4.072863e+00   7.039437e-29   1.510771e-03   5.505184e-31   26568
  4.078361e+00   7.055064e-29   1.598680e-03   5.534836e-31   26832
  4.083715e+00   6.840447e-29   1.515874e-03   5.687712e-31   24972
  4.089266e+00   7.021584e-29   1.598351e-03   5.303224e-31   27000
  4.094669e+00   7.000221e-29   1.532450e-03   5.443409e-31   25448
  4.100056e+00   6.809953e-29   1.584391e-03   5.475970e-31   25476
  4.105587e+00   7.059985e-29   1.553105e-03   5.753614e-31   25152
  4.110933e+00   6.920000e-29   1.592180e-03   5.483972e-31   25968
  4.116439e+00   6.836294e-29   1.585064e-03   5.618036e-31   25320
  4.121936e+00   6.866406e-29   1.497338e-03   5.845149e-31   23796
  4.127194e+00   7.009293e-29   1.571596e-03   5.624933e-31   25500
  4.132663e+00   6.943123e-29   1.566138e-03   5.772914e-31   24420
  4.138205e+00   6.657214e-29   1.621058e-03   5.580224e-31   24656
  4.143555e+00   6.957419e-29   1.535877e-03   5.740025e-31   24036
  4.148982e+00   6.960234e-29   1.588370e-03   5.942164e-31   24528
  4.154373e+00   6.560477e-29   1.534446e-03   5.425027e-31   23004
  4.159821e+00   6.909189e-29   1.575770e-03   5.645798e-31   24576
  4.165293e+00   6.879283e-29   1.505141e-03   5.748462e-31   23736
  4.170760e+00   6.669775e-29   1.599171e-03   5.751527e-31   23712
  4.176262e+00   6.862997e-29   1.552705e-03   5.858597e-31   22992
  4.181681e+00   6.729385e-29   1.541976e-03   5.611125e-31   23984
  4.187096e+00   6.646907e-29   1.540203e-03   5.673122e-31   22344
  4.192540e+00   6.673848e-29   1.562907e-03   5.674187e-31   22536
  4.197951e+00   6.870808e-29   1.546870e-03   5.849216e-31   23268
  4.203353e+00   6.739284e-29   1.588651e-03   5.841879e-31   22152
  4.208799e+00   6.571909e-29   1.568712e-03   5.718065e-31   22068
  4.214381e+00   6.818853e-29   1.610904e-03   5.840740e-31   23664
  4.219765e+00   6.778748e-29   1.496014e-03   6.147988e-31   20640
  4.225141e+00   6.500835e-29   1.587688e-03   5.812306e-31   22376
  4.230687e+00   6.714879e-29   1.561479e-03   5.992454e-31   21444
  4.236032e+00   6.894150e-29   1.618016e-03   6.244861e-31   21576
  4.241470e+00   6.459425e-29   1.604143e-03   5.767657e-31   21660
  4.247060e+00   6.490529e-29   1.622088e-03   5.838239e-31   20916
  4.252463e+00   6.741955e-29   1.591059e-03   6.204547e-31   21504
  4.257831e+00   6.587043e-29   1.516262e-03   6.077953e-31   20508
  4.263333e+00   6.369309e-29   1.620094e-03   5.858589e-31   20036
  4.268738e+00   6.740266e-29   1.567896e-03   6.150560e-31   21276
  4.274208e+00   6.497311e-29   1.552204e-03   5.954327e-31   20652
  4.279668e+00   6.253164e-29   1.544650e-03   6.046583e-31   18696
  4.285116e+00   6.718255e-29   1.616732e-03   6.055527e-31   21504
  4.290573e+00   6.629390e-29   1.511985e-03   6.348377e-31   19284
  4.296019e+00   6.348637e-29   1.630585e-03   6.330364e-31   19356
  4.301432e+00   6.371531e-29   1.540949e-03   6.141468e-31   19236
  4.306795e+00   6.586509e-29   1.571095e-03   6.147670e-31   19476
  4.312272e+00   6.103268e-29   1.634853e-03   5.781322e-31   19184
  4.317835e+00   6.313895e-29   1.583822e-03   6.176909e-31   18852
  4.323254e+00   6.623978e-29   1.533201e-03   6.359158e-31   18876
  4.328571e+00   6.096061e-29   1.593847e-03   6.137126e-31   18336
  4.334078e+00   5.938472e-29   1.599281e-03   5.751634e-31   17820
  4.339614e+00   6.435280e-29   1.614145e-03   6.182208e-31   19392
  4.344985e+00   6.114257e-29   1.598282e-03   6.141553e-31   17616
  4.350318e+00   6.097530e-29   1.504639e-03   6.336549e-31   16320
  4.355861e+00   6.488551e-29   1.629545e-03   6.457091e-31   19292
  4.361241e+00   6.144959e-29   1.561011e-03   6.298106e-31   17112
  4.366853e+00   5.960359e-29   1.582117e-03   6.242668e-31   17388
  4.372327e+00   6.328194e-29   1.481209e-03   6.720845e-31   16692
  4.377488e+00   6.303573e-29   1.566835e-03   6.809564e-31   16956
  4.383124e+00   5.862424e-29   1.580304e-03   5.971263e-31   17040
  4.388630e+00   5.907920e-29   1.563733e-03   6.375627e-31   16092
  4.393862e+00   6.286755e-29   1.553118e-03   6.593970e-31   16380
  4.399428e+00   5.798030e-29   1.596421e-03   6.094869e-31   16688
  4.404886e+00   5.719048e-29   1.596956e-03   6.205833e-31   14940
  4.410242e+00   6.178999e-29   1.605748e-03   6.675334e-31   16668
  4.415795e+00   5.766305e-29   1.568026e-03   6.262383e-31   15804
  4.421181e+00   5.497137e-29   1.557131e-03   6.094057e-31   14280
  4.426622e+00   6.161476e-29   1.532886e-03   7.046192e-31   16068
  4.432054e+00   5.762852e-29   1.562272e-03   6.539286e-31   15048
  4.437457e+00   5.656565e-29   1.592183e-03   6.515405e-31   13940
  4.442869e+00   5.666969e-29   1.521708e-03   6.458964e-31   15072
  4.448295e+00   5.716176e-29   1.622238e-03   6.487178e-31   14808
  4.453669e+00   5.455330e-29   1.506280e-03   6.529503e-31   13200
  4.459194e+00   5.575042e-29   1.595625e-03   6.310088e-31   15156
  4.464724e+00   5.897334e-29   1.556013e-03   7.333438e-31   13788
  4.470151e+00   5.287167e-29   1.533533e-03   6.060044e-31   13608
  4.475573e+00   5.404819e-29   1.461946e-03   6.342636e-31   13224
  4.480979e+00   5.737410e-29   1.576198e-03   7.161858e-31   13320
  4.486355e+00   5.270873e-29   1.554184e-03   6.272458e-31   13220
  4.491886e+00   5.104259e-29   1.570846e-03   5.846321e-31   12984
  4.497444e+00   5.480511e-29   1.589998e-03   7.097010e-31   12780
  4.502691e+00   5.051591e-29   1.504822e-03   6.120227e-31   12360
  4.508225e+00   5.022468e-29   1.583198e-03   5.760453e-31   12480
  4.513746e+00   5.171262e-29   1.537784e-03   6.456849e-31   11892
  4.519015e+00   5.021813e-29   1.594395e-03   6.218286e-31   12192
  4.524529e+00   4.858192e-29   1.563074e-03   6.145251e-31   11328
  4.530016e+00   4.565356e-29   1.657530e-03   5.650717e-31   12020
  4.535376e+00   4.825611e-29   1.523948e-03   5.778566e-31   11052
  4.540948e+00   4.702167e-29   1.618906e-03   5.677713e-31   11304
  4.546169e+00   4.612993e-29   1.489624e-03   6.026917e-31   10368
  4.551511e+00   4.536061e-29   1.550098e-03   5.295699e-31   10899
  4.557146e+00   4.450251e-29   1.554021e-03   5.179739e-31   10752
  4.562496e+00   4.188161e-29   1.559799e-03   5.053008e-31   10446
  4.568012e+00   4.478917e-29   1.535197e-03   5.588344e-31   10092
  4.573476e+00   4.172662e-29   1.555534e-03   5.131931e-31   10220
  4.578755e+00   4.449686e-29   1.523556e-03   5.512913e-31   9636
  4.584373e+00   4.167869e-29   1.567355e-03   4.998575e-31   10020
  4.589883e+00   4.087906e-29   1.628387e-03   4.817758e-31   9906
  4.595217e+00   4.305595e-29   1.510439e-03   5.579885e-31   8940
  4.600749e+00   4.006349e-29   1.531752e-03   4.682707e-31   9558
  4.606151e+00   4.031953e-29   1.668091e-03   4.985264e-31   9180
  4.611496e+00   4.101250e-29   1.596941e-03   5.177441e-31   8674
  4.617087e+00   4.007932e-29   1.587385e-03   4.874123e-31   9454
  4.622489e+00   3.946632e-29   1.631486e-03   5.166822e-31   8316
  4.627854e+00   4.057943e-29   1.608919e-03   5.019947e-31   8622
  4.633459e+00   3.791519e-29   1.597569e-03   4.658820e-31   9006
  4.638817e+00   3.753672e-29   1.610282e-03   4.729249e-31   7698
  4.644188e+00   3.929879e-29   1.545067e-03   4.931519e-31   8406
  4.649796e+00   3.812423e-29   1.648676e-03   4.443750e-31   8646
  4.655134e+00   3.669850e-29   1.566555e-03   4.735303e-31   7014
  4.660482e+00   3.804498e-29   1.557241e-03   4.668275e-31   8510
  4.666168e+00   3.759608e-29   1.641235e-03   4.881369e-31   7890
  4.671505e+00   3.514740e-29   1.574407e-03   4.501485e-31   6966
  4.676764e+00   3.688225e-29   1.504915e-03   4.740216e-31   7902
  4.682374e+00   3.669831e-29   1.641329e-03   4.759396e-31   7278
  4.687828e+00   3.588366e-29   1.612380e-03   4.702590e-31   7338
  4.693196e+00   3.707068e-29   1.493392e-03   4.908975e-31   7254
  4.698697e+00   3.638725e-29   1.608386e-03   4.857422e-31   6678
  4.704032e+00   3.538618e-29   1.606870e-03   4.566887e-31   7286
  4.709691e+00   3.592298e-29   1.589718e-03   4.591433e-31   7200
  4.715313e+00   3.446725e-29   1.543001e-03   4.797575e-31   6234
  4.720293e+00   3.577028e-29   1.546551e-03   4.821816e-31   6630
  4.725937e+00   3.528208e-29   1.594739e-03   4.687363e-31   6822
  4.731533e+00   3.505814e-29   1.502372e-03   4.888323e-31   6078
  4.736631e+00   3.429137e-29   1.597130e-03   4.420303e-31   6528
  4.742272e+00   3.513377e-29   1.526400e-03   4.999704e-31   6034
  4.747672e+00   3.293798e-29   1.563107e-03   4.473614e-31   6190
  4.753036e+00   3.487233e-29   1.605909e-03   4.692907e-31   6270
  4.758704e+00   3.404736e-29   1.444203e-03   4.732169e-31   5520
  4.763890e+00   3.311705e-29   1.616958e-03   4.474389e-31   6126
  4.769317e+00   3.504076e-29   1.511987e-03   5.006128e-31   5562
  4.775011e+00   3.386120e-29   1.511880e-03   4.688122e-31   5790
  4.780175e+00   3.324967e-29   1.547880e-03   4.595106e-31   5496
  4.785646e+00   3.444271e-29   1.559064e-03   5.001469e-31   5262
  4.791216e+00   3.282731e-29   1.535486e-03   4.499255e-31   5774
  4.796542e+00   3.408750e-29   1.521126e-03   5.140268e-31   5124
  4.802154e+00   3.362833e-29   1.525856e-03   4.980193e-31   5070
  4.807432e+00   3.304703e-29   1.588341e-03   4.679119e-31   5430
  4.812826e+00   3.388251e-29   1.483666e-03   5.111042e-31   4680
  4.818540e+00   3.334766e-29   1.536582e-03   4.972572e-31   5370
  4.823790e+00   3.382414e-29   1.468016e-03   5.288942e-31   4638
  4.829137e+00   3.348884e-29   1.543205e-03   5.322626e-31   4536
  4.834713e+00   3.365030e-29   1.545277e-03   4.914440e-31   5222
  4.840070e+00   3.251788e-29   1.418031e-03   5.125675e-31   4254
  4.845561e+00   3.375441e-29   1.563113e-03   5.421885e-31   4548
  4.850865e+00   3.240434e-29   1.515896e-03   5.027351e-31   4638
  4.856279e+00   3.243737e-29   1.496620e-03   5.408636e-31   4176
  4.861899e+00   3.296500e-29   1.501804e-03   5.019692e-31   4518
  4.867234e+00   3.377358e-29   1.513137e-03   5.384157e-31   4278
  4.872549e+00   3.209389e-29   1.464028e-03   5.523388e-31   3732
  4.877994e+00   3.272528e-29   1.546653e-03   5.153506e-31   4502
  4.883481e+00   3.143996e-29   1.503470e-03   5.457715e-31   3984
  4.889020e+00   3.202688e-29   1.557569e-03   5.642142e-31   3726
  4.894174e+00   3.185372e-29   1.501292e-03   5.177236e-31   4014
  4.899605e+00   3.356532e-29   1.574381e-03   5.657025e-31   3756
  4.905398e+00   3.260797e-29   1.580112e-03   5.269281e-31   3894
  4.910659e+00   3.104078e-29   1.546203e-03   5.272222e-31   3744
  4.915968e+00   3.263120e-29   1.571823e-03   5.858460e-31   3174
  4.921505e+00   3.225005e-29   1.608835e-03   5.139585e-31   3968
  4.926991e+00   3.144071e-29   1.622395e-03   5.350820e-31   3522
  4.932722e+00   3.216234e-29   1.666295e-03   5.743578e-31   3198
  4.937920e+00   3.150641e-29   1.632144e-03   5.492614e-31   3648
  4.943345e+00   3.118087e-29   1.659133e-03   5.853172e-31   3054
  4.949062e+00   3.262373e-29   1.560433e-03   5.658111e-31   3312
  4.954266e+00   3.242553e-29   1.648372e-03   5.704070e-31   3354
  4.959775e+00   3.185895e-29   1.630010e-03   6.220134e-31   2624
  4.965165e+00   3.316431e-29   1.590230e-03   5.998952e-31   3462
  4.970648e+00   3.199544e-29   1.658767e-03   6.022362e-31   2976
  4.976433e+00   3.235089e-29   1.570247e-03   6.534713e-31   2670
  4.981450e+00   3.226925e-29   1.634562e-03   5.763216e-31   3186
  4.986828e+00   3.209817e-29   1.526978e-03   6.789615e-31   2376
  4.992553e+00   3.143418e-29   1.609692e-03   5.940110e-31   3102
  4.997840e+00   3.107794e-29   1.575648e-03   5.992148e-31   2688
  5.003337e+00   3.256644e-29   1.643829e-03   7.337920e-31   2286
  5.008726e+00   3.284250e-29   1.585579e-03   6.150283e-31   3020
  5.014174e+00   2.963098e-29   1.510259e-03   6.186093e-31   2310
  5.019958e+00   3.085657e-29   1.669065e-03   6.153740e-31   2544
  5.025112e+00   3.046114e-29   1.556079e-03   6.512102e-31   2526
  5.030503e+00   3.363395e-29   1.598055e-03   7.563893e-31   2112
  5.036149e+00   3.042458e-29   1.535784e-03   6.031245e-31   2538
  5.041490e+00   3.123107e-29   1.597743e-03   6.277645e-31   2304
  5.046925e+00   3.109381e-29   1.576461e-03   7.405051e-31   1902
  5.052197e+00   2.977904e-29   1.506026e-03   6.124811e-31   2408
  5.057655e+00   3.118378e-29   1.588655e-03   7.050493e-31   2094
  5.063468e+00   3.113802e-29   1.618622e-03   7.301433e-31   2028
  5.068570e+00   3.096119e-29   1.535323e-03   6.507558e-31   2094
  5.073985e+00   3.047511e-29   1.674958e-03   6.923724e-31   1920
  5.079736e+00   3.136591e-29   1.412176e-03   7.334495e-31   1926
  5.084997e+00   3.000142e-29   1.648354e-03   6.267991e-31   2088
  5.090349e+00   3.161834e-29   1.445979e-03   8.350571e-31   1434
  5.095727e+00   3.055796e-29   1.528869e-03   6.691826e-31   2048
  5.101055e+00   3.159289e-29   1.524439e-03   7.623426e-31   1758
  5.106921e+00   3.089769e-29   1.681850e-03   8.189780e-31   1584
  5.112297e+00   3.081650e-29   1.666289e-03   6.941950e-31   1998
  5.117737e+00   3.475738e-29   1.517710e-03   9.643403e-31   1428
  5.123436e+00   2.999054e-29   1.270388e-03   8.497951e-31   1488
  5.128415e+00   3.155648e-29   1.618345e-03   7.450244e-31   1806
  5.133668e+00   3.166800e-29   1.473287e-03   1.015765e-30   1040
  5.139281e+00   3.192148e-29   1.543732e-03   7.573043e-31   1782
  5.144417e+00   3.200759e-29   1.459353e-03   8.873230e-31   1428
  5.150558e+00   3.126073e-29   1.752291e-03   9.533198e-31   1206
  5.155754e+00   3.094721e-29   1.628015e-03   8.212908e-31   1728
  5.160990e+00   3.067482e-29   1.525739e-03   9.605587e-31   1038
  5.167027e+00   3.123679e-29   1.237946e-03   8.684613e-31   1248
  5.171798e+00   3.160489e-29   1.578785e-03   8.118897e-31   1530
  5.177034e+00   3.242243e-29   1.447012e-03   1.417763e-30   656
  5.182884e+00   3.362299e-29   1.622270e-03   8.857239e-31   1662
  5.187826e+00   3.172111e-29   1.343030e-03   1.088420e-30   1008
  5.194344e+00   3.201235e-29   1.783380e-03   1.087137e-30   960
  5.199238e+00   3.107145e-29   1.533522e-03   8.457978e-31   1458
  5.204352e+00   3.163643e-29   1.515264e-03   1.233092e-30   672
  5.210626e+00   3.352536e-29   1.187605e-03   9.833818e-31   1062
  5.215066e+00   3.145056e-29   1.540654e-03   8.750830e-31   1224
  5.220385e+00   3.495048e-29   1.345767e-03   1.938907e-30   374
  5.226378e+00   3.224839e-29   1.617607e-03   8.267118e-31   1512
  5.231226e+00   3.156560e-29   1.355537e-03   1.205910e-30   666
  5.238164e+00   3.241600e-29   1.657312e-03   1.100985e-30   720
  5.242515e+00   3.104428e-29   1.484148e-03   8.797214e-31   1224
  5.247863e+00   3.140039e-29   1.475424e-03   1.857053e-30   390
  5.254263e+00   3.188313e-29   1.097036e-03   1.011835e-30   936
  5.258334e+00   3.198245e-29   1.565258e-03   1.018272e-30   882
  5.264148e+00   2.751442e-29   1.528292e-03   2.160344e-30   216
  5.269800e+00   3.023533e-29   1.517469e-03   8.760022e-31   1286
  5.274591e+00   2.969328e-29   1.267641e-03   1.509310e-30   384
  5.281913e+00   2.984691e-29   1.595845e-03   1.104001e-30   576
  5.285704e+00   3.214295e-29   1.430314e-03   1.129662e-30   930
  5.291130e+00   2.943096e-29   1.405067e-03   1.986534e-30   216
  5.298050e+00   2.990446e-29   1.127871e-03   9.910437e-31   918
  5.302037e+00   3.217588e-29   1.519148e-03   1.404523e-30   480
  5.307441e+00   2.565362e-29   1.280066e-03   2.691331e-30   78
  5.313052e+00   3.109878e-29   1.383681e-03   9.587835e-31   1052
  5.318233e+00   3.360294e-29   1.611134e-03   2.229677e-30   240
  5.326163e+00   3.101521e-29   5.882336e-04   1.533422e-30   438
  5.328872e+00   3.278026e-29   1.360971e-03   1.322442e-30   648
  5.333924e+00   3.027915e-29   1.123687e-03   3.703121e-30   78
  5.341457e+00   3.144519e-29   9.804401e-04   1.124765e-30   780
  5.345244e+00   3.328571e-29   1.368055e-03   2.011500e-30   240
  5.349910e+00   4.594696e-29   0.000000e+00   1.321532e-29   6
  5.356198e+00   2.800472e-29   1.253222e-03   9.923978e-31   824
  5.360748e+00   3.043529e-29   9.688384e-04   3.364555e-30   78
  5.369722e+00   3.170866e-29   5.065474e-04   1.549548e-30   432
  5.372065e+00   3.098444e-29   1.225115e-03   1.680023e-30   348
  5.376527e+00   2.045930e-29   0.000000e+00   6.259485e-30   6
  5.384681e+00   2.794769e-29   8.661160e-04   1.060106e-30   600
  5.387907e+00   3.653003e-29   8.155581e-04   3.612948e-30   78
  5.399271e+00   3.139193e-29   1.072115e-03   1.263053e-30   572
  5.403481e+00   3.320295e-29   0.000000e+00   6.562555e-30   6
  5.413189e+00   3.280617e-29   5.033701e-04   1.670712e-30   384
  5.415134e+00   3.068735e-29   7.482049e-04   3.044570e-30   102
  5.427858e+00   3.140856e-29   7.359585e-04   1.600841e-30   396
  5.430766e+00   2.100775e-29   0.000000e+00   2.139259e-30   6
  5.442225e+00   2.893805e-29   6.658608e-04   1.457015e-30   326
  5.456526e+00   2.914306e-29   4.630285e-04   2.005082e-30   252
  5.458378e+00   3.155428e-29   0.000000e+00   7.152738e-30   6
  5.470933e+00   2.845505e-29   4.213345e-04   1.784135e-30   198
  5.485317e+00   3.785919e-29   3.214857e-04   2.845375e-30   146
  5.499721e+00   2.691847e-29   2.359708e-04   2.889085e-30   102
  5.514144e+00   2.371056e-29   1.639936e-04   2.958636e-30   66
  5.528587e+00   2.892344e-29   1.041522e-04   4.657748e-30   38
  5.543047e+00   1.943618e-29   5.371851e-05   2.860060e-30   18
  5.557519e+00   4.140751e-29   5.754450e-08   4.909820e-30   6
