# power spectrum of phi
# redshift z=1.000000
# k              Pk             sigma(k)       sigma(Pk)      count
  1.570796e-02   2.363564e-10   0.000000e+00   9.543046e-11   6
  2.221441e-02   1.059609e-10   0.000000e+00   2.125280e-11   12
  2.720699e-02   6.363439e-11   2.980232e-10   1.374121e-11   8
  3.141593e-02   1.825178e-10   0.000000e+00   2.023758e-11   6
  3.512407e-02   1.090381e-10   5.619580e-10   3.450859e-11   24
  3.847649e-02   1.348017e-10   5.619580e-10   2.361653e-11   24
  4.442883e-02   4.715546e-11   0.000000e+00   2.075490e-11   12
  4.712389e-02   5.197769e-11   6.357829e-10   8.647336e-12   30
  4.967294e-02   6.622545e-11   0.000000e+00   1.385637e-11   24
  5.209742e-02   5.743646e-11   9.733398e-10   1.413612e-11   24
  5.441398e-02   5.843236e-11   5.960464e-10   1.116858e-11   8
  5.663587e-02   5.058494e-11   7.947286e-10   6.580322e-12   24
  5.877382e-02   4.561363e-11   0.000000e+00   6.635240e-12   48
  6.283185e-02   5.008685e-11   0.000000e+00   2.195261e-11   6
  6.476559e-02   4.010701e-11   7.947286e-10   5.860798e-12   48
  6.664324e-02   3.703142e-11   7.492773e-10   4.400831e-12   36
  6.846942e-02   5.223588e-11   7.947286e-10   1.128104e-11   24
  7.024815e-02   3.250482e-11   1.123916e-09   5.071321e-12   24
  7.198293e-02   2.749403e-11   0.000000e+00   3.465950e-12   48
  7.367688e-02   3.439319e-11   1.123916e-09   5.191446e-12   24
  7.695299e-02   3.178447e-11   1.123916e-09   4.433616e-12   24
  7.853982e-02   1.808533e-11   0.000000e+00   3.226164e-12   30
  8.009521e-02   2.236031e-11   0.000000e+00   2.403885e-12   72
  8.162097e-02   2.108941e-11   1.192093e-09   4.661210e-12   32
  8.458997e-02   2.490293e-11   0.000000e+00   2.905007e-12   72
  8.603606e-02   1.371205e-11   0.000000e+00   2.111005e-12   48
  8.885766e-02   8.016595e-12   0.000000e+00   2.677589e-12   12
  9.023538e-02   1.464689e-11   0.000000e+00   1.937971e-12   48
  9.159238e-02   1.310100e-11   0.000000e+00   1.219224e-12   48
  9.292956e-02   1.440243e-11   1.123916e-09   2.013605e-12   48
  9.424778e-02   1.778231e-11   1.271566e-09   3.229021e-12   30
  9.554781e-02   1.970694e-11   0.000000e+00   3.845952e-12   24
  9.683039e-02   1.922677e-11   2.369423e-09   2.135971e-12   72
  9.934588e-02   7.243843e-12   0.000000e+00   1.976751e-12   24
  1.005800e-01   1.309526e-11   0.000000e+00   1.252559e-12   96
  1.017992e-01   1.031551e-11   0.000000e+00   1.751542e-12   48
  1.030040e-01   7.478417e-12   1.946680e-09   1.430066e-12   24
  1.041948e-01   5.161004e-12   1.946680e-09   1.150859e-12   24
  1.053722e-01   1.349036e-11   0.000000e+00   1.504396e-12   72
  1.065366e-01   1.063466e-11   0.000000e+00   1.475740e-12   48
  1.088280e-01   7.199987e-12   1.192093e-09   1.711313e-12   8
  1.099557e-01   1.379114e-11   1.412851e-09   2.014553e-12   54
  1.110721e-01   8.336512e-12   0.000000e+00   1.155540e-12   84
  1.121773e-01   1.163566e-11   0.000000e+00   1.529088e-12   48
  1.132717e-01   6.794342e-12   1.589457e-09   9.962882e-13   24
  1.143557e-01   8.089119e-12   2.119276e-09   8.680102e-13   72
  1.154295e-01   9.808572e-12   0.000000e+00   1.144582e-12   96
  1.175476e-01   1.148392e-11   0.000000e+00   1.208975e-12   48
  1.185925e-01   8.175413e-12   0.000000e+00   1.037092e-12   48
  1.196283e-01   7.420302e-12   0.000000e+00   1.437907e-12   24
  1.206552e-01   7.758044e-12   0.000000e+00   7.737922e-13   72
  1.226831e-01   6.998356e-12   0.000000e+00   8.111117e-13   72
  1.236846e-01   6.685652e-12   0.000000e+00   6.934336e-13   96
  1.256637e-01   1.122062e-11   0.000000e+00   4.548229e-12   6
  1.266416e-01   7.809489e-12   0.000000e+00   8.648918e-13   96
  1.276121e-01   7.927680e-12   1.589457e-09   8.518991e-13   96
  1.285752e-01   3.689353e-12   0.000000e+00   8.823024e-13   24
  1.295312e-01   5.936647e-12   1.589457e-09   7.436907e-13   48
  1.304801e-01   5.689988e-12   0.000000e+00   5.760064e-13   96
  1.314222e-01   5.450929e-12   0.000000e+00   1.038500e-12   48
  1.332865e-01   5.134759e-12   1.498555e-09   9.304462e-13   36
  1.342089e-01   4.961777e-12   2.753021e-09   6.915738e-13   48
  1.351250e-01   5.734248e-12   3.114687e-09   5.358642e-13   120
  1.360350e-01   5.809461e-12   0.000000e+00   8.654461e-13   56
  1.369388e-01   2.913145e-12   1.589457e-09   5.487807e-13   24
  1.378368e-01   4.193444e-12   0.000000e+00   4.568113e-13   96
  1.387290e-01   4.732991e-12   0.000000e+00   5.626949e-13   48
  1.404963e-01   5.706857e-12   2.247832e-09   1.046515e-12   24
  1.413717e-01   6.148153e-12   0.000000e+00   7.066161e-13   102
  1.422417e-01   6.753524e-12   1.589457e-09   1.087317e-12   48
  1.431064e-01   5.422289e-12   0.000000e+00   4.861323e-13   72
  1.439659e-01   4.555686e-12   0.000000e+00   4.521199e-13   48
  1.448203e-01   5.727293e-12   0.000000e+00   1.028861e-12   48
  1.456697e-01   5.293742e-12   3.596531e-09   4.585407e-13   120
  1.473538e-01   4.872907e-12   2.247832e-09   5.414714e-13   24
  1.481886e-01   3.846033e-12   2.119276e-09   3.256887e-13   144
  1.490188e-01   3.433500e-12   2.543132e-09   4.432123e-13   120
  1.498444e-01   3.730669e-12   2.247832e-09   5.929048e-13   48
  1.514821e-01   4.324806e-12   2.247832e-09   6.656834e-13   48
  1.522944e-01   3.567108e-12   2.247832e-09   3.079386e-13   96
  1.544390e-01   3.435219e-12   3.768959e-04   3.763628e-13   72
  1.555009e-01   3.539310e-12   1.998073e-09   3.024332e-13   108
  1.562923e-01   3.331141e-12   0.000000e+00   3.468161e-13   72
  1.570796e-01   2.135890e-12   0.000000e+00   3.680700e-13   30
  1.578631e-01   3.501496e-12   0.000000e+00   2.440502e-13   168
  1.586427e-01   4.695629e-12   0.000000e+00   4.863334e-13   48
  1.601904e-01   2.709987e-12   0.000000e+00   3.261500e-13   72
  1.609587e-01   3.499425e-12   0.000000e+00   3.797627e-13   96
  1.617234e-01   2.792743e-12   4.238553e-09   3.285656e-13   72
  1.624844e-01   3.129181e-12   0.000000e+00   2.687390e-13   72
  1.637639e-01   3.446016e-12   3.480039e-04   3.183181e-13   104
  1.647465e-01   2.863850e-12   2.997109e-09   1.976279e-13   144
  1.669779e-01   1.996337e-12   5.026305e-09   2.053190e-13   96
  1.677152e-01   1.900448e-12   0.000000e+00   2.025562e-13   96
  1.688876e-01   2.741808e-12   3.580185e-04   2.708105e-13   120
  1.699076e-01   2.332963e-12   0.000000e+00   2.122263e-13   120
  1.706322e-01   3.288375e-12   0.000000e+00   3.481340e-13   72
  1.720721e-01   3.106748e-12   0.000000e+00   3.774515e-13   48
  1.727876e-01   2.858974e-12   3.912510e-09   3.595891e-13   78
  1.737029e-01   2.443107e-12   3.205713e-04   2.021699e-13   168
  1.756204e-01   2.470918e-12   3.670694e-09   1.858341e-13   144
  1.763215e-01   3.414790e-12   2.997109e-09   2.614258e-13   144
  1.783549e-01   2.409029e-12   1.846233e-04   2.173792e-13   156
  1.790983e-01   2.090246e-12   3.893359e-09   3.882917e-13   48
  1.797859e-01   2.229132e-12   2.543132e-09   2.247343e-13   120
  1.804708e-01   2.200029e-12   0.000000e+00   4.758677e-13   48
  1.816818e-01   2.412426e-12   2.825996e-04   1.875322e-13   216
  1.831848e-01   9.668684e-13   0.000000e+00   1.135081e-13   48
  1.838570e-01   1.937946e-12   2.247832e-09   1.622647e-13   96
  1.848128e-01   2.014122e-12   3.302618e-04   1.495918e-13   168
  1.858591e-01   1.648407e-12   2.247832e-09   1.824134e-13   48
  1.865217e-01   1.817675e-12   0.000000e+00   1.627174e-13   96
  1.871820e-01   1.844684e-12   0.000000e+00   2.634435e-13   48
  1.884956e-01   2.234379e-12   2.543132e-09   2.960668e-13   30
  1.891489e-01   2.134387e-12   0.000000e+00   1.863531e-13   96
  1.899298e-01   1.847213e-12   2.595564e-04   1.323174e-13   240
  1.909339e-01   2.217777e-12   2.800239e-04   2.906615e-13   32
  1.917401e-01   1.454243e-12   0.000000e+00   1.038978e-13   168
  1.923825e-01   1.571083e-12   0.000000e+00   1.601777e-13   120
  1.936608e-01   1.728766e-12   4.738846e-09   2.021555e-13   72
  1.942968e-01   2.224976e-12   2.119276e-09   2.068138e-13   144
  1.949307e-01   1.621824e-12   0.000000e+00   1.617846e-13   96
  1.955626e-01   1.834097e-12   0.000000e+00   1.409084e-13   96
  1.968202e-01   2.510618e-12   0.000000e+00   2.628775e-13   72
  1.974460e-01   1.296813e-12   3.178914e-09   1.426224e-13   96
  1.986918e-01   2.469055e-12   0.000000e+00   4.829434e-13   24
  1.993117e-01   1.763145e-12   0.000000e+00   1.270558e-13   192
  2.000418e-01   1.555965e-12   2.376333e-04   1.341216e-13   132
  2.011601e-01   1.434471e-12   0.000000e+00   1.477935e-13   96
  2.017724e-01   1.097817e-12   0.000000e+00   8.994004e-14   96
  2.023829e-01   1.692001e-12   2.543132e-09   1.429322e-13   120
  2.035985e-01   1.564125e-12   0.000000e+00   1.465105e-13   48
  2.045948e-01   1.456342e-12   2.879924e-04   9.148338e-14   222
  2.054083e-01   1.797841e-12   0.000000e+00   1.680213e-13   120
  2.060080e-01   9.195612e-13   3.893359e-09   2.256430e-13   24
  2.068812e-01   1.584765e-12   2.972500e-04   9.621622e-14   312
  2.087838e-01   1.615549e-12   2.786838e-04   1.628632e-13   72
  2.095704e-01   1.389213e-12   3.893359e-09   1.326459e-13   96
  2.103781e-01   1.316961e-12   2.838009e-04   1.081286e-13   192
  2.113290e-01   1.498143e-12   3.596531e-09   1.598429e-13   120
  2.119120e-01   1.075805e-12   0.000000e+00   7.896388e-14   144
  2.130732e-01   1.635714e-12   0.000000e+00   2.057361e-13   48
  2.138985e-01   1.200285e-12   2.853717e-04   7.411170e-14   336
  2.148032e-01   1.455180e-12   0.000000e+00   1.720302e-13   48
  2.159488e-01   1.259291e-12   0.000000e+00   9.374757e-14   192
  2.165193e-01   6.947412e-13   0.000000e+00   1.188304e-13   48
  2.181411e-01   7.297097e-13   1.980854e-04   8.511591e-14   56
  2.189475e-01   1.117452e-12   2.544090e-04   6.422497e-14   336
  2.199115e-01   9.062920e-13   2.825702e-09   1.441894e-13   54
  2.207512e-01   1.015989e-12   2.794324e-04   6.797734e-14   240
  2.224945e-01   1.104906e-12   2.675587e-04   8.323544e-14   228
  2.232521e-01   1.092431e-12   2.997109e-09   1.199158e-13   72
  2.239875e-01   1.171127e-12   2.595385e-04   9.317830e-14   144
  2.249038e-01   1.072631e-12   0.000000e+00   8.526996e-14   96
  2.254517e-01   1.083607e-12   3.596531e-09   9.278367e-14   240
  2.265435e-01   5.892985e-13   3.178914e-09   6.070235e-14   24
  2.272424e-01   1.130686e-12   2.451321e-04   6.595142e-14   336
  2.281713e-01   7.729391e-13   0.000000e+00   1.065464e-13   72
  2.290193e-01   1.178952e-12   2.666265e-04   1.141941e-13   168
  2.297877e-01   1.256000e-12   0.000000e+00   1.615038e-13   72
  2.308590e-01   1.338723e-12   0.000000e+00   1.482399e-13   96
  2.316886e-01   7.986781e-13   2.646263e-04   5.251152e-14   216
  2.324566e-01   6.982875e-13   0.000000e+00   5.864628e-14   96
  2.335157e-01   1.048986e-12   3.178914e-09   8.160797e-14   192
  2.340434e-01   7.473722e-13   2.997109e-09   5.525811e-14   144
  2.350953e-01   6.953925e-13   0.000000e+00   7.919164e-14   48
  2.358236e-01   8.749315e-13   2.551309e-04   6.869606e-14   246
  2.368131e-01   9.498002e-13   2.352347e-04   7.372170e-14   168
  2.377046e-01   8.680543e-13   6.229375e-09   8.629948e-14   120
  2.382231e-01   7.995792e-13   0.000000e+00   5.889801e-14   240
  2.392566e-01   1.299293e-12   0.000000e+00   2.828219e-13   24
  2.400800e-01   7.571297e-13   2.517980e-04   3.786601e-14   360
  2.411056e-01   1.032570e-12   2.507265e-04   1.033676e-13   120
  2.418210e-01   7.872366e-13   0.000000e+00   7.388335e-14   144
  2.423307e-01   1.117245e-12   0.000000e+00   1.111171e-13   96
  2.438532e-01   6.716325e-13   0.000000e+00   5.699116e-14   144
  2.443586e-01   9.884515e-13   0.000000e+00   1.076636e-13   132
  2.450688e-01   7.036136e-13   2.474633e-04   5.367865e-14   176
  2.460999e-01   7.374365e-13   2.498881e-04   4.593959e-14   312
  2.473693e-01   7.002814e-13   0.000000e+00   5.741064e-14   96
  2.478675e-01   5.774914e-13   0.000000e+00   5.285050e-14   144
  2.486319e-01   6.872774e-13   2.473817e-04   4.796099e-14   312
  2.498505e-01   7.471100e-13   0.000000e+00   1.192380e-13   48
  2.503437e-01   7.862024e-13   3.178914e-09   5.109728e-14   192
  2.513274e-01   5.741375e-13   0.000000e+00   1.372043e-13   6
  2.519810e-01   6.995966e-13   2.307253e-04   4.401892e-14   288
  2.530395e-01   6.827424e-13   2.437763e-04   5.461008e-14   192
  2.537699e-01   6.639282e-13   7.476104e-09   4.578194e-14   216
  2.542556e-01   7.746662e-13   0.000000e+00   8.983050e-14   72
  2.554657e-01   8.550568e-13   2.414611e-04   8.337404e-14   192
  2.562693e-01   6.852450e-13   1.792979e-04   5.081725e-14   288
  2.571504e-01   7.694060e-13   0.000000e+00   1.418616e-13   24
  2.578312e-01   5.788534e-13   2.362101e-04   3.053002e-14   456
  2.590624e-01   9.663662e-13   0.000000e+00   1.863153e-13   48
  2.598231e-01   7.381824e-13   2.326575e-04   4.718472e-14   240
  2.606974e-01   6.948522e-13   2.351266e-04   6.543572e-14   216
  2.614326e-01   6.110843e-13   0.000000e+00   6.679034e-14   72
  2.619041e-01   5.844269e-13   8.123736e-09   4.662911e-14   168
  2.632353e-01   6.193549e-13   1.747662e-04   4.080488e-14   288
  2.639818e-01   6.356630e-13   2.312456e-04   6.018566e-14   168
  2.651809e-01   5.354268e-13   0.000000e+00   4.078034e-14   192
  2.656458e-01   5.191693e-13   2.997109e-09   3.697493e-14   144
  2.665730e-01   7.379267e-13   2.997109e-09   8.880809e-14   36
  2.673593e-01   4.968634e-13   2.111764e-04   2.565377e-14   342
  2.681111e-01   6.493559e-13   2.168525e-04   6.199309e-14   144
  2.690776e-01   6.593093e-13   2.274240e-04   4.978597e-14   384
  2.702500e-01   5.437219e-13   6.229375e-09   4.633411e-14   120
  2.708303e-01   6.437982e-13   2.027960e-04   3.965160e-14   264
  2.716161e-01   5.546144e-13   1.005261e-08   4.683374e-14   192
  2.723561e-01   5.357085e-13   2.185515e-04   4.520822e-14   152
  2.729753e-01   5.660613e-13   5.994218e-09   4.788035e-14   144
  2.742778e-01   4.215100e-13   1.414487e-04   2.740405e-14   216
  2.748807e-01   5.094634e-13   1.890132e-04   3.093016e-14   312
  2.759419e-01   5.497021e-13   2.190625e-04   4.269971e-14   240
  2.765672e-01   4.261832e-13   3.178914e-09   3.466839e-14   96
  2.777541e-01   3.153097e-13   2.094396e-04   2.455245e-14   144
  2.784857e-01   4.979653e-13   2.058607e-04   2.600886e-14   456
  2.796723e-01   3.271529e-13   0.000000e+00   3.307763e-14   120
  2.801131e-01   4.739680e-13   0.000000e+00   4.175632e-14   144
  2.809926e-01   5.783948e-13   4.495664e-09   1.092831e-13   24
  2.815564e-01   4.048225e-13   1.978798e-04   2.324578e-14   336
  2.825316e-01   4.344961e-13   2.182345e-04   3.834986e-14   198
  2.834454e-01   4.726920e-13   2.122205e-04   3.008742e-14   432
  2.844833e-01   4.918434e-13   6.357829e-09   8.194773e-14   48
  2.850248e-01   4.924450e-13   1.873540e-04   2.941499e-14   384
  2.859970e-01   4.199399e-13   2.156842e-04   4.930188e-14   144
  2.868780e-01   5.575460e-13   2.141460e-04   5.322153e-14   264
  2.879317e-01   4.152129e-13   0.000000e+00   4.430282e-14   48
  2.886387e-01   3.814729e-13   2.036179e-04   3.047719e-14   276
  2.893208e-01   4.519178e-13   1.845741e-04   3.802486e-14   192
  2.902325e-01   3.671350e-13   2.074207e-04   1.920159e-14   552
  2.913393e-01   4.014562e-13   5.086263e-09   3.668215e-14   120
  2.919972e-01   3.201928e-13   2.099609e-04   2.487100e-14   216
  2.926069e-01   3.527026e-13   5.086263e-09   3.123317e-14   120
  2.936961e-01   4.277379e-13   2.067600e-04   2.695916e-14   408
  2.947075e-01   1.136496e-13   4.495664e-09   1.221997e-14   24
  2.953347e-01   3.943523e-13   2.088648e-04   2.534809e-14   384
  2.962106e-01   3.071015e-13   2.040684e-04   2.118497e-14   240
  2.969712e-01   3.278343e-13   2.055628e-04   2.970000e-14   168
  2.980376e-01   3.026870e-13   0.000000e+00   3.186463e-14   120
  2.987251e-01   4.036863e-13   2.142884e-04   2.968002e-14   350
  2.998430e-01   4.403392e-13   3.527601e-04   2.998433e-14   384
  3.005110e-01   4.584088e-13   0.000000e+00   5.808885e-14   144
  3.017401e-01   3.941918e-13   4.238553e-09   3.444944e-14   288
  3.023819e-01   3.969086e-13   2.019242e-04   2.911352e-14   336
  3.032549e-01   2.837902e-13   1.838353e-04   2.132876e-14   168
  3.037776e-01   4.387594e-13   1.204945e-08   2.680426e-14   336
  3.048586e-01   3.119855e-13   1.908100e-04   2.026792e-14   288
  3.055078e-01   3.587435e-13   1.797918e-04   2.566199e-14   264
  3.066072e-01   3.429370e-13   0.000000e+00   3.774607e-14   240
  3.070093e-01   2.865788e-13   0.000000e+00   2.629959e-14   96
  3.084525e-01   3.116337e-13   2.445048e-04   2.042646e-14   360
  3.091260e-01   3.140678e-13   1.802420e-04   2.971271e-14   168
  3.099770e-01   3.151764e-13   1.964825e-04   1.655911e-14   456
  3.110018e-01   3.069429e-13   5.651403e-09   2.940233e-14   108
  3.115782e-01   2.218838e-13   1.971449e-04   1.813787e-14   264
  3.122973e-01   2.819420e-13   1.758853e-04   1.846198e-14   264
  3.132820e-01   2.835021e-13   1.659735e-04   2.078568e-14   312
  3.145081e-01   3.355436e-13   1.233364e-04   2.943721e-14   270
  3.150220e-01   4.085821e-13   1.565911e-04   3.646427e-14   240
  3.159458e-01   3.291874e-13   1.937229e-04   2.403311e-14   384
  3.165067e-01   2.845234e-13   6.357829e-09   2.245713e-14   192
  3.175962e-01   3.084891e-13   1.554368e-04   2.658906e-14   240
  3.182281e-01   3.187087e-13   1.918342e-04   2.213979e-14   336
  3.194167e-01   3.225106e-13   1.931178e-04   1.757279e-14   480
  3.203808e-01   2.614234e-13   4.238553e-09   4.133437e-14   72
  3.209194e-01   2.820186e-13   1.883074e-04   2.221251e-14   240
  3.216520e-01   2.680673e-13   1.769831e-04   1.777608e-14   312
  3.224917e-01   2.602556e-13   1.912763e-04   2.155046e-14   240
  3.237607e-01   2.583402e-13   1.453205e-04   1.956157e-14   408
  3.242630e-01   2.532169e-13   1.330785e-04   1.683610e-14   336
  3.252448e-01   2.798616e-13   1.689770e-04   2.218174e-14   264
  3.257273e-01   1.776976e-13   0.000000e+00   1.317668e-14   144
  3.270696e-01   2.435302e-13   2.342121e-04   1.364017e-14   464
  3.277768e-01   2.416814e-13   1.862466e-04   1.900821e-14   168
  3.284751e-01   2.232686e-13   1.696301e-04   1.783853e-14   336
  3.297371e-01   2.506404e-13   1.782296e-04   1.396782e-14   414
  3.304484e-01   3.776436e-13   1.855264e-04   3.441652e-14   216
  3.313598e-01   4.804147e-13   4.495664e-09   5.578714e-14   96
  3.317320e-01   2.645586e-13   1.101208e-08   2.102782e-14   384
  3.330355e-01   2.749957e-13   1.851680e-04   1.855450e-14   492
  3.337341e-01   3.187864e-13   1.810784e-04   2.374618e-14   240
  3.345237e-01   2.673459e-13   1.838580e-04   2.061263e-14   312
  3.356141e-01   2.210662e-13   1.837975e-04   2.349031e-14   192
  3.363048e-01   2.435042e-13   1.781220e-04   1.821734e-14   504
  3.372212e-01   2.682574e-13   1.179198e-04   1.827254e-14   408
  3.379427e-01   2.036587e-13   3.612619e-04   2.164552e-14   168
  3.388456e-01   3.233571e-13   1.716026e-04   2.082372e-14   288
  3.396033e-01   2.600077e-13   1.790820e-04   2.156160e-14   288
  3.403794e-01   1.752840e-13   1.801128e-04   1.009512e-14   432
  3.415052e-01   2.240498e-13   1.703267e-04   1.846547e-14   216
  3.421068e-01   2.076797e-13   1.699674e-04   1.327874e-14   360
  3.431777e-01   2.105609e-13   1.658865e-04   1.565955e-14   312
  3.441442e-01   1.993469e-13   0.000000e+00   2.381798e-14   48
  3.447014e-01   1.952807e-13   1.778543e-04   1.257647e-14   432
  3.456992e-01   2.128578e-13   2.966627e-04   1.429155e-14   414
  3.462885e-01   2.223997e-13   6.776666e-09   1.684512e-14   312
  3.473878e-01   2.420518e-13   2.603051e-04   1.597123e-14   528
  3.481296e-01   2.360725e-13   1.366381e-04   1.811010e-14   264
  3.490209e-01   2.520340e-13   1.620153e-04   1.807602e-14   480
  3.501854e-01   2.120591e-13   0.000000e+00   1.467041e-14   288
  3.506883e-01   1.633030e-13   1.740804e-04   1.218445e-14   168
  3.516084e-01   2.533426e-13   2.755688e-04   1.674368e-14   504
  3.526429e-01   3.507241e-13   4.238553e-09   3.609597e-14   144
  3.532937e-01   1.602868e-13   1.769812e-04   9.851819e-15   464
  3.542716e-01   1.905969e-13   2.597299e-04   1.234945e-14   432
  3.547358e-01   2.184474e-13   4.495664e-09   2.296924e-14   192
  3.559351e-01   1.680865e-13   1.925466e-04   1.233320e-14   396
  3.566434e-01   1.887616e-13   1.729600e-04   1.415238e-14   288
  3.573592e-01   1.552092e-13   1.708549e-04   1.046730e-14   336
  3.585027e-01   1.775293e-13   1.081887e-04   1.062452e-14   432
  3.592283e-01   2.010324e-13   2.804101e-04   1.564494e-14   360
  3.600431e-01   1.720271e-13   1.658667e-04   8.722361e-15   384
  3.612003e-01   1.879032e-13   1.464092e-04   1.497844e-14   198
  3.617579e-01   1.752490e-13   1.664197e-04   1.161039e-14   552
  3.627976e-01   2.525757e-13   2.329761e-04   2.175286e-14   432
  3.636656e-01   1.613946e-13   8.899106e-09   1.638514e-14   168
  3.643942e-01   2.614502e-13   2.888052e-04   2.036780e-14   480
  3.653579e-01   1.648547e-13   0.000000e+00   1.479314e-14   120
  3.657917e-01   2.038349e-13   2.358836e-04   1.718263e-14   336
  3.668502e-01   1.784310e-13   1.664122e-04   1.011213e-14   672
  3.678969e-01   1.900450e-13   2.420693e-04   1.074277e-14   528
  3.683844e-01   1.174945e-13   7.266090e-09   1.091114e-14   168
  3.695106e-01   2.039628e-13   2.700266e-04   1.426628e-14   456
  3.701979e-01   2.301349e-13   1.649075e-04   2.186747e-14   168
  3.709113e-01   1.935936e-13   1.646115e-04   1.190389e-14   504
  3.720973e-01   1.380091e-13   2.118297e-04   1.244111e-14   336
  3.728144e-01   1.526777e-13   1.527042e-04   1.074100e-14   312
  3.736099e-01   1.548241e-13   1.492023e-04   1.123336e-14   504
  3.746568e-01   1.294590e-13   1.035207e-04   7.228680e-15   432
  3.751490e-01   1.482508e-13   1.599738e-04   1.301904e-14   312
  3.761721e-01   1.329288e-13   1.639809e-04   8.399376e-15   384
  3.772403e-01   2.281070e-13   1.393208e-04   3.331587e-14   126
  3.778999e-01   1.863980e-13   2.446141e-04   1.299339e-14   492
  3.787423e-01   1.825724e-13   1.566756e-04   1.129202e-14   528
  3.797950e-01   1.481584e-13   1.591488e-04   9.770757e-15   480
  3.804477e-01   1.846087e-13   2.198632e-04   1.370107e-14   432
  3.813922e-01   1.546195e-13   1.728933e-04   1.046564e-14   440
  3.824891e-01   1.776045e-13   8.597912e-05   1.580305e-14   312
  3.829007e-01   1.227555e-13   1.288469e-04   7.847124e-15   480
  3.837450e-01   1.276289e-13   2.522797e-04   7.466003e-15   408
  3.849786e-01   2.050342e-13   1.510870e-04   1.889851e-14   360
  3.854998e-01   1.580533e-13   1.457935e-04   1.222832e-14   408
  3.864656e-01   1.308106e-13   1.483633e-04   9.191750e-15   456
  3.875531e-01   1.776551e-13   1.417988e-04   1.278221e-14   264
  3.881567e-01   1.299222e-13   1.538873e-04   1.007299e-14   384
  3.890354e-01   1.264802e-13   2.590801e-04   6.794743e-15   672
  3.900512e-01   1.609163e-13   1.549634e-04   1.274009e-14   240
  3.906373e-01   1.067708e-13   1.572490e-04   7.441459e-15   264
  3.914646e-01   1.070770e-13   1.939407e-04   5.934219e-15   624
  3.926991e-01   1.392950e-13   0.000000e+00   1.997011e-14   150
  3.931386e-01   1.832696e-13   2.173259e-04   1.236196e-14   600
  3.940655e-01   1.511972e-13   1.499928e-04   8.965042e-15   672
  3.951151e-01   1.291652e-13   1.410788e-04   9.487296e-15   336
  3.956998e-01   1.914538e-13   1.534526e-04   1.653679e-14   408
  3.966340e-01   1.576167e-13   1.530911e-04   1.173319e-14   408
  3.976732e-01   1.335948e-13   7.741108e-05   7.635301e-15   360
  3.983137e-01   1.478038e-13   2.842286e-04   1.115807e-14   456
  3.990874e-01   1.415046e-13   1.545652e-04   1.084511e-14   384
  4.000722e-01   8.284651e-14   1.426833e-04   5.378013e-15   348
  4.006044e-01   1.518556e-13   1.759003e-04   1.160327e-14   576
  4.016040e-01   1.309090e-13   1.448308e-04   1.021833e-14   504
  4.026266e-01   1.101687e-13   2.042754e-04   7.132554e-15   432
  4.035193e-01   1.305026e-13   2.779157e-04   7.630976e-15   576
  4.041559e-01   1.174846e-13   0.000000e+00   1.038728e-14   264
  4.051657e-01   1.036542e-13   2.211515e-04   4.838283e-15   768
  4.060439e-01   6.247689e-14   2.977401e-04   4.090809e-15   240
  4.067421e-01   1.420783e-13   2.625786e-04   1.397726e-14   192
  4.077592e-01   1.016823e-13   1.932899e-04   6.027855e-15   504
  4.085134e-01   1.560011e-13   2.604655e-04   1.041256e-14   590
  4.092368e-01   1.610914e-13   2.918373e-04   1.217723e-14   384
  4.101438e-01   1.127033e-13   2.438900e-04   7.557775e-15   504
  4.112389e-01   1.546773e-13   2.347064e-04   9.913318e-15   648
  4.123011e-01   1.192692e-13   6.374317e-05   7.594001e-15   504
  4.127294e-01   1.200581e-13   1.454101e-04   9.684260e-15   312
  4.134855e-01   1.701694e-13   2.095003e-04   1.262272e-14   576
  4.145236e-01   1.562089e-13   1.457924e-04   1.514670e-14   240
  4.151287e-01   8.025537e-14   1.473162e-04   4.288375e-15   552
  4.159853e-01   1.491952e-13   1.383265e-04   1.137026e-14   600
  4.172054e-01   8.870240e-14   1.689549e-04   4.878994e-15   600
  4.179389e-01   1.004476e-13   2.705679e-04   8.242544e-15   312
  4.186695e-01   1.220215e-13   2.356379e-04   6.910625e-15   480
  4.195820e-01   8.865925e-14   1.470154e-04   5.906446e-15   576
  4.203854e-01   1.123915e-13   2.367268e-04   8.804804e-15   408
  4.210983e-01   4.249164e-14   2.761527e-04   2.831382e-15   216
  4.220194e-01   9.066286e-14   2.115019e-04   5.046991e-15   516
  4.230063e-01   8.679945e-14   2.017943e-04   4.512835e-15   744
  4.240243e-01   1.157871e-13   1.347808e-04   8.536660e-15   462
  4.245995e-01   9.997208e-14   1.369852e-04   1.129231e-14   432
  4.254918e-01   1.283746e-13   1.270838e-04   8.694084e-15   648
  4.265409e-01   1.129769e-13   1.859472e-04   8.548867e-15   528
  4.273836e-01   1.163792e-13   2.239269e-04   8.035330e-15   600
  4.282256e-01   1.377540e-13   2.823132e-04   1.054052e-14   240
  4.290411e-01   9.599163e-14   2.162492e-04   7.148538e-15   720
  4.299890e-01   1.060038e-13   1.710922e-04   5.746046e-15   720
  4.310398e-01   5.399590e-14   0.000000e+00   6.554393e-15   144
  4.315927e-01   1.267960e-13   2.205891e-04   7.480486e-15   720
  4.323793e-01   1.019871e-13   1.322696e-04   7.463903e-15   384
  4.333641e-01   8.362646e-14   1.466278e-04   4.521106e-15   672
  4.342984e-01   1.109959e-13   2.567292e-04   1.008349e-14   336
  4.347447e-01   9.602941e-14   0.000000e+00   8.254804e-15   288
  4.358374e-01   9.175020e-14   2.031840e-04   5.530353e-15   776
  4.368489e-01   7.337310e-14   1.738547e-04   3.870843e-15   720
  4.376985e-01   6.876141e-14   1.400528e-04   4.349689e-15   432
  4.383780e-01   1.175359e-13   1.996629e-04   7.523265e-15   504
  4.391339e-01   9.404773e-14   1.398922e-04   6.162360e-15   528
  4.401917e-01   1.455909e-13   1.905949e-04   1.607925e-14   438
  4.410618e-01   1.234144e-13   2.218350e-04   9.869818e-15   624
  4.417176e-01   1.156078e-13   2.717180e-04   1.213098e-14   312
  4.426191e-01   1.334574e-13   1.463948e-04   8.872773e-15   696
  4.435512e-01   8.590717e-14   1.324608e-04   4.951726e-15   552
  4.445207e-01   9.274527e-14   1.024805e-04   6.667001e-15   516
  4.451205e-01   1.471875e-13   2.046970e-04   1.157905e-14   528
  4.458506e-01   4.823656e-14   1.331200e-04   2.656555e-15   528
  4.468878e-01   8.962533e-14   1.755583e-04   5.431770e-15   864
  4.475918e-01   9.473156e-14   2.404788e-04   8.063123e-15   408
  4.482965e-01   1.446730e-13   2.382549e-04   1.569617e-14   192
  4.492953e-01   7.355758e-14   1.971674e-04   4.749013e-15   720
  4.501385e-01   8.495578e-14   1.817980e-04   5.536697e-15   696
  4.511404e-01   9.533441e-14   1.963435e-04   7.811958e-15   720
  4.520570e-01   1.048426e-13   2.661201e-04   7.879276e-15   432
  4.525916e-01   4.880587e-14   1.566487e-04   3.677996e-15   264
  4.535534e-01   8.881229e-14   2.163249e-04   5.746763e-15   672
  4.544137e-01   7.899466e-14   2.214835e-04   5.246998e-15   600
  4.554346e-01   4.009733e-14   1.296784e-04   3.376105e-15   270
  4.559493e-01   9.129255e-14   1.952021e-04   9.068381e-15   528
  4.567673e-01   9.371561e-14   1.336675e-04   6.586332e-15   840
  4.578890e-01   1.177113e-13   2.555961e-04   9.250243e-15   888
  4.589254e-01   7.644995e-14   1.904380e-04   5.298640e-15   744
  4.598014e-01   7.656985e-14   9.785730e-05   7.044444e-15   456
  4.602370e-01   1.815712e-13   1.337280e-04   1.617810e-14   360
  4.609825e-01   7.424701e-14   1.158678e-04   8.457976e-15   384
  4.621264e-01   8.972559e-14   1.858509e-04   6.073333e-15   816
  4.629847e-01   7.552360e-14   2.696437e-04   4.914130e-15   824
  4.640279e-01   7.402793e-14   1.253432e-04   6.797888e-15   360
  4.645865e-01   6.715255e-14   1.849595e-04   3.512353e-15   624
  4.653553e-01   1.026434e-13   1.249856e-04   1.099388e-14   360
  4.663795e-01   7.748492e-14   1.700172e-04   4.558115e-15   876
  4.673045e-01   6.530162e-14   2.019296e-04   4.255208e-15   696
  4.682373e-01   5.274502e-14   1.303928e-04   3.739750e-15   336
  4.687264e-01   1.012467e-13   1.302463e-04   9.082113e-15   504
  4.695341e-01   5.975980e-14   1.313750e-04   3.549305e-15   672
  4.707324e-01   5.835584e-14   2.615370e-04   3.968424e-15   720
  4.715635e-01   8.399261e-14   1.975633e-04   6.268112e-15   774
  4.724808e-01   1.342347e-13   1.130801e-04   1.315814e-14   384
  4.729612e-01   9.646117e-14   2.176147e-04   8.637147e-15   528
  4.737068e-01   1.063917e-13   2.073989e-04   9.311009e-15   744
  4.749062e-01   9.456024e-14   1.710601e-04   5.822847e-15   768
  4.757025e-01   9.522078e-14   1.920278e-04   9.446780e-15   552
  4.766960e-01   7.146011e-14   2.092886e-04   5.987256e-15   696
  4.774351e-01   9.867306e-14   2.543221e-04   1.008575e-14   408
  4.780218e-01   9.314332e-14   1.098692e-04   8.653253e-15   504
  4.789519e-01   6.759487e-14   1.973758e-04   4.517185e-15   888
  4.798671e-01   6.639129e-14   2.051305e-04   4.562304e-15   648
  4.808184e-01   7.167254e-14   2.033722e-04   5.608528e-15   648
  4.817134e-01   7.511511e-14   2.192851e-04   5.410393e-15   792
  4.826614e-01   6.126053e-14   3.208291e-04   5.054708e-15   600
  4.833600e-01   3.962175e-14   2.174285e-04   2.248883e-15   456
  4.840953e-01   6.672833e-14   1.059654e-04   4.528414e-15   648
  4.850397e-01   6.103074e-14   2.066479e-04   3.600646e-15   936
  4.860593e-01   7.247757e-14   1.269084e-04   4.826189e-15   384
  4.869469e-01   8.953547e-14   0.000000e+00   1.262079e-14   198
  4.876318e-01   7.134620e-14   3.219776e-04   4.312629e-15   1224
  4.883707e-01   1.092990e-13   2.344988e-04   1.022385e-14   420
  4.892446e-01   7.106018e-14   2.269458e-04   4.505059e-15   792
  4.900991e-01   8.163667e-14   1.876648e-04   6.321363e-15   680
  4.910742e-01   8.445296e-14   1.723226e-04   8.505759e-15   600
  4.918588e-01   5.688704e-14   2.499151e-04   3.641833e-15   840
  4.929064e-01   6.646122e-14   1.179983e-04   5.483621e-15   432
  4.933067e-01   9.623212e-14   1.105800e-04   8.092133e-15   720
  4.941771e-01   6.113952e-14   2.214723e-04   3.915247e-15   960
  4.952596e-01   5.376894e-14   1.974263e-04   4.778200e-15   528
  4.960507e-01   5.612362e-14   2.018074e-04   4.034552e-15   624
  4.969923e-01   6.477037e-14   1.586192e-04   4.504333e-15   816
  4.979269e-01   5.202654e-14   2.608527e-04   3.136319e-15   696
  4.989597e-01   4.475275e-14   1.438612e-08   4.537023e-15   240
  4.993481e-01   6.764675e-14   1.538310e-04   4.955467e-15   672
  5.002149e-01   6.288502e-14   2.749181e-04   4.717813e-15   864
  5.011872e-01   3.999325e-14   2.109550e-04   2.042115e-15   816
  5.020636e-01   4.707771e-14   1.207434e-04   3.211701e-15   648
  5.030076e-01   8.079918e-14   1.234217e-04   6.990132e-15   843
  5.038089e-01   5.107783e-14   2.220660e-04   4.238277e-15   780
  5.047639e-01   7.214448e-14   1.191565e-04   1.814522e-14   216
  5.053529e-01   5.504747e-14   2.873328e-04   3.235213e-15   1056
  5.062588e-01   3.389201e-14   2.350705e-04   3.991491e-15   228
  5.070976e-01   7.809153e-14   2.926687e-04   5.335206e-15   924
  5.079587e-01   5.822858e-14   1.085637e-04   2.824926e-15   696
  5.088706e-01   5.634641e-14   1.932122e-04   3.987130e-15   996
  5.098035e-01   3.151703e-14   1.140687e-04   2.135125e-15   576
  5.107740e-01   4.513185e-14   1.760574e-04   4.060141e-15   552
  5.114815e-01   6.429322e-14   2.102064e-04   4.967662e-15   516
  5.121995e-01   5.760430e-14   3.056837e-04   4.555467e-15   744
  5.130199e-01   3.402725e-14   1.499561e-04   2.427173e-15   576
  5.137336e-01   4.167118e-14   1.543428e-04   2.534171e-15   792
  5.147477e-01   4.142179e-14   1.764424e-04   2.985341e-15   792
  5.154909e-01   5.339104e-14   1.902913e-04   3.956879e-15   720
  5.164960e-01   4.122402e-14   2.168883e-04   2.455199e-15   656
  5.174379e-01   3.868544e-14   2.368308e-04   2.037601e-15   816
  5.184034e-01   6.030044e-14   1.276952e-04   6.220031e-15   492
  5.189522e-01   4.591474e-14   1.836985e-04   3.931473e-15   552
  5.199822e-01   2.976797e-14   3.194294e-04   1.944991e-15   780
  5.206511e-01   3.923382e-14   1.962217e-04   2.654589e-15   528
  5.213718e-01   2.775423e-14   2.290504e-04   1.942100e-15   600
  5.224340e-01   3.776569e-14   1.903590e-04   2.032150e-15   900
  5.231662e-01   4.017719e-14   1.053860e-04   2.822640e-15   696
  5.241734e-01   3.516233e-14   2.664725e-04   2.118929e-15   696
  5.251479e-01   2.470118e-14   1.081054e-04   1.312153e-15   552
  5.259673e-01   3.358097e-14   1.257166e-04   2.053640e-15   708
  5.268258e-01   3.195043e-14   2.075652e-04   1.957606e-15   876
  5.277190e-01   3.355057e-14   1.102130e-04   4.609874e-15   216
  5.283184e-01   3.567462e-14   3.014475e-04   1.575222e-15   1032
  5.292161e-01   2.877389e-14   3.356286e-04   1.869391e-15   600
  5.301478e-01   2.238058e-14   1.601495e-04   1.369461e-15   600
  5.308585e-01   2.904935e-14   2.828090e-04   1.846315e-15   528
  5.316987e-01   2.886770e-14   1.552497e-04   1.561248e-15   732
  5.325837e-01   3.158216e-14   1.146378e-04   2.154610e-15   336
  5.336024e-01   2.397694e-14   1.633817e-04   1.434268e-15   912
  5.343638e-01   2.266105e-14   1.639857e-04   1.228758e-15   624
  5.351957e-01   2.453504e-14   1.381873e-04   1.087934e-15   768
  5.361666e-01   2.725194e-14   2.493171e-04   1.325427e-15   792
  5.371196e-01   2.487084e-14   1.236011e-04   1.423078e-15   660
  5.377977e-01   2.326318e-14   1.821461e-04   1.761667e-15   504
  5.384990e-01   2.167304e-14   2.975919e-04   1.280957e-15   480
  5.395501e-01   1.791433e-14   2.752337e-04   7.354861e-16   912
  5.403731e-01   2.266120e-14   3.065154e-04   1.698965e-15   432
  5.411504e-01   2.403000e-14   1.820016e-04   1.431353e-15   564
  5.418405e-01   2.088222e-14   1.742006e-04   9.701985e-16   600
  5.428119e-01   2.314541e-14   2.428192e-04   1.048846e-15   876
  5.435417e-01   2.223536e-14   1.091788e-04   2.283002e-15   264
  5.445477e-01   1.873305e-14   2.118499e-04   1.267631e-15   560
  5.453563e-01   2.176277e-14   1.439565e-04   1.124857e-15   840
  5.463378e-01   1.893797e-14   2.219395e-04   8.236500e-16   1008
  5.472454e-01   1.363385e-14   9.928084e-05   8.522809e-16   456
  5.480744e-01   2.143394e-14   1.286043e-04   1.231049e-15   576
  5.488407e-01   2.241272e-14   1.976142e-04   1.434823e-15   612
  5.498512e-01   1.911814e-14   1.765015e-04   8.128103e-16   780
  5.506755e-01   2.123484e-14   2.022627e-04   1.449617e-15   648
  5.515194e-01   1.921512e-14   9.425702e-05   1.438681e-15   312
  5.520587e-01   1.539918e-14   2.394916e-04   9.644715e-16   528
  5.529931e-01   1.581420e-14   3.127641e-04   7.924594e-16   720
  5.538866e-01   1.797884e-14   3.137436e-04   1.189504e-15   576
  5.549699e-01   2.051081e-14   2.706443e-04   1.406504e-15   444
  5.556439e-01   1.847958e-14   2.654148e-04   8.012094e-16   996
  5.564699e-01   1.826233e-14   2.217012e-04   1.142994e-15   432
  5.572506e-01   1.920241e-14   2.427192e-04   1.060697e-15   504
  5.579250e-01   1.155533e-14   1.094306e-04   6.349006e-16   504
  5.588852e-01   1.756395e-14   2.153608e-04   6.497790e-16   876
  5.597541e-01   1.545187e-14   2.478597e-04   1.003560e-15   504
  5.606589e-01   1.647128e-14   1.580720e-04   9.094452e-16   696
  5.614066e-01   1.424090e-14   1.351349e-04   9.222599e-16   492
  5.624240e-01   1.488196e-14   1.934522e-04   7.976874e-16   432
  5.631776e-01   1.773701e-14   1.811468e-04   7.963772e-16   768
  5.640708e-01   1.370995e-14   2.256427e-04   8.102696e-16   648
  5.649237e-01   1.323088e-14   1.472076e-04   1.016463e-15   456
  5.659038e-01   1.591592e-14   2.024344e-04   8.581928e-16   552
  5.665845e-01   1.352206e-14   1.387487e-04   7.262131e-16   648
  5.675213e-01   1.298990e-14   2.261525e-04   5.541405e-16   840
  5.684363e-01   1.399418e-14   1.078474e-04   7.119421e-16   432
  5.693524e-01   1.422507e-14   1.320946e-04   7.743235e-16   600
  5.699896e-01   1.420226e-14   1.407382e-04   7.922448e-16   432
  5.710598e-01   1.367739e-14   1.401185e-04   6.626857e-16   560
  5.717846e-01   1.139018e-14   2.217929e-04   4.174068e-16   840
  5.726922e-01   1.421202e-14   1.313712e-04   7.742504e-16   504
  5.734129e-01   1.184704e-14   2.681208e-04   5.132252e-16   696
  5.744289e-01   1.660625e-14   1.464380e-04   1.081248e-15   384
  5.752203e-01   1.236721e-14   2.145144e-04   6.202217e-16   576
  5.761776e-01   1.230464e-14   1.323876e-04   6.768029e-16   360
  5.769491e-01   1.233294e-14   1.971572e-04   5.621160e-16   828
  5.777814e-01   1.120403e-14   1.756051e-04   6.458381e-16   372
  5.785440e-01   1.176217e-14   2.681827e-04   5.743363e-16   576
  5.795542e-01   1.219534e-14   1.123146e-04   6.122315e-16   636
  5.802740e-01   1.206223e-14   2.165136e-04   5.146742e-16   648
  5.812477e-01   1.076814e-14   1.760019e-04   5.238571e-16   576
  5.819467e-01   1.140155e-14   2.839096e-04   6.300433e-16   528
  5.828762e-01   1.201737e-14   1.213831e-04   9.166863e-16   360
  5.836457e-01   9.543275e-15   2.792266e-04   4.804023e-16   672
  5.846504e-01   1.286744e-14   1.430245e-04   5.777560e-16   804
  5.854866e-01   1.011691e-14   1.577731e-04   5.397156e-16   408
  5.864116e-01   1.128737e-14   9.752092e-05   7.040156e-16   384
  5.870345e-01   8.957979e-15   2.231653e-04   4.917977e-16   480
  5.879130e-01   1.099447e-14   1.441975e-04   5.501563e-16   432
  5.887557e-01   1.168118e-14   2.657252e-04   4.732407e-16   648
  5.897530e-01   9.558205e-15   1.648813e-04   4.501474e-16   624
  5.904826e-01   1.051318e-14   1.499734e-04   5.873707e-16   456
  5.914788e-01   9.413068e-15   2.048770e-04   4.630668e-16   588
  5.921465e-01   1.016000e-14   1.307107e-04   4.596987e-16   600
  5.931212e-01   9.949943e-15   2.038766e-04   5.212695e-16   708
  5.938912e-01   1.217632e-14   1.284383e-04   7.940330e-16   360
  5.947420e-01   9.517208e-15   1.476433e-04   4.617002e-16   552
  5.955576e-01   8.818017e-15   1.035752e-04   6.466291e-16   288
  5.963856e-01   9.060746e-15   1.947498e-04   4.715801e-16   528
  5.971636e-01   9.463537e-15   1.313872e-04   4.517185e-16   456
  5.980328e-01   9.679503e-15   2.329780e-04   4.516225e-16   608
  5.989070e-01   8.186838e-15   1.127174e-04   4.885867e-16   504
  5.998623e-01   7.981689e-15   2.419978e-04   4.120791e-16   540
  6.006113e-01   9.910399e-15   2.597778e-04   5.468674e-16   360
  6.014188e-01   9.553244e-15   1.176407e-04   4.423871e-16   540
  6.021329e-01   7.691530e-15   1.010085e-04   3.819813e-16   576
  6.031714e-01   8.820350e-15   2.342044e-04   4.635335e-16   588
  6.041588e-01   7.985217e-15   3.231314e-04   4.063494e-16   672
  6.050070e-01   8.534129e-15   2.469721e-04   4.090924e-16   552
  6.056908e-01   7.978180e-15   2.470970e-04   7.152741e-16   144
  6.065633e-01   9.824942e-15   2.099342e-04   5.421610e-16   600
  6.073906e-01   6.664960e-15   2.630934e-04   3.567787e-16   504
  6.083088e-01   9.077964e-15   2.702501e-04   5.977065e-16   336
  6.092745e-01   7.540250e-15   3.037623e-04   3.239407e-16   600
  6.101395e-01   7.129518e-15   1.960382e-04   3.519226e-16   636
  6.110731e-01   8.207751e-15   1.576165e-04   5.281868e-16   384
  6.117276e-01   9.711296e-15   2.198564e-04   4.886350e-16   504
  6.126710e-01   7.231485e-15   9.227064e-05   5.571429e-16   240
  6.134155e-01   8.297115e-15   2.167569e-04   4.003964e-16   744
  6.143088e-01   6.589341e-15   1.480120e-04   3.044122e-16   648
  6.151027e-01   9.913861e-15   9.825476e-05   9.828780e-16   120
  6.160331e-01   7.811266e-15   1.543455e-04   3.870789e-16   564
  6.167362e-01   7.959062e-15   2.424089e-04   4.082084e-16   432
  6.176746e-01   7.012505e-15   1.881572e-04   3.626376e-16   480
  6.183811e-01   6.048596e-15   1.384885e-04   3.109271e-16   456
  6.192152e-01   7.400894e-15   2.291780e-04   3.801380e-16   444
  6.201616e-01   6.082088e-15   3.506544e-04   3.109223e-16   528
  6.209930e-01   6.737943e-15   2.604238e-04   4.539816e-16   264
  6.217998e-01   7.606483e-15   2.668956e-04   4.279466e-16   444
  6.228852e-01   7.212933e-15   2.923449e-04   2.946828e-16   696
  6.237861e-01   7.703437e-15   1.563558e-04   5.481888e-16   384
  6.244450e-01   6.735274e-15   1.975687e-04   3.778640e-16   432
  6.254698e-01   6.506267e-15   1.365107e-04   3.379051e-16   488
  6.261352e-01   6.957823e-15   2.057386e-04   3.883984e-16   480
  6.270999e-01   5.841638e-15   2.294412e-04   3.025013e-16   480
  6.278471e-01   6.927962e-15   9.626648e-05   4.192427e-16   240
  6.286954e-01   7.492566e-15   2.248709e-04   4.263528e-16   600
  6.294955e-01   5.119371e-15   1.959519e-04   4.003908e-16   288
  6.303474e-01   7.166506e-15   1.884914e-04   4.352701e-16   480
  6.312103e-01   5.283044e-15   3.352926e-04   2.906386e-16   504
  6.320598e-01   6.120123e-15   1.438614e-04   4.100502e-16   216
  6.331433e-01   6.886513e-15   2.355240e-04   3.343493e-16   504
  6.339871e-01   6.175168e-15   1.894329e-04   3.790678e-16   456
  6.349107e-01   6.903452e-15   1.086430e-04   3.887353e-16   384
  6.355225e-01   7.282273e-15   2.205061e-04   3.647405e-16   480
  6.363918e-01   5.469814e-15   1.936290e-04   3.697578e-16   504
  6.371972e-01   6.716721e-15   1.228262e-04   4.379421e-16   312
  6.380652e-01   6.776768e-15   1.979302e-04   3.917647e-16   492
  6.388334e-01   6.849457e-15   1.855135e-04   4.797073e-16   312
  6.398223e-01   5.423901e-15   3.013519e-04   2.332307e-16   576
  6.406929e-01   6.892929e-15   2.781722e-04   4.579499e-16   336
  6.414159e-01   5.065381e-15   2.141797e-04   3.617837e-16   240
  6.424183e-01   7.237781e-15   2.839481e-04   3.861968e-16   468
  6.432837e-01   6.695704e-15   1.777925e-04   5.911510e-16   192
  6.441896e-01   6.000763e-15   1.783224e-04   4.029468e-16   324
  6.448535e-01   5.411535e-15   1.294235e-04   2.455656e-16   600
  6.457583e-01   7.172515e-15   2.099764e-04   3.883728e-16   456
  6.464302e-01   6.719466e-15   9.444737e-05   4.487470e-16   336
  6.475438e-01   6.836044e-15   2.828021e-04   3.303841e-16   612
  6.483539e-01   5.304898e-15   2.373399e-04   6.653286e-16   144
  6.491201e-01   6.697081e-15   2.770366e-04   3.212368e-16   552
  6.501620e-01   3.983580e-15   1.091004e-04   2.639573e-16   264
  6.507507e-01   5.586096e-15   2.525953e-04   3.280223e-16   336
  6.516793e-01   4.880207e-15   1.669063e-04   2.781963e-16   384
  6.524847e-01   5.950174e-15   9.395175e-05   4.495490e-16   216
  6.533762e-01   5.030928e-15   1.991971e-04   2.851457e-16   344
  6.541891e-01   5.152273e-15   2.972114e-04   3.072725e-16   408
  6.551797e-01   5.022877e-15   2.283876e-04   4.486013e-16   264
  6.560575e-01   5.876665e-15   3.183837e-04   3.570094e-16   612
  6.569345e-01   6.752791e-15   1.638646e-04   3.296891e-16   408
  6.578364e-01   5.124937e-15   1.641001e-04   3.671670e-16   444
  6.584991e-01   7.738252e-15   9.177996e-05   6.759405e-16   120
  6.593870e-01   6.825694e-15   2.535712e-04   4.749933e-16   336
  6.600460e-01   5.051129e-15   8.811499e-05   3.838340e-16   288
  6.609366e-01   5.009238e-15   2.742154e-04   2.710373e-16   552
  6.621610e-01   6.741478e-15   0.000000e+00   8.657355e-16   72
  6.627906e-01   4.508922e-15   2.723657e-04   2.661766e-16   504
  6.635259e-01   3.188360e-15   8.764464e-05   2.392828e-16   216
  6.644787e-01   5.137630e-15   1.564835e-04   3.519611e-16   312
  6.653340e-01   5.013488e-15   1.781811e-04   3.101605e-16   336
  6.661492e-01   3.996410e-15   2.469789e-04   3.729430e-16   204
  6.669611e-01   5.069032e-15   2.870270e-04   3.173136e-16   504
  6.678221e-01   6.811116e-15   2.733322e-04   4.417603e-16   396
  6.686501e-01   5.448947e-15   2.506599e-04   4.343130e-16   312
  6.696540e-01   6.273915e-15   1.531800e-04   5.648595e-16   216
  6.703613e-01   4.461092e-15   8.313373e-05   4.790371e-16   168
  6.712208e-01   5.246899e-15   2.099173e-04   3.422570e-16   588
  6.722017e-01   3.349960e-15   2.849381e-04   2.117216e-16   240
  6.729637e-01   3.818636e-15   2.516481e-04   3.093954e-16   264
  6.738575e-01   4.771003e-15   3.112147e-04   3.496724e-16   288
  6.746505e-01   4.263069e-15   1.554077e-04   3.344757e-16   288
  6.756555e-01   4.406547e-15   1.459525e-04   3.757297e-16   288
  6.763322e-01   3.644987e-15   1.690738e-04   2.569336e-16   192
  6.771836e-01   2.884618e-15   1.799115e-04   2.331529e-16   264
  6.779946e-01   7.318183e-15   2.959295e-04   5.021525e-16   372
  6.788675e-01   6.195610e-15   3.196167e-04   3.987624e-16   360
  6.799329e-01   6.305505e-15   1.352648e-04   7.031170e-16   144
  6.804835e-01   4.426618e-15   1.878769e-04   3.991563e-16   296
  6.813527e-01   4.463818e-15   2.024276e-04   3.901942e-16   288
  6.823478e-01   3.904280e-15   3.025230e-04   2.239949e-16   480
  6.832061e-01   2.757584e-15   2.513677e-04   2.243192e-16   192
  6.840407e-01   5.260670e-15   2.696262e-04   5.072879e-16   192
  6.847993e-01   3.826155e-15   1.718359e-04   3.137038e-16   288
  6.858544e-01   2.614655e-15   1.495808e-04   3.211149e-16   108
  6.863859e-01   4.817219e-15   1.438036e-04   3.562173e-16   240
  6.873243e-01   3.153917e-15   2.682690e-04   2.073291e-16   384
  6.882884e-01   5.292272e-15   3.272578e-04   6.507088e-16   108
  6.891409e-01   6.334379e-15   1.918773e-04   3.989990e-16   348
  6.900373e-01   4.103322e-15   2.002507e-04   3.671519e-16   312
  6.908379e-01   3.909077e-15   1.945855e-04   5.281107e-16   96
  6.915741e-01   4.089004e-15   2.590555e-04   3.041039e-16   384
  6.923987e-01   3.559858e-15   1.781778e-04   3.489586e-16   144
  6.932053e-01   3.871723e-15   2.737780e-04   2.374202e-16   408
  6.942079e-01   3.450934e-15   1.221243e-04   3.233270e-16   144
  6.951550e-01   4.650023e-15   2.347853e-04   4.619992e-16   192
  6.957167e-01   5.460268e-15   2.642552e-04   5.499781e-16   144
  6.966323e-01   2.693501e-15   2.148492e-04   2.357649e-16   144
  6.974962e-01   4.269995e-15   2.625805e-04   4.175905e-16   336
  6.985541e-01   2.654473e-15   1.942763e-04   1.716947e-16   240
  6.992249e-01   3.242512e-15   8.821915e-05   4.483981e-16   96
  7.001605e-01   5.728898e-15   2.587043e-04   4.869614e-16   372
  7.011070e-01   3.180131e-15   3.077232e-04   3.304469e-16   132
  7.019384e-01   2.754367e-15   1.904154e-04   2.226503e-16   264
  7.026821e-01   3.823229e-15   1.462304e-04   2.957163e-16   168
  7.034759e-01   3.627287e-15   2.337943e-04   2.799320e-16   216
  7.041771e-01   3.023124e-15   1.430383e-04   2.436754e-16   216
  7.051983e-01   2.432548e-15   2.624157e-04   2.856110e-16   96
  7.061249e-01   4.447875e-15   1.712023e-04   5.957980e-16   120
  7.069747e-01   2.391315e-15   2.176463e-04   1.618175e-16   216
  7.076747e-01   2.727645e-15   9.511215e-05   1.995456e-16   200
  7.086015e-01   2.779408e-15   2.462045e-04   2.123598e-16   288
  7.097902e-01   2.249605e-15   6.478119e-05   2.168660e-16   144
  7.102908e-01   3.492785e-15   2.015951e-04   3.483361e-16   168
  7.113130e-01   4.022808e-15   2.268765e-04   5.361086e-16   159
  7.121109e-01   2.409918e-15   2.380480e-04   2.273930e-16   174
  7.128831e-01   2.678579e-15   2.158536e-04   2.157471e-16   144
  7.138943e-01   3.292273e-15   1.246398e-04   2.434193e-16   222
  7.145705e-01   2.714785e-15   1.257726e-04   2.989101e-16   168
  7.157386e-01   5.357469e-15   2.758677e-04   8.638746e-16   30
  7.162211e-01   1.855767e-15   2.435709e-04   1.662942e-16   72
  7.171298e-01   2.792276e-15   2.173841e-04   2.292577e-16   258
  7.181290e-01   2.440625e-15   1.361533e-04   1.678016e-16   264
  7.186286e-01   2.960875e-15   1.468278e-08   4.985651e-16   72
  7.196697e-01   2.194604e-15   2.698616e-04   2.186453e-16   174
  7.206123e-01   2.673920e-15   2.873527e-04   2.701860e-16   168
  7.213701e-01   1.487602e-15   8.991328e-09   1.683353e-16   48
  7.221837e-01   2.377905e-15   1.622748e-04   3.013518e-16   150
  7.231270e-01   2.675984e-15   2.985162e-04   2.092049e-16   168
  7.240729e-01   2.066577e-15   1.818422e-04   1.806079e-16   144
  7.249427e-01   3.164339e-15   1.698820e-04   3.039891e-16   102
  7.255906e-01   1.351771e-15   2.514545e-04   1.150687e-16   96
  7.266185e-01   1.962190e-15   2.495518e-04   1.765786e-16   120
  7.273797e-01   1.480680e-15   2.676508e-04   1.085331e-16   168
  7.282031e-01   2.618089e-15   1.976389e-04   2.473015e-16   126
  7.289046e-01   2.273448e-15   1.490593e-04   2.155653e-16   168
  7.298711e-01   1.270816e-15   2.390167e-04   1.371389e-16   72
  7.307158e-01   1.770870e-15   2.993022e-04   1.241058e-16   168
  7.314557e-01   2.131232e-15   8.205344e-05   2.409260e-16   78
  7.324696e-01   1.258920e-15   1.347256e-04   1.931917e-16   60
  7.332860e-01   2.754809e-15   2.185468e-04   2.713291e-16   96
  7.341327e-01   1.906582e-15   2.651884e-04   1.362687e-16   168
  7.349284e-01   1.632483e-15   1.678009e-04   1.921692e-16   86
  7.357634e-01   1.154705e-15   1.499742e-04   1.052709e-16   120
  7.369601e-01   1.822333e-15   1.069515e-04   1.374674e-16   168
  7.376055e-01   1.471364e-15   0.000000e+00   2.529730e-16   48
  7.384747e-01   2.089645e-15   1.948541e-04   2.260053e-16   120
  7.389742e-01   1.730195e-15   1.421539e-04   1.197774e-16   126
  7.401935e-01   1.434467e-15   2.500091e-04   1.296416e-16   96
  7.409848e-01   1.941749e-15   7.209028e-05   1.674017e-16   96
  7.416089e-01   1.352199e-15   8.477105e-09   1.399864e-16   72
  7.429385e-01   2.534385e-15   8.991328e-09   3.578543e-16   24
  7.437683e-01   1.588074e-15   1.483601e-04   1.668414e-16   120
  7.444157e-01   1.670337e-15   2.164118e-04   1.353112e-16   126
  7.451355e-01   1.608394e-15   1.804085e-04   2.123437e-16   96
  7.459766e-01   1.304940e-15   3.117986e-04   1.502124e-16   72
  7.469132e-01   1.688183e-15   1.348634e-04   1.231832e-16   144
  7.476836e-01   1.331962e-15   7.778603e-05   1.735980e-16   72
  7.484533e-01   1.733267e-15   1.553665e-04   2.601786e-16   54
  7.491306e-01   2.021594e-15   1.369149e-04   1.926514e-16   108
  7.505382e-01   1.365338e-15   1.342120e-04   1.456336e-16   72
  7.509765e-01   1.419581e-15   7.744493e-05   1.543163e-16   72
  7.520162e-01   1.866191e-15   1.557344e-08   3.684904e-16   24
  7.529998e-01   1.230422e-15   1.638381e-04   1.543725e-16   48
  7.535971e-01   1.395125e-15   1.248023e-04   1.423869e-16   102
  7.544963e-01   1.483038e-15   2.822510e-04   1.033887e-16   168
  7.556711e-01   1.265924e-15   1.539331e-04   1.847098e-16   72
  7.561064e-01   1.251569e-15   0.000000e+00   2.000503e-16   48
  7.570195e-01   1.643239e-15   2.647743e-04   1.267924e-16   120
  7.582245e-01   1.575760e-15   1.627091e-04   1.332597e-16   96
  7.593627e-01   2.955566e-15   1.438612e-08   3.737024e-16   30
  7.607153e-01   1.751802e-15   7.644796e-05   1.589021e-16   72
  7.613097e-01   1.717758e-15   8.991328e-09   4.242338e-16   24
  7.620733e-01   1.307954e-15   1.133148e-04   1.525439e-16   56
  7.629285e-01   1.452897e-15   1.617059e-04   1.242931e-16   96
  7.639519e-01   1.441230e-15   1.785629e-04   1.089644e-16   144
  7.647411e-01   1.834286e-15   1.013810e-04   1.925985e-16   54
  7.658874e-01   1.527107e-15   1.518795e-04   1.401485e-16   108
  7.670409e-01   1.633618e-15   8.041947e-05   2.629797e-16   48
  7.681392e-01   1.527539e-15   3.028050e-04   1.388865e-16   72
  7.707744e-01   1.354377e-15   2.000642e-04   1.858791e-16   78
  7.715046e-01   1.285066e-15   1.507735e-04   1.414105e-16   72
  7.723570e-01   1.010395e-15   1.505863e-04   9.940728e-17   72
  7.732482e-01   1.293763e-15   3.633813e-04   1.422714e-16   96
  7.739527e-01   1.435538e-15   1.502759e-04   1.391577e-16   72
  7.748024e-01   1.766582e-15   0.000000e+00   3.786969e-16   24
  7.756510e-01   1.228347e-15   2.998733e-04   1.363593e-16   72
  7.775680e-01   1.048385e-15   1.904287e-04   1.301530e-16   30
  7.779804e-01   1.040445e-15   0.000000e+00   2.636966e-16   24
  7.801973e-01   1.072084e-15   1.581267e-04   1.371221e-16   48
  7.808927e-01   1.195073e-15   3.402886e-04   1.072671e-16   120
  7.818296e-01   1.051188e-15   1.487821e-04   1.386968e-16   72
  7.827758e-01   1.611867e-15   1.486022e-04   1.620025e-16   36
  7.834261e-01   1.406800e-15   2.937071e-04   1.699093e-16   78
  7.852411e-01   1.421048e-15   1.571111e-04   1.908137e-16   48
  7.875942e-01   1.040146e-15   1.271566e-08   1.773186e-16   24
  7.892707e-01   1.230502e-15   1.094089e-04   1.217636e-16   56
  7.901149e-01   1.395395e-15   1.683597e-04   1.475533e-16   102
  7.911888e-01   1.144272e-15   1.198844e-08   1.330774e-16   72
  7.918122e-01   1.693619e-15   8.991328e-09   2.486848e-16   24
  7.929021e-01   1.233724e-15   1.555930e-04   1.483409e-16   48
  7.949223e-01   8.722256e-16   0.000000e+00   1.315502e-16   24
  7.974016e-01   1.788858e-15   0.000000e+00   6.236433e-16   6
  7.981748e-01   8.814558e-16   0.000000e+00   1.461563e-16   24
  7.986898e-01   1.241034e-15   1.456409e-04   1.591736e-16   72
  7.996307e-01   1.488134e-15   2.717068e-04   1.310831e-16   84
  8.006440e-01   9.553955e-16   0.000000e+00   1.751409e-16   24
  8.009521e-01   9.463425e-16   1.271566e-08   1.699412e-16   24
  8.024909e-01   8.767212e-16   1.557344e-08   1.570002e-16   24
  8.046403e-01   1.365224e-15   0.000000e+00   4.072631e-16   6
  8.073954e-01   1.269128e-15   1.528000e-04   1.513270e-16   48
  8.080572e-01   1.215472e-15   2.878503e-04   1.428512e-16   72
  8.089220e-01   1.219857e-15   1.525117e-04   1.510257e-16   48
  8.102934e-01   1.283908e-15   0.000000e+00   2.943317e-16   24
  8.121184e-01   7.641671e-16   0.000000e+00   1.692517e-16   6
  8.162097e-01   9.888006e-16   0.000000e+00   3.338236e-16   8
  8.165120e-01   1.058593e-15   8.991328e-09   1.280371e-16   48
  8.172369e-01   1.433590e-15   1.479045e-04   1.711450e-16   60
  8.183231e-01   1.189026e-15   0.000000e+00   2.598802e-16   24
  8.198293e-01   5.067891e-16   0.000000e+00   1.949228e-16   6
  8.253784e-01   1.299191e-15   0.000000e+00   2.019604e-16   24
  8.258266e-01   1.691564e-15   1.493898e-04   2.274634e-16   48
  8.265733e-01   1.059569e-15   0.000000e+00   3.001242e-16   24
  8.277664e-01   1.686346e-15   0.000000e+00   4.474760e-16   6
  8.345448e-01   1.099625e-15   1.393664e-04   1.582039e-16   36
  8.350375e-01   1.384516e-15   0.000000e+00   2.402762e-16   24
  8.359234e-01   4.058810e-15   0.000000e+00   1.037553e-15   6
  8.436361e-01   9.979380e-16   1.266552e-04   1.291918e-16   32
  8.442939e-01   3.585449e-16   0.000000e+00   5.431048e-17   6
  8.525822e-01   1.679411e-15   0.000000e+00   3.041650e-16   12
  8.528715e-01   5.602460e-16   0.000000e+00   2.130839e-16   6
  8.616502e-01   2.195415e-15   0.000000e+00   8.675985e-16   6
