# power spectrum of delta
# redshift z=3.000000
# k              Pk             sigma(k)       sigma(Pk)      count
  3.141593e-02   2.057361e-03   0.000000e+00   8.624312e-04   6
  4.442883e-02   2.806277e-03   0.000000e+00   5.863257e-04   12
  5.441398e-02   3.562851e-03   5.960464e-10   8.058970e-04   8
  6.283185e-02   1.826453e-02   0.000000e+00   2.144070e-03   6
  7.024815e-02   1.729374e-02   1.123916e-09   5.684506e-03   24
  7.695299e-02   3.048125e-02   1.123916e-09   5.587206e-03   24
  8.885766e-02   1.686694e-02   0.000000e+00   7.626907e-03   12
  9.424778e-02   2.261983e-02   1.271566e-09   3.900318e-03   30
  9.934588e-02   3.322740e-02   0.000000e+00   7.155907e-03   24
  1.041948e-01   3.473255e-02   1.946680e-09   8.888981e-03   24
  1.088280e-01   3.958339e-02   1.192093e-09   7.624303e-03   8
  1.132717e-01   3.986737e-02   1.589457e-09   5.498746e-03   24
  1.175476e-01   4.159488e-02   0.000000e+00   6.343807e-03   48
  1.256637e-01   5.612647e-02   0.000000e+00   2.534321e-02   6
  1.295312e-01   5.301552e-02   1.589457e-09   8.093406e-03   48
  1.332865e-01   5.284410e-02   1.498555e-09   6.645768e-03   36
  1.369388e-01   8.451772e-02   1.589457e-09   1.883223e-02   24
  1.404963e-01   5.657020e-02   2.247832e-09   9.210869e-03   24
  1.439659e-01   5.165169e-02   0.000000e+00   6.723202e-03   48
  1.473538e-01   6.989346e-02   2.247832e-09   1.104242e-02   24
  1.539060e-01   7.343722e-02   2.247832e-09   1.044871e-02   24
  1.570796e-01   4.392966e-02   0.000000e+00   8.243045e-03   30
  1.601904e-01   5.916356e-02   0.000000e+00   6.663733e-03   72
  1.632419e-01   5.780599e-02   2.384186e-09   1.355097e-02   32
  1.691799e-01   8.141230e-02   0.000000e+00   9.916822e-03   72
  1.720721e-01   4.629114e-02   0.000000e+00   7.557126e-03   48
  1.777153e-01   3.351271e-02   0.000000e+00   1.183795e-02   12
  1.804708e-01   6.448717e-02   0.000000e+00   8.723826e-03   48
  1.831848e-01   6.168922e-02   0.000000e+00   5.981377e-03   48
  1.858591e-01   7.161607e-02   2.247832e-09   1.046763e-02   48
  1.884956e-01   9.655208e-02   2.543132e-09   1.858027e-02   30
  1.910956e-01   1.067149e-01   0.000000e+00   2.141691e-02   24
  1.936608e-01   1.144648e-01   4.738846e-09   1.286860e-02   72
  1.986918e-01   4.560024e-02   0.000000e+00   1.290828e-02   24
  2.011601e-01   9.219561e-02   0.000000e+00   9.251210e-03   96
  2.035985e-01   7.558679e-02   0.000000e+00   1.358932e-02   48
  2.060080e-01   5.775981e-02   3.893359e-09   1.153385e-02   24
  2.083897e-01   4.014536e-02   3.893359e-09   9.353535e-03   24
  2.107444e-01   1.120375e-01   0.000000e+00   1.269318e-02   72
  2.130732e-01   9.066344e-02   0.000000e+00   1.288089e-02   48
  2.176559e-01   6.455682e-02   2.384186e-09   1.584425e-02   8
  2.199115e-01   1.291894e-01   2.825702e-09   1.978632e-02   54
  2.221441e-01   8.318335e-02   0.000000e+00   1.210712e-02   84
  2.243546e-01   1.152618e-01   0.000000e+00   1.575293e-02   48
  2.265435e-01   6.835169e-02   3.178914e-09   9.996929e-03   24
  2.287114e-01   8.508834e-02   4.238553e-09   9.408030e-03   72
  2.308590e-01   1.062416e-01   0.000000e+00   1.277471e-02   96
  2.350953e-01   1.326997e-01   0.000000e+00   1.399750e-02   48
  2.371850e-01   9.973402e-02   0.000000e+00   1.280573e-02   48
  2.392566e-01   9.272138e-02   0.000000e+00   1.897890e-02   24
  2.413103e-01   9.910521e-02   0.000000e+00   9.957274e-03   72
  2.453662e-01   9.815856e-02   0.000000e+00   1.193277e-02   72
  2.473693e-01   9.364031e-02   0.000000e+00   9.903472e-03   96
  2.513274e-01   1.632577e-01   0.000000e+00   7.331133e-02   6
  2.532833e-01   1.155243e-01   0.000000e+00   1.317396e-02   96
  2.552242e-01   1.227239e-01   3.178914e-09   1.340696e-02   96
  2.571504e-01   5.972591e-02   0.000000e+00   1.428882e-02   24
  2.590624e-01   9.869532e-02   3.178914e-09   1.297139e-02   48
  2.609603e-01   9.325260e-02   0.000000e+00   1.012215e-02   96
  2.628445e-01   9.949632e-02   0.000000e+00   1.974109e-02   48
  2.665730e-01   9.078663e-02   2.997109e-09   1.707473e-02   36
  2.684178e-01   8.998096e-02   5.506041e-09   1.319590e-02   48
  2.702500e-01   1.095689e-01   6.229375e-09   1.048779e-02   120
  2.720699e-01   1.144118e-01   0.000000e+00   1.819996e-02   56
  2.738777e-01   5.909448e-02   3.178914e-09   1.158882e-02   24
  2.756736e-01   8.586491e-02   0.000000e+00   9.901370e-03   96
  2.774580e-01   1.041364e-01   0.000000e+00   1.339383e-02   48
  2.809926e-01   1.194267e-01   4.495664e-09   2.299940e-02   24
  2.827433e-01   1.381491e-01   0.000000e+00   1.622895e-02   102
  2.844833e-01   1.494597e-01   3.178914e-09   2.423261e-02   48
  2.862127e-01   1.259596e-01   0.000000e+00   1.176055e-02   72
  2.879317e-01   1.091362e-01   0.000000e+00   1.151946e-02   48
  2.896405e-01   1.329078e-01   0.000000e+00   2.576978e-02   48
  2.913393e-01   1.302358e-01   7.193062e-09   1.109456e-02   120
  2.947075e-01   1.396625e-01   4.495664e-09   1.552802e-02   24
  2.963773e-01   1.058040e-01   4.238553e-09   9.118484e-03   144
  2.980376e-01   9.816269e-02   5.086263e-09   1.310170e-02   120
  2.996888e-01   9.755581e-02   4.495664e-09   1.686552e-02   48
  3.029642e-01   1.323534e-01   4.495664e-09   2.128763e-02   48
  3.045887e-01   1.095734e-01   4.495664e-09   9.819675e-03   96
  3.088780e-01   1.156061e-01   7.537918e-04   1.349632e-02   72
  3.110018e-01   1.182481e-01   3.996146e-09   1.055559e-02   108
  3.125845e-01   1.172486e-01   0.000000e+00   1.256366e-02   72
  3.141593e-01   7.574924e-02   0.000000e+00   1.269535e-02   30
  3.157262e-01   1.257351e-01   0.000000e+00   9.261059e-03   168
  3.172853e-01   1.606994e-01   0.000000e+00   1.848680e-02   48
  3.203808e-01   1.010171e-01   0.000000e+00   1.228750e-02   72
  3.219175e-01   1.273290e-01   0.000000e+00   1.424473e-02   96
  3.234468e-01   1.090362e-01   8.477105e-09   1.345629e-02   72
  3.249689e-01   1.287647e-01   0.000000e+00   1.131345e-02   72
  3.275279e-01   1.390176e-01   6.960077e-04   1.339005e-02   104
  3.294930e-01   1.225995e-01   5.994218e-09   8.466843e-03   144
  3.339559e-01   8.348812e-02   1.005261e-08   8.882911e-03   96
  3.354303e-01   9.512501e-02   0.000000e+00   1.122182e-02   96
  3.377752e-01   1.275303e-01   7.160371e-04   1.277035e-02   120
  3.398152e-01   1.118467e-01   0.000000e+00   1.069608e-02   120
  3.412643e-01   1.636400e-01   0.000000e+00   1.793605e-02   72
  3.441442e-01   1.476835e-01   0.000000e+00   1.808468e-02   48
  3.455752e-01   1.458891e-01   7.825020e-09   1.847776e-02   78
  3.474057e-01   1.249839e-01   6.411427e-04   1.058702e-02   168
  3.512407e-01   1.300197e-01   7.341388e-09   1.028558e-02   144
  3.526429e-01   1.716581e-01   5.994218e-09   1.361512e-02   144
  3.567097e-01   1.323967e-01   3.692465e-04   1.244716e-02   156
  3.581967e-01   1.074663e-01   7.786718e-09   1.937440e-02   48
  3.595717e-01   1.247226e-01   5.086263e-09   1.346250e-02   120
  3.609415e-01   1.275624e-01   0.000000e+00   2.824315e-02   48
  3.633635e-01   1.427196e-01   5.651992e-04   1.144383e-02   216
  3.663695e-01   6.611392e-02   0.000000e+00   8.164717e-03   48
  3.677140e-01   1.229941e-01   4.495664e-09   1.080191e-02   96
  3.696256e-01   1.276388e-01   6.605235e-04   9.843101e-03   168
  3.717183e-01   1.068110e-01   4.495664e-09   1.215156e-02   48
  3.730435e-01   1.137275e-01   0.000000e+00   1.061228e-02   96
  3.743640e-01   1.251039e-01   0.000000e+00   1.875764e-02   48
  3.769911e-01   1.524789e-01   5.086263e-09   2.017205e-02   30
  3.782979e-01   1.409359e-01   0.000000e+00   1.271782e-02   96
  3.798596e-01   1.230175e-01   5.191127e-04   8.963104e-03   240
  3.818679e-01   1.351242e-01   5.600478e-04   1.746776e-02   32
  3.834803e-01   1.033305e-01   0.000000e+00   7.688340e-03   168
  3.847649e-01   1.164656e-01   0.000000e+00   1.221897e-02   120
  3.873216e-01   1.210029e-01   9.477692e-09   1.340957e-02   72
  3.885936e-01   1.698260e-01   4.238553e-09   1.577385e-02   144
  3.898614e-01   1.271796e-01   0.000000e+00   1.321651e-02   96
  3.911251e-01   1.478566e-01   0.000000e+00   1.251315e-02   96
  3.936404e-01   1.853374e-01   0.000000e+00   2.008133e-02   72
  3.948921e-01   1.046733e-01   6.357829e-09   1.147668e-02   96
  3.973835e-01   1.735780e-01   0.000000e+00   3.842460e-02   24
  3.986234e-01   1.476918e-01   0.000000e+00   1.094298e-02   192
  4.000835e-01   1.305993e-01   4.752666e-04   1.127112e-02   132
  4.023202e-01   1.211610e-01   0.000000e+00   1.248140e-02   96
  4.035449e-01   1.016154e-01   0.000000e+00   8.767408e-03   96
  4.047659e-01   1.534162e-01   5.086263e-09   1.331702e-02   120
  4.071969e-01   1.494920e-01   0.000000e+00   1.455590e-02   48
  4.091897e-01   1.264313e-01   5.759849e-04   8.514524e-03   222
  4.108165e-01   1.609962e-01   0.000000e+00   1.488148e-02   120
  4.120160e-01   1.043583e-01   7.786718e-09   2.696977e-02   24
  4.137624e-01   1.495356e-01   5.945000e-04   9.298943e-03   312
  4.175676e-01   1.453252e-01   5.573676e-04   1.438873e-02   72
  4.191407e-01   1.388947e-01   7.786718e-09   1.349670e-02   96
  4.207561e-01   1.288219e-01   5.676017e-04   1.029221e-02   192
  4.226581e-01   1.587945e-01   7.193062e-09   1.689992e-02   120
  4.238240e-01   1.128548e-01   0.000000e+00   9.095644e-03   144
  4.261464e-01   1.629857e-01   0.000000e+00   2.133769e-02   48
  4.277971e-01   1.309964e-01   5.707434e-04   8.568789e-03   336
  4.296063e-01   1.569982e-01   0.000000e+00   1.839424e-02   48
  4.318976e-01   1.489585e-01   0.000000e+00   1.120470e-02   192
  4.330387e-01   8.809166e-02   0.000000e+00   1.444501e-02   48
  4.362823e-01   8.818578e-02   3.961708e-04   1.077435e-02   56
  4.378950e-01   1.347426e-01   5.088179e-04   7.975585e-03   336
  4.398230e-01   1.098163e-01   5.651403e-09   1.842983e-02   54
  4.415024e-01   1.231620e-01   5.588647e-04   7.659783e-03   240
  4.449889e-01   1.365076e-01   5.351174e-04   9.889835e-03   228
  4.465042e-01   1.467316e-01   5.994218e-09   1.712358e-02   72
  4.479751e-01   1.517467e-01   5.190769e-04   1.208346e-02   144
  4.498076e-01   1.342296e-01   0.000000e+00   1.094755e-02   96
  4.509034e-01   1.439950e-01   7.193062e-09   1.182004e-02   240
  4.530869e-01   7.763704e-02   6.357829e-09   1.021572e-02   24
  4.544849e-01   1.538975e-01   4.902641e-04   9.218831e-03   336
  4.563427e-01   1.119876e-01   0.000000e+00   1.633583e-02   72
  4.580385e-01   1.671756e-01   5.332530e-04   1.479499e-02   168
  4.595754e-01   1.651574e-01   0.000000e+00   2.108523e-02   72
  4.617179e-01   1.777287e-01   0.000000e+00   1.941347e-02   96
  4.633772e-01   1.275938e-01   5.292526e-04   8.986553e-03   216
  4.649133e-01   1.077577e-01   0.000000e+00   9.745010e-03   96
  4.670313e-01   1.560521e-01   6.357829e-09   1.253944e-02   192
  4.680868e-01   1.147505e-01   5.994218e-09   9.337387e-03   144
  4.701905e-01   1.165480e-01   0.000000e+00   1.377241e-02   48
  4.716471e-01   1.343385e-01   5.102617e-04   9.620329e-03   246
  4.736262e-01   1.621633e-01   4.704694e-04   1.252325e-02   168
  4.754092e-01   1.400578e-01   1.245875e-08   1.306232e-02   120
  4.764461e-01   1.261987e-01   0.000000e+00   8.695330e-03   240
  4.785131e-01   2.061109e-01   0.000000e+00   4.682152e-02   24
  4.801601e-01   1.308805e-01   5.035960e-04   6.539583e-03   360
  4.822112e-01   1.592833e-01   5.014531e-04   1.583511e-02   120
  4.836420e-01   1.377294e-01   0.000000e+00   1.318972e-02   144
  4.846613e-01   1.910651e-01   0.000000e+00   1.870210e-02   96
  4.877063e-01   1.207264e-01   0.000000e+00   1.069329e-02   144
  4.887171e-01   1.755661e-01   0.000000e+00   1.825505e-02   132
  4.901376e-01   1.310410e-01   4.949267e-04   9.412662e-03   176
  4.921997e-01   1.403380e-01   4.997763e-04   8.750281e-03   312
  4.947385e-01   1.327949e-01   0.000000e+00   1.184582e-02   96
  4.957350e-01   1.132023e-01   0.000000e+00   1.132930e-02   144
  4.972638e-01   1.316610e-01   4.947633e-04   8.925471e-03   312
  4.997009e-01   1.529829e-01   0.000000e+00   2.749493e-02   48
  5.006875e-01   1.551009e-01   6.357829e-09   1.033049e-02   192
  5.026548e-01   8.285203e-02   0.000000e+00   2.722007e-02   6
  5.039619e-01   1.352575e-01   4.614506e-04   8.318378e-03   288
  5.060790e-01   1.329691e-01   4.875525e-04   1.084366e-02   192
  5.075398e-01   1.326993e-01   1.495221e-08   9.278968e-03   216
  5.085112e-01   1.477059e-01   0.000000e+00   1.763581e-02   72
  5.109313e-01   1.618076e-01   4.829223e-04   1.479928e-02   192
  5.125386e-01   1.415884e-01   3.585958e-04   1.027496e-02   288
  5.143009e-01   1.605357e-01   0.000000e+00   3.195512e-02   24
  5.156624e-01   1.251808e-01   4.724202e-04   6.633342e-03   456
  5.181247e-01   2.002400e-01   0.000000e+00   3.543783e-02   48
  5.196462e-01   1.569409e-01   4.653150e-04   9.965018e-03   240
  5.213948e-01   1.590355e-01   4.702532e-04   1.547196e-02   216
  5.228652e-01   1.420811e-01   0.000000e+00   1.645820e-02   72
  5.238082e-01   1.362694e-01   1.624747e-08   1.122763e-02   168
  5.264706e-01   1.488386e-01   3.495323e-04   9.778245e-03   288
  5.279636e-01   1.425712e-01   4.624911e-04   1.324413e-02   168
  5.303619e-01   1.358964e-01   0.000000e+00   1.027019e-02   192
  5.312915e-01   1.354266e-01   5.994218e-09   1.037992e-02   144
  5.331460e-01   1.676174e-01   5.994218e-09   1.882060e-02   36
  5.347186e-01   1.195181e-01   4.223528e-04   6.135736e-03   342
  5.362222e-01   1.595715e-01   4.337051e-04   1.485535e-02   144
  5.381552e-01   1.524783e-01   4.548480e-04   9.889465e-03   384
  5.405000e-01   1.430233e-01   1.245875e-08   1.174970e-02   120
  5.416606e-01   1.591753e-01   4.055921e-04   9.515115e-03   264
  5.432322e-01   1.428199e-01   2.010522e-08   1.127810e-02   192
  5.447121e-01   1.432791e-01   4.371030e-04   1.253936e-02   152
  5.459506e-01   1.435127e-01   1.198844e-08   1.271589e-02   144
  5.485556e-01   1.132986e-01   2.828973e-04   7.462825e-03   216
  5.497613e-01   1.388366e-01   3.780263e-04   8.375805e-03   312
  5.518839e-01   1.460628e-01   4.381250e-04   1.139502e-02   240
  5.531345e-01   1.267672e-01   6.357829e-09   1.048790e-02   96
  5.555083e-01   1.043717e-01   4.188792e-04   8.102914e-03   144
  5.569713e-01   1.408572e-01   4.117214e-04   7.168059e-03   456
  5.593447e-01   9.671018e-02   0.000000e+00   9.652721e-03   120
  5.602262e-01   1.374916e-01   0.000000e+00   1.180150e-02   144
  5.619852e-01   1.493647e-01   8.991328e-09   2.521585e-02   24
  5.631129e-01   1.278263e-01   3.957596e-04   7.528546e-03   336
  5.650632e-01   1.370453e-01   4.364690e-04   1.199634e-02   198
  5.668907e-01   1.432131e-01   4.244410e-04   8.995512e-03   432
  5.689666e-01   1.420644e-01   1.271566e-08   2.039786e-02   48
  5.700496e-01   1.493320e-01   3.747080e-04   8.548432e-03   384
  5.719941e-01   1.281655e-01   4.313683e-04   1.201505e-02   144
  5.737560e-01   1.633484e-01   4.282921e-04   1.460516e-02   264
  5.758634e-01   1.439078e-01   0.000000e+00   1.501405e-02   48
  5.772774e-01   1.191933e-01   4.072357e-04   9.754245e-03   276
  5.786417e-01   1.477033e-01   3.691482e-04   1.240737e-02   192
  5.804649e-01   1.227990e-01   4.148414e-04   6.217174e-03   552
  5.826786e-01   1.407286e-01   1.017253e-08   1.259678e-02   120
  5.839944e-01   1.184239e-01   4.199218e-04   9.624059e-03   216
  5.852139e-01   1.253677e-01   1.017253e-08   1.011231e-02   120
  5.873922e-01   1.434742e-01   4.135200e-04   8.697458e-03   408
  5.894150e-01   4.570163e-02   8.991328e-09   5.597301e-03   24
  5.906694e-01   1.405168e-01   4.177296e-04   9.041632e-03   384
  5.924213e-01   1.129128e-01   4.081368e-04   7.889302e-03   240
  5.939425e-01   1.158940e-01   4.111256e-04   1.021483e-02   168
  5.960753e-01   1.114377e-01   0.000000e+00   1.151194e-02   120
  5.974502e-01   1.466388e-01   4.285769e-04   9.462970e-03   350
  5.996859e-01   1.554029e-01   7.055203e-04   1.035230e-02   384
  6.010221e-01   1.594922e-01   0.000000e+00   1.837636e-02   144
  6.034802e-01   1.425592e-01   8.477105e-09   1.106866e-02   288
  6.047637e-01   1.427440e-01   4.038485e-04   9.693327e-03   336
  6.065098e-01   1.161342e-01   3.676705e-04   8.942590e-03   168
  6.075551e-01   1.655609e-01   2.409889e-08   9.513728e-03   336
  6.097171e-01   1.210552e-01   3.816201e-04   7.435984e-03   288
  6.110156e-01   1.355391e-01   3.595837e-04   9.377920e-03   264
  6.132144e-01   1.405063e-01   0.000000e+00   1.413623e-02   240
  6.140186e-01   1.245932e-01   0.000000e+00   1.183017e-02   96
  6.169049e-01   1.270332e-01   4.890096e-04   7.885594e-03   360
  6.182520e-01   1.313797e-01   3.604841e-04   1.163969e-02   168
  6.199540e-01   1.362855e-01   3.929651e-04   6.575929e-03   456
  6.220036e-01   1.310905e-01   1.130281e-08   1.278830e-02   108
  6.231564e-01   1.003510e-01   3.942898e-04   6.995177e-03   264
  6.245946e-01   1.217787e-01   3.517707e-04   8.003838e-03   264
  6.265640e-01   1.237351e-01   3.319469e-04   8.924531e-03   312
  6.290162e-01   1.466655e-01   2.466728e-04   1.159987e-02   270
  6.300440e-01   1.690623e-01   3.131822e-04   1.283771e-02   240
  6.318916e-01   1.392692e-01   3.874458e-04   9.448751e-03   384
  6.330134e-01   1.259059e-01   1.271566e-08   1.033702e-02   192
  6.351924e-01   1.342677e-01   3.108737e-04   1.170047e-02   240
  6.364563e-01   1.391938e-01   3.836683e-04   8.854208e-03   336
  6.388333e-01   1.440786e-01   3.862355e-04   7.238698e-03   480
  6.407617e-01   1.139798e-01   8.477105e-09   1.786435e-02   72
  6.418389e-01   1.330249e-01   3.766148e-04   1.033440e-02   240
  6.433040e-01   1.224689e-01   3.539663e-04   7.345106e-03   312
  6.449835e-01   1.284131e-01   3.825526e-04   1.032595e-02   240
  6.475214e-01   1.245385e-01   2.906410e-04   8.033913e-03   408
  6.485261e-01   1.200199e-01   2.661571e-04   7.367322e-03   336
  6.504896e-01   1.293974e-01   3.379539e-04   1.002180e-02   264
  6.514545e-01   1.030848e-01   0.000000e+00   7.723901e-03   144
  6.541393e-01   1.243944e-01   4.684242e-04   6.544951e-03   464
  6.555537e-01   1.224277e-01   3.724933e-04   9.110384e-03   168
  6.569502e-01   1.236812e-01   3.392602e-04   1.009792e-02   336
  6.594741e-01   1.242153e-01   3.564592e-04   6.798645e-03   414
  6.608969e-01   1.661266e-01   3.710529e-04   1.465674e-02   216
  6.627197e-01   2.055079e-01   8.991328e-09   2.265465e-02   96
  6.634639e-01   1.278532e-01   2.202416e-08   9.295747e-03   384
  6.660710e-01   1.461146e-01   3.703360e-04   9.649800e-03   492
  6.674682e-01   1.570900e-01   3.621568e-04   1.178863e-02   240
  6.690474e-01   1.457367e-01   3.677161e-04   9.840910e-03   312
  6.712282e-01   1.257665e-01   3.675950e-04   1.132708e-02   192
  6.726096e-01   1.292889e-01   3.562441e-04   8.668822e-03   504
  6.744424e-01   1.423653e-01   2.358397e-04   9.584239e-03   408
  6.758855e-01   1.150411e-01   7.225239e-04   1.085081e-02   168
  6.776913e-01   1.657032e-01   3.432052e-04   1.020273e-02   288
  6.792066e-01   1.463246e-01   3.581640e-04   1.082539e-02   288
  6.807589e-01   1.043077e-01   3.602256e-04   5.810233e-03   432
  6.830104e-01   1.312488e-01   3.406534e-04   1.008408e-02   216
  6.842135e-01   1.310576e-01   3.399348e-04   8.391318e-03   360
  6.863554e-01   1.240655e-01   3.317731e-04   7.852196e-03   312
  6.882885e-01   1.156855e-01   0.000000e+00   1.543752e-02   48
  6.894028e-01   1.146487e-01   3.557085e-04   7.087166e-03   432
  6.913984e-01   1.279078e-01   5.933254e-04   7.955920e-03   414
  6.925769e-01   1.265699e-01   1.355333e-08   8.842504e-03   312
  6.947756e-01   1.420294e-01   5.206101e-04   7.914057e-03   528
  6.962593e-01   1.412426e-01   2.732762e-04   9.767107e-03   264
  6.980417e-01   1.476706e-01   3.240306e-04   9.684802e-03   480
  7.003709e-01   1.380700e-01   0.000000e+00   9.108254e-03   288
  7.013766e-01   1.153684e-01   3.481608e-04   9.200189e-03   168
  7.032168e-01   1.526382e-01   5.511376e-04   9.104008e-03   504
  7.052858e-01   2.021108e-01   8.477105e-09   2.056820e-02   144
  7.065874e-01   1.079799e-01   3.539624e-04   6.400654e-03   464
  7.085433e-01   1.302148e-01   5.194598e-04   7.819190e-03   432
  7.094715e-01   1.362495e-01   8.991328e-09   1.288736e-02   192
  7.118702e-01   1.131961e-01   3.850933e-04   7.815807e-03   396
  7.132867e-01   1.304881e-01   3.459199e-04   8.940579e-03   288
  7.147184e-01   1.041511e-01   3.417097e-04   6.403982e-03   336
  7.170054e-01   1.237340e-01   2.163775e-04   6.582405e-03   432
  7.184567e-01   1.372227e-01   5.608202e-04   9.528656e-03   360
  7.200863e-01   1.185736e-01   3.317334e-04   5.910648e-03   384
  7.224007e-01   1.304682e-01   2.928185e-04   9.427962e-03   198
  7.235158e-01   1.183918e-01   3.328394e-04   6.767510e-03   552
  7.255952e-01   1.539832e-01   4.659523e-04   1.237280e-02   432
  7.273313e-01   1.154825e-01   1.779821e-08   1.096606e-02   168
  7.287883e-01   1.755530e-01   5.776104e-04   1.208898e-02   480
  7.307158e-01   1.276148e-01   0.000000e+00   1.266003e-02   120
  7.315834e-01   1.413119e-01   4.717672e-04   1.035531e-02   336
  7.337004e-01   1.247975e-01   3.328244e-04   6.103479e-03   672
  7.357937e-01   1.391247e-01   4.841385e-04   6.784993e-03   528
  7.367688e-01   1.049711e-01   1.453218e-08   9.066581e-03   168
  7.390213e-01   1.497997e-01   5.400533e-04   9.859924e-03   456
  7.403958e-01   1.589129e-01   3.298151e-04   1.510727e-02   168
  7.418226e-01   1.424387e-01   3.292229e-04   8.147700e-03   504
  7.441946e-01   1.073799e-01   4.236594e-04   7.912681e-03   336
  7.456288e-01   1.257616e-01   3.054083e-04   8.134314e-03   312
  7.472199e-01   1.188462e-01   2.984046e-04   7.583982e-03   504
  7.493135e-01   1.089642e-01   2.070414e-04   5.599022e-03   432
  7.502979e-01   1.177492e-01   3.199475e-04   9.107482e-03   312
  7.523441e-01   1.063121e-01   3.279618e-04   6.119133e-03   384
  7.544807e-01   1.677727e-01   2.786416e-04   2.312134e-02   126
  7.557997e-01   1.373384e-01   4.892282e-04   8.609713e-03   492
  7.574845e-01   1.437720e-01   3.133512e-04   7.693471e-03   528
  7.595900e-01   1.215238e-01   3.182975e-04   7.399335e-03   480
  7.608954e-01   1.423303e-01   4.397263e-04   9.386788e-03   432
  7.627844e-01   1.242076e-01   3.457865e-04   7.170031e-03   440
  7.649782e-01   1.353247e-01   1.719582e-04   1.019915e-02   312
  7.658014e-01   1.083241e-01   2.576938e-04   6.313297e-03   480
  7.674900e-01   1.078063e-01   5.045595e-04   5.624127e-03   408
  7.699572e-01   1.616230e-01   3.021740e-04   1.271069e-02   360
  7.709996e-01   1.296848e-01   2.915870e-04   9.625205e-03   408
  7.729312e-01   1.135159e-01   2.967266e-04   7.377981e-03   456
  7.751062e-01   1.587418e-01   2.835976e-04   1.049293e-02   264
  7.763135e-01   1.148613e-01   3.077746e-04   8.842318e-03   384
  7.780708e-01   1.147599e-01   5.181601e-04   5.657271e-03   672
  7.801024e-01   1.357299e-01   3.099267e-04   9.087173e-03   240
  7.812746e-01   9.825972e-02   3.144981e-04   6.584465e-03   264
  7.829292e-01   1.088303e-01   3.878815e-04   5.396181e-03   624
  7.853982e-01   1.163449e-01   0.000000e+00   1.319156e-02   150
  7.862772e-01   1.539796e-01   4.346518e-04   8.867743e-03   600
  7.881310e-01   1.309970e-01   2.999855e-04   7.413262e-03   672
  7.902303e-01   1.217573e-01   2.821575e-04   8.089458e-03   336
  7.913996e-01   1.595104e-01   3.069052e-04   1.205539e-02   408
  7.932681e-01   1.453834e-01   3.061822e-04   9.743273e-03   408
  7.953464e-01   1.286999e-01   1.548222e-04   6.349369e-03   360
  7.966274e-01   1.369352e-01   5.684571e-04   9.033801e-03   456
  7.981747e-01   1.345535e-01   3.091305e-04   9.322366e-03   384
  8.001443e-01   8.390811e-02   2.853666e-04   4.761865e-03   348
  8.012087e-01   1.331279e-01   3.518006e-04   9.056163e-03   576
  8.032080e-01   1.225303e-01   2.896616e-04   8.569672e-03   504
  8.052533e-01   1.149859e-01   4.085508e-04   7.188359e-03   432
  8.070386e-01   1.241052e-01   5.558314e-04   6.419117e-03   576
  8.083117e-01   1.140845e-01   0.000000e+00   9.007038e-03   264
  8.103314e-01   1.119997e-01   4.423029e-04   4.948334e-03   768
  8.120878e-01   8.208111e-02   5.954803e-04   5.559235e-03   240
  8.134843e-01   1.437362e-01   5.251573e-04   1.381655e-02   192
  8.155184e-01   1.106412e-01   3.865799e-04   5.816028e-03   504
  8.170269e-01   1.475384e-01   5.209309e-04   8.211160e-03   590
  8.184736e-01   1.533271e-01   5.836745e-04   1.115335e-02   384
  8.202876e-01   1.173972e-01   4.877800e-04   7.689361e-03   504
  8.224778e-01   1.432129e-01   4.694128e-04   7.767009e-03   648
  8.246022e-01   1.261302e-01   1.274863e-04   6.923641e-03   504
  8.254588e-01   1.216087e-01   2.908203e-04   8.827897e-03   312
  8.269711e-01   1.699673e-01   4.190005e-04   1.108957e-02   576
  8.290471e-01   1.575587e-01   2.915849e-04   1.317750e-02   240
  8.302574e-01   9.397671e-02   2.946324e-04   4.721459e-03   552
  8.319706e-01   1.451228e-01   2.766531e-04   9.397058e-03   600
  8.344107e-01   1.073727e-01   3.379099e-04   5.371874e-03   600
  8.358778e-01   1.136534e-01   5.411359e-04   8.529008e-03   312
  8.373389e-01   1.367657e-01   4.712758e-04   7.365293e-03   480
  8.391640e-01   1.057304e-01   2.940309e-04   6.269183e-03   576
  8.407709e-01   1.237066e-01   4.734535e-04   9.383392e-03   408
  8.421967e-01   6.112379e-02   5.523054e-04   4.069596e-03   216
  8.440389e-01   1.067506e-01   4.230038e-04   5.834473e-03   516
  8.460125e-01   1.078469e-01   4.035886e-04   5.014203e-03   744
  8.480486e-01   1.279790e-01   2.695616e-04   8.484870e-03   462
  8.491990e-01   1.082996e-01   2.739703e-04   9.163230e-03   432
  8.509836e-01   1.372735e-01   2.541675e-04   7.237736e-03   648
  8.530818e-01   1.285019e-01   3.718944e-04   7.832302e-03   528
  8.547671e-01   1.257692e-01   4.478537e-04   7.161312e-03   600
  8.564512e-01   1.563546e-01   5.646264e-04   1.135181e-02   240
  8.580823e-01   1.131091e-01   4.324984e-04   6.463454e-03   720
  8.599780e-01   1.231839e-01   3.421845e-04   6.255937e-03   720
  8.620796e-01   8.014071e-02   0.000000e+00   8.301210e-03   144
  8.631855e-01   1.455905e-01   4.411782e-04   7.427450e-03   720
  8.647586e-01   1.259047e-01   2.645391e-04   8.313267e-03   384
  8.667282e-01   1.119474e-01   2.932557e-04   5.682202e-03   672
  8.685969e-01   1.269566e-01   5.134584e-04   1.001577e-02   336
  8.694893e-01   1.184988e-01   0.000000e+00   8.869893e-03   288
  8.716748e-01   1.200663e-01   4.063680e-04   6.597025e-03   776
  8.736979e-01   1.004540e-01   3.477095e-04   4.612620e-03   720
  8.753970e-01   9.840681e-02   2.801055e-04   5.567627e-03   432
  8.767560e-01   1.424394e-01   3.993257e-04   8.390059e-03   504
  8.782678e-01   1.180892e-01   2.797843e-04   6.613527e-03   528
  8.803833e-01   1.530292e-01   3.811898e-04   1.277532e-02   438
  8.821237e-01   1.371154e-01   4.436701e-04   8.830473e-03   624
  8.834351e-01   1.304936e-01   5.434359e-04   1.136786e-02   312
  8.852381e-01   1.577447e-01   2.927896e-04   9.814611e-03   696
  8.871024e-01   1.105987e-01   2.649216e-04   6.023240e-03   552
  8.890414e-01   1.144938e-01   2.049609e-04   6.433684e-03   516
  8.902410e-01   1.650814e-01   4.093940e-04   1.078614e-02   528
  8.917013e-01   7.629331e-02   2.662401e-04   3.853324e-03   528
  8.937755e-01   1.112031e-01   3.511167e-04   5.698581e-03   864
  8.951836e-01   1.186039e-01   4.809576e-04   8.806481e-03   408
  8.965930e-01   1.766728e-01   4.765097e-04   1.831149e-02   192
  8.985906e-01   1.048612e-01   3.943347e-04   5.950257e-03   720
  9.002770e-01   1.143923e-01   3.635960e-04   6.336567e-03   696
  9.022808e-01   1.245290e-01   3.926871e-04   8.001136e-03   720
  9.041141e-01   1.380465e-01   5.322402e-04   1.045420e-02   432
  9.051831e-01   8.371557e-02   3.132974e-04   5.801492e-03   264
  9.071068e-01   1.206972e-01   4.326498e-04   7.060189e-03   672
  9.088274e-01   1.060662e-01   4.429670e-04   5.848531e-03   600
  9.108692e-01   7.249298e-02   2.593567e-04   5.432431e-03   270
  9.118985e-01   1.151250e-01   3.904042e-04   8.883596e-03   528
  9.135346e-01   1.265074e-01   2.673349e-04   7.929200e-03   840
  9.157780e-01   1.441751e-01   5.111923e-04   9.323605e-03   888
  9.178509e-01   1.048394e-01   3.808759e-04   5.605697e-03   744
  9.196028e-01   1.056900e-01   1.957146e-04   7.444723e-03   456
  9.204741e-01   2.107935e-01   2.674561e-04   1.653516e-02   360
  9.219651e-01   1.023912e-01   2.317357e-04   9.634556e-03   384
  9.242528e-01   1.171050e-01   3.717018e-04   6.288115e-03   816
  9.259693e-01   1.097860e-01   5.392874e-04   5.729014e-03   824
  9.280557e-01   1.067446e-01   2.506865e-04   8.435590e-03   360
  9.291730e-01   1.125507e-01   3.699191e-04   5.276720e-03   624
  9.307106e-01   1.549160e-01   2.499713e-04   1.390888e-02   360
  9.327590e-01   1.143144e-01   3.400343e-04   5.743185e-03   876
  9.346089e-01   9.892332e-02   4.038591e-04   5.749204e-03   696
  9.364747e-01   8.488144e-02   2.607857e-04   5.641967e-03   336
  9.374528e-01   1.397315e-01   2.604927e-04   1.062829e-02   504
  9.390682e-01   9.933837e-02   2.627499e-04   5.180105e-03   672
  9.414648e-01   1.005682e-01   5.230740e-04   5.449281e-03   720
  9.431269e-01   1.158711e-01   3.951266e-04   6.623125e-03   774
  9.449616e-01   1.527735e-01   2.261602e-04   1.360127e-02   384
  9.459224e-01   1.258607e-01   4.352293e-04   9.197895e-03   528
  9.474136e-01   1.487005e-01   4.147978e-04   1.037771e-02   744
  9.498123e-01   1.311815e-01   3.421202e-04   6.817802e-03   768
  9.514049e-01   1.312353e-01   3.840557e-04   1.021297e-02   552
  9.533920e-01   1.071595e-01   4.185772e-04   7.250639e-03   696
  9.548702e-01   1.311587e-01   5.086441e-04   1.243455e-02   408
  9.560436e-01   1.251296e-01   2.197383e-04   9.493781e-03   504
  9.579038e-01   1.081619e-01   3.947516e-04   5.942639e-03   888
  9.597342e-01   1.053820e-01   4.102611e-04   6.455556e-03   648
  9.616367e-01   1.114947e-01   4.067445e-04   7.321304e-03   648
  9.634268e-01   1.137209e-01   4.385703e-04   5.933267e-03   792
  9.653228e-01   1.064471e-01   6.416583e-04   6.790392e-03   600
  9.667199e-01   7.808778e-02   4.348569e-04   4.181570e-03   456
  9.681906e-01   1.111734e-01   2.119307e-04   6.249385e-03   648
  9.700794e-01   1.021792e-01   4.132958e-04   5.152452e-03   936
  9.721186e-01   1.178878e-01   2.538169e-04   7.378864e-03   384
  9.738937e-01   1.401327e-01   0.000000e+00   1.761392e-02   198
  9.752636e-01   1.046238e-01   6.439552e-04   5.225494e-03   1224
  9.767415e-01   1.475728e-01   4.689976e-04   1.106534e-02   420
  9.784892e-01   1.112630e-01   4.538916e-04   5.678862e-03   792
  9.801982e-01   1.178474e-01   3.753296e-04   6.917472e-03   680
  9.821484e-01   1.187037e-01   3.446452e-04   9.621159e-03   600
  9.837176e-01   9.695987e-02   4.998301e-04   5.212329e-03   840
  9.858129e-01   1.158832e-01   2.359966e-04   8.988353e-03   432
  9.866135e-01   1.389772e-01   2.211599e-04   1.003201e-02   720
  9.883541e-01   1.068161e-01   4.429446e-04   5.699989e-03   960
  9.905192e-01   9.415875e-02   3.948527e-04   6.390099e-03   528
  9.921014e-01   9.686714e-02   4.036147e-04   6.092715e-03   624
  9.939846e-01   1.111661e-01   3.172384e-04   6.431308e-03   816
  9.958538e-01   9.365353e-02   5.217054e-04   4.659353e-03   696
  9.979194e-01   8.803201e-02   2.877225e-08   7.516784e-03   240
  9.986961e-01   1.125969e-01   3.076621e-04   7.029361e-03   672
  1.000430e+00   1.093775e-01   5.498361e-04   6.737354e-03   864
  1.002374e+00   8.072316e-02   4.219100e-04   3.292663e-03   816
  1.004127e+00   8.927752e-02   2.414867e-04   5.766374e-03   648
  1.006015e+00   1.287878e-01   2.468434e-04   8.049613e-03   843
  1.007618e+00   9.592453e-02   4.441320e-04   7.020962e-03   780
  1.009528e+00   1.201485e-01   2.383130e-04   2.331509e-02   216
  1.010706e+00   1.016293e-01   5.746657e-04   5.181387e-03   1056
  1.012518e+00   6.222958e-02   4.701411e-04   5.960083e-03   228
  1.014195e+00   1.286882e-01   5.853373e-04   8.076086e-03   924
  1.015917e+00   1.061582e-01   2.171273e-04   4.995234e-03   696
  1.017741e+00   9.679300e-02   3.864245e-04   5.604399e-03   996
  1.019607e+00   7.563189e-02   2.281373e-04   4.442616e-03   576
  1.021548e+00   8.462691e-02   3.521149e-04   5.545030e-03   552
  1.022963e+00   1.189426e-01   4.204128e-04   7.849358e-03   516
  1.024399e+00   1.023246e-01   6.113675e-04   6.512889e-03   744
  1.026040e+00   7.372575e-02   2.999122e-04   4.720327e-03   576
  1.027467e+00   8.962016e-02   3.086856e-04   4.825085e-03   792
  1.029495e+00   8.214566e-02   3.528849e-04   4.138157e-03   792
  1.030982e+00   1.014097e-01   3.805826e-04   6.566122e-03   720
  1.032992e+00   9.228212e-02   4.337767e-04   5.260411e-03   656
  1.034876e+00   8.405584e-02   4.736616e-04   3.971205e-03   816
  1.036807e+00   1.160100e-01   2.553903e-04   9.480341e-03   492
  1.037904e+00   9.738230e-02   3.673970e-04   6.884977e-03   552
  1.039964e+00   7.223445e-02   6.388587e-04   4.520920e-03   780
  1.041302e+00   8.895424e-02   3.924433e-04   5.831779e-03   528
  1.042744e+00   6.938211e-02   4.581008e-04   3.996458e-03   600
  1.044868e+00   8.710680e-02   3.807180e-04   4.302581e-03   900
  1.046332e+00   8.214286e-02   2.107720e-04   4.355651e-03   696
  1.048347e+00   7.833040e-02   5.329451e-04   4.198141e-03   696
  1.050296e+00   6.628382e-02   2.162108e-04   3.333559e-03   552
  1.051935e+00   7.485871e-02   2.514331e-04   3.949412e-03   708
  1.053652e+00   7.462991e-02   4.151305e-04   3.889869e-03   876
  1.055438e+00   7.897045e-02   2.204260e-04   8.811551e-03   216
  1.056637e+00   8.516403e-02   6.028951e-04   3.331596e-03   1032
  1.058432e+00   6.840660e-02   6.712571e-04   3.596114e-03   600
  1.060296e+00   6.091702e-02   3.202990e-04   3.473300e-03   600
  1.061717e+00   6.965533e-02   5.656180e-04   3.968235e-03   528
  1.063397e+00   7.607329e-02   3.104995e-04   4.440878e-03   732
  1.065167e+00   8.162808e-02   2.292757e-04   5.732652e-03   336
  1.067205e+00   6.074456e-02   3.267633e-04   3.187767e-03   912
  1.068728e+00   6.101784e-02   3.279713e-04   3.128122e-03   624
  1.070391e+00   6.589578e-02   2.763746e-04   2.978199e-03   768
  1.072333e+00   7.260979e-02   4.986341e-04   3.493883e-03   792
  1.074239e+00   6.903660e-02   2.472022e-04   3.570669e-03   660
  1.075595e+00   6.377114e-02   3.642922e-04   3.943755e-03   504
  1.076998e+00   5.917111e-02   5.951837e-04   3.388824e-03   480
  1.079100e+00   5.272158e-02   5.504674e-04   1.990844e-03   912
  1.080746e+00   6.558354e-02   6.130308e-04   4.202639e-03   432
  1.082301e+00   6.422456e-02   3.640033e-04   3.591163e-03   564
  1.083681e+00   6.110889e-02   3.484013e-04   2.937877e-03   600
  1.085624e+00   6.737620e-02   4.856383e-04   3.117776e-03   876
  1.087083e+00   6.732799e-02   2.183577e-04   6.007666e-03   264
  1.089095e+00   5.560442e-02   4.236997e-04   3.069368e-03   560
  1.090713e+00   6.753672e-02   2.879131e-04   3.175143e-03   840
  1.092676e+00   5.785628e-02   4.438790e-04   2.430937e-03   1008
  1.094491e+00   4.564155e-02   1.985617e-04   2.695070e-03   456
  1.096149e+00   6.567040e-02   2.572085e-04   3.568926e-03   576
  1.097681e+00   6.718902e-02   3.952284e-04   4.136706e-03   612
  1.099702e+00   5.746359e-02   3.530031e-04   2.535607e-03   780
  1.101351e+00   6.452060e-02   4.045254e-04   3.882351e-03   648
  1.103039e+00   5.993355e-02   1.885140e-04   4.364955e-03   312
  1.104117e+00   5.538618e-02   4.789832e-04   3.345519e-03   528
  1.105986e+00   5.323459e-02   6.255282e-04   2.487476e-03   720
  1.107773e+00   5.865296e-02   6.274871e-04   3.485403e-03   576
  1.109940e+00   6.166470e-02   5.412886e-04   3.890181e-03   444
  1.111288e+00   5.971380e-02   5.308295e-04   2.402264e-03   996
  1.112940e+00   5.891968e-02   4.434024e-04   3.454087e-03   432
  1.114501e+00   5.846752e-02   4.854384e-04   3.070563e-03   504
  1.115850e+00   4.112353e-02   2.188612e-04   2.263475e-03   504
  1.117770e+00   6.125740e-02   4.307215e-04   2.522702e-03   876
  1.119508e+00   5.109470e-02   4.957194e-04   2.996679e-03   504
  1.121318e+00   5.848773e-02   3.161439e-04   2.920925e-03   696
  1.122813e+00   4.931520e-02   2.702699e-04   2.832454e-03   492
  1.124848e+00   5.471358e-02   3.869044e-04   2.956494e-03   432
  1.126355e+00   6.072727e-02   3.622936e-04   2.544722e-03   768
  1.128142e+00   4.744115e-02   4.512853e-04   2.317906e-03   648
  1.129847e+00   4.771598e-02   2.944152e-04   3.379177e-03   456
  1.131808e+00   5.291955e-02   4.048687e-04   2.941079e-03   552
  1.133169e+00   4.909700e-02   2.774974e-04   2.308726e-03   648
  1.135043e+00   4.983294e-02   4.523051e-04   1.975393e-03   840
  1.136873e+00   5.066994e-02   2.156948e-04   2.713697e-03   432
  1.138705e+00   5.521711e-02   2.641893e-04   3.667846e-03   600
  1.139979e+00   5.217259e-02   2.814763e-04   2.768599e-03   432
  1.142120e+00   5.351120e-02   2.802371e-04   2.694419e-03   560
  1.143569e+00   4.449994e-02   4.435859e-04   1.689780e-03   840
  1.145384e+00   5.362630e-02   2.627424e-04   2.831334e-03   504
  1.146826e+00   4.782351e-02   5.362415e-04   1.994026e-03   696
  1.148858e+00   6.298267e-02   2.928760e-04   4.302315e-03   384
  1.150441e+00   4.873051e-02   4.290289e-04   2.438118e-03   576
  1.152355e+00   4.830792e-02   2.647752e-04   2.783897e-03   360
  1.153898e+00   4.901205e-02   3.943145e-04   2.152276e-03   828
  1.155563e+00   4.814759e-02   3.512103e-04   2.893094e-03   372
  1.157088e+00   4.711596e-02   5.363655e-04   2.441916e-03   576
  1.159108e+00   5.040137e-02   2.246293e-04   2.540149e-03   636
  1.160548e+00   4.558308e-02   4.330272e-04   2.100506e-03   648
  1.162495e+00   4.479061e-02   3.520038e-04   2.168715e-03   576
  1.163893e+00   4.819501e-02   5.678192e-04   2.665352e-03   528
  1.165752e+00   4.724418e-02   2.427662e-04   3.272472e-03   360
  1.167291e+00   4.044084e-02   5.584532e-04   2.127011e-03   672
  1.169301e+00   5.260109e-02   2.860489e-04   2.364445e-03   804
  1.170973e+00   4.413162e-02   3.155462e-04   2.225270e-03   408
  1.172823e+00   5.189501e-02   1.950418e-04   3.019963e-03   384
  1.174069e+00   3.900376e-02   4.463306e-04   2.082805e-03   480
  1.175826e+00   4.847132e-02   2.883950e-04   2.514560e-03   432
  1.177511e+00   5.170988e-02   5.314505e-04   2.107922e-03   648
  1.179506e+00   4.503555e-02   3.297625e-04   2.065152e-03   624
  1.180965e+00   4.727648e-02   2.999468e-04   2.740363e-03   456
  1.182958e+00   4.439613e-02   4.097541e-04   2.297636e-03   588
  1.184293e+00   4.570103e-02   2.614214e-04   2.121336e-03   600
  1.186242e+00   4.409147e-02   4.077532e-04   2.110915e-03   708
  1.187782e+00   5.000165e-02   2.568767e-04   3.423111e-03   360
  1.189484e+00   4.543174e-02   2.952866e-04   2.107906e-03   552
  1.191115e+00   4.108977e-02   2.071505e-04   2.809587e-03   288
  1.192771e+00   4.366524e-02   3.894996e-04   2.050030e-03   528
  1.194327e+00   4.422842e-02   2.627744e-04   2.246369e-03   456
  1.196066e+00   4.900437e-02   4.659561e-04   2.389564e-03   608
  1.197814e+00   4.130478e-02   2.254347e-04   2.423742e-03   504
  1.199725e+00   4.241921e-02   4.839956e-04   2.045911e-03   540
  1.201223e+00   4.755411e-02   5.195556e-04   2.654674e-03   360
  1.202838e+00   4.414848e-02   2.352814e-04   2.052281e-03   540
  1.204266e+00   3.862780e-02   2.020170e-04   1.839444e-03   576
  1.206343e+00   4.402272e-02   4.684089e-04   2.303985e-03   588
  1.208318e+00   4.230386e-02   6.462628e-04   2.016781e-03   672
  1.210014e+00   4.425223e-02   4.939442e-04   2.223980e-03   552
  1.211382e+00   3.750055e-02   4.941939e-04   3.540402e-03   144
  1.213127e+00   4.531292e-02   4.198685e-04   2.406931e-03   600
  1.214781e+00   3.604094e-02   5.261868e-04   1.888065e-03   504
  1.216618e+00   4.549093e-02   5.405001e-04   3.198472e-03   336
  1.218549e+00   3.965204e-02   6.075245e-04   1.772398e-03   600
  1.220279e+00   3.757332e-02   3.920764e-04   1.678953e-03   636
  1.222146e+00   4.278652e-02   3.152330e-04   2.487391e-03   384
  1.223455e+00   4.879089e-02   4.397128e-04   2.660704e-03   504
  1.225342e+00   3.570877e-02   1.845413e-04   2.892152e-03   240
  1.226831e+00   4.209489e-02   4.335138e-04   1.799001e-03   744
  1.228618e+00   3.762466e-02   2.960240e-04   1.665269e-03   648
  1.230205e+00   5.961533e-02   1.965095e-04   5.521087e-03   120
  1.232066e+00   3.868598e-02   3.086910e-04   1.754110e-03   564
  1.233472e+00   4.220649e-02   4.848178e-04   2.222434e-03   432
  1.235349e+00   4.160342e-02   3.763145e-04   2.250557e-03   480
  1.236762e+00   3.509169e-02   2.769770e-04   1.745735e-03   456
  1.238430e+00   3.976034e-02   4.583559e-04   2.159441e-03   444
  1.240323e+00   3.459536e-02   7.013087e-04   1.852837e-03   528
  1.241986e+00   4.068718e-02   5.208476e-04   2.693301e-03   264
  1.243600e+00   4.282504e-02   5.337913e-04   2.517944e-03   444
  1.245770e+00   4.190546e-02   5.846898e-04   1.655071e-03   696
  1.247572e+00   3.935449e-02   3.127117e-04   2.780193e-03   384
  1.248890e+00   4.234825e-02   3.951374e-04   2.157292e-03   432
  1.250940e+00   4.024085e-02   2.730214e-04   2.191419e-03   488
  1.252270e+00   4.026239e-02   4.114773e-04   1.979817e-03   480
  1.254200e+00   3.463055e-02   4.588823e-04   1.786765e-03   480
  1.255694e+00   3.705341e-02   1.925330e-04   2.486382e-03   240
  1.257391e+00   4.261585e-02   4.497418e-04   2.315106e-03   600
  1.258991e+00   3.438477e-02   3.919039e-04   3.223796e-03   288
  1.260695e+00   4.154765e-02   3.769828e-04   2.053945e-03   480
  1.262421e+00   3.659482e-02   6.705851e-04   1.900967e-03   504
  1.264120e+00   3.989846e-02   2.877228e-04   2.805192e-03   216
  1.266287e+00   4.311769e-02   4.710480e-04   2.239406e-03   504
  1.267974e+00   3.968367e-02   3.788659e-04   2.203800e-03   456
  1.269821e+00   4.556586e-02   2.172861e-04   2.745655e-03   384
  1.271045e+00   4.385600e-02   4.410122e-04   2.281926e-03   480
  1.272784e+00   3.592754e-02   3.872581e-04   2.171916e-03   504
  1.274394e+00   4.009585e-02   2.456523e-04   2.664512e-03   312
  1.276130e+00   4.452258e-02   3.958604e-04   2.097041e-03   492
  1.277667e+00   3.982915e-02   3.710270e-04   2.877583e-03   312
  1.279645e+00   3.625506e-02   6.027038e-04   1.524665e-03   576
  1.281386e+00   4.533011e-02   5.563444e-04   2.940142e-03   336
  1.282832e+00   3.312016e-02   4.283594e-04   2.593406e-03   240
  1.284837e+00   4.821783e-02   5.678961e-04   2.654925e-03   468
  1.286567e+00   4.072372e-02   3.555851e-04   3.934011e-03   192
  1.288379e+00   4.059927e-02   3.566449e-04   2.687708e-03   324
  1.289707e+00   3.640819e-02   2.588470e-04   1.573348e-03   600
  1.291517e+00   4.595497e-02   4.199527e-04   2.547913e-03   456
  1.292860e+00   4.360927e-02   1.888947e-04   2.916305e-03   336
  1.295088e+00   4.495175e-02   5.656042e-04   2.293094e-03   612
  1.296708e+00   3.462887e-02   4.746798e-04   3.979705e-03   144
  1.298240e+00   4.732186e-02   5.540731e-04   2.375720e-03   552
  1.300324e+00   3.013538e-02   2.182008e-04   2.257378e-03   264
  1.301501e+00   3.906761e-02   5.051906e-04   2.629289e-03   336
  1.303359e+00   3.606295e-02   3.338126e-04   2.335442e-03   384
  1.304969e+00   4.024434e-02   1.879035e-04   3.193515e-03   216
  1.306752e+00   3.593356e-02   3.983942e-04   2.211462e-03   344
  1.308378e+00   4.049997e-02   5.944229e-04   2.518222e-03   408
  1.310359e+00   4.066469e-02   4.567753e-04   3.729241e-03   264
  1.312115e+00   4.139140e-02   6.367673e-04   2.170812e-03   612
  1.313869e+00   4.749815e-02   3.277292e-04   2.565972e-03   408
  1.315673e+00   3.687864e-02   3.282002e-04   2.638222e-03   444
  1.316998e+00   5.689030e-02   1.835599e-04   5.664100e-03   120
  1.318774e+00   4.921813e-02   5.071424e-04   3.259659e-03   336
  1.320092e+00   4.231157e-02   1.762300e-04   2.981162e-03   288
  1.321873e+00   3.941533e-02   5.484307e-04   1.999464e-03   552
  1.324322e+00   4.792546e-02   0.000000e+00   7.420238e-03   72
  1.325581e+00   3.521745e-02   5.447315e-04   1.992831e-03   504
  1.327052e+00   2.985414e-02   1.752893e-04   2.508087e-03   216
  1.328957e+00   3.921472e-02   3.129669e-04   2.602446e-03   312
  1.330668e+00   4.057032e-02   3.563621e-04   2.328093e-03   336
  1.332298e+00   3.548235e-02   4.939578e-04   2.810974e-03   204
  1.333922e+00   4.239288e-02   5.740541e-04   2.345874e-03   504
  1.335644e+00   4.780829e-02   5.466644e-04   2.833779e-03   396
  1.337300e+00   3.575234e-02   5.013198e-04   2.658538e-03   312
  1.339308e+00   4.878375e-02   3.063600e-04   3.870245e-03   216
  1.340723e+00   3.909327e-02   1.662675e-04   3.485560e-03   168
  1.342442e+00   4.413361e-02   4.198346e-04   2.481263e-03   588
  1.344403e+00   3.296646e-02   5.698763e-04   2.441309e-03   240
  1.345927e+00   3.583611e-02   5.032962e-04   2.737616e-03   264
  1.347715e+00   4.327099e-02   6.224294e-04   2.928400e-03   288
  1.349301e+00   3.783595e-02   3.108153e-04   2.530348e-03   288
  1.351311e+00   3.777829e-02   2.919050e-04   3.063318e-03   288
  1.352664e+00   3.274834e-02   3.381476e-04   2.633972e-03   192
  1.354367e+00   2.940026e-02   3.598230e-04   2.667295e-03   264
  1.355989e+00   5.410944e-02   5.918590e-04   3.332959e-03   372
  1.357735e+00   4.329259e-02   6.392333e-04   2.699443e-03   360
  1.359866e+00   4.753041e-02   2.705296e-04   5.400198e-03   144
  1.360967e+00   3.090312e-02   3.757537e-04   2.577349e-03   296
  1.362705e+00   3.859423e-02   4.048552e-04   2.815592e-03   288
  1.364696e+00   3.459945e-02   6.050459e-04   1.569571e-03   480
  1.366412e+00   2.629773e-02   5.027354e-04   2.107840e-03   192
  1.368081e+00   4.550436e-02   5.392523e-04   4.101520e-03   192
  1.369599e+00   3.754553e-02   3.436718e-04   3.280457e-03   288
  1.371709e+00   3.243909e-02   2.991616e-04   3.467628e-03   108
  1.372772e+00   4.636375e-02   2.876072e-04   3.699980e-03   240
  1.374649e+00   3.295004e-02   5.365380e-04   2.023476e-03   384
  1.376577e+00   4.429327e-02   6.545156e-04   5.426502e-03   108
  1.378282e+00   5.326872e-02   3.837546e-04   3.469826e-03   348
  1.380075e+00   3.464598e-02   4.005014e-04   2.708122e-03   312
  1.381676e+00   3.035029e-02   3.891711e-04   3.814866e-03   96
  1.383148e+00   4.005600e-02   5.181111e-04   2.439502e-03   384
  1.384797e+00   3.227838e-02   3.563555e-04   3.127059e-03   144
  1.386411e+00   3.591847e-02   5.475560e-04   2.040763e-03   408
  1.388416e+00   3.619630e-02   2.442487e-04   3.407752e-03   144
  1.390310e+00   4.499470e-02   4.695706e-04   4.409065e-03   192
  1.391433e+00   5.023019e-02   5.285104e-04   5.447225e-03   144
  1.393265e+00   2.954209e-02   4.296985e-04   2.902255e-03   144
  1.394992e+00   4.195540e-02   5.251611e-04   3.121160e-03   336
  1.397108e+00   2.890033e-02   3.885526e-04   1.937364e-03   240
  1.398450e+00   3.211462e-02   1.764383e-04   3.564648e-03   96
  1.400321e+00   4.898007e-02   5.174086e-04   3.528232e-03   372
  1.402214e+00   3.681831e-02   6.154464e-04   4.244239e-03   132
  1.403877e+00   2.725887e-02   3.808309e-04   1.900899e-03   264
  1.405364e+00   4.666171e-02   2.924607e-04   3.610044e-03   168
  1.406952e+00   3.460141e-02   4.675886e-04   2.369383e-03   216
  1.408354e+00   3.602497e-02   2.860765e-04   2.635780e-03   216
  1.410397e+00   2.774264e-02   5.248313e-04   3.483191e-03   96
  1.412250e+00   4.962826e-02   3.424046e-04   5.487827e-03   120
  1.413949e+00   3.025422e-02   4.352925e-04   2.342797e-03   216
  1.415349e+00   3.434150e-02   1.902243e-04   2.791796e-03   200
  1.417203e+00   3.161758e-02   4.924091e-04   2.464800e-03   288
  1.419580e+00   2.688135e-02   1.295624e-04   2.513491e-03   144
  1.420582e+00   4.128752e-02   4.031902e-04   3.306560e-03   168
  1.422626e+00   3.475203e-02   4.537530e-04   3.495017e-03   159
  1.424222e+00   3.092667e-02   4.760960e-04   2.351038e-03   174
  1.425766e+00   3.198850e-02   4.317072e-04   3.150182e-03   144
  1.427789e+00   3.645496e-02   2.492797e-04   2.546473e-03   222
  1.429141e+00   2.999556e-02   2.515453e-04   2.467063e-03   168
  1.431477e+00   4.647013e-02   5.517354e-04   7.779713e-03   30
  1.432442e+00   2.944409e-02   4.871418e-04   2.952904e-03   72
  1.434260e+00   3.358329e-02   4.347683e-04   2.800877e-03   258
  1.436258e+00   3.604784e-02   2.723066e-04   2.392312e-03   264
  1.437257e+00   3.636728e-02   2.936555e-08   6.445041e-03   72
  1.439339e+00   2.494788e-02   5.397231e-04   2.071080e-03   174
  1.441225e+00   3.251053e-02   5.747054e-04   3.273944e-03   168
  1.442740e+00   1.974491e-02   1.798266e-08   3.450898e-03   48
  1.444367e+00   2.647229e-02   3.245497e-04   2.521251e-03   150
  1.446254e+00   3.398193e-02   5.970324e-04   3.209645e-03   168
  1.448146e+00   2.758307e-02   3.636845e-04   2.588097e-03   144
  1.449885e+00   3.460243e-02   3.397640e-04   4.480030e-03   102
  1.451181e+00   1.975488e-02   5.029091e-04   1.949503e-03   96
  1.453237e+00   2.528462e-02   4.991035e-04   2.183899e-03   120
  1.454759e+00   2.519750e-02   5.353016e-04   1.937708e-03   168
  1.456406e+00   3.434818e-02   3.952779e-04   3.790855e-03   126
  1.457809e+00   3.225056e-02   2.981185e-04   2.998719e-03   168
  1.459742e+00   1.847308e-02   4.780335e-04   2.643186e-03   72
  1.461432e+00   2.683290e-02   5.986044e-04   2.401741e-03   168
  1.462911e+00   3.360865e-02   1.641069e-04   4.207917e-03   78
  1.464939e+00   2.684255e-02   2.694513e-04   5.548854e-03   60
  1.466572e+00   3.871944e-02   4.370936e-04   4.167331e-03   96
  1.468265e+00   2.778554e-02   5.303767e-04   3.035368e-03   168
  1.469857e+00   3.158042e-02   3.356018e-04   3.760040e-03   86
  1.471527e+00   1.868833e-02   2.999484e-04   1.971565e-03   120
  1.473920e+00   2.850430e-02   2.139030e-04   2.187119e-03   168
  1.475211e+00   1.609943e-02   0.000000e+00   2.028522e-03   48
  1.476949e+00   3.284008e-02   3.897081e-04   3.702515e-03   120
  1.477948e+00   2.607309e-02   2.843078e-04   2.260500e-03   126
  1.480387e+00   2.150821e-02   5.000182e-04   2.532085e-03   96
  1.481970e+00   3.310825e-02   1.441806e-04   3.504394e-03   96
  1.483218e+00   2.025988e-02   1.695421e-08   2.463438e-03   72
  1.485877e+00   3.695628e-02   1.798266e-08   8.182113e-03   24
  1.487537e+00   2.810311e-02   2.967202e-04   3.024621e-03   120
  1.488831e+00   2.136333e-02   4.328235e-04   2.696829e-03   126
  1.490271e+00   2.532067e-02   3.608170e-04   2.880518e-03   96
  1.491953e+00   2.224415e-02   6.235971e-04   3.214216e-03   72
  1.493826e+00   2.846764e-02   2.697267e-04   2.312427e-03   144
  1.495367e+00   3.160914e-02   1.555721e-04   3.245221e-03   72
  1.496907e+00   2.272204e-02   3.107329e-04   3.382371e-03   54
  1.498261e+00   3.090503e-02   2.738298e-04   3.066472e-03   108
  1.501076e+00   2.173040e-02   2.684240e-04   2.447030e-03   72
  1.501953e+00   2.539631e-02   1.548899e-04   2.365812e-03   72
  1.504032e+00   3.530461e-02   3.114687e-08   4.799351e-03   24
  1.506000e+00   3.009995e-02   3.276762e-04   3.702007e-03   48
  1.507194e+00   3.232744e-02   2.496047e-04   3.123687e-03   102
  1.508993e+00   2.589378e-02   5.645020e-04   1.912959e-03   168
  1.511342e+00   2.629328e-02   3.078662e-04   3.243358e-03   72
  1.512213e+00   3.039779e-02   0.000000e+00   4.073895e-03   48
  1.514039e+00   2.903471e-02   5.295485e-04   2.604494e-03   120
  1.516449e+00   3.007257e-02   3.254183e-04   2.940026e-03   96
  1.518725e+00   5.023958e-02   2.877225e-08   1.009139e-02   30
  1.521431e+00   3.000159e-02   1.528959e-04   3.916927e-03   72
  1.522619e+00   3.342579e-02   1.798266e-08   9.817607e-03   24
  1.524147e+00   2.586844e-02   2.266295e-04   4.013407e-03   56
  1.525857e+00   2.879729e-02   3.234118e-04   3.158468e-03   96
  1.527904e+00   2.858023e-02   3.571257e-04   2.247141e-03   144
  1.529482e+00   2.882121e-02   2.027620e-04   3.803222e-03   54
  1.531775e+00   2.621650e-02   3.037589e-04   2.684352e-03   108
  1.534082e+00   2.724368e-02   1.608389e-04   4.248105e-03   48
  1.536278e+00   3.340118e-02   6.056100e-04   3.046015e-03   72
  1.541549e+00   2.150641e-02   4.001285e-04   2.591809e-03   78
  1.543009e+00   3.775261e-02   3.015470e-04   4.034190e-03   72
  1.544714e+00   2.517124e-02   3.011726e-04   3.081317e-03   72
  1.546496e+00   2.575543e-02   7.267626e-04   2.911685e-03   96
  1.547905e+00   3.063937e-02   3.005518e-04   2.591337e-03   72
  1.549605e+00   2.090672e-02   0.000000e+00   3.483832e-03   24
  1.551302e+00   3.420970e-02   5.997465e-04   3.883587e-03   72
  1.555136e+00   2.888014e-02   3.808574e-04   6.308081e-03   30
  1.555961e+00   2.425942e-02   0.000000e+00   4.706775e-03   24
  1.560395e+00   2.494624e-02   3.162535e-04   3.249560e-03   48
  1.561785e+00   2.464863e-02   6.805772e-04   2.261497e-03   120
  1.563659e+00   2.636336e-02   2.975642e-04   3.524107e-03   72
  1.565552e+00   3.835918e-02   2.972044e-04   5.058820e-03   36
  1.566852e+00   3.205178e-02   5.874143e-04   2.835279e-03   78
  1.570482e+00   3.011164e-02   3.142221e-04   4.833548e-03   48
  1.575188e+00   2.415188e-02   2.543132e-08   3.725368e-03   24
  1.578541e+00   4.175527e-02   2.188179e-04   5.100229e-03   56
  1.580230e+00   3.197327e-02   3.367194e-04   3.469773e-03   102
  1.582378e+00   3.229781e-02   2.397687e-08   4.379491e-03   72
  1.583624e+00   3.528587e-02   1.798266e-08   6.109135e-03   24
  1.585804e+00   2.695980e-02   3.111861e-04   3.406468e-03   48
  1.589845e+00   2.183889e-02   0.000000e+00   2.837778e-03   24
  1.594803e+00   4.311402e-02   0.000000e+00   1.457972e-02   6
  1.596350e+00   2.578034e-02   0.000000e+00   7.202121e-03   24
  1.597380e+00   3.595967e-02   2.912818e-04   4.643467e-03   72
  1.599261e+00   2.832323e-02   5.434137e-04   3.044515e-03   84
  1.601288e+00   2.119057e-02   0.000000e+00   4.603150e-03   24
  1.601904e+00   2.956348e-02   2.543132e-08   6.486030e-03   24
  1.604982e+00   2.961911e-02   3.114687e-08   5.937756e-03   24
  1.609281e+00   5.863894e-02   0.000000e+00   7.488896e-03   6
  1.614791e+00   3.103101e-02   3.056001e-04   3.860898e-03   48
  1.616114e+00   2.956351e-02   5.757006e-04   2.956288e-03   72
  1.617844e+00   3.154424e-02   3.050234e-04   4.659903e-03   48
  1.620587e+00   2.626952e-02   0.000000e+00   3.908881e-03   24
  1.624237e+00   1.466406e-02   0.000000e+00   1.115154e-03   6
  1.632419e+00   2.300339e-02   0.000000e+00   7.081711e-03   8
  1.633024e+00   3.615486e-02   1.798266e-08   5.143366e-03   48
  1.634474e+00   3.786538e-02   2.958090e-04   6.281268e-03   60
  1.636646e+00   3.311544e-02   0.000000e+00   7.863598e-03   24
  1.639659e+00   1.892460e-02   0.000000e+00   2.062249e-03   6
  1.650757e+00   4.363668e-02   0.000000e+00   5.866869e-03   24
  1.651653e+00   4.310802e-02   2.987795e-04   6.381948e-03   48
  1.653147e+00   4.686491e-02   0.000000e+00   9.856593e-03   24
  1.655533e+00   5.881455e-02   0.000000e+00   4.445196e-03   6
  1.669090e+00   4.566256e-02   2.787329e-04   6.751709e-03   36
  1.670075e+00   4.365005e-02   0.000000e+00   6.710100e-03   24
  1.671847e+00   7.768887e-02   0.000000e+00   9.446907e-03   6
  1.687272e+00   4.130961e-02   2.533103e-04   6.985423e-03   32
  1.688588e+00   1.309773e-02   0.000000e+00   5.032331e-03   6
  1.705164e+00   3.869711e-02   0.000000e+00   1.211616e-02   12
  1.705743e+00   1.036385e-02   0.000000e+00   5.538991e-03   6
  1.723300e+00   6.084792e-02   0.000000e+00   2.896166e-02   6
