# power spectrum of phi
# redshift z=50.000000
# k              Pk             sigma(k)       sigma(Pk)      count
  3.141593e-02   6.591022e-11   0.000000e+00   2.658602e-11   6
  4.442883e-02   2.253249e-11   0.000000e+00   4.501417e-12   12
  5.441398e-02   1.289451e-11   5.960464e-10   2.632999e-12   8
  6.283185e-02   3.689414e-11   0.000000e+00   3.975048e-12   6
  7.024815e-02   2.232820e-11   1.123916e-09   7.123322e-12   24
  7.695299e-02   2.775850e-11   1.123916e-09   4.692082e-12   24
  8.885766e-02   9.343306e-12   0.000000e+00   4.202026e-12   12
  9.424778e-02   9.579690e-12   1.271566e-09   1.752670e-12   30
  9.934588e-02   1.096056e-11   0.000000e+00   2.413373e-12   24
  1.041948e-01   9.147149e-12   1.946680e-09   2.270954e-12   24
  1.088280e-01   9.853646e-12   1.192093e-09   1.988998e-12   8
  1.132717e-01   8.056689e-12   1.589457e-09   1.006383e-12   24
  1.175476e-01   7.286765e-12   0.000000e+00   1.026901e-12   48
  1.256637e-01   8.358154e-12   0.000000e+00   3.677172e-12   6
  1.295312e-01   6.346613e-12   1.589457e-09   8.904008e-13   48
  1.332865e-01   5.714583e-12   1.498555e-09   5.989890e-13   36
  1.369388e-01   7.759616e-12   1.589457e-09   1.626701e-12   24
  1.404963e-01   4.434630e-12   2.247832e-09   7.579730e-13   24
  1.439659e-01   3.770305e-12   0.000000e+00   5.105877e-13   48
  1.473538e-01   5.429974e-12   2.247832e-09   7.718279e-13   24
  1.539060e-01   4.029232e-12   2.247832e-09   6.305389e-13   24
  1.570796e-01   2.624616e-12   0.000000e+00   4.304461e-13   30
  1.601904e-01   2.730143e-12   0.000000e+00   2.988797e-13   72
  1.632419e-01   2.631869e-12   2.384186e-09   5.405391e-13   32
  1.691799e-01   3.220754e-12   0.000000e+00   3.712580e-13   72
  1.720721e-01   1.970804e-12   0.000000e+00   2.883511e-13   48
  1.777153e-01   9.881422e-13   0.000000e+00   2.930478e-13   12
  1.804708e-01   1.944922e-12   0.000000e+00   2.904313e-13   48
  1.831848e-01   1.687753e-12   0.000000e+00   1.655648e-13   48
  1.858591e-01   2.228028e-12   2.247832e-09   2.821292e-13   48
  1.884956e-01   2.646587e-12   2.543132e-09   4.634764e-13   30
  1.910956e-01   2.463900e-12   0.000000e+00   5.533676e-13   24
  1.936608e-01   2.419301e-12   4.738846e-09   2.484588e-13   72
  1.986918e-01   1.400588e-12   0.000000e+00   2.670083e-13   24
  2.011601e-01   2.029338e-12   0.000000e+00   1.978279e-13   96
  2.035985e-01   1.521552e-12   0.000000e+00   2.040898e-13   48
  2.060080e-01   1.231381e-12   3.893359e-09   3.003084e-13   24
  2.083897e-01   9.039772e-13   3.893359e-09   1.867822e-13   24
  2.107444e-01   2.074043e-12   0.000000e+00   2.517132e-13   72
  2.130732e-01   1.557657e-12   0.000000e+00   2.390314e-13   48
  2.176559e-01   1.215528e-12   2.384186e-09   3.588607e-13   8
  2.199115e-01   1.866730e-12   2.825702e-09   2.276192e-13   54
  2.221441e-01   1.194247e-12   0.000000e+00   2.036486e-13   84
  2.243546e-01   1.350369e-12   0.000000e+00   1.948060e-13   48
  2.265435e-01   8.031408e-13   3.178914e-09   1.419625e-13   24
  2.287114e-01   1.064043e-12   4.238553e-09   1.246555e-13   72
  2.308590e-01   1.370144e-12   0.000000e+00   1.554774e-13   96
  2.350953e-01   1.757812e-12   0.000000e+00   1.913585e-13   48
  2.371850e-01   9.693014e-13   0.000000e+00   9.174962e-14   48
  2.392566e-01   8.632248e-13   0.000000e+00   1.682672e-13   24
  2.413103e-01   9.418734e-13   0.000000e+00   1.023629e-13   72
  2.453662e-01   9.268413e-13   0.000000e+00   1.094197e-13   72
  2.473693e-01   9.153806e-13   0.000000e+00   1.042849e-13   96
  2.513274e-01   1.381690e-12   0.000000e+00   6.061060e-13   6
  2.532833e-01   1.015753e-12   0.000000e+00   1.010168e-13   96
  2.552242e-01   1.035254e-12   3.178914e-09   1.105636e-13   96
  2.571504e-01   6.610213e-13   0.000000e+00   1.574081e-13   24
  2.590624e-01   7.509725e-13   3.178914e-09   8.854819e-14   48
  2.609603e-01   7.619656e-13   0.000000e+00   7.662539e-14   96
  2.628445e-01   8.088960e-13   0.000000e+00   1.098771e-13   48
  2.665730e-01   7.386053e-13   2.997109e-09   1.322981e-13   36
  2.684178e-01   7.337058e-13   5.506041e-09   9.128355e-14   48
  2.702500e-01   7.946518e-13   6.229375e-09   7.074679e-14   120
  2.720699e-01   6.860281e-13   0.000000e+00   9.041038e-14   56
  2.738777e-01   3.713071e-13   3.178914e-09   6.551551e-14   24
  2.756736e-01   5.423748e-13   0.000000e+00   4.828389e-14   96
  2.774580e-01   5.620713e-13   0.000000e+00   7.195847e-14   48
  2.809926e-01   7.041083e-13   4.495664e-09   1.301219e-13   24
  2.827433e-01   7.242859e-13   0.000000e+00   7.258173e-14   102
  2.844833e-01   7.953404e-13   3.178914e-09   1.206993e-13   48
  2.862127e-01   6.808778e-13   0.000000e+00   6.846694e-14   72
  2.879317e-01   6.107165e-13   0.000000e+00   6.125858e-14   48
  2.896405e-01   6.824861e-13   0.000000e+00   1.249484e-13   48
  2.913393e-01   5.542945e-13   7.193062e-09   5.063613e-14   120
  2.947075e-01   7.690079e-13   4.495664e-09   1.262906e-13   24
  2.963773e-01   4.752733e-13   4.238553e-09   3.991104e-14   144
  2.980376e-01   4.774474e-13   5.086263e-09   4.680367e-14   120
  2.996888e-01   4.055449e-13   4.495664e-09   5.714700e-14   48
  3.029642e-01   5.441005e-13   4.495664e-09   7.282112e-14   48
  3.045887e-01   4.411408e-13   4.495664e-09   4.429544e-14   96
  3.088780e-01   5.471071e-13   7.537918e-04   6.464032e-14   72
  3.110018e-01   4.200396e-13   3.996146e-09   3.174787e-14   108
  3.125845e-01   4.771934e-13   0.000000e+00   5.048836e-14   72
  3.141593e-01   3.082078e-13   0.000000e+00   6.232185e-14   30
  3.157262e-01   4.894464e-13   0.000000e+00   3.764230e-14   168
  3.172853e-01   5.239979e-13   0.000000e+00   6.067100e-14   48
  3.203808e-01   3.337220e-13   0.000000e+00   3.966416e-14   72
  3.219175e-01   4.476332e-13   0.000000e+00   4.310288e-14   96
  3.234468e-01   4.183194e-13   8.477105e-09   6.420265e-14   72
  3.249689e-01   4.759287e-13   0.000000e+00   5.072571e-14   72
  3.275279e-01   4.378273e-13   6.960077e-04   3.363704e-14   104
  3.294930e-01   4.007575e-13   5.994218e-09   2.958682e-14   144
  3.339559e-01   2.768396e-13   1.005261e-08   2.636978e-14   96
  3.354303e-01   2.775891e-13   0.000000e+00   2.881818e-14   96
  3.377752e-01   3.867383e-13   7.160371e-04   3.572036e-14   120
  3.398152e-01   3.239310e-13   0.000000e+00   2.881723e-14   120
  3.412643e-01   3.911356e-13   0.000000e+00   4.246690e-14   72
  3.441442e-01   4.002613e-13   0.000000e+00   5.288430e-14   48
  3.455752e-01   3.928301e-13   7.825020e-09   4.643105e-14   78
  3.474057e-01   4.090037e-13   6.411427e-04   3.204316e-14   168
  3.512407e-01   3.670956e-13   7.341388e-09   3.123954e-14   144
  3.526429e-01   4.007793e-13   5.994218e-09   2.873344e-14   144
  3.567097e-01   3.335725e-13   3.692465e-04   2.949212e-14   156
  3.581967e-01   2.600582e-13   7.786718e-09   5.076412e-14   48
  3.595717e-01   2.990923e-13   5.086263e-09   2.802936e-14   120
  3.609415e-01   2.041597e-13   0.000000e+00   2.124501e-14   48
  3.633635e-01   3.095457e-13   5.651992e-04   2.173299e-14   216
  3.663695e-01   2.439591e-13   0.000000e+00   2.897729e-14   48
  3.677140e-01   2.427468e-13   4.495664e-09   2.074311e-14   96
  3.696256e-01   2.739749e-13   6.605235e-04   2.409659e-14   168
  3.717183e-01   2.163324e-13   4.495664e-09   3.090738e-14   48
  3.730435e-01   2.993724e-13   0.000000e+00   2.995431e-14   96
  3.743640e-01   2.540774e-13   0.000000e+00   4.601927e-14   48
  3.769911e-01   3.121391e-13   5.086263e-09   3.206881e-14   30
  3.782979e-01   2.072834e-13   0.000000e+00   1.694487e-14   96
  3.798596e-01   2.524960e-13   5.191127e-04   1.751668e-14   240
  3.818679e-01   3.842580e-13   5.600478e-04   5.532814e-14   32
  3.834803e-01   1.869132e-13   0.000000e+00   1.351922e-14   168
  3.847649e-01   2.191242e-13   0.000000e+00   2.122391e-14   120
  3.873216e-01   1.838982e-13   9.477692e-09   2.183127e-14   72
  3.885936e-01   2.753670e-13   4.238553e-09   2.531426e-14   144
  3.898614e-01   2.037352e-13   0.000000e+00   1.977625e-14   96
  3.911251e-01   2.532562e-13   0.000000e+00   2.030209e-14   96
  3.936404e-01   2.933957e-13   0.000000e+00   3.620301e-14   72
  3.948921e-01   2.098404e-13   6.357829e-09   2.064334e-14   96
  3.973835e-01   2.382016e-13   0.000000e+00   4.358044e-14   24
  3.986234e-01   2.331351e-13   0.000000e+00   1.639372e-14   192
  4.000835e-01   2.173466e-13   4.752666e-04   1.639788e-14   132
  4.023202e-01   2.364627e-13   0.000000e+00   2.022991e-14   96
  4.035449e-01   1.582434e-13   0.000000e+00   1.591356e-14   96
  4.047659e-01   2.037421e-13   5.086263e-09   1.657260e-14   120
  4.071969e-01   2.171429e-13   0.000000e+00   2.922729e-14   48
  4.091897e-01   1.569619e-13   5.759849e-04   9.720067e-15   222
  4.108165e-01   1.965156e-13   0.000000e+00   1.806050e-14   120
  4.120160e-01   1.865545e-13   7.786718e-09   3.792500e-14   24
  4.137624e-01   2.292343e-13   5.945000e-04   1.276035e-14   312
  4.175676e-01   2.443209e-13   5.573676e-04   2.569946e-14   72
  4.191407e-01   1.675426e-13   7.786718e-09   2.047205e-14   96
  4.207561e-01   2.061133e-13   5.676017e-04   1.630734e-14   192
  4.226581e-01   1.797087e-13   7.193062e-09   1.898355e-14   120
  4.238240e-01   1.822441e-13   0.000000e+00   1.771324e-14   144
  4.261464e-01   1.688182e-13   0.000000e+00   2.390182e-14   48
  4.277971e-01   1.591347e-13   5.707434e-04   9.590792e-15   336
  4.296063e-01   1.751137e-13   0.000000e+00   2.191811e-14   48
  4.318976e-01   1.632090e-13   0.000000e+00   1.503673e-14   192
  4.330387e-01   1.537658e-13   0.000000e+00   1.842743e-14   48
  4.362823e-01   1.582824e-13   3.961708e-04   1.904929e-14   56
  4.378950e-01   1.612837e-13   5.088179e-04   8.849210e-15   336
  4.398230e-01   1.627791e-13   5.651403e-09   2.410768e-14   54
  4.415024e-01   1.485069e-13   5.588647e-04   9.226842e-15   240
  4.449889e-01   1.499706e-13   5.351174e-04   1.178551e-14   228
  4.465042e-01   1.649720e-13   5.994218e-09   2.111596e-14   72
  4.479751e-01   1.709364e-13   5.190769e-04   1.254452e-14   144
  4.498076e-01   1.452240e-13   0.000000e+00   1.384079e-14   96
  4.509034e-01   1.414635e-13   7.193062e-09   9.321821e-15   240
  4.530869e-01   1.193257e-13   6.357829e-09   2.184222e-14   24
  4.544849e-01   1.463164e-13   4.902641e-04   8.377371e-15   336
  4.563427e-01   1.191008e-13   0.000000e+00   1.381256e-14   72
  4.580385e-01   1.659782e-13   5.332530e-04   1.207007e-14   168
  4.595754e-01   1.192876e-13   0.000000e+00   1.136199e-14   72
  4.617179e-01   1.775205e-13   0.000000e+00   1.727278e-14   96
  4.633772e-01   1.253171e-13   5.292526e-04   8.846773e-15   216
  4.649133e-01   1.026865e-13   0.000000e+00   7.797128e-15   96
  4.670313e-01   1.251090e-13   6.357829e-09   8.062672e-15   192
  4.680868e-01   1.258974e-13   5.994218e-09   9.778252e-15   144
  4.701905e-01   1.151775e-13   0.000000e+00   1.461762e-14   48
  4.716471e-01   1.322050e-13   5.102617e-04   9.238331e-15   246
  4.736262e-01   1.588744e-13   4.704694e-04   1.204861e-14   168
  4.754092e-01   1.277809e-13   1.245875e-08   1.434226e-14   120
  4.764461e-01   1.053606e-13   0.000000e+00   7.280932e-15   240
  4.785131e-01   8.397179e-14   0.000000e+00   1.709616e-14   24
  4.801601e-01   1.162315e-13   5.035960e-04   6.904130e-15   360
  4.822112e-01   1.256862e-13   5.014531e-04   9.858220e-15   120
  4.836420e-01   1.241732e-13   0.000000e+00   1.021624e-14   144
  4.846613e-01   1.360578e-13   0.000000e+00   1.161624e-14   96
  4.877063e-01   1.198360e-13   0.000000e+00   9.068568e-15   144
  4.887171e-01   1.326763e-13   0.000000e+00   1.150234e-14   132
  4.901376e-01   1.087385e-13   4.949267e-04   7.986721e-15   176
  4.921997e-01   1.105527e-13   4.997763e-04   5.881576e-15   312
  4.947385e-01   1.457619e-13   0.000000e+00   2.106070e-14   96
  4.957350e-01   9.686714e-14   0.000000e+00   8.594225e-15   144
  4.972638e-01   1.114152e-13   4.947633e-04   6.556387e-15   312
  4.997009e-01   1.139672e-13   0.000000e+00   1.137790e-14   48
  5.006875e-01   9.556857e-14   6.357829e-09   6.864843e-15   192
  5.026548e-01   4.759886e-14   0.000000e+00   1.460880e-14   6
  5.039619e-01   8.962751e-14   4.614506e-04   4.814788e-15   288
  5.060790e-01   9.272589e-14   4.875525e-04   6.839735e-15   192
  5.075398e-01   8.676361e-14   1.495221e-08   5.563467e-15   216
  5.085112e-01   1.041222e-13   0.000000e+00   1.392684e-14   72
  5.109313e-01   9.314918e-14   4.829223e-04   7.914338e-15   192
  5.125386e-01   1.104743e-13   3.585958e-04   6.812581e-15   288
  5.143009e-01   9.012396e-14   0.000000e+00   1.759468e-14   24
  5.156624e-01   9.966374e-14   4.724202e-04   4.843899e-15   456
  5.181247e-01   6.817260e-14   0.000000e+00   1.033978e-14   48
  5.196462e-01   9.290849e-14   4.653150e-04   6.559977e-15   240
  5.213948e-01   1.084021e-13   4.702532e-04   7.149760e-15   216
  5.228652e-01   8.254179e-14   0.000000e+00   9.913378e-15   72
  5.238082e-01   7.879214e-14   1.624747e-08   6.440605e-15   168
  5.264706e-01   9.278100e-14   3.495323e-04   5.861223e-15   288
  5.279636e-01   9.480159e-14   4.624911e-04   6.757930e-15   168
  5.303619e-01   1.009746e-13   0.000000e+00   7.670421e-15   192
  5.312915e-01   7.871944e-14   5.994218e-09   5.601592e-15   144
  5.331460e-01   1.154818e-13   5.994218e-09   1.466108e-14   36
  5.347186e-01   6.985205e-14   4.223528e-04   3.642003e-15   342
  5.362222e-01   8.167165e-14   4.337051e-04   6.903146e-15   144
  5.381552e-01   8.098395e-14   4.548480e-04   4.406631e-15   384
  5.405000e-01   9.559849e-14   1.245875e-08   9.115619e-15   120
  5.416606e-01   9.375213e-14   4.055921e-04   5.567845e-15   264
  5.432322e-01   7.730454e-14   2.010522e-08   5.579863e-15   192
  5.447121e-01   7.984296e-14   4.371030e-04   6.083493e-15   152
  5.459506e-01   7.493844e-14   1.198844e-08   6.855247e-15   144
  5.485556e-01   6.147836e-14   2.828973e-04   4.472335e-15   216
  5.497613e-01   8.641453e-14   3.780263e-04   4.680319e-15   312
  5.518839e-01   7.314063e-14   4.381250e-04   4.175595e-15   240
  5.531345e-01   8.205570e-14   6.357829e-09   8.253519e-15   96
  5.555083e-01   6.568930e-14   4.188792e-04   5.264910e-15   144
  5.569713e-01   7.378082e-14   4.117214e-04   3.650308e-15   456
  5.593447e-01   5.472603e-14   0.000000e+00   3.573667e-15   120
  5.602262e-01   6.358280e-14   0.000000e+00   5.853694e-15   144
  5.619852e-01   5.151523e-14   8.991328e-09   8.281693e-15   24
  5.631129e-01   6.912085e-14   3.957596e-04   3.500793e-15   336
  5.650632e-01   6.592144e-14   4.364690e-04   4.918079e-15   198
  5.668907e-01   7.068725e-14   4.244410e-04   4.082078e-15   432
  5.689666e-01   8.913569e-14   1.271566e-08   9.193142e-15   48
  5.700496e-01   8.263455e-14   3.747080e-04   4.371162e-15   384
  5.719941e-01   7.024858e-14   4.313683e-04   5.929773e-15   144
  5.737560e-01   8.330198e-14   4.282921e-04   5.875272e-15   264
  5.758634e-01   5.842534e-14   0.000000e+00   5.569411e-15   48
  5.772774e-01   6.720013e-14   4.072357e-04   4.118905e-15   276
  5.786417e-01   6.283102e-14   3.691482e-04   5.437081e-15   192
  5.804649e-01   6.298501e-14   4.148414e-04   2.667045e-15   552
  5.826786e-01   4.499279e-14   1.017253e-08   4.283420e-15   120
  5.839944e-01   5.863876e-14   4.199218e-04   4.010432e-15   216
  5.852139e-01   5.829988e-14   1.017253e-08   4.579881e-15   120
  5.873922e-01   7.029225e-14   4.135200e-04   3.500363e-15   408
  5.894150e-01   4.352356e-14   8.991328e-09   5.625383e-15   24
  5.906694e-01   5.714960e-14   4.177296e-04   3.627268e-15   384
  5.924213e-01   4.923525e-14   4.081368e-04   3.224968e-15   240
  5.939425e-01   5.687098e-14   4.111256e-04   3.953966e-15   168
  5.960753e-01   4.407378e-14   0.000000e+00   4.370651e-15   120
  5.974502e-01   5.949476e-14   4.285769e-04   3.319113e-15   350
  5.996859e-01   6.132352e-14   7.055203e-04   3.536459e-15   384
  6.010221e-01   6.705645e-14   0.000000e+00   6.837580e-15   144
  6.034802e-01   5.007172e-14   8.477105e-09   3.248495e-15   288
  6.047637e-01   5.207959e-14   4.038485e-04   2.878452e-15   336
  6.065098e-01   5.576650e-14   3.676705e-04   4.278748e-15   168
  6.075551e-01   5.855081e-14   2.409889e-08   3.894990e-15   336
  6.097171e-01   4.539625e-14   3.816201e-04   2.632731e-15   288
  6.110156e-01   5.131481e-14   3.595837e-04   3.058582e-15   264
  6.132144e-01   5.070729e-14   0.000000e+00   3.267344e-15   240
  6.140186e-01   5.001874e-14   0.000000e+00   4.282587e-15   96
  6.169049e-01   5.728486e-14   4.890096e-04   3.313016e-15   360
  6.182520e-01   5.264693e-14   3.604841e-04   5.133298e-15   168
  6.199540e-01   5.107089e-14   3.929651e-04   2.411205e-15   456
  6.220036e-01   4.611628e-14   1.130281e-08   4.050700e-15   108
  6.231564e-01   4.146011e-14   3.942898e-04   2.742814e-15   264
  6.245946e-01   4.503297e-14   3.517707e-04   3.226687e-15   264
  6.265640e-01   5.250341e-14   3.319469e-04   2.884214e-15   312
  6.290162e-01   5.214740e-14   2.466728e-04   3.716826e-15   270
  6.300440e-01   4.956968e-14   3.131822e-04   3.852220e-15   240
  6.318916e-01   5.083722e-14   3.874458e-04   2.936530e-15   384
  6.330134e-01   4.030631e-14   1.271566e-08   2.711714e-15   192
  6.351924e-01   5.261979e-14   3.108737e-04   4.054564e-15   240
  6.364563e-01   5.019654e-14   3.836683e-04   2.931720e-15   336
  6.388333e-01   4.793920e-14   3.862355e-04   2.130287e-15   480
  6.407617e-01   4.943257e-14   8.477105e-09   5.432067e-15   72
  6.418389e-01   4.883774e-14   3.766148e-04   3.826728e-15   240
  6.433040e-01   4.081951e-14   3.539663e-04   2.247365e-15   312
  6.449835e-01   3.758305e-14   3.825526e-04   2.473123e-15   240
  6.475214e-01   4.470554e-14   2.906410e-04   2.333739e-15   408
  6.485261e-01   4.126757e-14   2.661571e-04   2.398465e-15   336
  6.504896e-01   4.335615e-14   3.379539e-04   3.271961e-15   264
  6.514545e-01   4.262347e-14   0.000000e+00   3.513408e-15   144
  6.541393e-01   4.213725e-14   4.684242e-04   2.279515e-15   464
  6.555537e-01   3.231992e-14   3.724933e-04   2.318738e-15   168
  6.569502e-01   4.630620e-14   3.392602e-04   2.734128e-15   336
  6.594741e-01   4.127954e-14   3.564592e-04   2.436758e-15   414
  6.608969e-01   5.329795e-14   3.710529e-04   4.016426e-15   216
  6.627197e-01   5.882886e-14   8.991328e-09   6.233861e-15   96
  6.634639e-01   3.956000e-14   2.202416e-08   2.237049e-15   384
  6.660710e-01   4.278247e-14   3.703360e-04   2.130335e-15   492
  6.674682e-01   3.809509e-14   3.621568e-04   2.368370e-15   240
  6.690474e-01   3.473151e-14   3.677161e-04   1.942068e-15   312
  6.712282e-01   3.139359e-14   3.675950e-04   2.262810e-15   192
  6.726096e-01   3.994869e-14   3.562441e-04   1.986193e-15   504
  6.744424e-01   3.931066e-14   2.358397e-04   2.472459e-15   408
  6.758855e-01   3.979590e-14   7.225239e-04   3.248118e-15   168
  6.776913e-01   4.023326e-14   3.432052e-04   2.683868e-15   288
  6.792066e-01   3.486947e-14   3.581640e-04   2.392979e-15   288
  6.807589e-01   3.376807e-14   3.602256e-04   1.743440e-15   432
  6.830104e-01   3.981271e-14   3.406534e-04   2.658519e-15   216
  6.842135e-01   3.498117e-14   3.399348e-04   1.918938e-15   360
  6.863554e-01   3.913008e-14   3.317731e-04   2.370119e-15   312
  6.882885e-01   4.851764e-14   0.000000e+00   7.719976e-15   48
  6.894028e-01   3.446726e-14   3.557085e-04   1.795190e-15   432
  6.913984e-01   3.173743e-14   5.933254e-04   1.632390e-15   414
  6.925769e-01   3.423559e-14   1.355333e-08   2.185532e-15   312
  6.947756e-01   3.677166e-14   5.206101e-04   1.960738e-15   528
  6.962593e-01   3.869549e-14   2.732762e-04   3.088673e-15   264
  6.980417e-01   3.488426e-14   3.240306e-04   1.998324e-15   480
  7.003709e-01   3.423393e-14   0.000000e+00   2.009740e-15   288
  7.013766e-01   3.545707e-14   3.481608e-04   3.162515e-15   168
  7.032168e-01   3.634577e-14   5.511376e-04   1.718848e-15   504
  7.052858e-01   4.640467e-14   8.477105e-09   3.953189e-15   144
  7.065874e-01   2.945336e-14   3.539624e-04   1.419477e-15   464
  7.085433e-01   2.743696e-14   5.194598e-04   1.408568e-15   432
  7.094715e-01   3.639582e-14   8.991328e-09   2.645353e-15   192
  7.118702e-01   2.852566e-14   3.850933e-04   1.376875e-15   396
  7.132867e-01   2.962334e-14   3.459199e-04   1.854034e-15   288
  7.147184e-01   2.954388e-14   3.417097e-04   1.764295e-15   336
  7.170054e-01   2.861172e-14   2.163775e-04   1.470988e-15   432
  7.184567e-01   3.185816e-14   5.608202e-04   1.817561e-15   360
  7.200863e-01   3.000834e-14   3.317334e-04   1.422036e-15   384
  7.224007e-01   2.579642e-14   2.928185e-04   1.924209e-15   198
  7.235158e-01   3.007034e-14   3.328394e-04   1.410167e-15   552
  7.255952e-01   2.933094e-14   4.659523e-04   2.121460e-15   432
  7.273313e-01   3.210122e-14   1.779821e-08   2.568034e-15   168
  7.287883e-01   3.307917e-14   5.776104e-04   1.805375e-15   480
  7.307158e-01   2.200148e-14   0.000000e+00   2.097185e-15   120
  7.315834e-01   2.911865e-14   4.717672e-04   2.018003e-15   336
  7.337004e-01   2.876173e-14   3.328244e-04   1.241620e-15   672
  7.357937e-01   3.131668e-14   4.841385e-04   1.494315e-15   528
  7.367688e-01   2.279114e-14   1.453218e-08   1.517199e-15   168
  7.390213e-01   2.904951e-14   5.400533e-04   1.461458e-15   456
  7.403958e-01   3.540361e-14   3.298151e-04   4.349913e-15   168
  7.418226e-01   2.898523e-14   3.292229e-04   1.607349e-15   504
  7.441946e-01   2.356677e-14   4.236594e-04   1.587431e-15   336
  7.456288e-01   3.109280e-14   3.054083e-04   1.879603e-15   312
  7.472199e-01   2.837248e-14   2.984046e-04   1.561094e-15   504
  7.493135e-01   2.540536e-14   2.070414e-04   1.159586e-15   432
  7.502979e-01   2.221906e-14   3.199475e-04   1.213717e-15   312
  7.523441e-01   2.382467e-14   3.279618e-04   1.218218e-15   384
  7.544807e-01   3.045622e-14   2.786416e-04   3.612404e-15   126
  7.557997e-01   2.617643e-14   4.892282e-04   1.351066e-15   492
  7.574845e-01   2.840323e-14   3.133512e-04   1.502096e-15   528
  7.595900e-01   2.482178e-14   3.182975e-04   1.325608e-15   480
  7.608954e-01   2.957484e-14   4.397263e-04   1.724278e-15   432
  7.627844e-01   2.803530e-14   3.457865e-04   1.575821e-15   440
  7.649782e-01   2.723265e-14   1.719582e-04   1.681293e-15   312
  7.658014e-01   2.516340e-14   2.576938e-04   1.838438e-15   480
  7.674900e-01   2.517386e-14   5.045595e-04   1.604659e-15   408
  7.699572e-01   2.791091e-14   3.021740e-04   1.651727e-15   360
  7.709996e-01   2.353556e-14   2.915870e-04   1.376292e-15   408
  7.729312e-01   2.054698e-14   2.967266e-04   1.091697e-15   456
  7.751062e-01   2.553868e-14   2.835976e-04   1.551030e-15   264
  7.763135e-01   2.414196e-14   3.077746e-04   1.557575e-15   384
  7.780708e-01   2.320195e-14   5.181601e-04   1.096942e-15   672
  7.801024e-01   2.617275e-14   3.099267e-04   2.290856e-15   240
  7.812746e-01   2.190539e-14   3.144981e-04   1.256723e-15   264
  7.829292e-01   1.701602e-14   3.878815e-04   7.918307e-16   624
  7.853982e-01   2.034237e-14   0.000000e+00   1.962660e-15   150
  7.862772e-01   2.698908e-14   4.346518e-04   1.412651e-15   600
  7.881310e-01   2.176995e-14   2.999855e-04   1.053295e-15   672
  7.902303e-01   2.157410e-14   2.821575e-04   1.598160e-15   336
  7.913996e-01   2.686762e-14   3.069052e-04   1.708732e-15   408
  7.932681e-01   2.297842e-14   3.061822e-04   1.593142e-15   408
  7.953464e-01   2.118017e-14   1.548222e-04   1.240965e-15   360
  7.966274e-01   2.405864e-14   5.684571e-04   1.457615e-15   456
  7.981747e-01   2.108904e-14   3.091305e-04   1.280142e-15   384
  8.001443e-01   1.964684e-14   2.853666e-04   9.862693e-16   348
  8.012087e-01   2.342558e-14   3.518006e-04   1.246599e-15   576
  8.032080e-01   2.011424e-14   2.896616e-04   9.886732e-16   504
  8.052533e-01   2.049628e-14   4.085508e-04   1.172202e-15   432
  8.070386e-01   1.855243e-14   5.558314e-04   7.945740e-16   576
  8.083117e-01   1.885905e-14   0.000000e+00   1.410704e-15   264
  8.103314e-01   1.982393e-14   4.423029e-04   8.130345e-16   768
  8.120878e-01   1.746720e-14   5.954803e-04   1.186391e-15   240
  8.134843e-01   1.816771e-14   5.251573e-04   1.757071e-15   192
  8.155184e-01   1.747175e-14   3.865799e-04   7.957269e-16   504
  8.170269e-01   2.011962e-14   5.209309e-04   1.274699e-15   590
  8.184736e-01   2.051520e-14   5.836745e-04   1.375539e-15   384
  8.202876e-01   1.902037e-14   4.877800e-04   1.093472e-15   504
  8.224778e-01   2.254717e-14   4.694128e-04   1.114421e-15   648
  8.246022e-01   1.806313e-14   1.274863e-04   1.044997e-15   504
  8.254588e-01   1.863972e-14   2.908203e-04   1.096490e-15   312
  8.269711e-01   1.949953e-14   4.190005e-04   9.820117e-16   576
  8.290471e-01   2.103686e-14   2.915849e-04   1.871588e-15   240
  8.302574e-01   1.676557e-14   2.946324e-04   8.289795e-16   552
  8.319706e-01   2.111464e-14   2.766531e-04   1.255435e-15   600
  8.344107e-01   1.819746e-14   3.379099e-04   9.240550e-16   600
  8.358778e-01   1.801971e-14   5.411359e-04   1.155594e-15   312
  8.373389e-01   2.018137e-14   4.712758e-04   1.101476e-15   480
  8.391640e-01   1.786935e-14   2.940309e-04   1.025322e-15   576
  8.407709e-01   2.140569e-14   4.734535e-04   1.545138e-15   408
  8.421967e-01   1.178590e-14   5.523054e-04   7.159773e-16   216
  8.440389e-01   1.569401e-14   4.230038e-04   8.580850e-16   516
  8.460125e-01   1.771214e-14   4.035886e-04   7.825127e-16   744
  8.480486e-01   1.795841e-14   2.695616e-04   9.827985e-16   462
  8.491990e-01   1.735616e-14   2.739703e-04   1.161171e-15   432
  8.509836e-01   1.978595e-14   2.541675e-04   9.310646e-16   648
  8.530818e-01   1.861165e-14   3.718944e-04   1.131951e-15   528
  8.547671e-01   1.627914e-14   4.478537e-04   7.956659e-16   600
  8.564512e-01   2.358349e-14   5.646264e-04   2.726257e-15   240
  8.580823e-01   1.592977e-14   4.324984e-04   7.761610e-16   720
  8.599780e-01   1.745662e-14   3.421845e-04   7.805839e-16   720
  8.620796e-01   9.466153e-15   0.000000e+00   6.925103e-16   144
  8.631855e-01   1.677329e-14   4.411782e-04   7.566555e-16   720
  8.647586e-01   1.881121e-14   2.645391e-04   1.091529e-15   384
  8.667282e-01   1.529866e-14   2.932557e-04   7.073663e-16   672
  8.685969e-01   1.896059e-14   5.134584e-04   1.437222e-15   336
  8.694893e-01   1.869205e-14   0.000000e+00   1.544673e-15   288
  8.716748e-01   1.424125e-14   4.063680e-04   6.147145e-16   776
  8.736979e-01   1.477482e-14   3.477095e-04   6.199018e-16   720
  8.753970e-01   1.357346e-14   2.801055e-04   7.725292e-16   432
  8.767560e-01   1.720565e-14   3.993257e-04   1.339851e-15   504
  8.782678e-01   1.400104e-14   2.797843e-04   7.771305e-16   528
  8.803833e-01   1.533285e-14   3.811898e-04   9.676092e-16   438
  8.821237e-01   1.593576e-14   4.436701e-04   9.678521e-16   624
  8.834351e-01   1.706902e-14   5.434359e-04   1.215015e-15   312
  8.852381e-01   1.826323e-14   2.927896e-04   8.215972e-16   696
  8.871024e-01   1.571731e-14   2.649216e-04   9.318936e-16   552
  8.890414e-01   1.417632e-14   2.049609e-04   7.964048e-16   516
  8.902410e-01   1.716802e-14   4.093940e-04   1.070286e-15   528
  8.917013e-01   1.065106e-14   2.662401e-04   5.283710e-16   528
  8.937755e-01   1.513395e-14   3.511167e-04   7.570337e-16   864
  8.951836e-01   1.426923e-14   4.809576e-04   9.478912e-16   408
  8.965930e-01   1.819458e-14   4.765097e-04   1.259850e-15   192
  8.985906e-01   1.312336e-14   3.943347e-04   6.334048e-16   720
  9.002770e-01   1.226594e-14   3.635960e-04   5.800394e-16   696
  9.022808e-01   1.380418e-14   3.926871e-04   6.109877e-16   720
  9.041141e-01   1.331851e-14   5.322402e-04   7.624586e-16   432
  9.051831e-01   1.098415e-14   3.132974e-04   7.902347e-16   264
  9.071068e-01   1.319601e-14   4.326498e-04   5.998456e-16   672
  9.088274e-01   1.404227e-14   4.429670e-04   7.117935e-16   600
  9.108692e-01   9.863744e-15   2.593567e-04   7.079270e-16   270
  9.118985e-01   1.350395e-14   3.904042e-04   8.768200e-16   528
  9.135346e-01   1.536743e-14   2.673349e-04   6.717101e-16   840
  9.157780e-01   1.579328e-14   5.111923e-04   7.374122e-16   888
  9.178509e-01   1.217965e-14   3.808759e-04   5.569749e-16   744
  9.196028e-01   1.503978e-14   1.957146e-04   8.799708e-16   456
  9.204741e-01   1.790724e-14   2.674561e-04   1.032196e-15   360
  9.219651e-01   1.191365e-14   2.317357e-04   9.184831e-16   384
  9.242528e-01   1.306514e-14   3.717018e-04   5.493335e-16   816
  9.259693e-01   1.338327e-14   5.392874e-04   5.671503e-16   824
  9.280557e-01   1.220079e-14   2.506865e-04   9.241103e-16   360
  9.291730e-01   1.509034e-14   3.699191e-04   7.020685e-16   624
  9.307106e-01   1.328986e-14   2.499713e-04   8.921769e-16   360
  9.327590e-01   1.223145e-14   3.400343e-04   5.594722e-16   876
  9.346089e-01   1.150730e-14   4.038591e-04   5.935831e-16   696
  9.364747e-01   1.133709e-14   2.607857e-04   7.496828e-16   336
  9.374528e-01   1.454862e-14   2.604927e-04   1.035721e-15   504
  9.390682e-01   1.176002e-14   2.627499e-04   7.126452e-16   672
  9.414648e-01   1.026322e-14   5.230740e-04   4.582778e-16   720
  9.431269e-01   1.198003e-14   3.951266e-04   6.267030e-16   774
  9.449616e-01   1.670399e-14   2.261602e-04   1.436437e-15   384
  9.459224e-01   1.509296e-14   4.352293e-04   9.966886e-16   528
  9.474136e-01   1.306441e-14   4.147978e-04   6.348840e-16   744
  9.498123e-01   1.477732e-14   3.421202e-04   7.474469e-16   768
  9.514049e-01   1.284020e-14   3.840557e-04   8.820701e-16   552
  9.533920e-01   1.091294e-14   4.185772e-04   5.325602e-16   696
  9.548702e-01   1.485507e-14   5.086441e-04   1.022396e-15   408
  9.560436e-01   1.334900e-14   2.197383e-04   7.790062e-16   504
  9.579038e-01   1.146924e-14   3.947516e-04   5.641299e-16   888
  9.597342e-01   1.060540e-14   4.102611e-04   6.240148e-16   648
  9.616367e-01   1.059346e-14   4.067445e-04   5.333410e-16   648
  9.634268e-01   1.097752e-14   4.385703e-04   5.440337e-16   792
  9.653228e-01   9.870138e-15   6.416583e-04   5.311204e-16   600
  9.667199e-01   8.654803e-15   4.348569e-04   4.717798e-16   456
  9.681906e-01   1.122108e-14   2.119307e-04   5.841529e-16   648
  9.700794e-01   9.732825e-15   4.132958e-04   4.088858e-16   936
  9.721186e-01   1.272353e-14   2.538169e-04   7.296870e-16   384
  9.738937e-01   2.947954e-17   0.000000e+00   2.431803e-18   198
  9.752636e-01   2.992837e-17   6.439552e-04   1.043334e-18   1224
  9.767415e-01   2.626536e-17   4.689976e-04   1.526368e-18   420
  9.784892e-01   2.812001e-17   4.538916e-04   1.249066e-18   792
  9.801982e-01   2.910902e-17   3.753296e-04   1.231011e-18   680
  9.821484e-01   2.883708e-17   3.446452e-04   1.424449e-18   600
  9.837176e-01   2.857716e-17   4.998301e-04   1.094716e-18   840
  9.858129e-01   3.210441e-17   2.359966e-04   1.774133e-18   432
  9.866135e-01   2.712358e-17   2.211599e-04   1.175677e-18   720
  9.883541e-01   2.694770e-17   4.429446e-04   9.690285e-19   960
  9.905192e-01   2.978813e-17   3.948527e-04   1.613233e-18   528
  9.921014e-01   2.478186e-17   4.036147e-04   1.087499e-18   624
  9.939846e-01   2.646713e-17   3.172384e-04   1.084655e-18   816
  9.958538e-01   2.286582e-17   5.217054e-04   9.316576e-19   696
  9.979194e-01   2.703242e-17   2.877225e-08   1.955468e-18   240
  9.986961e-01   2.764862e-17   3.076621e-04   1.147062e-18   672
  1.000430e+00   2.335624e-17   5.498361e-04   8.436626e-19   864
  1.002374e+00   2.656448e-17   4.219100e-04   1.037125e-18   816
  1.004127e+00   2.433947e-17   2.414867e-04   1.056230e-18   648
  1.006015e+00   2.486669e-17   2.468434e-04   9.125798e-19   843
  1.007618e+00   2.330436e-17   4.441320e-04   1.019750e-18   780
  1.009528e+00   2.609902e-17   2.383130e-04   1.825516e-18   216
  1.010706e+00   2.224918e-17   5.746657e-04   7.305305e-19   1056
  1.012518e+00   2.800378e-17   4.701411e-04   1.897278e-18   228
  1.014195e+00   2.227135e-17   5.853373e-04   7.953734e-19   924
  1.015917e+00   2.137107e-17   2.171273e-04   8.089154e-19   696
  1.017741e+00   2.100940e-17   3.864245e-04   7.350708e-19   996
  1.019607e+00   2.234913e-17   2.281373e-04   9.786064e-19   576
  1.021548e+00   2.254491e-17   3.521149e-04   1.079206e-18   552
  1.022963e+00   2.286127e-17   4.204128e-04   1.115874e-18   516
  1.024399e+00   2.180762e-17   6.113675e-04   8.142384e-19   744
  1.026040e+00   2.490104e-17   2.999122e-04   1.293170e-18   576
  1.027467e+00   1.939781e-17   3.086856e-04   6.749361e-19   792
  1.029495e+00   1.997987e-17   3.528849e-04   7.574947e-19   792
  1.030982e+00   2.110142e-17   3.805826e-04   8.445966e-19   720
  1.032992e+00   1.877077e-17   4.337767e-04   7.378368e-19   656
  1.034876e+00   1.918607e-17   4.736616e-04   7.242273e-19   816
  1.036807e+00   1.904116e-17   2.553903e-04   8.983707e-19   492
  1.037904e+00   2.010487e-17   3.673970e-04   8.561499e-19   552
  1.039964e+00   1.902842e-17   6.388587e-04   8.573832e-19   780
  1.041302e+00   1.872015e-17   3.924433e-04   9.024674e-19   528
  1.042744e+00   1.828066e-17   4.581008e-04   7.403402e-19   600
  1.044868e+00   1.859476e-17   3.807180e-04   5.974226e-19   900
  1.046332e+00   1.881049e-17   2.107720e-04   7.606626e-19   696
  1.048347e+00   1.932854e-17   5.329451e-04   7.309828e-19   696
  1.050296e+00   1.960987e-17   2.162108e-04   8.629711e-19   552
  1.051935e+00   1.488807e-17   2.514331e-04   5.959549e-19   708
  1.053652e+00   1.823464e-17   4.151305e-04   7.350744e-19   876
  1.055438e+00   1.638804e-17   2.204260e-04   1.273260e-18   216
  1.056637e+00   1.626850e-17   6.028951e-04   5.292072e-19   1032
  1.058432e+00   1.732507e-17   6.712571e-04   7.531412e-19   600
  1.060296e+00   1.730290e-17   3.202990e-04   6.817982e-19   600
  1.061717e+00   1.631490e-17   5.656180e-04   8.509597e-19   528
  1.063397e+00   1.635994e-17   3.104995e-04   5.855269e-19   732
  1.065167e+00   1.403469e-17   2.292757e-04   6.781188e-19   336
  1.067205e+00   1.624959e-17   3.267633e-04   5.534135e-19   912
  1.068728e+00   1.496197e-17   3.279713e-04   6.017740e-19   624
  1.070391e+00   1.540927e-17   2.763746e-04   6.062156e-19   768
  1.072333e+00   1.724766e-17   4.986341e-04   7.009562e-19   792
  1.074239e+00   1.492323e-17   2.472022e-04   6.624688e-19   660
  1.075595e+00   1.437919e-17   3.642922e-04   6.935731e-19   504
  1.076998e+00   1.590285e-17   5.951837e-04   8.135785e-19   480
  1.079100e+00   1.222767e-17   5.504674e-04   4.444110e-19   912
  1.080746e+00   1.675452e-17   6.130308e-04   9.553962e-19   432
  1.082301e+00   1.361084e-17   3.640033e-04   6.489399e-19   564
  1.083681e+00   1.480978e-17   3.484013e-04   6.323865e-19   600
  1.085624e+00   1.463089e-17   4.856383e-04   5.301683e-19   876
  1.087083e+00   1.519530e-17   2.183577e-04   9.102210e-19   264
  1.089095e+00   1.550307e-17   4.236997e-04   7.030863e-19   560
  1.090713e+00   1.350753e-17   2.879131e-04   4.640767e-19   840
  1.092676e+00   1.376576e-17   4.438790e-04   5.047088e-19   1008
  1.094491e+00   1.543517e-17   1.985617e-04   7.321538e-19   456
  1.096149e+00   1.549765e-17   2.572085e-04   6.662860e-19   576
  1.097681e+00   1.444567e-17   3.952284e-04   6.319957e-19   612
  1.099702e+00   1.325969e-17   3.530031e-04   5.254389e-19   780
  1.101351e+00   1.369752e-17   4.045254e-04   5.760650e-19   648
  1.103039e+00   1.525580e-17   1.885140e-04   1.022862e-18   312
  1.104117e+00   1.321991e-17   4.789832e-04   6.271611e-19   528
  1.105986e+00   1.234879e-17   6.255282e-04   5.157084e-19   720
  1.107773e+00   1.240117e-17   6.274871e-04   5.961757e-19   576
  1.109940e+00   1.256835e-17   5.412886e-04   5.729267e-19   444
  1.111288e+00   1.323762e-17   5.308295e-04   4.434312e-19   996
  1.112940e+00   1.147518e-17   4.434024e-04   6.262232e-19   432
  1.114501e+00   1.311315e-17   4.854384e-04   6.538217e-19   504
  1.115850e+00   1.370660e-17   2.188612e-04   6.242504e-19   504
  1.117770e+00   1.373695e-17   4.307215e-04   5.637594e-19   876
  1.119508e+00   1.202783e-17   4.957194e-04   5.851220e-19   504
  1.121318e+00   1.085594e-17   3.161439e-04   4.422348e-19   696
  1.122813e+00   1.360810e-17   2.702699e-04   6.708865e-19   492
  1.124848e+00   1.120671e-17   3.869044e-04   5.782173e-19   432
  1.126355e+00   1.224552e-17   3.622936e-04   4.593954e-19   768
  1.128142e+00   1.115000e-17   4.512853e-04   5.537644e-19   648
  1.129847e+00   1.045918e-17   2.944152e-04   5.145389e-19   456
  1.131808e+00   1.072168e-17   4.048687e-04   4.776814e-19   552
  1.133169e+00   1.115632e-17   2.774974e-04   5.486074e-19   648
  1.135043e+00   1.052647e-17   4.523051e-04   3.789794e-19   840
  1.136873e+00   1.257696e-17   2.156948e-04   6.698903e-19   432
  1.138705e+00   1.031024e-17   2.641893e-04   4.569749e-19   600
  1.139979e+00   1.200468e-17   2.814763e-04   6.982087e-19   432
  1.142120e+00   1.084623e-17   2.802371e-04   5.286872e-19   560
  1.143569e+00   1.073005e-17   4.435859e-04   4.291737e-19   840
  1.145384e+00   1.205683e-17   2.627424e-04   5.938340e-19   504
  1.146826e+00   9.879959e-18   5.362415e-04   4.358617e-19   696
  1.148858e+00   1.163792e-17   2.928760e-04   6.366178e-19   384
  1.150441e+00   9.434429e-18   4.290289e-04   4.429331e-19   576
  1.152355e+00   9.669265e-18   2.647752e-04   6.339042e-19   360
  1.153898e+00   9.849645e-18   3.943145e-04   4.336071e-19   828
  1.155563e+00   9.625430e-18   3.512103e-04   5.001771e-19   372
  1.157088e+00   1.043671e-17   5.363655e-04   4.968275e-19   576
  1.159108e+00   1.053803e-17   2.246293e-04   4.588593e-19   636
  1.160548e+00   9.457638e-18   4.330272e-04   4.176421e-19   648
  1.162495e+00   1.025604e-17   3.520038e-04   4.945316e-19   576
  1.163893e+00   9.435406e-18   5.678192e-04   4.803577e-19   528
  1.165752e+00   9.120735e-18   2.427662e-04   5.392511e-19   360
  1.167291e+00   8.465864e-18   5.584532e-04   3.489072e-19   672
  1.169301e+00   9.147800e-18   2.860489e-04   3.724742e-19   804
  1.170973e+00   1.033270e-17   3.155462e-04   5.684449e-19   408
  1.172823e+00   8.387357e-18   1.950418e-04   4.272339e-19   384
  1.174069e+00   8.168169e-18   4.463306e-04   4.628194e-19   480
  1.175826e+00   8.991066e-18   2.883950e-04   4.538640e-19   432
  1.177511e+00   1.034293e-17   5.314505e-04   4.379826e-19   648
  1.179506e+00   9.263297e-18   3.297625e-04   4.527631e-19   624
  1.180965e+00   9.205772e-18   2.999468e-04   5.311702e-19   456
  1.182958e+00   8.147136e-18   4.097541e-04   4.624156e-19   588
  1.184293e+00   7.749615e-18   2.614214e-04   3.671603e-19   600
  1.186242e+00   8.005533e-18   4.077532e-04   3.214522e-19   708
  1.187782e+00   7.646845e-18   2.568767e-04   4.514273e-19   360
  1.189484e+00   8.736109e-18   2.952866e-04   4.483425e-19   552
  1.191115e+00   7.944617e-18   2.071505e-04   6.157314e-19   288
  1.192771e+00   7.185255e-18   3.894996e-04   3.324876e-19   528
  1.194327e+00   7.618154e-18   2.627744e-04   3.657616e-19   456
  1.196066e+00   8.234029e-18   4.659561e-04   3.894562e-19   608
  1.197814e+00   6.917080e-18   2.254347e-04   3.381500e-19   504
  1.199725e+00   6.628926e-18   4.839956e-04   3.602148e-19   540
  1.201223e+00   8.796499e-18   5.195556e-04   5.596446e-19   360
  1.202838e+00   8.971495e-18   2.352814e-04   4.193754e-19   540
  1.204266e+00   7.768716e-18   2.020170e-04   3.860191e-19   576
  1.206343e+00   7.354958e-18   4.684089e-04   3.293082e-19   588
  1.208318e+00   7.650058e-18   6.462628e-04   3.569940e-19   672
  1.210014e+00   8.254535e-18   4.939442e-04   4.118675e-19   552
  1.211382e+00   5.483385e-18   4.941939e-04   4.802155e-19   144
  1.213127e+00   7.662603e-18   4.198685e-04   3.616728e-19   600
  1.214781e+00   6.487216e-18   5.261868e-04   3.537934e-19   504
  1.216618e+00   7.293457e-18   5.405001e-04   5.360839e-19   336
  1.218549e+00   6.877299e-18   6.075245e-04   3.036015e-19   600
  1.220279e+00   6.571521e-18   3.920764e-04   3.223516e-19   636
  1.222146e+00   7.395392e-18   3.152330e-04   5.659072e-19   384
  1.223455e+00   7.327164e-18   4.397128e-04   4.574790e-19   504
  1.225342e+00   6.953357e-18   1.845413e-04   4.924713e-19   240
  1.226831e+00   7.173012e-18   4.335138e-04   2.867736e-19   744
  1.228618e+00   6.171475e-18   2.960240e-04   2.986828e-19   648
  1.230205e+00   1.057166e-17   1.965095e-04   9.128536e-19   120
  1.232066e+00   6.041040e-18   3.086910e-04   2.700347e-19   564
  1.233472e+00   7.696337e-18   4.848178e-04   4.237740e-19   432
  1.235349e+00   5.849236e-18   3.763145e-04   3.914652e-19   480
  1.236762e+00   4.983705e-18   2.769770e-04   2.991855e-19   456
  1.238430e+00   6.260833e-18   4.583559e-04   3.674885e-19   444
  1.240323e+00   5.925584e-18   7.013087e-04   3.117181e-19   528
  1.241986e+00   6.571675e-18   5.208476e-04   5.645022e-19   264
  1.243600e+00   5.851351e-18   5.337913e-04   3.277141e-19   444
  1.245770e+00   6.255846e-18   5.846898e-04   2.790838e-19   696
  1.247572e+00   6.386657e-18   3.127117e-04   3.737278e-19   384
  1.248890e+00   6.225362e-18   3.951374e-04   3.422541e-19   432
  1.250940e+00   7.719159e-18   2.730214e-04   5.101655e-19   488
  1.252270e+00   6.867352e-18   4.114773e-04   3.303771e-19   480
  1.254200e+00   5.753209e-18   4.588823e-04   3.534151e-19   480
  1.255694e+00   5.177166e-18   1.925330e-04   3.267711e-19   240
  1.257391e+00   6.073781e-18   4.497418e-04   3.078166e-19   600
  1.258991e+00   5.243584e-18   3.919039e-04   3.610750e-19   288
  1.260695e+00   5.904038e-18   3.769828e-04   3.534325e-19   480
  1.262421e+00   4.667259e-18   6.705851e-04   2.711596e-19   504
  1.264120e+00   6.766340e-18   2.877228e-04   4.703122e-19   216
  1.266287e+00   6.103251e-18   4.710480e-04   3.788484e-19   504
  1.267974e+00   5.190279e-18   3.788659e-04   3.137677e-19   456
  1.269821e+00   7.445461e-18   2.172861e-04   4.813470e-19   384
  1.271045e+00   7.070182e-18   4.410122e-04   4.203527e-19   480
  1.272784e+00   4.775999e-18   3.872581e-04   2.969223e-19   504
  1.274394e+00   5.888512e-18   2.456523e-04   4.182177e-19   312
  1.276130e+00   5.667672e-18   3.958604e-04   3.466229e-19   492
  1.277667e+00   6.033776e-18   3.710270e-04   3.704719e-19   312
  1.279645e+00   4.773464e-18   6.027038e-04   2.207859e-19   576
  1.281386e+00   6.340693e-18   5.563444e-04   5.039633e-19   336
  1.282832e+00   3.691808e-18   4.283594e-04   2.751260e-19   240
  1.284837e+00   5.048711e-18   5.678961e-04   2.883301e-19   468
  1.286567e+00   4.837597e-18   3.555851e-04   5.048227e-19   192
  1.288379e+00   4.026381e-18   3.566449e-04   2.889930e-19   324
  1.289707e+00   4.844280e-18   2.588470e-04   2.677001e-19   600
  1.291517e+00   4.960143e-18   4.199527e-04   2.817887e-19   456
  1.292860e+00   5.471409e-18   1.888947e-04   3.827426e-19   336
  1.295088e+00   5.125077e-18   5.656042e-04   2.764198e-19   612
  1.296708e+00   3.377855e-18   4.746798e-04   5.182606e-19   144
  1.298240e+00   5.402190e-18   5.540731e-04   3.048533e-19   552
  1.300324e+00   3.266163e-18   2.182008e-04   1.972316e-19   264
  1.301501e+00   4.414024e-18   5.051906e-04   3.246838e-19   336
  1.303359e+00   3.993888e-18   3.338126e-04   2.356860e-19   384
  1.304969e+00   4.156485e-18   1.879035e-04   3.816905e-19   216
  1.306752e+00   3.517271e-18   3.983942e-04   2.464807e-19   344
  1.308378e+00   3.355056e-18   5.944229e-04   2.146552e-19   408
  1.310359e+00   4.203102e-18   4.567753e-04   4.018194e-19   264
  1.312115e+00   4.154160e-18   6.367673e-04   2.229385e-19   612
  1.313869e+00   5.132196e-18   3.277292e-04   3.400659e-19   408
  1.315673e+00   3.942241e-18   3.282002e-04   3.038147e-19   444
  1.316998e+00   7.114020e-18   1.835599e-04   6.495856e-19   120
  1.318774e+00   4.605622e-18   5.071424e-04   3.502944e-19   336
  1.320092e+00   3.712793e-18   1.762300e-04   2.800758e-19   288
  1.321873e+00   3.884720e-18   5.484307e-04   2.111614e-19   552
  1.324322e+00   4.599929e-18   0.000000e+00   6.512392e-19   72
  1.325581e+00   3.792009e-18   5.447315e-04   2.208708e-19   504
  1.327052e+00   2.318210e-18   1.752893e-04   2.230462e-19   216
  1.328957e+00   3.346343e-18   3.129669e-04   2.537867e-19   312
  1.330668e+00   2.629114e-18   3.563621e-04   1.778550e-19   336
  1.332298e+00   3.127032e-18   4.939578e-04   2.747980e-19   204
  1.333922e+00   5.529856e-18   5.740541e-04   3.836283e-19   504
  1.335644e+00   5.004776e-18   5.466644e-04   3.248264e-19   396
  1.337300e+00   3.769414e-18   5.013198e-04   2.871485e-19   312
  1.339308e+00   5.545790e-18   3.063600e-04   5.139358e-19   216
  1.340723e+00   3.548327e-18   1.662675e-04   3.784875e-19   168
  1.342442e+00   3.664208e-18   4.198346e-04   2.115686e-19   588
  1.344403e+00   2.604581e-18   5.698763e-04   2.451590e-19   240
  1.345927e+00   2.689923e-18   5.032962e-04   2.601283e-19   264
  1.347715e+00   3.406158e-18   6.224294e-04   3.091462e-19   288
  1.349301e+00   3.671329e-18   3.108153e-04   3.220295e-19   288
  1.351311e+00   2.642235e-18   2.919050e-04   2.193313e-19   288
  1.352664e+00   3.043609e-18   3.381476e-04   2.428329e-19   192
  1.354367e+00   2.260085e-18   3.598230e-04   1.871072e-19   264
  1.355989e+00   5.451152e-18   5.918590e-04   3.913802e-19   372
  1.357735e+00   5.255591e-18   6.392333e-04   5.077346e-19   360
  1.359866e+00   4.668685e-18   2.705296e-04   6.651648e-19   144
  1.360967e+00   2.571823e-18   3.757537e-04   2.706670e-19   296
  1.362705e+00   3.012545e-18   4.048552e-04   2.934946e-19   288
  1.364696e+00   3.142036e-18   6.050459e-04   2.082627e-19   480
  1.366412e+00   2.923730e-18   5.027354e-04   5.239682e-19   192
  1.368081e+00   3.694715e-18   5.392523e-04   3.271328e-19   192
  1.369599e+00   2.517602e-18   3.436718e-04   2.197428e-19   288
  1.371709e+00   1.330069e-18   2.991616e-04   1.644109e-19   108
  1.372772e+00   2.744482e-18   2.876072e-04   2.655884e-19   240
  1.374649e+00   2.161127e-18   5.365380e-04   1.911644e-19   384
  1.376577e+00   3.247325e-18   6.545156e-04   3.581088e-19   108
  1.378282e+00   4.019572e-18   3.837546e-04   3.136535e-19   348
  1.380075e+00   2.439314e-18   4.005014e-04   2.986370e-19   312
  1.381676e+00   2.686394e-18   3.891711e-04   5.893477e-19   96
  1.383148e+00   2.776474e-18   5.181111e-04   2.252176e-19   384
  1.384797e+00   2.874337e-18   3.563555e-04   2.662659e-19   144
  1.386411e+00   2.950009e-18   5.475560e-04   2.334134e-19   408
  1.388416e+00   1.591258e-18   2.442487e-04   2.428346e-19   144
  1.390310e+00   2.857102e-18   4.695706e-04   3.391767e-19   192
  1.391433e+00   3.366594e-18   5.285104e-04   3.695343e-19   144
  1.393265e+00   1.839974e-18   4.296985e-04   1.829943e-19   144
  1.394992e+00   2.881502e-18   5.251611e-04   2.789843e-19   336
  1.397108e+00   1.372446e-18   3.885526e-04   1.022732e-19   240
  1.398450e+00   2.121025e-18   1.764383e-04   3.048560e-19   96
  1.400321e+00   3.031672e-18   5.174086e-04   2.633608e-19   372
  1.402214e+00   2.317130e-18   6.154464e-04   4.075665e-19   132
  1.403877e+00   1.547915e-18   3.808309e-04   1.191626e-19   264
  1.405364e+00   3.914367e-18   2.924607e-04   5.041898e-19   168
  1.406952e+00   2.574868e-18   4.675886e-04   2.188851e-19   216
  1.408354e+00   1.838727e-18   2.860765e-04   2.540964e-19   216
  1.410397e+00   9.631668e-19   5.248313e-04   1.066766e-19   96
  1.412250e+00   2.923559e-18   3.424046e-04   3.695692e-19   120
  1.413949e+00   1.868673e-18   4.352925e-04   2.060002e-19   216
  1.415349e+00   1.499935e-18   1.902243e-04   1.570938e-19   200
  1.417203e+00   2.175019e-18   4.924091e-04   3.087264e-19   288
  1.419580e+00   6.886422e-19   1.295624e-04   5.355354e-20   144
  1.420582e+00   2.225575e-18   4.031902e-04   3.964026e-19   168
  1.422626e+00   2.032558e-18   4.537530e-04   3.296005e-19   159
  1.424222e+00   1.384783e-18   4.760960e-04   1.134136e-19   174
  1.425766e+00   1.208634e-18   4.317072e-04   1.164367e-19   144
  1.427789e+00   2.075876e-18   2.492797e-04   2.022309e-19   222
  1.429141e+00   1.517848e-18   2.515453e-04   1.867156e-19   168
  1.431477e+00   2.206260e-18   5.517354e-04   5.314041e-19   30
  1.432442e+00   5.550288e-19   4.871418e-04   7.506435e-20   72
  1.434260e+00   1.508810e-18   4.347683e-04   1.694966e-19   258
  1.436258e+00   1.221143e-18   2.723066e-04   1.016921e-19   264
  1.437257e+00   1.527157e-18   2.936555e-08   2.571134e-19   72
  1.439339e+00   8.202424e-19   5.397231e-04   1.005058e-19   174
  1.441225e+00   1.637168e-18   5.747054e-04   2.429545e-19   168
  1.442740e+00   4.033339e-19   1.798266e-08   5.656189e-20   48
  1.444367e+00   8.466663e-19   3.245497e-04   1.145245e-19   150
  1.446254e+00   1.983364e-18   5.970324e-04   1.848460e-19   168
  1.448146e+00   8.999666e-19   3.636845e-04   9.845964e-20   144
  1.449885e+00   1.462542e-18   3.397640e-04   2.892670e-19   102
  1.451181e+00   4.636330e-19   5.029091e-04   4.012982e-20   96
  1.453237e+00   3.540820e-19   4.991035e-04   2.842157e-20   120
  1.454759e+00   3.501405e-19   5.353016e-04   2.808847e-20   168
  1.456406e+00   1.626395e-18   3.952779e-04   1.681854e-19   126
  1.457809e+00   9.763030e-19   2.981185e-04   1.436848e-19   168
  1.459742e+00   4.990690e-19   4.780335e-04   6.992174e-20   72
  1.461432e+00   5.198169e-19   5.986044e-04   4.499494e-20   168
  1.462911e+00   1.281279e-18   1.641069e-04   2.793870e-19   78
  1.464939e+00   4.923209e-19   2.694513e-04   6.371684e-20   60
  1.466572e+00   1.835024e-18   4.370936e-04   3.455536e-19   96
  1.468265e+00   6.345518e-19   5.303767e-04   5.225460e-20   168
  1.469857e+00   5.595013e-19   3.356018e-04   1.081982e-19   86
  1.471527e+00   4.129132e-19   2.999484e-04   5.499818e-20   120
  1.473920e+00   4.516633e-19   2.139030e-04   4.216104e-20   168
  1.475211e+00   2.689828e-19   0.000000e+00   2.799725e-20   48
  1.476949e+00   1.085626e-18   3.897081e-04   1.246404e-19   120
  1.477948e+00   6.935240e-19   2.843078e-04   9.989437e-20   126
  1.480387e+00   5.902755e-19   5.000182e-04   7.157036e-20   96
  1.481970e+00   5.534784e-19   1.441806e-04   5.506884e-20   96
  1.483218e+00   3.706189e-19   1.695421e-08   4.228345e-20   72
  1.485877e+00   4.562294e-19   1.798266e-08   8.531805e-20   24
  1.487537e+00   6.388494e-19   2.967202e-04   5.954823e-20   120
  1.488831e+00   5.149475e-19   4.328235e-04   7.143091e-20   126
  1.490271e+00   3.637171e-19   3.608170e-04   4.429957e-20   96
  1.491953e+00   2.259320e-19   6.235971e-04   2.524819e-20   72
  1.493826e+00   3.748022e-19   2.697267e-04   3.211841e-20   144
  1.495367e+00   3.720279e-19   1.555721e-04   4.888340e-20   72
  1.496907e+00   6.082272e-19   3.107329e-04   1.242096e-19   54
  1.498261e+00   5.577068e-19   2.738298e-04   6.360278e-20   108
  1.501076e+00   6.277521e-19   2.684240e-04   7.135612e-20   72
  1.501953e+00   4.530159e-19   1.548899e-04   4.922920e-20   72
  1.504032e+00   2.555854e-19   3.114687e-08   3.114337e-20   24
  1.506000e+00   1.492753e-19   3.276762e-04   2.483429e-20   48
  1.507194e+00   4.381109e-19   2.496047e-04   6.036672e-20   102
  1.508993e+00   2.943410e-19   5.645020e-04   2.490921e-20   168
  1.511342e+00   2.223501e-19   3.078662e-04   2.889437e-20   72
  1.512213e+00   2.571809e-19   0.000000e+00   3.850827e-20   48
  1.514039e+00   3.354428e-19   5.295485e-04   3.752733e-20   120
  1.516449e+00   3.148670e-19   3.254183e-04   2.723077e-20   96
  1.518725e+00   7.880717e-19   2.877225e-08   2.732921e-19   30
  1.521431e+00   4.375603e-19   1.528959e-04   6.385960e-20   72
  1.522619e+00   2.534114e-19   1.798266e-08   5.400568e-20   24
  1.524147e+00   1.167509e-19   2.266295e-04   1.874873e-20   56
  1.525857e+00   1.154744e-19   3.234118e-04   1.080106e-20   96
  1.527904e+00   2.452640e-19   3.571257e-04   2.343479e-20   144
  1.529482e+00   3.678176e-19   2.027620e-04   7.789835e-20   54
  1.531775e+00   2.283475e-19   3.037589e-04   2.393666e-20   108
  1.534082e+00   6.040982e-19   1.608389e-04   1.123619e-19   48
  1.536278e+00   2.451407e-19   6.056100e-04   2.660889e-20   72
  1.541549e+00   4.762793e-19   4.001285e-04   6.083797e-20   78
  1.543009e+00   1.171096e-19   3.015470e-04   1.369639e-20   72
  1.544714e+00   1.249309e-19   3.011726e-04   1.478163e-20   72
  1.546496e+00   2.255754e-19   7.267626e-04   2.037317e-20   96
  1.547905e+00   1.425450e-19   3.005518e-04   9.525949e-21   72
  1.549605e+00   2.084960e-19   0.000000e+00   3.494016e-20   24
  1.551302e+00   2.102275e-19   5.997465e-04   2.335068e-20   72
  1.555136e+00   2.643036e-19   3.808574e-04   5.150744e-20   30
  1.555961e+00   3.536737e-19   0.000000e+00   7.604755e-20   24
  1.560395e+00   1.012887e-19   3.162535e-04   1.368925e-20   48
  1.561785e+00   1.415077e-19   6.805772e-04   1.817014e-20   120
  1.563659e+00   1.032573e-19   2.975642e-04   1.297282e-20   72
  1.565552e+00   1.420885e-19   2.972044e-04   2.363034e-20   36
  1.566852e+00   1.469266e-19   5.874143e-04   1.660174e-20   78
  1.570482e+00   1.791071e-19   3.142221e-04   1.936964e-20   48
  1.575188e+00   2.527857e-19   2.543132e-08   3.537191e-20   24
  1.578541e+00   5.548428e-20   2.188179e-04   7.989523e-21   56
  1.580230e+00   6.369129e-20   3.367194e-04   5.634395e-21   102
  1.582378e+00   1.010901e-19   2.397687e-08   1.140657e-20   72
  1.583624e+00   1.125555e-19   1.798266e-08   1.699082e-20   24
  1.585804e+00   9.605078e-20   3.111861e-04   1.247048e-20   48
  1.589845e+00   1.350766e-19   0.000000e+00   2.495669e-20   24
  1.594803e+00   1.170588e-19   0.000000e+00   5.761887e-20   6
  1.596350e+00   3.923029e-20   0.000000e+00   7.005309e-21   24
  1.597380e+00   5.783118e-20   2.912818e-04   6.605131e-21   72
  1.599261e+00   5.654778e-20   5.434137e-04   5.579501e-21   84
  1.601288e+00   7.435635e-20   0.000000e+00   1.747954e-20   24
  1.601904e+00   9.580019e-20   2.543132e-08   1.161864e-20   24
  1.604982e+00   8.409855e-20   3.114687e-08   1.433308e-20   24
  1.609281e+00   9.694107e-20   0.000000e+00   3.097934e-20   6
  1.614791e+00   3.742050e-20   3.056001e-04   5.122810e-21   48
  1.616114e+00   4.664616e-20   5.757006e-04   4.822171e-21   72
  1.617844e+00   6.192227e-20   3.050234e-04   7.807271e-21   48
  1.620587e+00   1.046765e-19   0.000000e+00   1.820430e-20   24
  1.624237e+00   1.645523e-19   0.000000e+00   1.966140e-20   6
  1.632419e+00   2.405730e-20   0.000000e+00   6.381286e-21   8
  1.633024e+00   4.246512e-20   1.798266e-08   9.764393e-21   48
  1.634474e+00   4.074201e-20   2.958090e-04   5.467336e-21   60
  1.636646e+00   6.360753e-20   0.000000e+00   1.037355e-20   24
  1.639659e+00   4.183903e-20   0.000000e+00   1.158478e-20   6
  1.650757e+00   3.129906e-20   0.000000e+00   5.089215e-21   24
  1.651653e+00   2.826388e-20   2.987795e-04   3.431656e-21   48
  1.653147e+00   2.982118e-20   0.000000e+00   6.850622e-21   24
  1.655533e+00   1.134688e-20   0.000000e+00   1.883510e-21   6
  1.669090e+00   1.990808e-20   2.787329e-04   3.791711e-21   36
  1.670075e+00   3.006898e-20   0.000000e+00   7.162375e-21   24
  1.671847e+00   3.201872e-20   0.000000e+00   1.251821e-20   6
  1.687272e+00   2.740457e-20   2.533103e-04   3.023918e-21   32
  1.688588e+00   1.839070e-20   0.000000e+00   3.826429e-21   6
  1.705164e+00   3.034639e-20   0.000000e+00   6.220855e-21   12
  1.705743e+00   3.084242e-20   0.000000e+00   6.190010e-21   6
  1.723300e+00   1.006929e-20   0.000000e+00   3.919512e-22   6
