# power spectrum of delta
# redshift z=50.000000
# k              Pk             sigma(k)       sigma(Pk)      count
  1.570796e-02   1.937971e-06   0.000000e+00   8.283377e-07   6
  2.221441e-02   3.492030e-06   0.000000e+00   7.391231e-07   12
  2.720699e-02   4.793707e-06   2.980232e-10   1.035497e-06   8
  3.141593e-02   2.402561e-05   0.000000e+00   2.741573e-06   6
  3.512407e-02   2.255890e-05   5.619580e-10   7.624954e-06   24
  3.847649e-02   4.112033e-05   5.619580e-10   7.353448e-06   24
  4.442883e-02   2.719678e-05   0.000000e+00   1.296909e-05   12
  4.712389e-02   3.739693e-05   6.357829e-10   7.272858e-06   30
  4.967294e-02   5.525986e-05   0.000000e+00   1.290487e-05   24
  5.209742e-02   5.816563e-05   9.733398e-10   1.529575e-05   24
  5.441398e-02   7.719373e-05   5.960464e-10   1.655732e-05   8
  5.663587e-02   7.491002e-05   7.947286e-10   9.888932e-06   24
  5.877382e-02   7.942178e-05   0.000000e+00   1.184176e-05   48
  6.283185e-02   1.193977e-04   0.000000e+00   5.567659e-05   6
  6.476559e-02   1.042818e-04   7.947286e-10   1.550215e-05   48
  6.664324e-02   1.065951e-04   7.492773e-10   1.179905e-05   36
  6.846942e-02   1.654193e-04   7.947286e-10   3.669938e-05   24
  7.024815e-02   1.063959e-04   1.123916e-09   1.934038e-05   24
  7.198293e-02   1.024497e-04   0.000000e+00   1.473386e-05   48
  7.367688e-02   1.678658e-04   1.123916e-09   2.529929e-05   24
  7.695299e-02   1.535473e-04   1.123916e-09   2.553665e-05   24
  7.853982e-02   1.108370e-04   0.000000e+00   1.923609e-05   30
  8.009521e-02   1.256321e-04   0.000000e+00   1.462297e-05   72
  8.162097e-02   1.306180e-04   1.192093e-09   2.832125e-05   32
  8.458997e-02   1.870673e-04   0.000000e+00   2.288959e-05   72
  8.603606e-02   1.207489e-04   0.000000e+00   1.871817e-05   48
  8.885766e-02   6.830311e-05   0.000000e+00   2.148035e-05   12
  9.023538e-02   1.407643e-04   0.000000e+00   2.231885e-05   48
  9.159238e-02   1.284584e-04   0.000000e+00   1.343648e-05   48
  9.292956e-02   1.774190e-04   1.123916e-09   2.375580e-05   48
  9.424778e-02   2.204312e-04   1.271566e-09   4.086835e-05   30
  9.554781e-02   2.098792e-04   0.000000e+00   5.000423e-05   24
  9.683039e-02   2.189643e-04   2.369423e-09   2.364576e-05   72
  9.934588e-02   1.394358e-04   0.000000e+00   2.810455e-05   24
  1.005800e-01   2.155007e-04   0.000000e+00   2.238119e-05   96
  1.017992e-01   1.708233e-04   0.000000e+00   2.415151e-05   48
  1.030040e-01   1.464935e-04   1.946680e-09   3.797579e-05   24
  1.041948e-01   1.121926e-04   1.946680e-09   2.446916e-05   24
  1.053722e-01   2.736613e-04   0.000000e+00   3.528062e-05   72
  1.065366e-01   2.147595e-04   0.000000e+00   3.498442e-05   48
  1.088280e-01   1.923365e-04   1.192093e-09   6.033788e-05   8
  1.099557e-01   3.024892e-04   1.412851e-09   3.872431e-05   54
  1.110721e-01   2.065461e-04   0.000000e+00   3.766083e-05   84
  1.121773e-01   2.409616e-04   0.000000e+00   3.674372e-05   48
  1.132717e-01   1.522622e-04   1.589457e-09   2.863808e-05   24
  1.143557e-01   2.106223e-04   2.119276e-09   2.627126e-05   72
  1.154295e-01   2.846639e-04   0.000000e+00   3.422835e-05   96
  1.175476e-01   4.039781e-04   0.000000e+00   4.663512e-05   48
  1.185925e-01   2.300188e-04   0.000000e+00   2.292174e-05   48
  1.196283e-01   2.103054e-04   0.000000e+00   4.338151e-05   24
  1.206552e-01   2.414683e-04   0.000000e+00   2.769221e-05   72
  1.226831e-01   2.594140e-04   0.000000e+00   3.243057e-05   72
  1.236846e-01   2.633806e-04   0.000000e+00   3.176871e-05   96
  1.256637e-01   4.077188e-04   0.000000e+00   1.896944e-04   6
  1.266416e-01   3.229307e-04   0.000000e+00   3.362270e-05   96
  1.276121e-01   3.397906e-04   1.589457e-09   3.841385e-05   96
  1.285752e-01   2.286394e-04   0.000000e+00   5.759238e-05   24
  1.295312e-01   2.639580e-04   1.589457e-09   3.361873e-05   48
  1.304801e-01   2.749164e-04   0.000000e+00   2.930952e-05   96
  1.314222e-01   3.109617e-04   0.000000e+00   4.451049e-05   48
  1.332865e-01   2.961489e-04   1.498555e-09   5.727113e-05   36
  1.342089e-01   3.033137e-04   2.753021e-09   4.017123e-05   48
  1.351250e-01   3.397402e-04   3.114687e-09   3.212427e-05   120
  1.360350e-01   3.048871e-04   0.000000e+00   4.250676e-05   56
  1.369388e-01   1.717422e-04   1.589457e-09   3.190820e-05   24
  1.378368e-01   2.559493e-04   0.000000e+00   2.408022e-05   96
  1.387290e-01   2.733588e-04   0.000000e+00   3.717162e-05   48
  1.404963e-01   3.539187e-04   2.247832e-09   6.944057e-05   24
  1.413717e-01   3.800246e-04   0.000000e+00   4.024230e-05   102
  1.422417e-01   4.158481e-04   1.589457e-09   6.661488e-05   48
  1.431064e-01   3.728778e-04   0.000000e+00   3.952929e-05   72
  1.439659e-01   3.432461e-04   0.000000e+00   3.657869e-05   48
  1.448203e-01   3.846996e-04   0.000000e+00   7.485783e-05   48
  1.456697e-01   3.242383e-04   3.596531e-09   3.089101e-05   120
  1.473538e-01   4.904935e-04   2.247832e-09   8.601083e-05   24
  1.481886e-01   3.005193e-04   2.119276e-09   2.671684e-05   144
  1.490188e-01   3.092797e-04   2.543132e-09   3.179809e-05   120
  1.498444e-01   2.581926e-04   2.247832e-09   3.842614e-05   48
  1.514821e-01   3.724960e-04   2.247832e-09   5.262378e-05   48
  1.522944e-01   3.074598e-04   2.247832e-09   3.316664e-05   96
  1.544390e-01   4.067315e-04   3.768959e-04   5.157809e-05   72
  1.555009e-01   3.126291e-04   1.998073e-09   2.506868e-05   108
  1.562923e-01   3.661410e-04   0.000000e+00   4.121480e-05   72
  1.570796e-01   2.338048e-04   0.000000e+00   4.844811e-05   30
  1.578631e-01   3.850328e-04   0.000000e+00   3.169655e-05   168
  1.586427e-01   4.048155e-04   0.000000e+00   4.854600e-05   48
  1.601904e-01   2.734744e-04   0.000000e+00   3.414106e-05   72
  1.609587e-01   3.687117e-04   0.000000e+00   3.749986e-05   96
  1.617234e-01   3.566412e-04   4.238553e-09   5.797531e-05   72
  1.624844e-01   4.165517e-04   0.000000e+00   4.693383e-05   72
  1.637639e-01   3.880619e-04   3.480039e-04   3.098010e-05   104
  1.647465e-01   3.682823e-04   2.997109e-09   2.861719e-05   144
  1.669779e-01   2.676747e-04   5.026305e-09   2.681878e-05   96
  1.677152e-01   2.825936e-04   0.000000e+00   3.093521e-05   96
  1.688876e-01   3.999736e-04   3.580185e-04   3.904608e-05   120
  1.699076e-01   3.421464e-04   0.000000e+00   3.249666e-05   120
  1.706322e-01   4.186713e-04   0.000000e+00   4.802844e-05   72
  1.720721e-01   4.386236e-04   0.000000e+00   6.149049e-05   48
  1.727876e-01   4.517345e-04   3.912510e-09   5.562056e-05   78
  1.737029e-01   4.797578e-04   3.205713e-04   3.981741e-05   168
  1.756204e-01   4.549005e-04   3.670694e-09   4.113886e-05   144
  1.763215e-01   4.936070e-04   2.997109e-09   3.730990e-05   144
  1.783549e-01   4.441492e-04   1.846233e-04   4.087628e-05   156
  1.790983e-01   3.434241e-04   3.893359e-09   6.969617e-05   48
  1.797859e-01   4.126422e-04   2.543132e-09   4.158195e-05   120
  1.804708e-01   2.919878e-04   0.000000e+00   3.221707e-05   48
  1.816818e-01   4.516981e-04   2.825996e-04   3.312098e-05   216
  1.831848e-01   3.857457e-04   0.000000e+00   4.907212e-05   48
  1.838570e-01   3.776330e-04   2.247832e-09   3.452828e-05   96
  1.848128e-01   4.371843e-04   3.302618e-04   4.043572e-05   168
  1.858591e-01   3.556363e-04   2.247832e-09   5.380102e-05   48
  1.865217e-01   4.896216e-04   0.000000e+00   5.175568e-05   96
  1.871820e-01   4.433964e-04   0.000000e+00   8.500915e-05   48
  1.884956e-01   5.459350e-04   2.543132e-09   5.786746e-05   30
  1.891489e-01   3.610010e-04   0.000000e+00   3.103878e-05   96
  1.899298e-01   4.497026e-04   2.595564e-04   3.275435e-05   240
  1.909339e-01   6.719862e-04   2.800239e-04   1.005586e-04   32
  1.917401e-01   3.523857e-04   0.000000e+00   2.709063e-05   168
  1.923825e-01   4.213632e-04   0.000000e+00   4.330530e-05   120
  1.936608e-01   3.536583e-04   4.738846e-09   4.339849e-05   72
  1.942968e-01   5.540106e-04   2.119276e-09   5.367029e-05   144
  1.949307e-01   4.095707e-04   0.000000e+00   4.273522e-05   96
  1.955626e-01   5.283092e-04   0.000000e+00   4.465989e-05   96
  1.968202e-01   5.872170e-04   0.000000e+00   7.605201e-05   72
  1.974460e-01   4.521142e-04   3.178914e-09   4.669010e-05   96
  1.986918e-01   4.935680e-04   0.000000e+00   9.595297e-05   24
  1.993117e-01   5.210532e-04   0.000000e+00   3.941100e-05   192
  2.000418e-01   4.955665e-04   2.376333e-04   3.909929e-05   132
  2.011601e-01   5.456530e-04   0.000000e+00   5.031791e-05   96
  2.017724e-01   3.821748e-04   0.000000e+00   4.067949e-05   96
  2.023829e-01   5.005518e-04   2.543132e-09   4.382793e-05   120
  2.035985e-01   5.414325e-04   0.000000e+00   7.776354e-05   48
  2.045948e-01   3.800822e-04   2.879924e-04   2.533658e-05   222
  2.054083e-01   4.889162e-04   0.000000e+00   4.800888e-05   120
  2.060080e-01   5.007570e-04   3.893359e-09   1.069657e-04   24
  2.068812e-01   5.838719e-04   2.972500e-04   3.347090e-05   312
  2.087838e-01   6.484731e-04   2.786838e-04   7.311837e-05   72
  2.095704e-01   4.524382e-04   3.893359e-09   6.073909e-05   96
  2.103781e-01   5.603591e-04   2.838009e-04   4.579407e-05   192
  2.113290e-01   5.097777e-04   3.596531e-09   5.593299e-05   120
  2.119120e-01   5.176224e-04   0.000000e+00   5.432589e-05   144
  2.130732e-01   4.800471e-04   0.000000e+00   7.230493e-05   48
  2.138985e-01   4.668293e-04   2.853717e-04   2.927927e-05   336
  2.148032e-01   5.255498e-04   0.000000e+00   7.166272e-05   48
  2.159488e-01   4.915607e-04   0.000000e+00   4.687173e-05   192
  2.165193e-01   4.934348e-04   0.000000e+00   6.299171e-05   48
  2.181411e-01   5.128250e-04   1.980854e-04   6.541045e-05   56
  2.189475e-01   5.184471e-04   2.544090e-04   3.004416e-05   336
  2.199115e-01   5.268719e-04   2.825702e-09   8.083675e-05   54
  2.207512e-01   4.840588e-04   2.794324e-04   3.146333e-05   240
  2.224945e-01   4.997942e-04   2.675587e-04   4.048065e-05   228
  2.232521e-01   5.745290e-04   2.997109e-09   7.767356e-05   72
  2.239875e-01   5.904772e-04   2.595385e-04   4.586149e-05   144
  2.249038e-01   4.989033e-04   0.000000e+00   5.057953e-05   96
  2.254517e-01   5.002729e-04   3.596531e-09   3.401690e-05   240
  2.265435e-01   4.415916e-04   3.178914e-09   8.725290e-05   24
  2.272424e-01   5.367414e-04   2.451321e-04   3.291272e-05   336
  2.281713e-01   4.703977e-04   0.000000e+00   5.788920e-05   72
  2.290193e-01   6.212224e-04   2.666265e-04   4.729396e-05   168
  2.297877e-01   4.372501e-04   0.000000e+00   4.273795e-05   72
  2.308590e-01   6.699071e-04   0.000000e+00   6.716593e-05   96
  2.316886e-01   5.172076e-04   2.646263e-04   3.868818e-05   216
  2.324566e-01   4.145741e-04   0.000000e+00   3.294411e-05   96
  2.335157e-01   5.131458e-04   3.178914e-09   3.539311e-05   192
  2.340434e-01   5.154215e-04   2.997109e-09   4.233269e-05   144
  2.350953e-01   5.097600e-04   0.000000e+00   6.890873e-05   48
  2.358236e-01   5.648557e-04   2.551309e-04   4.097275e-05   246
  2.368131e-01   6.942319e-04   2.352347e-04   5.546214e-05   168
  2.377046e-01   5.601450e-04   6.229375e-09   6.285760e-05   120
  2.382231e-01   4.682090e-04   0.000000e+00   3.362368e-05   240
  2.392566e-01   3.639224e-04   0.000000e+00   7.830052e-05   24
  2.400800e-01   5.408128e-04   2.517980e-04   3.448616e-05   360
  2.411056e-01   5.602584e-04   2.507265e-04   4.507450e-05   120
  2.418210e-01   6.012637e-04   0.000000e+00   5.174709e-05   144
  2.423307e-01   6.333836e-04   0.000000e+00   5.698341e-05   96
  2.438532e-01   5.930593e-04   0.000000e+00   4.842228e-05   144
  2.443586e-01   6.532123e-04   0.000000e+00   5.905148e-05   132
  2.450688e-01   5.636766e-04   2.474633e-04   4.348614e-05   176
  2.460999e-01   5.761646e-04   2.498881e-04   3.150316e-05   312
  2.473693e-01   8.004094e-04   0.000000e+00   1.244882e-04   96
  2.478675e-01   5.395685e-04   0.000000e+00   5.011425e-05   144
  2.486319e-01   6.048709e-04   2.473817e-04   3.644621e-05   312
  2.498505e-01   6.673977e-04   0.000000e+00   6.992330e-05   48
  2.503437e-01   5.382154e-04   3.178914e-09   4.136861e-05   192
  2.513274e-01   2.332575e-04   0.000000e+00   7.609290e-05   6
  2.519810e-01   5.215188e-04   2.307253e-04   2.955731e-05   288
  2.530395e-01   5.345956e-04   2.437763e-04   4.069911e-05   192
  2.537699e-01   5.097470e-04   7.476104e-09   3.425113e-05   216
  2.542556e-01   6.277855e-04   0.000000e+00   8.838237e-05   72
  2.554657e-01   5.524649e-04   2.414611e-04   4.760818e-05   192
  2.562693e-01   6.883645e-04   1.792979e-04   4.354572e-05   288
  2.571504e-01   5.839208e-04   0.000000e+00   1.197841e-04   24
  2.578312e-01   6.418223e-04   2.362101e-04   3.109895e-05   456
  2.590624e-01   4.322483e-04   0.000000e+00   6.723616e-05   48
  2.598231e-01   6.085328e-04   2.326575e-04   4.558219e-05   240
  2.606974e-01   7.110439e-04   2.351266e-04   4.872667e-05   216
  2.614326e-01   5.556305e-04   0.000000e+00   7.093942e-05   72
  2.619041e-01   5.510476e-04   8.123736e-09   4.675343e-05   168
  2.632353e-01   6.569815e-04   1.747662e-04   4.275850e-05   288
  2.639818e-01   6.664260e-04   2.312456e-04   4.888996e-05   168
  2.651809e-01   7.394510e-04   0.000000e+00   5.664922e-05   192
  2.656458e-01   5.890315e-04   2.997109e-09   4.412891e-05   144
  2.665730e-01   8.154103e-04   2.997109e-09   1.080939e-04   36
  2.673593e-01   5.187952e-04   2.111764e-04   2.798174e-05   342
  2.681111e-01   6.132953e-04   2.168525e-04   5.117364e-05   144
  2.690776e-01   6.074978e-04   2.274240e-04   3.346918e-05   384
  2.702500e-01   7.295034e-04   6.229375e-09   7.190791e-05   120
  2.708303e-01   7.263971e-04   2.027960e-04   4.611361e-05   264
  2.716161e-01   6.125077e-04   1.005261e-08   4.627602e-05   192
  2.723561e-01   6.567933e-04   2.185515e-04   5.253003e-05   152
  2.729753e-01   6.107499e-04   5.994218e-09   5.756996e-05   144
  2.742778e-01   5.161163e-04   1.414487e-04   3.930327e-05   216
  2.748807e-01   7.050477e-04   1.890132e-04   3.979541e-05   312
  2.759419e-01   6.099601e-04   2.190625e-04   3.577902e-05   240
  2.765672e-01   7.127516e-04   3.178914e-09   7.660139e-05   96
  2.777541e-01   6.061818e-04   2.094396e-04   5.133134e-05   144
  2.784857e-01   6.419374e-04   2.058607e-04   3.283201e-05   456
  2.796723e-01   4.994902e-04   0.000000e+00   3.420190e-05   120
  2.801131e-01   5.658956e-04   0.000000e+00   5.440668e-05   144
  2.809926e-01   4.516275e-04   4.495664e-09   7.774619e-05   24
  2.815564e-01   6.429714e-04   1.978798e-04   3.418791e-05   336
  2.825316e-01   6.142994e-04   2.182345e-04   4.880524e-05   198
  2.834454e-01   6.417736e-04   2.122205e-04   3.694399e-05   432
  2.844833e-01   7.618479e-04   6.357829e-09   8.076914e-05   48
  2.850248e-01   7.639942e-04   1.873540e-04   4.165529e-05   384
  2.859970e-01   6.894904e-04   2.156842e-04   5.964731e-05   144
  2.868780e-01   7.612421e-04   2.141460e-04   5.195956e-05   264
  2.879317e-01   5.752191e-04   0.000000e+00   5.803195e-05   48
  2.886387e-01   6.683558e-04   2.036179e-04   4.253825e-05   276
  2.893208e-01   6.165946e-04   1.845741e-04   5.487449e-05   192
  2.902325e-01   6.384775e-04   2.074207e-04   2.806097e-05   552
  2.913393e-01   4.563870e-04   5.086263e-09   4.345908e-05   120
  2.919972e-01   6.509119e-04   2.099609e-04   4.639442e-05   216
  2.926069e-01   6.192911e-04   5.086263e-09   5.101207e-05   120
  2.936961e-01   7.405852e-04   2.067600e-04   3.864706e-05   408
  2.947075e-01   5.537668e-04   4.495664e-09   7.637322e-05   24
  2.953347e-01   6.145289e-04   2.088648e-04   3.891955e-05   384
  2.962106e-01   5.680175e-04   2.040684e-04   4.009965e-05   240
  2.969712e-01   6.170448e-04   2.055628e-04   4.451843e-05   168
  2.980376e-01   5.136569e-04   0.000000e+00   5.289178e-05   120
  2.987251e-01   6.675454e-04   2.142884e-04   3.723299e-05   350
  2.998430e-01   6.851592e-04   3.527601e-04   3.934562e-05   384
  3.005110e-01   7.454322e-04   0.000000e+00   7.416038e-05   144
  3.017401e-01   5.847530e-04   4.238553e-09   3.746130e-05   288
  3.023819e-01   6.102103e-04   2.019242e-04   3.266481e-05   336
  3.032549e-01   7.008562e-04   1.838353e-04   5.527698e-05   168
  3.037776e-01   6.870823e-04   1.204945e-08   4.531410e-05   336
  3.048586e-01   5.727153e-04   1.908100e-04   3.518490e-05   288
  3.055078e-01   6.264207e-04   1.797918e-04   3.922769e-05   264
  3.066072e-01   6.509361e-04   0.000000e+00   4.273657e-05   240
  3.070093e-01   6.475001e-04   0.000000e+00   5.711465e-05   96
  3.084525e-01   7.368893e-04   2.445048e-04   4.205872e-05   360
  3.091260e-01   6.987812e-04   1.802420e-04   6.651847e-05   168
  3.099770e-01   6.858053e-04   1.964825e-04   3.271838e-05   456
  3.110018e-01   6.318664e-04   5.651403e-09   5.857617e-05   108
  3.115782e-01   6.091184e-04   1.971449e-04   4.381204e-05   264
  3.122973e-01   6.277324e-04   1.758853e-04   4.451044e-05   264
  3.132820e-01   7.343347e-04   1.659735e-04   4.380762e-05   312
  3.145081e-01   7.303807e-04   1.233364e-04   5.085297e-05   270
  3.150220e-01   6.877115e-04   1.565911e-04   5.207919e-05   240
  3.159458e-01   7.114338e-04   1.937229e-04   3.913621e-05   384
  3.165067e-01   5.923221e-04   6.357829e-09   4.122624e-05   192
  3.175962e-01   7.554656e-04   1.554368e-04   5.806680e-05   240
  3.182281e-01   7.193000e-04   1.918342e-04   4.172689e-05   336
  3.194167e-01   7.233474e-04   1.931178e-04   3.305769e-05   480
  3.203808e-01   7.406819e-04   4.238553e-09   8.555430e-05   72
  3.209194e-01   7.453368e-04   1.883074e-04   5.475600e-05   240
  3.216520e-01   6.491362e-04   1.769831e-04   3.791261e-05   312
  3.224917e-01   6.124910e-04   1.912763e-04   4.305315e-05   240
  3.237607e-01   7.125937e-04   1.453205e-04   3.743767e-05   408
  3.242630e-01   6.673195e-04   1.330785e-04   4.013176e-05   336
  3.252448e-01   7.084121e-04   1.689770e-04   5.445747e-05   264
  3.257273e-01   7.671681e-04   0.000000e+00   6.656114e-05   144
  3.270696e-01   7.062189e-04   2.342121e-04   3.764301e-05   464
  3.277768e-01   5.496007e-04   1.862466e-04   4.084171e-05   168
  3.284751e-01   8.286863e-04   1.696301e-04   4.816572e-05   336
  3.297371e-01   7.071671e-04   1.782296e-04   4.075841e-05   414
  3.304484e-01   8.585041e-04   1.855264e-04   6.107994e-05   216
  3.313598e-01   8.904208e-04   4.495664e-09   9.695810e-05   96
  3.317320e-01   6.955316e-04   1.101208e-08   3.634081e-05   384
  3.330355e-01   7.596865e-04   1.851680e-04   3.910043e-05   492
  3.337341e-01   6.452185e-04   1.810784e-04   4.105712e-05   240
  3.345237e-01   6.188745e-04   1.838580e-04   3.585363e-05   312
  3.356141e-01   6.434516e-04   1.837975e-04   4.988494e-05   192
  3.363048e-01   7.395102e-04   1.781220e-04   3.626859e-05   504
  3.372212e-01   7.261612e-04   1.179198e-04   4.328585e-05   408
  3.379427e-01   7.830638e-04   3.612619e-04   6.560621e-05   168
  3.388456e-01   7.196537e-04   1.716026e-04   4.926789e-05   288
  3.396033e-01   6.757113e-04   1.790820e-04   4.788701e-05   288
  3.403794e-01   6.940507e-04   1.801128e-04   3.626997e-05   432
  3.415052e-01   7.884010e-04   1.703267e-04   5.457123e-05   216
  3.421068e-01   7.091303e-04   1.699674e-04   3.757446e-05   360
  3.431777e-01   7.858091e-04   1.658865e-04   4.774151e-05   312
  3.441442e-01   9.331377e-04   0.000000e+00   1.561180e-04   48
  3.447014e-01   7.122853e-04   1.778543e-04   3.742917e-05   432
  3.456992e-01   6.662667e-04   2.966627e-04   3.357406e-05   414
  3.462885e-01   7.036948e-04   6.776666e-09   4.330554e-05   312
  3.473878e-01   7.653547e-04   2.603051e-04   3.755143e-05   528
  3.481296e-01   7.973636e-04   1.366381e-04   5.870883e-05   264
  3.490209e-01   7.222732e-04   1.620153e-04   3.943772e-05   480
  3.501854e-01   7.327832e-04   0.000000e+00   4.190107e-05   288
  3.506883e-01   7.713837e-04   1.740804e-04   6.904160e-05   168
  3.516084e-01   7.726109e-04   2.755688e-04   3.530853e-05   504
  3.526429e-01   9.325371e-04   4.238553e-09   7.656522e-05   144
  3.532937e-01   6.828102e-04   1.769812e-04   3.335254e-05   464
  3.542716e-01   6.283732e-04   2.597299e-04   3.168395e-05   432
  3.547358e-01   8.288110e-04   4.495664e-09   6.000226e-05   192
  3.559351e-01   6.697131e-04   1.925466e-04   3.179192e-05   396
  3.566434e-01   7.067040e-04   1.729600e-04   4.497223e-05   288
  3.573592e-01   7.174519e-04   1.708549e-04   4.247164e-05   336
  3.585027e-01   6.853438e-04   1.081887e-04   3.373675e-05   432
  3.592283e-01   7.582927e-04   2.804101e-04   4.182544e-05   360
  3.600431e-01   7.385181e-04   1.658667e-04   3.598067e-05   384
  3.612003e-01   6.280741e-04   1.464092e-04   4.835298e-05   198
  3.617579e-01   7.339241e-04   1.664197e-04   3.179712e-05   552
  3.627976e-01   6.669886e-04   2.329761e-04   4.314401e-05   432
  3.636656e-01   8.074666e-04   8.899106e-09   6.443671e-05   168
  3.643942e-01   7.892099e-04   2.888052e-04   3.998500e-05   480
  3.653579e-01   5.677207e-04   0.000000e+00   5.559717e-05   120
  3.657917e-01   7.207517e-04   2.358836e-04   4.855577e-05   336
  3.668502e-01   7.500996e-04   1.664122e-04   2.999853e-05   672
  3.678969e-01   7.924245e-04   2.420693e-04   3.806936e-05   528
  3.683844e-01   6.486443e-04   7.266090e-09   4.383321e-05   168
  3.695106e-01   7.610043e-04   2.700266e-04   3.641912e-05   456
  3.701979e-01   8.956480e-04   1.649075e-04   1.001981e-04   168
  3.709113e-01   7.800294e-04   1.646115e-04   4.239313e-05   504
  3.720973e-01   6.808286e-04   2.118297e-04   4.319604e-05   336
  3.728144e-01   8.480792e-04   1.527042e-04   5.017429e-05   312
  3.736099e-01   7.882119e-04   1.492023e-04   4.051161e-05   504
  3.746568e-01   7.345464e-04   1.035207e-04   3.337470e-05   432
  3.751490e-01   6.573141e-04   1.599738e-04   3.812325e-05   312
  3.761721e-01   7.014402e-04   1.639809e-04   3.523594e-05   384
  3.772403e-01   8.461376e-04   1.393208e-04   8.943695e-05   126
  3.778999e-01   7.553284e-04   2.446141e-04   3.809915e-05   492
  3.787423e-01   8.057228e-04   1.566756e-04   3.915517e-05   528
  3.797950e-01   7.358036e-04   1.591488e-04   3.626178e-05   480
  3.804477e-01   8.385859e-04   2.198632e-04   4.552642e-05   432
  3.813922e-01   8.350473e-04   1.728933e-04   4.323465e-05   440
  3.824891e-01   7.848023e-04   8.597912e-05   4.699941e-05   312
  3.829007e-01   7.827758e-04   1.288469e-04   5.144677e-05   480
  3.837450e-01   7.593775e-04   2.522797e-04   4.510819e-05   408
  3.849786e-01   8.191764e-04   1.510870e-04   4.582891e-05   360
  3.854998e-01   7.337247e-04   1.457935e-04   3.994320e-05   408
  3.864656e-01   6.902433e-04   1.483633e-04   3.418112e-05   456
  3.875531e-01   8.152598e-04   1.417988e-04   5.017463e-05   264
  3.881567e-01   7.600984e-04   1.538873e-04   4.685063e-05   384
  3.890354e-01   7.642108e-04   2.590801e-04   3.427886e-05   672
  3.900512e-01   8.020430e-04   1.549634e-04   6.445898e-05   240
  3.906373e-01   7.566017e-04   1.572490e-04   4.491740e-05   264
  3.914646e-01   6.212884e-04   1.939407e-04   2.869671e-05   624
  3.926991e-01   7.523619e-04   0.000000e+00   6.469217e-05   150
  3.931386e-01   8.639948e-04   2.173259e-04   4.240321e-05   600
  3.940655e-01   7.237383e-04   1.499928e-04   3.360013e-05   672
  3.951151e-01   7.553684e-04   1.410788e-04   5.002733e-05   336
  3.956998e-01   8.583014e-04   1.534526e-04   5.035460e-05   408
  3.966340e-01   7.674492e-04   1.530911e-04   4.670815e-05   408
  3.976732e-01   7.295929e-04   7.741108e-05   4.117869e-05   360
  3.983137e-01   8.238973e-04   2.842286e-04   4.502243e-05   456
  3.990874e-01   7.435849e-04   1.545652e-04   4.017621e-05   384
  4.000722e-01   7.842965e-04   1.426833e-04   3.937238e-05   348
  4.006044e-01   8.009843e-04   1.759003e-04   3.903821e-05   576
  4.016040e-01   7.594532e-04   1.448308e-04   3.689101e-05   504
  4.026266e-01   7.615838e-04   2.042754e-04   4.027829e-05   432
  4.035193e-01   6.984514e-04   2.779157e-04   2.914780e-05   576
  4.041559e-01   7.273367e-04   0.000000e+00   4.795069e-05   264
  4.051657e-01   7.617957e-04   2.211515e-04   2.945937e-05   768
  4.060439e-01   7.768655e-04   2.977401e-04   5.463131e-05   240
  4.067421e-01   7.079151e-04   2.625786e-04   6.213204e-05   192
  4.077592e-01   7.110771e-04   1.932899e-04   3.206561e-05   504
  4.085134e-01   7.446833e-04   2.604655e-04   3.965626e-05   590
  4.092368e-01   7.633409e-04   2.918373e-04   4.454381e-05   384
  4.101438e-01   7.537815e-04   2.438900e-04   3.941880e-05   504
  4.112389e-01   8.499689e-04   2.347064e-04   3.652076e-05   648
  4.123011e-01   7.448206e-04   6.374317e-05   3.818922e-05   504
  4.127294e-01   7.758420e-04   1.454101e-04   4.314821e-05   312
  4.134855e-01   7.468458e-04   2.095003e-04   3.340203e-05   576
  4.145236e-01   8.029403e-04   1.457924e-04   6.351294e-05   240
  4.151287e-01   7.135854e-04   1.473162e-04   3.352212e-05   552
  4.159853e-01   8.351301e-04   1.383265e-04   4.231451e-05   600
  4.172054e-01   7.593106e-04   1.689549e-04   3.397687e-05   600
  4.179389e-01   7.932762e-04   2.705679e-04   4.959287e-05   312
  4.186695e-01   8.368552e-04   2.356379e-04   4.210515e-05   480
  4.195820e-01   7.965511e-04   1.470154e-04   3.991815e-05   576
  4.203854e-01   8.667378e-04   2.367268e-04   5.649118e-05   408
  4.210983e-01   6.383419e-04   2.761527e-04   4.018614e-05   216
  4.220194e-01   6.892688e-04   2.115019e-04   3.566777e-05   516
  4.230063e-01   7.984862e-04   2.017943e-04   3.362349e-05   744
  4.240243e-01   7.863792e-04   1.347808e-04   4.022139e-05   462
  4.245995e-01   7.823844e-04   1.369852e-04   4.312236e-05   432
  4.254918e-01   8.543344e-04   1.270838e-04   3.537605e-05   648
  4.265409e-01   8.380684e-04   1.859472e-04   4.239064e-05   528
  4.273836e-01   7.275496e-04   2.239269e-04   3.236328e-05   600
  4.282256e-01   9.109439e-04   2.823132e-04   9.246746e-05   240
  4.290411e-01   7.351667e-04   2.162492e-04   3.078733e-05   720
  4.299890e-01   8.300905e-04   1.710922e-04   3.310976e-05   720
  4.310398e-01   5.556567e-04   0.000000e+00   4.167950e-05   144
  4.315927e-01   7.664654e-04   2.205891e-04   3.089620e-05   720
  4.323793e-01   8.942207e-04   1.322696e-04   4.964942e-05   384
  4.333641e-01   7.604961e-04   1.466278e-04   3.317527e-05   672
  4.342984e-01   8.499706e-04   2.567292e-04   5.629588e-05   336
  4.347447e-01   8.890111e-04   0.000000e+00   6.547197e-05   288
  4.358374e-01   7.290225e-04   2.031840e-04   2.823472e-05   776
  4.368489e-01   7.866152e-04   1.738547e-04   3.161162e-05   720
  4.376985e-01   7.399156e-04   1.400528e-04   4.054122e-05   432
  4.383780e-01   8.328296e-04   1.996629e-04   5.712425e-05   504
  4.391339e-01   7.271187e-04   1.398922e-04   3.670667e-05   528
  4.401917e-01   7.778342e-04   1.905949e-04   4.104451e-05   438
  4.410618e-01   7.631034e-04   2.218350e-04   3.775691e-05   624
  4.417176e-01   8.598711e-04   2.717180e-04   5.220133e-05   312
  4.426191e-01   8.809475e-04   1.463948e-04   3.555245e-05   696
  4.435512e-01   8.008876e-04   1.324608e-04   4.047150e-05   552
  4.445207e-01   7.320559e-04   1.024805e-04   3.497092e-05   516
  4.451205e-01   8.351483e-04   2.046970e-04   4.433792e-05   528
  4.458506e-01   6.622608e-04   1.331200e-04   3.259081e-05   528
  4.468878e-01   7.897083e-04   1.755583e-04   3.342526e-05   864
  4.475918e-01   7.339720e-04   2.404788e-04   4.209273e-05   408
  4.482965e-01   8.881540e-04   2.382549e-04   6.026041e-05   192
  4.492953e-01   7.558668e-04   1.971674e-04   3.170870e-05   720
  4.501385e-01   6.939027e-04   1.817980e-04   2.881545e-05   696
  4.511404e-01   7.863807e-04   1.963435e-04   3.156366e-05   720
  4.520570e-01   7.540837e-04   2.661201e-04   3.994811e-05   432
  4.525916e-01   6.691426e-04   1.566487e-04   4.545989e-05   264
  4.535534e-01   7.776189e-04   2.163249e-04   3.226942e-05   672
  4.544137e-01   8.001699e-04   2.214835e-04   3.647596e-05   600
  4.554346e-01   6.638060e-04   1.296784e-04   4.379694e-05   270
  4.559493e-01   7.605729e-04   1.952021e-04   3.919957e-05   528
  4.567673e-01   8.764817e-04   1.336675e-04   3.531090e-05   840
  4.578890e-01   8.601758e-04   2.555961e-04   3.442552e-05   888
  4.589254e-01   7.456527e-04   1.904380e-04   2.993675e-05   744
  4.598014e-01   8.878886e-04   9.785730e-05   4.889413e-05   456
  4.602370e-01   9.233000e-04   1.337280e-04   4.879378e-05   360
  4.609825e-01   7.299998e-04   1.158678e-04   4.215346e-05   384
  4.621264e-01   8.073171e-04   1.858509e-04   3.067379e-05   816
  4.629847e-01   8.208645e-04   2.696437e-04   3.015162e-05   824
  4.640279e-01   7.772434e-04   1.253432e-04   4.925607e-05   360
  4.645865e-01   9.378050e-04   1.849595e-04   4.082580e-05   624
  4.653553e-01   7.768040e-04   1.249856e-04   4.507608e-05   360
  4.663795e-01   7.875758e-04   1.700172e-04   3.049582e-05   876
  4.673045e-01   7.509261e-04   2.019296e-04   3.507361e-05   696
  4.682373e-01   7.959705e-04   1.303928e-04   4.850687e-05   336
  4.687264e-01   8.962582e-04   1.302463e-04   5.369648e-05   504
  4.695341e-01   7.770132e-04   1.313750e-04   3.774774e-05   672
  4.707324e-01   7.186486e-04   2.615370e-04   2.905261e-05   720
  4.715635e-01   7.562025e-04   1.975633e-04   3.342234e-05   774
  4.724808e-01   9.242704e-04   1.130801e-04   6.231889e-05   384
  4.729612e-01   9.015271e-04   2.176147e-04   5.053850e-05   528
  4.737068e-01   8.425046e-04   2.073989e-04   3.491407e-05   744
  4.749062e-01   9.252052e-04   1.710601e-04   4.080607e-05   768
  4.757025e-01   8.182227e-04   1.920278e-04   4.284722e-05   552
  4.766960e-01   7.533728e-04   2.092886e-04   3.141907e-05   696
  4.774351e-01   9.265075e-04   2.543221e-04   5.575632e-05   408
  4.780218e-01   8.553999e-04   1.098692e-04   4.399734e-05   504
  4.789519e-01   7.887021e-04   1.973758e-04   3.389911e-05   888
  4.798671e-01   7.423823e-04   2.051305e-04   3.613885e-05   648
  4.808184e-01   7.535154e-04   2.033722e-04   3.296686e-05   648
  4.817134e-01   7.857140e-04   2.192851e-04   3.253162e-05   792
  4.826614e-01   7.389992e-04   3.208291e-04   3.403947e-05   600
  4.833600e-01   6.930689e-04   2.174285e-04   3.626429e-05   456
  4.840953e-01   8.138200e-04   1.059654e-04   3.652219e-05   648
  4.850397e-01   7.331998e-04   2.066479e-04   2.654980e-05   936
  4.860593e-01   8.712382e-04   1.269084e-04   4.639570e-05   384
  4.869469e-01   9.891447e-07   0.000000e+00   9.410513e-08   198
  4.876318e-01   9.522890e-07   3.219776e-04   3.669379e-08   1224
  4.883707e-01   7.710990e-07   2.344988e-04   5.018688e-08   420
  4.892446e-01   8.953060e-07   2.269458e-04   4.312632e-08   792
  4.900991e-01   9.426577e-07   1.876648e-04   4.523138e-08   680
  4.910742e-01   9.665364e-07   1.723226e-04   5.281150e-08   600
  4.918588e-01   9.481552e-07   2.499151e-04   4.101864e-08   840
  4.929064e-01   1.055558e-06   1.179983e-04   6.333171e-08   432
  4.933067e-01   9.248228e-07   1.105800e-04   4.306200e-08   720
  4.941771e-01   9.227782e-07   2.214723e-04   3.694700e-08   960
  4.952596e-01   1.065465e-06   1.974263e-04   6.401385e-08   528
  4.960507e-01   9.440725e-07   2.018074e-04   4.668851e-08   624
  4.969923e-01   9.380604e-07   1.586192e-04   4.326303e-08   816
  4.979269e-01   8.331243e-07   2.608527e-04   4.055124e-08   696
  4.989597e-01   9.715262e-07   1.438612e-08   8.104133e-08   240
  4.993481e-01   1.036762e-06   1.538310e-04   4.769102e-08   672
  5.002149e-01   8.791135e-07   2.749181e-04   3.557609e-08   864
  5.011872e-01   1.007964e-06   2.109550e-04   4.182197e-08   816
  5.020636e-01   9.477174e-07   1.207434e-04   4.581672e-08   648
  5.030076e-01   9.346318e-07   1.234217e-04   3.896238e-08   843
  5.038089e-01   9.671257e-07   2.220660e-04   4.744611e-08   780
  5.047639e-01   1.087260e-06   1.191565e-04   8.260397e-08   216
  5.053529e-01   8.806334e-07   2.873328e-04   3.259058e-08   1056
  5.062588e-01   1.165051e-06   2.350705e-04   8.696447e-08   228
  5.070976e-01   8.978992e-07   2.926687e-04   3.601191e-08   924
  5.079587e-01   8.462571e-07   1.085637e-04   3.618875e-08   696
  5.088706e-01   9.250946e-07   1.932122e-04   3.631106e-08   996
  5.098035e-01   9.622454e-07   1.140687e-04   4.753929e-08   576
  5.107740e-01   1.008414e-06   1.760574e-04   5.471171e-08   552
  5.114815e-01   9.423792e-07   2.102064e-04   5.219850e-08   516
  5.121995e-01   9.245862e-07   3.056837e-04   3.965813e-08   744
  5.130199e-01   1.136674e-06   1.499561e-04   6.446810e-08   576
  5.137336e-01   8.772293e-07   1.543428e-04   3.397940e-08   792
  5.147477e-01   8.905781e-07   1.764424e-04   3.703442e-08   792
  5.154909e-01   9.606912e-07   1.902913e-04   4.161991e-08   720
  5.164960e-01   8.603177e-07   2.168883e-04   3.760828e-08   656
  5.174379e-01   9.005177e-07   2.368308e-04   3.837247e-08   816
  5.184034e-01   9.366335e-07   1.276952e-04   4.825944e-08   492
  5.189522e-01   9.565996e-07   1.836985e-04   4.616305e-08   552
  5.199822e-01   9.644103e-07   3.194294e-04   4.903767e-08   780
  5.206511e-01   9.032871e-07   1.962217e-04   4.723589e-08   528
  5.213718e-01   9.191118e-07   2.290504e-04   4.130369e-08   600
  5.224340e-01   9.076313e-07   1.903590e-04   3.265497e-08   900
  5.231662e-01   9.538175e-07   1.053860e-04   4.064996e-08   696
  5.241734e-01   9.971201e-07   2.664725e-04   4.215060e-08   696
  5.251479e-01   1.044749e-06   1.081054e-04   4.992284e-08   552
  5.259673e-01   7.998509e-07   1.257166e-04   3.547745e-08   708
  5.268258e-01   9.980711e-07   2.075652e-04   4.287799e-08   876
  5.277190e-01   8.355846e-07   1.102130e-04   6.583877e-08   216
  5.283184e-01   8.421410e-07   3.014475e-04   3.038327e-08   1032
  5.292161e-01   9.721180e-07   3.356286e-04   4.676072e-08   600
  5.301478e-01   1.036897e-06   1.601495e-04   4.507949e-08   600
  5.308585e-01   8.988498e-07   2.828090e-04   5.131509e-08   528
  5.316987e-01   9.201891e-07   1.552497e-04   3.589845e-08   732
  5.325837e-01   7.589886e-07   1.146378e-04   3.948665e-08   336
  5.336024e-01   9.367860e-07   1.633817e-04   3.430515e-08   912
  5.343638e-01   8.939220e-07   1.639857e-04   3.853459e-08   624
  5.351957e-01   9.116961e-07   1.381873e-04   3.894838e-08   768
  5.361666e-01   1.013117e-06   2.493171e-04   4.293456e-08   792
  5.371196e-01   9.043549e-07   1.236011e-04   4.350801e-08   660
  5.377977e-01   8.832259e-07   1.821461e-04   4.493074e-08   504
  5.384990e-01   9.917759e-07   2.975919e-04   5.357209e-08   480
  5.395501e-01   7.952005e-07   2.752337e-04   3.098434e-08   912
  5.403731e-01   1.033976e-06   3.065154e-04   6.183441e-08   432
  5.411504e-01   8.295032e-07   1.820016e-04   4.086246e-08   564
  5.418405e-01   9.117173e-07   1.742006e-04   3.990421e-08   600
  5.428119e-01   8.919447e-07   2.428192e-04   3.348261e-08   876
  5.435417e-01   1.004852e-06   1.091788e-04   6.562727e-08   264
  5.445477e-01   1.022580e-06   2.118499e-04   4.961583e-08   560
  5.453563e-01   8.937785e-07   1.439565e-04   3.282121e-08   840
  5.463378e-01   9.532133e-07   2.219395e-04   3.626415e-08   1008
  5.472454e-01   1.101346e-06   9.928084e-05   5.301948e-08   456
  5.480744e-01   1.020503e-06   1.286043e-04   4.555895e-08   576
  5.488407e-01   9.746060e-07   1.976142e-04   4.482448e-08   612
  5.498512e-01   9.101706e-07   1.765015e-04   3.821646e-08   780
  5.506755e-01   9.448936e-07   2.022627e-04   4.119914e-08   648
  5.515194e-01   1.061926e-06   9.425702e-05   7.313492e-08   312
  5.520587e-01   9.890801e-07   2.394916e-04   5.054627e-08   528
  5.529931e-01   9.037231e-07   3.127641e-04   3.865469e-08   720
  5.538866e-01   8.972839e-07   3.137436e-04   4.102616e-08   576
  5.549699e-01   9.423301e-07   2.706443e-04   4.455394e-08   444
  5.556439e-01   9.689905e-07   2.654148e-04   3.382825e-08   996
  5.564699e-01   8.952302e-07   2.217012e-04   4.856671e-08   432
  5.572506e-01   9.514911e-07   2.427192e-04   4.791289e-08   504
  5.579250e-01   1.088499e-06   1.094306e-04   5.012436e-08   504
  5.588852e-01   1.014517e-06   2.153608e-04   4.218593e-08   876
  5.597541e-01   9.490747e-07   2.478597e-04   4.812293e-08   504
  5.606589e-01   8.818106e-07   1.580720e-04   3.588267e-08   696
  5.614066e-01   1.068477e-06   1.351349e-04   5.391062e-08   492
  5.624240e-01   9.088847e-07   1.934522e-04   4.789894e-08   432
  5.631776e-01   9.589538e-07   1.811468e-04   3.679342e-08   768
  5.640708e-01   8.994209e-07   2.256427e-04   4.373946e-08   648
  5.649237e-01   8.743228e-07   1.472076e-04   4.246642e-08   456
  5.659038e-01   8.800761e-07   2.024344e-04   4.065978e-08   552
  5.665845e-01   9.434782e-07   1.387487e-04   4.638335e-08   648
  5.675213e-01   9.046014e-07   2.261525e-04   3.360826e-08   840
  5.684363e-01   1.043496e-06   1.078474e-04   5.689751e-08   432
  5.693524e-01   8.740509e-07   1.320946e-04   3.831609e-08   600
  5.699896e-01   9.958591e-07   1.407382e-04   5.957068e-08   432
  5.710598e-01   9.200958e-07   1.401185e-04   4.638079e-08   560
  5.717846e-01   9.631504e-07   2.217929e-04   3.893800e-08   840
  5.726922e-01   1.044930e-06   1.313712e-04   4.933059e-08   504
  5.734129e-01   9.031082e-07   2.681208e-04   3.973427e-08   696
  5.744289e-01   1.011254e-06   1.464380e-04   5.637216e-08   384
  5.752203e-01   8.793002e-07   2.145144e-04   3.995762e-08   576
  5.761776e-01   8.939731e-07   1.323876e-04   5.999684e-08   360
  5.769491e-01   9.094858e-07   1.971572e-04   4.067140e-08   828
  5.777814e-01   9.364221e-07   1.756051e-04   5.061582e-08   372
  5.785440e-01   9.739468e-07   2.681827e-04   4.570612e-08   576
  5.795542e-01   9.686721e-07   1.123146e-04   4.278476e-08   636
  5.802740e-01   9.104067e-07   2.165136e-04   4.078351e-08   648
  5.812477e-01   1.039738e-06   1.760019e-04   5.136073e-08   576
  5.819467e-01   9.265401e-07   2.839096e-04   4.690222e-08   528
  5.828762e-01   8.772600e-07   1.213831e-04   5.143238e-08   360
  5.836457e-01   8.918995e-07   2.792266e-04   3.759246e-08   672
  5.846504e-01   8.984406e-07   1.430245e-04   3.623352e-08   804
  5.854866e-01   1.026319e-06   1.577731e-04   5.883963e-08   408
  5.864116e-01   8.464074e-07   9.752092e-05   4.201818e-08   384
  5.870345e-01   8.808901e-07   2.231653e-04   4.900180e-08   480
  5.879130e-01   9.404518e-07   1.441975e-04   4.731274e-08   432
  5.887557e-01   1.047648e-06   2.657252e-04   4.529898e-08   648
  5.897530e-01   9.638476e-07   1.648813e-04   4.697929e-08   624
  5.904826e-01   9.970411e-07   1.499734e-04   5.897060e-08   456
  5.914788e-01   8.839487e-07   2.048770e-04   4.938621e-08   588
  5.921465e-01   8.480379e-07   1.307107e-04   3.981919e-08   600
  5.931212e-01   8.908421e-07   2.038766e-04   3.585293e-08   708
  5.938912e-01   8.222439e-07   1.284383e-04   4.775292e-08   360
  5.947420e-01   9.543555e-07   1.476433e-04   4.891210e-08   552
  5.955576e-01   8.943444e-07   1.035752e-04   6.582164e-08   288
  5.963856e-01   8.273366e-07   1.947498e-04   3.889234e-08   528
  5.971636e-01   8.536302e-07   1.313872e-04   4.250688e-08   456
  5.980328e-01   9.236967e-07   2.329780e-04   4.215211e-08   608
  5.989070e-01   8.372367e-07   1.127174e-04   4.202969e-08   504
  5.998623e-01   8.254683e-07   2.419978e-04   4.440993e-08   540
  6.006113e-01   1.001428e-06   2.597778e-04   6.541537e-08   360
  6.014188e-01   1.023556e-06   1.176407e-04   4.832576e-08   540
  6.021329e-01   9.282393e-07   1.010085e-04   4.580226e-08   576
  6.031714e-01   8.867232e-07   2.342044e-04   3.940835e-08   588
  6.041588e-01   9.292510e-07   3.231314e-04   4.326837e-08   672
  6.050070e-01   1.005480e-06   2.469721e-04   5.190829e-08   552
  6.056908e-01   7.087389e-07   2.470970e-04   6.439551e-08   144
  6.065633e-01   9.332833e-07   2.099342e-04   4.393647e-08   600
  6.073906e-01   8.282242e-07   2.630934e-04   4.302954e-08   504
  6.083088e-01   9.077432e-07   2.702501e-04   6.453844e-08   336
  6.092745e-01   8.870251e-07   3.037623e-04   3.878788e-08   600
  6.101395e-01   8.777679e-07   1.960382e-04   4.144850e-08   636
  6.110731e-01   9.268073e-07   1.576165e-04   6.991398e-08   384
  6.117276e-01   9.244241e-07   2.198564e-04   5.725599e-08   504
  6.126710e-01   9.220959e-07   9.227064e-05   6.495158e-08   240
  6.134155e-01   9.372175e-07   2.167569e-04   3.716948e-08   744
  6.143088e-01   8.529457e-07   1.480120e-04   4.059208e-08   648
  6.151027e-01   1.266826e-06   9.825476e-05   1.164699e-07   120
  6.160331e-01   8.214736e-07   1.543455e-04   3.591188e-08   564
  6.167362e-01   1.017049e-06   2.424089e-04   5.629265e-08   432
  6.176746e-01   8.023696e-07   1.881572e-04   5.147662e-08   480
  6.183811e-01   7.340552e-07   1.384885e-04   4.278978e-08   456
  6.192152e-01   8.770016e-07   2.291780e-04   5.112087e-08   444
  6.201616e-01   8.617152e-07   3.506544e-04   4.349295e-08   528
  6.209930e-01   9.070031e-07   2.604238e-04   7.608924e-08   264
  6.217998e-01   8.502508e-07   2.668956e-04   4.724478e-08   444
  6.228852e-01   8.988840e-07   2.923449e-04   3.985605e-08   696
  6.237861e-01   9.066177e-07   1.563558e-04   5.333071e-08   384
  6.244450e-01   9.349978e-07   1.975687e-04   5.163675e-08   432
  6.254698e-01   1.113200e-06   1.365107e-04   7.236177e-08   488
  6.261352e-01   9.920165e-07   2.057386e-04   4.854153e-08   480
  6.270999e-01   8.505669e-07   2.294412e-04   5.077971e-08   480
  6.278471e-01   8.323412e-07   9.626648e-05   5.369581e-08   240
  6.286954e-01   9.052537e-07   2.248709e-04   4.496017e-08   600
  6.294955e-01   8.418886e-07   1.959519e-04   5.687140e-08   288
  6.303474e-01   9.109327e-07   1.884914e-04   5.372170e-08   480
  6.312103e-01   7.658233e-07   3.352926e-04   4.371809e-08   504
  6.320598e-01   1.073187e-06   1.438614e-04   7.541268e-08   216
  6.331433e-01   9.352243e-07   2.355240e-04   5.591208e-08   504
  6.339871e-01   8.294326e-07   1.894329e-04   4.786408e-08   456
  6.349107e-01   1.161763e-06   1.086430e-04   7.443236e-08   384
  6.355225e-01   1.089222e-06   2.205061e-04   6.411509e-08   480
  6.363918e-01   7.955953e-07   1.936290e-04   4.721837e-08   504
  6.371972e-01   9.548171e-07   1.228262e-04   6.574688e-08   312
  6.380652e-01   9.166235e-07   1.979302e-04   5.548344e-08   492
  6.388334e-01   9.623596e-07   1.855135e-04   5.737528e-08   312
  6.398223e-01   8.305113e-07   3.013519e-04   3.646539e-08   576
  6.406929e-01   1.018058e-06   2.781722e-04   7.872588e-08   336
  6.414159e-01   6.927976e-07   2.141797e-04   5.126264e-08   240
  6.424183e-01   8.833429e-07   2.839481e-04   5.125522e-08   468
  6.432837e-01   8.587420e-07   1.777925e-04   8.835566e-08   192
  6.441896e-01   7.270728e-07   1.783224e-04   5.180848e-08   324
  6.448535e-01   8.567003e-07   1.294235e-04   4.601918e-08   600
  6.457583e-01   8.419529e-07   2.099764e-04   4.666686e-08   456
  6.464302e-01   9.390753e-07   9.444737e-05   6.310588e-08   336
  6.475438e-01   8.789742e-07   2.828021e-04   4.552357e-08   612
  6.483539e-01   6.001946e-07   2.373399e-04   8.096258e-08   144
  6.491201e-01   9.509384e-07   2.770366e-04   5.247269e-08   552
  6.501620e-01   6.655781e-07   1.091004e-04   4.100437e-08   264
  6.507507e-01   7.943458e-07   2.525953e-04   5.682218e-08   336
  6.516793e-01   7.863053e-07   1.669063e-04   4.541144e-08   384
  6.524847e-01   7.573308e-07   9.395175e-05   6.818190e-08   216
  6.533762e-01   7.087624e-07   1.991971e-04   4.941740e-08   344
  6.541891e-01   6.632726e-07   2.972114e-04   4.142183e-08   408
  6.551797e-01   7.997832e-07   2.283876e-04   7.217348e-08   264
  6.560575e-01   7.756231e-07   3.183837e-04   4.004714e-08   612
  6.569345e-01   9.490707e-07   1.638646e-04   6.188734e-08   408
  6.578364e-01   7.478809e-07   1.641001e-04   5.485782e-08   444
  6.584991e-01   1.263739e-06   9.177996e-05   1.199757e-07   120
  6.593870e-01   8.905548e-07   2.535712e-04   6.625905e-08   336
  6.600460e-01   7.591463e-07   8.811499e-05   5.555375e-08   288
  6.609366e-01   7.899440e-07   2.742154e-04   4.144287e-08   552
  6.621610e-01   8.720377e-07   0.000000e+00   1.241259e-07   72
  6.627906e-01   7.930598e-07   2.723657e-04   4.562777e-08   504
  6.635259e-01   5.327055e-07   8.764464e-05   4.854857e-08   216
  6.644787e-01   7.148365e-07   1.564835e-04   5.319875e-08   312
  6.653340e-01   5.859435e-07   1.781811e-04   3.967314e-08   336
  6.661492e-01   6.825945e-07   2.469789e-04   5.895299e-08   204
  6.669611e-01   1.083456e-06   2.870270e-04   7.328721e-08   504
  6.678221e-01   9.899283e-07   2.733322e-04   6.251947e-08   396
  6.686501e-01   7.909543e-07   2.506599e-04   5.938659e-08   312
  6.696540e-01   1.063895e-06   1.531800e-04   9.745199e-08   216
  6.703613e-01   7.911935e-07   8.313373e-05   8.605101e-08   168
  6.712208e-01   8.030966e-07   2.099173e-04   4.314286e-08   588
  6.722017e-01   6.182244e-07   2.849381e-04   5.193252e-08   240
  6.729637e-01   6.259609e-07   2.516481e-04   5.761344e-08   264
  6.738575e-01   7.752580e-07   3.112147e-04   6.826343e-08   288
  6.746505e-01   8.455066e-07   1.554077e-04   7.103424e-08   288
  6.756555e-01   6.082818e-07   1.459525e-04   4.736602e-08   288
  6.763322e-01   7.379160e-07   1.690738e-04   5.837127e-08   192
  6.771836e-01   5.670446e-07   1.799115e-04   4.412927e-08   264
  6.779946e-01   1.136815e-06   2.959295e-04   8.107426e-08   372
  6.788675e-01   1.103780e-06   3.196167e-04   1.041032e-07   360
  6.799329e-01   1.010428e-06   1.352648e-04   1.421082e-07   144
  6.804835e-01   6.017875e-07   1.878769e-04   5.767627e-08   296
  6.813527e-01   7.107922e-07   2.024276e-04   6.794710e-08   288
  6.823478e-01   7.689117e-07   3.025230e-04   4.836022e-08   480
  6.832061e-01   6.832147e-07   2.513677e-04   1.121852e-07   192
  6.840407e-01   8.718689e-07   2.696262e-04   7.332888e-08   192
  6.847993e-01   6.281913e-07   1.718359e-04   5.185568e-08   288
  6.858544e-01   3.882392e-07   1.495808e-04   4.885576e-08   108
  6.863859e-01   6.663822e-07   1.438036e-04   6.120662e-08   240
  6.873243e-01   5.810324e-07   2.682690e-04   4.637247e-08   384
  6.882884e-01   8.072760e-07   3.272578e-04   8.537483e-08   108
  6.891409e-01   9.203348e-07   1.918773e-04   6.946096e-08   348
  6.900373e-01   5.904023e-07   2.002507e-04   6.389423e-08   312
  6.908379e-01   6.149512e-07   1.945855e-04   1.289067e-07   96
  6.915741e-01   7.299894e-07   2.590555e-04   5.479511e-08   384
  6.923987e-01   7.630414e-07   1.781778e-04   7.021084e-08   144
  6.932053e-01   7.670478e-07   2.737780e-04   5.682350e-08   408
  6.942079e-01   4.754405e-07   1.221243e-04   6.832644e-08   144
  6.951550e-01   7.139943e-07   2.347853e-04   8.051069e-08   192
  6.957167e-01   9.110865e-07   2.642552e-04   9.997067e-08   144
  6.966323e-01   5.637235e-07   2.148492e-04   5.755772e-08   144
  6.974962e-01   7.783503e-07   2.625805e-04   7.101024e-08   336
  6.985541e-01   4.406812e-07   1.942763e-04   3.372308e-08   240
  6.992249e-01   5.956968e-07   8.821915e-05   8.419003e-08   96
  7.001605e-01   7.765844e-07   2.587043e-04   6.515919e-08   372
  7.011070e-01   6.189760e-07   3.077232e-04   9.637982e-08   132
  7.019384e-01   4.937259e-07   1.904154e-04   3.845774e-08   264
  7.026821e-01   1.022086e-06   1.462304e-04   1.202764e-07   168
  7.034759e-01   7.557252e-07   2.337943e-04   6.322513e-08   216
  7.041771e-01   5.216249e-07   1.430383e-04   6.656106e-08   216
  7.051983e-01   3.470567e-07   2.624157e-04   4.031865e-08   96
  7.061249e-01   7.903762e-07   1.712023e-04   9.795391e-08   120
  7.069747e-01   5.799620e-07   2.176463e-04   6.070082e-08   216
  7.076747e-01   4.955300e-07   9.511215e-05   5.204295e-08   200
  7.086015e-01   6.547442e-07   2.462045e-04   8.531043e-08   288
  7.097902e-01   2.505523e-07   6.478119e-05   2.056618e-08   144
  7.102908e-01   6.827628e-07   2.015951e-04   1.205370e-07   168
  7.113130e-01   5.729737e-07   2.268765e-04   8.729369e-08   159
  7.121109e-01   4.686242e-07   2.380480e-04   3.779156e-08   174
  7.128831e-01   4.209933e-07   2.158536e-04   4.188633e-08   144
  7.138943e-01   6.535997e-07   1.246398e-04   6.032199e-08   222
  7.145705e-01   5.143365e-07   1.257726e-04   6.017315e-08   168
  7.157386e-01   7.110926e-07   2.758677e-04   1.666400e-07   30
  7.162211e-01   2.275889e-07   2.435709e-04   3.222468e-08   72
  7.171298e-01   5.130438e-07   2.173841e-04   5.388097e-08   258
  7.181290e-01   4.346671e-07   1.361533e-04   3.626235e-08   264
  7.186286e-01   5.266498e-07   1.468278e-08   8.714402e-08   72
  7.196697e-01   2.975456e-07   2.698616e-04   3.186854e-08   174
  7.206123e-01   5.603711e-07   2.873527e-04   7.919434e-08   168
  7.213701e-01   1.668437e-07   8.991328e-09   2.517493e-08   48
  7.221837e-01   3.177296e-07   1.622748e-04   3.672836e-08   150
  7.231270e-01   7.186275e-07   2.985162e-04   6.801745e-08   168
  7.240729e-01   3.550348e-07   1.818422e-04   4.005951e-08   144
  7.249427e-01   4.875993e-07   1.698820e-04   9.271067e-08   102
  7.255906e-01   1.943975e-07   2.514545e-04   1.700698e-08   96
  7.266185e-01   1.516683e-07   2.495518e-04   1.240149e-08   120
  7.273797e-01   1.525984e-07   2.676508e-04   1.249209e-08   168
  7.282031e-01   6.124788e-07   1.976389e-04   6.525169e-08   126
  7.289046e-01   3.690346e-07   1.490593e-04   5.224424e-08   168
  7.298711e-01   2.103677e-07   2.390167e-04   3.073757e-08   72
  7.307158e-01   2.293312e-07   2.993022e-04   2.085596e-08   168
  7.314557e-01   4.853935e-07   8.205344e-05   9.880380e-08   78
  7.324696e-01   2.198557e-07   1.347256e-04   2.974160e-08   60
  7.332860e-01   7.060260e-07   2.185468e-04   1.374785e-07   96
  7.341327e-01   2.743147e-07   2.651884e-04   2.375349e-08   168
  7.349284e-01   2.254097e-07   1.678009e-04   4.118149e-08   86
  7.357634e-01   1.852954e-07   1.499742e-04   2.636092e-08   120
  7.369601e-01   2.115678e-07   1.069515e-04   2.090220e-08   168
  7.376055e-01   1.304960e-07   0.000000e+00   1.526481e-08   48
  7.384747e-01   4.612519e-07   1.948541e-04   5.401076e-08   120
  7.389742e-01   3.001135e-07   1.421539e-04   4.341011e-08   126
  7.401935e-01   2.700711e-07   2.500091e-04   3.379389e-08   96
  7.409848e-01   2.634780e-07   7.209028e-05   2.736305e-08   96
  7.416089e-01   1.794981e-07   8.477105e-09   2.258794e-08   72
  7.429385e-01   2.133495e-07   8.991328e-09   4.218626e-08   24
  7.437683e-01   2.929644e-07   1.483601e-04   2.819998e-08   120
  7.444157e-01   2.316566e-07   2.164118e-04   3.184103e-08   126
  7.451355e-01   1.772422e-07   1.804085e-04   2.208863e-08   96
  7.459766e-01   1.103840e-07   3.117986e-04   1.304317e-08   72
  7.469132e-01   1.833138e-07   1.348634e-04   1.625663e-08   144
  7.476836e-01   1.879959e-07   7.778603e-05   2.587959e-08   72
  7.484533e-01   2.834320e-07   1.553665e-04   5.666195e-08   54
  7.491306e-01   2.703978e-07   1.369149e-04   3.181744e-08   108
  7.505382e-01   3.105790e-07   1.342120e-04   3.599214e-08   72
  7.509765e-01   2.280855e-07   7.744493e-05   2.659727e-08   72
  7.520162e-01   1.360279e-07   1.557344e-08   1.814644e-08   24
  7.529998e-01   8.171863e-08   1.638381e-04   1.351242e-08   48
  7.535971e-01   2.221603e-07   1.248023e-04   3.164065e-08   102
  7.544963e-01   1.520259e-07   2.822510e-04   1.291313e-08   168
  7.556711e-01   1.185804e-07   1.539331e-04   1.692635e-08   72
  7.561064e-01   1.388993e-07   0.000000e+00   2.296902e-08   48
  7.570195e-01   1.806831e-07   2.647743e-04   2.016968e-08   120
  7.582245e-01   1.731275e-07   1.627091e-04   1.543046e-08   96
  7.593627e-01   3.847415e-07   1.438612e-08   1.369958e-07   30
  7.607153e-01   2.371944e-07   7.644796e-05   3.538285e-08   72
  7.613097e-01   1.276744e-07   8.991328e-09   2.966975e-08   24
  7.620733e-01   6.444593e-08   1.133148e-04   1.155585e-08   56
  7.629285e-01   6.397346e-08   1.617059e-04   6.188198e-09   96
  7.639519e-01   1.379690e-07   1.785629e-04   1.339849e-08   144
  7.647411e-01   2.000364e-07   1.013810e-04   4.483867e-08   54
  7.658874e-01   1.345783e-07   1.518795e-04   1.470950e-08   108
  7.670409e-01   3.336859e-07   8.041947e-05   6.290539e-08   48
  7.681392e-01   1.433117e-07   3.028050e-04   1.519605e-08   72
  7.707744e-01   2.726509e-07   2.000642e-04   3.665020e-08   78
  7.715046e-01   6.800556e-08   1.507735e-04   8.300783e-09   72
  7.723570e-01   7.500028e-08   1.505863e-04   8.973187e-09   72
  7.732482e-01   1.388582e-07   3.633813e-04   1.286605e-08   96
  7.739527e-01   8.127619e-08   1.502759e-04   5.592096e-09   72
  7.748024e-01   1.153643e-07   0.000000e+00   1.975032e-08   24
  7.756510e-01   1.322203e-07   2.998733e-04   1.555509e-08   72
  7.775680e-01   1.603205e-07   1.904287e-04   3.306091e-08   30
  7.779804e-01   2.232216e-07   0.000000e+00   4.942230e-08   24
  7.801973e-01   6.144276e-08   1.581267e-04   8.893022e-09   48
  7.808927e-01   9.153340e-08   3.402886e-04   1.344836e-08   120
  7.818296e-01   6.146739e-08   1.487821e-04   8.825221e-09   72
  7.827758e-01   8.895276e-08   1.486022e-04   1.550056e-08   36
  7.834261e-01   9.644100e-08   2.937071e-04   1.217807e-08   78
  7.852411e-01   1.185594e-07   1.571111e-04   1.354422e-08   48
  7.875942e-01   1.654590e-07   1.271566e-08   2.298412e-08   24
  7.892707e-01   3.331096e-08   1.094089e-04   5.428020e-09   56
  7.901149e-01   4.216582e-08   1.683597e-04   4.452080e-09   102
  7.911888e-01   6.713105e-08   1.198844e-08   8.042000e-09   72
  7.918122e-01   8.119252e-08   8.991328e-09   1.340777e-08   24
  7.929021e-01   6.587724e-08   1.555930e-04   8.576432e-09   48
  7.949223e-01   8.810574e-08   0.000000e+00   1.994036e-08   24
  7.974016e-01   7.861750e-08   0.000000e+00   4.237530e-08   6
  7.981748e-01   2.331307e-08   0.000000e+00   4.940611e-09   24
  7.986898e-01   3.866802e-08   1.456409e-04   4.360987e-09   72
  7.996307e-01   3.651051e-08   2.717068e-04   3.583014e-09   84
  8.006440e-01   5.668610e-08   0.000000e+00   1.349730e-08   24
  8.009521e-01   6.583585e-08   1.271566e-08   8.912577e-09   24
  8.024909e-01   6.449188e-08   1.557344e-08   1.281427e-08   24
  8.046403e-01   6.610404e-08   0.000000e+00   1.960506e-08   6
  8.073954e-01   2.269364e-08   1.528000e-04   3.028015e-09   48
  8.080572e-01   3.158715e-08   2.878503e-04   3.347660e-09   72
  8.089220e-01   4.230420e-08   1.525117e-04   6.150345e-09   48
  8.102934e-01   8.072863e-08   0.000000e+00   1.373085e-08   24
  8.121184e-01   1.498530e-07   0.000000e+00   2.215970e-08   6
  8.162097e-01   1.325113e-08   0.000000e+00   2.919338e-09   8
  8.165120e-01   2.635323e-08   8.991328e-09   7.073570e-09   48
  8.172369e-01   2.985786e-08   1.479045e-04   4.709882e-09   60
  8.183231e-01   4.672989e-08   0.000000e+00   9.792393e-09   24
  8.198293e-01   3.788922e-08   0.000000e+00   1.016028e-08   6
  8.253784e-01   1.870748e-08   0.000000e+00   3.373183e-09   24
  8.258266e-01   1.996339e-08   1.493898e-04   2.174879e-09   48
  8.265733e-01   2.467158e-08   0.000000e+00   6.886661e-09   24
  8.277664e-01   7.624554e-09   0.000000e+00   1.512570e-09   6
  8.345448e-01   1.147276e-08   1.393664e-04   2.218253e-09   36
  8.350375e-01   2.028363e-08   0.000000e+00   5.636276e-09   24
  8.359234e-01   2.086676e-08   0.000000e+00   1.092049e-08   6
  8.436361e-01   1.600913e-08   1.266552e-04   2.200197e-09   32
  8.442939e-01   8.124826e-09   0.000000e+00   2.191034e-09   6
  8.525822e-01   1.238256e-08   0.000000e+00   2.829846e-09   12
  8.528715e-01   1.931758e-08   0.000000e+00   1.141552e-09   6
  8.616502e-01   6.045549e-09   0.000000e+00   9.362489e-10   6
