# power spectrum of phi
# redshift z=30.000000
# k              Pk             sigma(k)       sigma(Pk)      count
  2.094395e-02   1.247218e-10   1.873193e-10   5.028918e-11   6
  4.041873e-02   4.747989e-11   7.123136e-03   7.724273e-12   50
  6.490740e-02   3.139302e-11   7.704015e-03   2.824353e-12   146
  8.919218e-02   1.584828e-11   6.515352e-03   9.789967e-13   258
  1.152383e-01   7.264781e-12   7.588046e-03   3.309024e-13   488
  1.414449e-01   5.085228e-12   7.538441e-03   2.099318e-13   698
  1.659742e-01   3.124133e-12   7.050465e-03   1.093570e-13   906
  1.914641e-01   2.035000e-12   7.471609e-03   5.623803e-14   1334
  2.173330e-01   1.412389e-12   6.995022e-03   3.485450e-14   1610
  2.424567e-01   1.084389e-12   7.345390e-03   2.503000e-14   2024
  2.678993e-01   8.028152e-13   7.580509e-03   1.594478e-14   2538
  2.938190e-01   5.950202e-13   7.447628e-03   1.132416e-14   3074
  3.195712e-01   4.855057e-13   7.220239e-03   8.481244e-15   3530
  3.446864e-01   3.753914e-13   7.270973e-03   5.852434e-15   4056
  3.699787e-01   3.103743e-13   7.428541e-03   4.528356e-15   4814
  3.958636e-01   2.444401e-13   7.424289e-03   3.348015e-15   5570
  4.214096e-01   2.081565e-13   7.192216e-03   2.715597e-15   6090
  4.461528e-01   1.775866e-13   7.017327e-03   2.230781e-15   6674
  4.716496e-01   1.460721e-13   7.522617e-03   1.604700e-15   8000
  4.976255e-01   1.271767e-13   7.432317e-03   1.353305e-15   8690
  5.234355e-01   1.062312e-13   7.563486e-03   1.106829e-15   9762
  5.488848e-01   9.119965e-14   7.139761e-03   8.716957e-16   10262
  5.740202e-01   8.030066e-14   7.208672e-03   7.618144e-16   11384
  5.998726e-01   6.832927e-14   7.605282e-03   6.012035e-16   12978
  6.254488e-01   6.186331e-14   7.225996e-03   5.384536e-16   13322
  6.507142e-01   5.251196e-14   7.369919e-03   4.322626e-16   14858
  6.762540e-01   4.720606e-14   7.250774e-03   3.743463e-16   15858
  7.016736e-01   4.109618e-14   7.353014e-03   3.133058e-16   17120
  7.269255e-01   3.754854e-14   7.307103e-03   2.819535e-16   18206
  7.526206e-01   3.346569e-14   7.525550e-03   2.345966e-16   20282
  7.783742e-01   2.957373e-14   7.276293e-03   2.011937e-16   20946
  8.037396e-01   2.692469e-14   7.373172e-03   1.796163e-16   22514
  8.292023e-01   2.429713e-14   7.345694e-03   1.565837e-16   23936
  8.546745e-01   2.230883e-14   7.347089e-03   1.425897e-16   25458
  8.800992e-01   2.002685e-14   7.329232e-03   1.225869e-16   26882
  9.054925e-01   1.867193e-14   7.338127e-03   1.103335e-16   28514
  9.311790e-01   1.697734e-14   7.460228e-03   9.629584e-17   30740
  9.568777e-01   1.513490e-14   7.357333e-03   8.589577e-17   31866
  9.821952e-01   1.417533e-14   7.331624e-03   7.830111e-17   33314
  1.007650e+00   1.281555e-14   7.414657e-03   6.820852e-17   35666
  1.033253e+00   1.200650e-14   7.318024e-03   6.329333e-17   37242
  1.058762e+00   1.101560e-14   7.338439e-03   5.609402e-17   39008
  1.084162e+00   1.009831e-14   7.377341e-03   5.004456e-17   40874
  1.109663e+00   9.213486e-15   7.384274e-03   4.441391e-17   43134
  1.135231e+00   8.738564e-15   7.323407e-03   4.146384e-17   44906
  1.160648e+00   8.068660e-15   7.324475e-03   3.739400e-17   46688
  1.186063e+00   7.581993e-15   7.393303e-03   3.440925e-17   49106
  1.211638e+00   7.013840e-15   7.403029e-03   3.073258e-17   51498
  1.237270e+00   6.579583e-15   7.385683e-03   2.837393e-17   53570
  1.262712e+00   6.112912e-15   7.321723e-03   2.611587e-17   55226
  1.288093e+00   5.743323e-15   7.341969e-03   2.392796e-17   57708
  1.313634e+00   5.332785e-15   7.407574e-03   2.182850e-17   60530
  1.339301e+00   5.029485e-15   7.432212e-03   2.001326e-17   63050
  1.364534e+00   4.681305e-15   7.161349e-03   1.864055e-17   63138
  1.389920e+00   4.450529e-15   7.475118e-03   1.703173e-17   68594
  1.415805e+00   4.155668e-15   7.439430e-03   1.566688e-17   70664
  1.441273e+00   3.906813e-15   7.308630e-03   1.463614e-17   71594
  1.466675e+00   3.671894e-15   7.411357e-03   1.345243e-17   75438
  1.492191e+00   3.486233e-15   7.301996e-03   1.262075e-17   77258
  1.517767e+00   3.281373e-15   7.436078e-03   1.154435e-17   81128
  1.543221e+00   3.107007e-15   7.296345e-03   1.087615e-17   82098
  1.568696e+00   2.940250e-15   7.424693e-03   1.002542e-17   86690
  1.594426e+00   2.803240e-15   7.389266e-03   9.430917e-18   89306
  1.619960e+00   2.654334e-15   7.318410e-03   8.757587e-18   91074
  1.645323e+00   2.512692e-15   7.332853e-03   8.215494e-18   93908
  1.670710e+00   2.353922e-15   7.343977e-03   7.562383e-18   97106
  1.696187e+00   2.269589e-15   7.356873e-03   7.183616e-18   100370
  1.721752e+00   2.138988e-15   7.394531e-03   6.696166e-18   103914
  1.747332e+00   2.035829e-15   7.360597e-03   6.234987e-18   106616
  1.772874e+00   1.940740e-15   7.362187e-03   5.831900e-18   109850
  1.798406e+00   1.835503e-15   7.360683e-03   5.508357e-18   112842
  1.823780e+00   1.754192e-15   7.293039e-03   5.189533e-18   114914
  1.849190e+00   1.679824e-15   7.358923e-03   4.864270e-18   119582
  1.874776e+00   1.589663e-15   7.367534e-03   4.542331e-18   122888
  1.900308e+00   1.525657e-15   7.385270e-03   4.285414e-18   126090
  1.925820e+00   1.467661e-15   7.366580e-03   4.074648e-18   129482
  1.951341e+00   1.392810e-15   7.334265e-03   3.830271e-18   132818
  1.976809e+00   1.331447e-15   7.322888e-03   3.638626e-18   135810
  2.002209e+00   1.278296e-15   7.346060e-03   3.449864e-18   139304
  2.027792e+00   1.226118e-15   7.442133e-03   3.242529e-18   145022
  2.053380e+00   1.165519e-15   7.308775e-03   3.072615e-18   146370
  2.078794e+00   1.120383e-15   7.334480e-03   2.890290e-18   150338
  2.104269e+00   1.085610e-15   7.371946e-03   2.775159e-18   154544
  2.129794e+00   1.034327e-15   7.373878e-03   2.613111e-18   158546
  2.155453e+00   9.958660e-16   7.427055e-03   2.472101e-18   163602
  2.180972e+00   9.519727e-16   7.309285e-03   2.339328e-18   164642
  2.206370e+00   9.131121e-16   7.351997e-03   2.230123e-18   169790
  2.231837e+00   8.712007e-16   7.324438e-03   2.100310e-18   173136
  2.257387e+00   8.469299e-16   7.423329e-03   2.008884e-18   179090
  2.282912e+00   8.132133e-16   7.329232e-03   1.917277e-18   180890
  2.308457e+00   7.789157e-16   7.404053e-03   1.801883e-18   187434
  2.333949e+00   7.534914e-16   7.276406e-03   1.734449e-18   188000
  2.359383e+00   7.265198e-16   7.426870e-03   1.647348e-18   195338
  2.384874e+00   6.978473e-16   7.330167e-03   1.574001e-18   197246
  2.410353e+00   6.711372e-16   7.377053e-03   1.495939e-18   203394
  2.435901e+00   6.487284e-16   7.347720e-03   1.426953e-18   206834
  2.461361e+00   6.215330e-16   7.352103e-03   1.353645e-18   210728
  2.486883e+00   6.016173e-16   7.408456e-03   1.300850e-18   216930
  2.512465e+00   5.790740e-16   7.356142e-03   1.236696e-18   220226
  2.537932e+00   5.580242e-16   7.338615e-03   1.184816e-18   224018
  2.563367e+00   5.396175e-16   7.347478e-03   1.137085e-18   228644
  2.588906e+00   5.248144e-16   7.404034e-03   1.083973e-18   235098
  2.614571e+00   5.074923e-16   7.419460e-03   1.039478e-18   240098
  2.640032e+00   4.883038e-16   7.303768e-03   9.983481e-19   240794
  2.665399e+00   4.723824e-16   7.353580e-03   9.468082e-19   247626
  2.690948e+00   4.553288e-16   7.383215e-03   9.023515e-19   253472
  2.716502e+00   4.430814e-16   7.379669e-03   8.761836e-19   257594
  2.741989e+00   4.278091e-16   7.366069e-03   8.351012e-19   261954
  2.767506e+00   4.138441e-16   7.373825e-03   8.027868e-19   267830
  2.793068e+00   4.024475e-16   7.364123e-03   7.703299e-19   272474
  2.818538e+00   3.883051e-16   7.347491e-03   7.396304e-19   276008
  2.843958e+00   3.746796e-16   7.368971e-03   7.034817e-19   281754
  2.869505e+00   3.633719e-16   7.394802e-03   6.762076e-19   288578
  2.895121e+00   3.518437e-16   7.386730e-03   6.475378e-19   293450
  2.920590e+00   3.428729e-16   7.325223e-03   6.278482e-19   295680
  2.946058e+00   3.312734e-16   7.393210e-03   6.013865e-19   304022
  2.971618e+00   3.203204e-16   7.353750e-03   5.761319e-19   307994
  2.997119e+00   3.110257e-16   7.361330e-03   5.569206e-19   313338
  3.022499e+00   3.032756e-16   7.291353e-03   5.399153e-19   315722
  3.048006e+00   2.924050e-16   7.422779e-03   5.135305e-19   327056
  3.073649e+00   2.853361e-16   7.377998e-03   4.969720e-19   330098
  3.099149e+00   2.759874e-16   7.360021e-03   4.769152e-19   334650
  3.124623e+00   2.690193e-16   7.344466e-03   4.620090e-19   340238
  3.150029e+00   2.612132e-16   7.295384e-03   4.471326e-19   343616
  3.175592e+00   2.542112e-16   7.449711e-03   4.281265e-19   355986
  3.201196e+00   2.469665e-16   7.341603e-03   4.126575e-19   356162
  3.226615e+00   2.399315e-16   7.337068e-03   3.993703e-19   362354
  3.252120e+00   2.331573e-16   7.358113e-03   3.851667e-19   369474
  3.277642e+00   2.278339e-16   7.364375e-03   3.728239e-19   374696
  3.303139e+00   2.216828e-16   7.372139e-03   3.583252e-19   380774
  3.328682e+00   2.142347e-16   7.376858e-03   3.449082e-19   387530
  3.354217e+00   2.093976e-16   7.353481e-03   3.342082e-19   392346
  3.379688e+00   2.042183e-16   7.345952e-03   3.250847e-19   397490
  3.405140e+00   1.979114e-16   7.351647e-03   3.124944e-19   404024
  3.430725e+00   1.934883e-16   7.408667e-03   3.016063e-19   413538
  3.456243e+00   1.883210e-16   7.315991e-03   2.939149e-19   414266
  3.481684e+00   1.828741e-16   7.363540e-03   2.809301e-19   423350
  3.507212e+00   1.778708e-16   7.356884e-03   2.720096e-19   429224
  3.532706e+00   1.737055e-16   7.357692e-03   2.647914e-19   434898
  3.558224e+00   1.686253e-16   7.391743e-03   2.533794e-19   442754
  3.583745e+00   1.644932e-16   7.358544e-03   2.464902e-19   447842
  3.609237e+00   1.605051e-16   7.340691e-03   2.395444e-19   453906
  3.634764e+00   1.573578e-16   7.379481e-03   2.325900e-19   462008
  3.660246e+00   1.529281e-16   7.346019e-03   2.243801e-19   465746
  3.685744e+00   1.486647e-16   7.382125e-03   2.170248e-19   475518
  3.711289e+00   1.451737e-16   7.343917e-03   2.106499e-19   480074
  3.736776e+00   1.418601e-16   7.361129e-03   2.035060e-19   486704
  3.762257e+00   1.381670e-16   7.371796e-03   1.970724e-19   493682
  3.787731e+00   1.352123e-16   7.348094e-03   1.921148e-19   499458
  3.813253e+00   1.318257e-16   7.384327e-03   1.854422e-19   508874
  3.838784e+00   1.284872e-16   7.356201e-03   1.800282e-19   513530
  3.864291e+00   1.254538e-16   7.371075e-03   1.747951e-19   521652
  3.889813e+00   1.225537e-16   7.360567e-03   1.697460e-19   527762
  3.915341e+00   1.200160e-16   7.382957e-03   1.642427e-19   535898
  3.940780e+00   1.168503e-16   7.313419e-03   1.595701e-19   538074
  3.966243e+00   1.145992e-16   7.379204e-03   1.546425e-19   550562
  3.991852e+00   1.119346e-16   7.396797e-03   1.503253e-19   558392
  4.017351e+00   1.091381e-16   7.345294e-03   1.464659e-19   560522
  4.042795e+00   1.070586e-16   7.371024e-03   1.423889e-19   570366
  4.068286e+00   1.043173e-16   7.342311e-03   1.377176e-19   576290
  4.093801e+00   1.020318e-16   7.381356e-03   1.334865e-19   586016
  4.119292e+00   9.969978e-17   7.350810e-03   1.299139e-19   590178
  4.144811e+00   9.766543e-17   7.396764e-03   1.259291e-19   602090
  4.170363e+00   9.538023e-17   7.345928e-03   1.228213e-19   605834
  4.195849e+00   9.307313e-17   7.364704e-03   1.190619e-19   614210
  4.221384e+00   9.130603e-17   7.384356e-03   1.162472e-19   623076
  4.246873e+00   8.927743e-17   7.343391e-03   1.134358e-19   627194
  4.272356e+00   8.699072e-17   7.375414e-03   1.091372e-19   637706
  4.297876e+00   8.537565e-17   7.362245e-03   1.067297e-19   644178
  4.323354e+00   8.329954e-17   7.348692e-03   1.040040e-19   651056
  4.348869e+00   8.179430e-17   7.374286e-03   1.011408e-19   661130
  4.374409e+00   8.015705e-17   7.373714e-03   9.833369e-20   668106
  4.399910e+00   7.806850e-17   7.359532e-03   9.527584e-20   674894
  4.425387e+00   7.660248e-17   7.342198e-03   9.335742e-20   682082
  4.450903e+00   7.518807e-17   7.375276e-03   9.063708e-20   692480
  4.476432e+00   7.337710e-17   7.375072e-03   8.813011e-20   699258
  4.501885e+00   7.213505e-17   7.336800e-03   8.632604e-20   704354
  4.527378e+00   7.060077e-17   7.372539e-03   8.401375e-20   716810
  4.552863e+00   6.903578e-17   7.328466e-03   8.172362e-20   720138
  4.578399e+00   6.752448e-17   7.414456e-03   7.904541e-20   736064
  4.603934e+00   6.635735e-17   7.335916e-03   7.776683e-20   736742
  4.629437e+00   6.506657e-17   7.381231e-03   7.578381e-20   750090
  4.654964e+00   6.378310e-17   7.349212e-03   7.414466e-20   754778
  4.680441e+00   6.242365e-17   7.358059e-03   7.187775e-20   763712
  4.705924e+00   6.128562e-17   7.355793e-03   7.037264e-20   771890
  4.731472e+00   5.991897e-17   7.394109e-03   6.789602e-20   784290
  4.756995e+00   5.875755e-17   7.346113e-03   6.669410e-20   787274
  4.782410e+00   5.750801e-17   7.329464e-03   6.478823e-20   794726
  4.807954e+00   5.650645e-17   7.402272e-03   6.326033e-20   811632
  4.833545e+00   5.552181e-17   7.368121e-03   6.198131e-20   815426
  4.859026e+00   5.425943e-17   7.349814e-03   6.034122e-20   822146
  4.884516e+00   5.333692e-17   7.358509e-03   5.891050e-20   832738
  4.910059e+00   5.224460e-17   7.375884e-03   5.728388e-20   842752
  4.935559e+00   5.126467e-17   7.355268e-03   5.607458e-20   848018
  4.961031e+00   5.031581e-17   7.365136e-03   5.474881e-20   858614
  4.986536e+00   4.928625e-17   7.354438e-03   5.332350e-20   867330
  5.012024e+00   4.857575e-17   7.346916e-03   5.228467e-20   875066
  5.037521e+00   4.755115e-17   7.371761e-03   5.100375e-20   886040
  5.063098e+00   4.665802e-17   7.401096e-03   4.970937e-20   899058
  5.088646e+00   4.587288e-17   7.339706e-03   4.870183e-20   901322
  5.114060e+00   4.484402e-17   7.325146e-03   4.753947e-20   907922
  5.139544e+00   4.408709e-17   7.388109e-03   4.624463e-20   924548
  5.165087e+00   4.328229e-17   7.360044e-03   4.517589e-20   930522
  5.190617e+00   4.251665e-17   7.378221e-03   4.418252e-20   941906
  5.216116e+00   4.178018e-17   7.347520e-03   4.343225e-20   946802
  5.241631e+00   4.093433e-17   7.385776e-03   4.221553e-20   961866
  5.267164e+00   4.028929e-17   7.346424e-03   4.139771e-20   966104
  5.292642e+00   3.946083e-17   7.367530e-03   4.034046e-20   977090
  5.318144e+00   3.886655e-17   7.368347e-03   3.958292e-20   987006
  5.343657e+00   3.814035e-17   7.358130e-03   3.858173e-20   996410
  5.369188e+00   3.741359e-17   7.367897e-03   3.760566e-20   1007018
  5.394677e+00   3.686384e-17   7.351679e-03   3.706180e-20   1012712
  5.420186e+00   3.613510e-17   7.395231e-03   3.596244e-20   1028394
  5.445709e+00   3.549433e-17   7.345496e-03   3.533029e-20   1032434
  5.471171e+00   3.484403e-17   7.349295e-03   3.448675e-20   1042658
  5.496689e+00   3.428909e-17   7.385049e-03   3.372732e-20   1056696
  5.522177e+00   3.371615e-17   7.337841e-03   3.316475e-20   1060142
  5.547700e+00   3.318677e-17   7.394181e-03   3.234970e-20   1078706
  5.573233e+00   3.267245e-17   7.345490e-03   3.181433e-20   1081002
  5.598698e+00   3.206258e-17   7.356737e-03   3.106098e-20   1092818
  5.624194e+00   3.151955e-17   7.359845e-03   3.032158e-20   1103072
  5.649718e+00   3.102372e-17   7.383227e-03   2.979221e-20   1115930
  5.675249e+00   3.040591e-17   7.366868e-03   2.908988e-20   1123602
  5.700727e+00   2.989910e-17   7.346065e-03   2.846912e-20   1131638
  5.726216e+00   2.948141e-17   7.358860e-03   2.790937e-20   1144112
  5.751763e+00   2.893773e-17   7.388963e-03   2.732478e-20   1157706
  5.777272e+00   2.836734e-17   7.350537e-03   2.672084e-20   1161674
  5.802757e+00   2.799146e-17   7.364804e-03   2.619564e-20   1175642
  5.828289e+00   2.749398e-17   7.364879e-03   2.564042e-20   1186250
  5.853783e+00   2.708850e-17   7.351825e-03   2.519478e-20   1192968
  5.879270e+00   2.660353e-17   7.377555e-03   2.456479e-20   1207214
  5.904809e+00   2.618584e-17   7.374073e-03   2.408729e-20   1218290
  5.930311e+00   2.577437e-17   7.347396e-03   2.361642e-20   1224522
  5.955783e+00   2.538524e-17   7.359483e-03   2.322616e-20   1236722
  5.981289e+00   2.495603e-17   7.367166e-03   2.264934e-20   1248896
  6.006817e+00   2.462013e-17   7.371668e-03   2.233021e-20   1260186
  6.032316e+00   2.413313e-17   7.353402e-03   2.178878e-20   1267634
  6.057797e+00   2.375266e-17   7.357581e-03   2.134904e-20   1279670
  6.083302e+00   2.339030e-17   7.362654e-03   2.094390e-20   1291400
  6.108840e+00   2.297829e-17   7.382392e-03   2.046031e-20   1304898
  6.134379e+00   2.270324e-17   7.372474e-03   2.013745e-20   1313426
  6.159855e+00   2.236080e-17   7.343986e-03   1.978742e-20   1320482
  6.185330e+00   2.195804e-17   7.353712e-03   1.937517e-20   1334370
  6.210891e+00   2.162742e-17   7.394115e-03   1.897910e-20   1351712
  6.236415e+00   2.131119e-17   7.346193e-03   1.867567e-20   1353278
  6.261886e+00   2.088799e-17   7.359241e-03   1.817465e-20   1368162
  6.287403e+00   2.064568e-17   7.358316e-03   1.791344e-20   1379666
  6.312867e+00   2.033538e-17   7.336863e-03   1.766409e-20   1385120
  6.338363e+00   2.003702e-17   7.390988e-03   1.721596e-20   1406378
  6.363941e+00   1.971967e-17   7.377138e-03   1.693542e-20   1415970
  6.389439e+00   1.943097e-17   7.340919e-03   1.665462e-20   1420394
  6.414933e+00   1.911616e-17   7.374625e-03   1.630186e-20   1438250
  6.440436e+00   1.884128e-17   7.345189e-03   1.603494e-20   1444116
  6.465918e+00   1.853586e-17   7.362911e-03   1.570186e-20   1458842
  6.491438e+00   1.827723e-17   7.371056e-03   1.542093e-20   1471610
  6.516921e+00   1.798460e-17   7.340542e-03   1.513961e-20   1477866
  6.542403e+00   1.773351e-17   7.359540e-03   1.483126e-20   1493810
  6.567923e+00   1.743145e-17   7.367977e-03   1.453496e-20   1506032
  6.593462e+00   1.719391e-17   7.384462e-03   1.431653e-20   1519802
  6.618983e+00   1.694569e-17   7.361122e-03   1.402099e-20   1527654
  6.644490e+00   1.672577e-17   7.360487e-03   1.382296e-20   1540874
  6.669967e+00   1.643733e-17   7.340671e-03   1.355924e-20   1547576
  6.695454e+00   1.622314e-17   7.378056e-03   1.329091e-20   1566738
  6.720978e+00   1.594971e-17   7.357950e-03   1.304567e-20   1575554
  6.746515e+00   1.576686e-17   7.375144e-03   1.281969e-20   1591874
  6.772051e+00   1.551719e-17   7.359599e-03   1.259502e-20   1599482
  6.797518e+00   1.530529e-17   7.347453e-03   1.240070e-20   1607916
  6.823032e+00   1.507985e-17   7.389035e-03   1.215841e-20   1629482
  6.848574e+00   1.486592e-17   7.359831e-03   1.196273e-20   1635530
  6.874038e+00   1.469864e-17   7.342653e-03   1.180211e-20   1644018
  6.899504e+00   1.444145e-17   7.357156e-03   1.155261e-20   1660064
  6.925011e+00   1.425520e-17   7.363592e-03   1.133179e-20   1673666
  6.950564e+00   1.403704e-17   7.390464e-03   1.112477e-20   1691178
  6.976082e+00   1.384925e-17   7.347487e-03   1.097782e-20   1694150
  7.001548e+00   1.364145e-17   7.350123e-03   1.076318e-20   1708466
  7.027045e+00   1.347262e-17   7.361935e-03   1.059272e-20   1722752
  7.052524e+00   1.325911e-17   7.354998e-03   1.040073e-20   1731882
  7.078022e+00   1.307202e-17   7.376293e-03   1.019980e-20   1750730
  7.103585e+00   1.290871e-17   7.376736e-03   1.005795e-20   1764962
  7.129099e+00   1.272636e-17   7.346959e-03   9.886246e-21   1769370
  7.154581e+00   1.256108e-17   7.369608e-03   9.701321e-21   1786676
  7.180090e+00   1.238143e-17   7.362830e-03   9.569757e-21   1798370
  7.205609e+00   1.223245e-17   7.369089e-03   9.399396e-21   1813482
  7.231123e+00   1.207064e-17   7.357571e-03   9.271245e-21   1822898
  7.256627e+00   1.186961e-17   7.370928e-03   9.076278e-21   1838432
  7.282155e+00   1.171888e-17   7.373386e-03   8.930787e-21   1852058
  7.307666e+00   1.157891e-17   7.361505e-03   8.805791e-21   1861794
  7.333149e+00   1.138733e-17   7.358806e-03   8.634203e-21   1874162
  7.358623e+00   1.124542e-17   7.351475e-03   8.501101e-21   1886534
  7.384164e+00   1.111111e-17   7.389981e-03   8.350294e-21   1909464
  7.409699e+00   1.096421e-17   7.358477e-03   8.243341e-21   1912946
  7.435162e+00   1.081051e-17   7.351519e-03   8.110081e-21   1925258
  7.460671e+00   1.066651e-17   7.371944e-03   7.964622e-21   1945418
  7.486184e+00   1.052915e-17   7.352028e-03   7.854218e-21   1952280
  7.511686e+00   1.039303e-17   7.379041e-03   7.722310e-21   1971218
  7.537194e+00   1.024799e-17   7.359560e-03   7.591362e-21   1980254
  7.562688e+00   1.012962e-17   7.358769e-03   7.483565e-21   1994922
  7.588210e+00   9.983578e-18   7.370704e-03   7.357734e-21   2011754
  7.613722e+00   9.855912e-18   7.354168e-03   7.226824e-21   2020208
  7.639221e+00   9.718837e-18   7.367104e-03   7.121679e-21   2037402
  7.664736e+00   9.613155e-18   7.359654e-03   7.026664e-21   2049602
  7.690250e+00   9.485412e-18   7.365832e-03   6.920171e-21   2064338
  7.715745e+00   9.359382e-18   7.353552e-03   6.805516e-21   2074316
  7.741258e+00   9.214558e-18   7.373699e-03   6.670604e-21   2094450
  7.766807e+00   9.122463e-18   7.374515e-03   6.601320e-21   2107706
  7.792299e+00   9.019076e-18   7.347257e-03   6.508918e-21   2113538
  7.817752e+00   8.898156e-18   7.344616e-03   6.418909e-21   2128170
  7.843265e+00   8.790637e-18   7.375784e-03   6.305553e-21   2150936
  7.868810e+00   8.663721e-18   7.372240e-03   6.192631e-21   2162258
  7.894314e+00   8.559196e-18   7.357042e-03   6.099789e-21   2172390
  7.919814e+00   8.466920e-18   7.359669e-03   6.022245e-21   2188754
  7.945318e+00   8.336054e-18   7.355894e-03   5.926670e-21   2201210
  7.970811e+00   8.255279e-18   7.361815e-03   5.838977e-21   2215424
  7.996321e+00   8.129456e-18   7.373640e-03   5.740516e-21   2233338
  8.021821e+00   8.027983e-18   7.348152e-03   5.652922e-21   2241386
  8.047325e+00   7.939240e-18   7.369047e-03   5.576964e-21   2262218
  8.072811e+00   7.851099e-18   7.340615e-03   5.505508e-21   2267196
  8.098334e+00   7.751803e-18   7.391919e-03   5.407357e-21   2297690
  8.123880e+00   7.650929e-18   7.353296e-03   5.333726e-21   2300042
  8.149358e+00   7.572048e-18   7.355116e-03   5.279245e-21   2314410
  8.174853e+00   7.455733e-18   7.364016e-03   5.175447e-21   2332226
  8.200370e+00   7.391935e-18   7.363783e-03   5.112553e-21   2346968
  8.225880e+00   7.301550e-18   7.363679e-03   5.045895e-21   2360762
  8.251385e+00   7.204469e-18   7.363335e-03   4.966540e-21   2375298
  8.276899e+00   7.129154e-18   7.364839e-03   4.900371e-21   2391758
  8.302392e+00   7.007003e-18   7.345323e-03   4.804568e-21   2400032
  8.327865e+00   6.953327e-18   7.360986e-03   4.770247e-21   2418330
  8.353397e+00   6.860590e-18   7.385056e-03   4.667092e-21   2441042
  8.378926e+00   6.774792e-18   7.355046e-03   4.616598e-21   2447330
  8.404430e+00   6.701881e-18   7.363966e-03   4.556597e-21   2465546
  8.429938e+00   6.613758e-18   7.362381e-03   4.479042e-21   2478000
  8.455444e+00   6.552387e-18   7.372873e-03   4.432395e-21   2496422
  8.480958e+00   6.464873e-18   7.359921e-03   4.367403e-21   2508626
  8.506457e+00   6.388309e-18   7.359874e-03   4.310906e-21   2523594
  8.531943e+00   6.311697e-18   7.354810e-03   4.249029e-21   2536610
  8.557440e+00   6.242734e-18   7.367062e-03   4.188088e-21   2555912
  8.582965e+00   6.177308e-18   7.373258e-03   4.134136e-21   2573226
  8.608463e+00   6.088304e-18   7.350246e-03   4.068960e-21   2580434
  8.633977e+00   6.012736e-18   7.382539e-03   3.996061e-21   2607638
  8.659504e+00   5.955806e-18   7.354705e-03   3.959216e-21   2613008
  8.685007e+00   5.881059e-18   7.374775e-03   3.900917e-21   2634234
  8.710521e+00   5.808535e-18   7.365901e-03   3.843936e-21   2646434
  8.736014e+00   5.767637e-18   7.357753e-03   3.815946e-21   2660666
  8.761523e+00   5.682181e-18   7.366036e-03   3.742630e-21   2680338
  8.787049e+00   5.611721e-18   7.368477e-03   3.685856e-21   2695256
  8.812547e+00   5.567242e-18   7.360019e-03   3.660995e-21   2707022
  8.838022e+00   5.495442e-18   7.351255e-03   3.597495e-21   2721162
  8.863511e+00   5.443598e-18   7.360651e-03   3.558913e-21   2740514
  8.889023e+00   5.365374e-18   7.370397e-03   3.496513e-21   2758280
  8.914550e+00   5.317696e-18   7.375473e-03   3.464763e-21   2776034
  8.940075e+00   5.251061e-18   7.364824e-03   3.415039e-21   2788938
  8.965571e+00   5.192380e-18   7.355281e-03   3.372783e-21   2801642
  8.991062e+00   5.141481e-18   7.359515e-03   3.333906e-21   2819726
  9.016572e+00   5.083222e-18   7.364020e-03   3.288750e-21   2837352
  9.042084e+00   5.027238e-18   7.365325e-03   3.245234e-21   2853026
  9.067570e+00   4.963477e-18   7.351217e-03   3.206481e-21   2863538
  9.093065e+00   4.914592e-18   7.368240e-03   3.162686e-21   2887418
  9.118561e+00   4.855144e-18   7.345507e-03   3.117390e-21   2895354
  9.144102e+00   4.804702e-18   7.396156e-03   3.073610e-21   2930456
  9.169632e+00   4.751633e-18   7.347558e-03   3.043211e-21   2925938
  9.195115e+00   4.698125e-18   7.369936e-03   2.997479e-21   2952582
  9.220649e+00   4.651245e-18   7.366998e-03   2.968503e-21   2969474
  9.246148e+00   4.595803e-18   7.348604e-03   2.928264e-21   2977016
  9.271627e+00   4.547968e-18   7.363963e-03   2.883492e-21   2999034
  9.297144e+00   4.499083e-18   7.367021e-03   2.843999e-21   3018434
  9.322671e+00   4.444549e-18   7.363225e-03   2.810556e-21   3033914
  9.348164e+00   4.404876e-18   7.350790e-03   2.779447e-21   3043922
  9.373674e+00   4.360698e-18   7.378658e-03   2.749095e-21   3071604
  9.399208e+00   4.305038e-18   7.364437e-03   2.712925e-21   3082658
  9.424683e+00   4.264600e-18   7.343930e-03   2.687784e-21   3091082
  9.450174e+00   4.220286e-18   7.370312e-03   2.647746e-21   3119970
  9.475668e+00   4.172471e-18   7.342076e-03   2.618639e-21   3124880
  9.501187e+00   4.123908e-18   7.387781e-03   2.576904e-21   3160466
  9.526720e+00   4.087760e-18   7.353834e-03   2.554083e-21   3161970
  9.552200e+00   4.039540e-18   7.358644e-03   2.517308e-21   3181886
  9.577710e+00   3.998224e-18   7.363037e-03   2.492506e-21   3202250
  9.603235e+00   3.961850e-18   7.367464e-03   2.457970e-21   3219800
  9.628740e+00   3.921417e-18   7.361386e-03   2.437149e-21   3232482
  9.654236e+00   3.880691e-18   7.363665e-03   2.403633e-21   3251810
  9.679757e+00   3.835030e-18   7.367017e-03   2.369455e-21   3272330
  9.705247e+00   3.802727e-18   7.343493e-03   2.350690e-21   3277920
  9.730748e+00   3.769603e-18   7.381314e-03   2.324224e-21   3311078
  9.756278e+00   3.717810e-18   7.359562e-03   2.288852e-21   3319466
  9.781786e+00   3.681744e-18   7.365569e-03   2.261889e-21   3340162
  9.807269e+00   3.641132e-18   7.343717e-03   2.236457e-21   3347074
  9.832748e+00   3.614398e-18   7.367839e-03   2.217825e-21   3374672
  9.858288e+00   3.570837e-18   7.381311e-03   2.182636e-21   3398114
  9.883813e+00   3.533341e-18   7.360458e-03   2.160887e-21   3405930
  9.909307e+00   3.500268e-18   7.362166e-03   2.140789e-21   3424982
  9.934811e+00   3.459612e-18   7.361617e-03   2.107924e-21   3443618
  9.960343e+00   3.431195e-18   7.376339e-03   2.084130e-21   3467568
  9.985863e+00   3.401222e-18   7.361737e-03   2.076063e-21   3476762
  1.001135e+01   3.362362e-18   7.355785e-03   2.043288e-21   3492818
  1.003685e+01   3.324637e-18   7.365884e-03   2.015399e-21   3517154
  1.006235e+01   3.292103e-18   7.353534e-03   1.993128e-21   3527568
  1.008784e+01   3.260827e-18   7.373687e-03   1.969508e-21   3553130
  1.011337e+01   3.226715e-18   7.371166e-03   1.947844e-21   3571094
  1.013889e+01   3.195752e-18   7.364397e-03   1.925849e-21   3587850
  1.016439e+01   3.167278e-18   7.355054e-03   1.908804e-21   3601106
  1.018988e+01   3.137159e-18   7.360039e-03   1.888035e-21   3620672
  1.021537e+01   3.105869e-18   7.361210e-03   1.865693e-21   3639354
  1.024088e+01   3.077728e-18   7.368257e-03   1.843026e-21   3661394
  1.026641e+01   3.046418e-18   7.368852e-03   1.827142e-21   3679610
  1.029192e+01   3.017323e-18   7.362580e-03   1.806578e-21   3695180
  1.031742e+01   2.982363e-18   7.359296e-03   1.784076e-21   3711954
  1.034292e+01   2.959015e-18   7.367860e-03   1.768918e-21   3733202
  1.036843e+01   2.931164e-18   7.365749e-03   1.749045e-21   3751322
  1.039394e+01   2.900759e-18   7.361539e-03   1.724872e-21   3769554
  1.041945e+01   2.871862e-18   7.359581e-03   1.710411e-21   3786200
  1.044496e+01   2.843953e-18   7.371530e-03   1.689528e-21   3808850
  1.047045e+01   2.819541e-18   7.353767e-03   1.674733e-21   3819702
  1.049595e+01   2.795328e-18   7.364517e-03   1.658872e-21   3845738
  1.052147e+01   2.760172e-18   7.364071e-03   1.630407e-21   3863258
  1.054698e+01   2.743497e-18   7.365668e-03   1.626260e-21   3881216
  1.057247e+01   2.716211e-18   7.357553e-03   1.608332e-21   3895314
  1.059797e+01   2.691366e-18   7.370497e-03   1.590583e-21   3922562
  1.062349e+01   2.663168e-18   7.355939e-03   1.570543e-21   3934418
  1.064898e+01   2.642187e-18   7.361556e-03   1.559417e-21   3956076
  1.067449e+01   2.618306e-18   7.362690e-03   1.545543e-21   3975842
  1.070001e+01   2.590457e-18   7.369647e-03   1.524523e-21   3998378
  1.072552e+01   2.572435e-18   7.360187e-03   1.513585e-21   4011746
  1.075102e+01   2.542015e-18   7.358748e-03   1.494862e-21   4030794
  1.077653e+01   2.520129e-18   7.368798e-03   1.478828e-21   4055528
  1.080205e+01   2.499335e-18   7.363030e-03   1.463752e-21   4069946
  1.082756e+01   2.474895e-18   7.367951e-03   1.451144e-21   4092678
  1.085306e+01   2.449146e-18   7.355822e-03   1.430938e-21   4107098
  1.087857e+01   2.427887e-18   7.362404e-03   1.421253e-21   4129736
  1.090407e+01   2.410525e-18   7.359481e-03   1.408365e-21   4145754
  1.092957e+01   2.387875e-18   7.369499e-03   1.395136e-21   4170842
  1.095508e+01   2.364250e-18   7.357224e-03   1.380922e-21   4184906
  1.098058e+01   2.340769e-18   7.358443e-03   1.363223e-21   4205450
  1.100608e+01   2.321725e-18   7.360823e-03   1.354206e-21   4224720
  1.103161e+01   2.298961e-18   7.380198e-03   1.334741e-21   4254854
  1.105711e+01   2.277961e-18   7.344334e-03   1.326098e-21   4254938
  1.108260e+01   2.260103e-18   7.371571e-03   1.311760e-21   4290330
  1.110811e+01   2.241838e-18   7.358208e-03   1.302642e-21   4302314
  1.113362e+01   2.219598e-18   7.364088e-03   1.287078e-21   4326032
  1.115915e+01   2.199746e-18   7.377284e-03   1.271614e-21   4353090
  1.118466e+01   2.183650e-18   7.349556e-03   1.263475e-21   4356146
  1.121013e+01   2.161562e-18   7.352742e-03   1.254064e-21   4378574
  1.123564e+01   2.141518e-18   7.377840e-03   1.237290e-21   4413248
  1.126118e+01   2.127229e-18   7.366166e-03   1.229449e-21   4424802
  1.128668e+01   2.105459e-18   7.364098e-03   1.216857e-21   4444034
  1.131219e+01   2.088554e-18   7.363642e-03   1.204625e-21   4465586
  1.133769e+01   2.068748e-18   7.353009e-03   1.191064e-21   4479666
  1.136318e+01   2.052856e-18   7.365560e-03   1.182403e-21   4505720
  1.138870e+01   2.035615e-18   7.370625e-03   1.172425e-21   4529126
  1.141421e+01   2.016392e-18   7.359704e-03   1.161227e-21   4544154
  1.143971e+01   1.999752e-18   7.357713e-03   1.153380e-21   4562906
  1.146519e+01   1.983094e-18   7.356098e-03   1.140251e-21   4580720
  1.149070e+01   1.967419e-18   7.377889e-03   1.130432e-21   4614554
  1.151625e+01   1.950671e-18   7.370249e-03   1.121114e-21   4631226
  1.154175e+01   1.935226e-18   7.354640e-03   1.111465e-21   4642154
  1.156724e+01   1.916712e-18   7.360155e-03   1.099291e-21   4667270
  1.159275e+01   1.901638e-18   7.366053e-03   1.090433e-21   4690992
  1.161824e+01   1.885794e-18   7.353419e-03   1.081469e-21   4702298
  1.164376e+01   1.870091e-18   7.379504e-03   1.072817e-21   4740218
  1.166926e+01   1.854155e-18   7.346684e-03   1.060656e-21   4740866
  1.169475e+01   1.835146e-18   7.367183e-03   1.048915e-21   4775322
  1.172027e+01   1.825021e-18   7.367339e-03   1.044374e-21   4794272
  1.174578e+01   1.810936e-18   7.365354e-03   1.037216e-21   4812758
  1.177128e+01   1.794130e-18   7.362022e-03   1.024484e-21   4833354
  1.179679e+01   1.779666e-18   7.361861e-03   1.016726e-21   4855682
  1.182230e+01   1.764167e-18   7.365173e-03   1.007759e-21   4877120
  1.184781e+01   1.751527e-18   7.365583e-03   9.995578e-22   4897602
  1.187332e+01   1.735956e-18   7.364961e-03   9.903793e-22   4920170
  1.189882e+01   1.720960e-18   7.357188e-03   9.809228e-22   4935938
  1.192432e+01   1.708370e-18   7.366829e-03   9.747198e-22   4962578
  1.194984e+01   1.696268e-18   7.367150e-03   9.671672e-22   4983252
  1.197533e+01   1.683499e-18   7.358547e-03   9.609917e-22   4998410
  1.200083e+01   1.669588e-18   7.363119e-03   9.520443e-22   5023826
  1.202634e+01   1.655642e-18   7.368453e-03   9.431846e-22   5050674
  1.205184e+01   1.643217e-18   7.349977e-03   9.371698e-22   5059520
  1.207735e+01   1.629932e-18   7.376343e-03   9.286394e-22   5097362
  1.210287e+01   1.617818e-18   7.359761e-03   9.220318e-22   5106546
  1.212837e+01   1.602304e-18   7.369257e-03   9.112131e-22   5136398
  1.215387e+01   1.590800e-18   7.350552e-03   9.073456e-22   5146346
  1.217939e+01   1.579194e-18   7.380991e-03   8.972704e-22   5187608
  1.220490e+01   1.568061e-18   7.351254e-03   8.926676e-22   5187162
  1.223039e+01   1.554633e-18   7.364954e-03   8.828950e-22   5220698
  1.225591e+01   1.542155e-18   7.362195e-03   8.750685e-22   5242010
  1.228140e+01   1.531299e-18   7.352108e-03   8.699920e-22   5255064
  1.230690e+01   1.521108e-18   7.370377e-03   8.651129e-22   5289398
  1.233242e+01   1.507959e-18   7.364557e-03   8.582166e-22   5307410
  1.235792e+01   1.498443e-18   7.356514e-03   8.519286e-22   5323754
  1.238344e+01   1.484176e-18   7.372115e-03   8.433713e-22   5357538
  1.240897e+01   1.474606e-18   7.367164e-03   8.366869e-22   5375144
  1.243447e+01   1.463449e-18   7.359861e-03   8.317724e-22   5391050
  1.245997e+01   1.452558e-18   7.365813e-03   8.246859e-22   5417274
  1.248547e+01   1.442653e-18   7.358548e-03   8.192259e-22   5436014
  1.251096e+01   1.429867e-18   7.352162e-03   8.126221e-22   5454842
  1.253647e+01   1.422078e-18   7.369982e-03   8.078934e-22   5489040
  1.256199e+01   1.410837e-18   7.364184e-03   8.021736e-22   5505674
  1.258748e+01   1.400614e-18   7.358601e-03   7.960181e-22   5524586
  1.261298e+01   1.388562e-18   7.359769e-03   7.896591e-22   5549594
  1.263849e+01   1.378297e-18   7.366034e-03   7.830786e-22   5575056
  1.266400e+01   1.370877e-18   7.364145e-03   7.804484e-22   5594414
  1.268953e+01   1.359639e-18   7.375176e-03   7.711792e-22   5626658
  1.271505e+01   1.348469e-18   7.360146e-03   7.665825e-22   5639490
  1.274055e+01   1.340325e-18   7.357793e-03   7.632896e-22   5660474
  1.276605e+01   1.330732e-18   7.360634e-03   7.569459e-22   5684504
  1.279154e+01   1.319809e-18   7.354965e-03   7.509569e-22   5702562
  1.281705e+01   1.312472e-18   7.376626e-03   7.452539e-22   5742026
  1.284255e+01   1.300593e-18   7.345672e-03   7.387237e-22   5740826
  1.286803e+01   1.291866e-18   7.360457e-03   7.368188e-22   5775308
  1.289354e+01   1.284589e-18   7.372581e-03   7.316463e-22   5807154
  1.291908e+01   1.274414e-18   7.371265e-03   7.252952e-22   5827970
  1.294459e+01   1.265497e-18   7.360656e-03   7.202245e-22   5844290
  1.297010e+01   1.254820e-18   7.362134e-03   7.138149e-22   5870442
  1.299560e+01   1.247803e-18   7.356552e-03   7.121307e-22   5887208
  1.302110e+01   1.241700e-18   7.370271e-03   7.078152e-22   5919842
  1.304660e+01   1.231833e-18   7.354747e-03   7.030541e-22   5932014
  1.307209e+01   1.222793e-18   7.357369e-03   6.973514e-22   5958818
  1.309759e+01   1.213802e-18   7.365999e-03   6.912757e-22   5987642
  1.312311e+01   1.206542e-18   7.366757e-03   6.887054e-22   6009728
  1.314863e+01   1.198551e-18   7.370476e-03   6.842434e-22   6035874
  1.317415e+01   1.187796e-18   7.369198e-03   6.778950e-22   6059690
  1.319966e+01   1.179180e-18   7.356915e-03   6.728076e-22   6073922
  1.322514e+01   1.172881e-18   7.356187e-03   6.702393e-22   6096372
  1.325063e+01   1.166243e-18   7.360768e-03   6.675403e-22   6123098
  1.327615e+01   1.156811e-18   7.374395e-03   6.614662e-22   6157658
  1.330167e+01   1.148782e-18   7.361831e-03   6.562927e-22   6171266
  1.332717e+01   1.140691e-18   7.362589e-03   6.530554e-22   6196482
  1.335268e+01   1.134608e-18   7.365698e-03   6.516579e-22   6222032
  1.337820e+01   1.128166e-18   7.369124e-03   6.472176e-22   6246818
  1.340371e+01   1.119897e-18   7.363974e-03   6.429916e-22   6268254
  1.342922e+01   1.110579e-18   7.364153e-03   6.366731e-22   6294554
  1.345472e+01   1.102702e-18   7.355777e-03   6.337492e-22   6309464
  1.348021e+01   1.096152e-18   7.365106e-03   6.295384e-22   6339666
  1.350573e+01   1.089932e-18   7.369440e-03   6.258151e-22   6368186
  1.353123e+01   1.081318e-18   7.353942e-03   6.230505e-22   6380882
  1.355672e+01   1.075659e-18   7.363610e-03   6.198335e-22   6413450
  1.358223e+01   1.068230e-18   7.361843e-03   6.160258e-22   6434724
  1.360774e+01   1.061691e-18   7.365450e-03   6.137753e-22   6461474
  1.363324e+01   1.052970e-18   7.364122e-03   6.095218e-22   6485474
  1.365875e+01   1.046679e-18   7.362534e-03   6.043608e-22   6508890
  1.368425e+01   1.038669e-18   7.356621e-03   6.012651e-22   6528602
  1.370977e+01   1.033462e-18   7.373802e-03   5.983224e-22   6568424
  1.373529e+01   1.027972e-18   7.360519e-03   5.967408e-22   6579162
  1.376079e+01   1.019545e-18   7.359495e-03   5.930122e-22   6603218
  1.378631e+01   1.012001e-18   7.372150e-03   5.877970e-22   6641054
  1.381181e+01   1.005924e-18   7.346730e-03   5.855604e-22   6641912
  1.383730e+01   1.000271e-18   7.374212e-03   5.826321e-22   6688722
  1.386282e+01   9.925197e-19   7.359472e-03   5.783203e-22   6700898
  1.388831e+01   9.852279e-19   7.359551e-03   5.757263e-22   6727946
  1.391382e+01   9.796759e-19   7.362069e-03   5.736195e-22   6755274
  1.393934e+01   9.727945e-19   7.367642e-03   5.691394e-22   6784424
  1.396485e+01   9.675809e-19   7.361152e-03   5.674156e-22   6801806
  1.399035e+01   9.599900e-19   7.358943e-03   5.649234e-22   6825698
  1.401587e+01   9.530945e-19   7.372377e-03   5.600928e-22   6863514
  1.404138e+01   9.470440e-19   7.355192e-03   5.589612e-22   6871520
  1.406687e+01   9.418963e-19   7.359434e-03   5.564590e-22   6900482
  1.409238e+01   9.341440e-19   7.371023e-03   5.526697e-22   6936570
  1.411789e+01   9.288841e-19   7.357534e-03   5.508789e-22   6949610
  1.414338e+01   9.212106e-19   7.351558e-03   5.457169e-22   6970166
  1.416887e+01   9.141013e-19   7.363810e-03   5.432395e-22   7006560
  1.419440e+01   9.106353e-19   7.371064e-03   5.436496e-22   7036850
  1.421990e+01   9.026497e-19   7.355844e-03   5.382017e-22   7047602
  1.424540e+01   8.953036e-19   7.365844e-03   5.357464e-22   7084130
  1.427091e+01   8.893011e-19   7.358968e-03   5.329802e-22   7103250
  1.429642e+01   8.835956e-19   7.365504e-03   5.323114e-22   7132808
  1.432193e+01   8.760799e-19   7.367556e-03   5.288362e-22   7159430
  1.434744e+01   8.687523e-19   7.357573e-03   5.244642e-22   7176954
  1.437295e+01   8.616874e-19   7.367516e-03   5.214706e-22   7212698
  1.439846e+01   8.561342e-19   7.361724e-03   5.192836e-22   7231208
  1.442396e+01   8.495519e-19   7.362341e-03   5.181440e-22   7256874
  1.444946e+01   8.413121e-19   7.363130e-03   5.119022e-22   7284314
  1.447498e+01   8.358524e-19   7.368689e-03   5.120359e-22   7315058
  1.450050e+01   8.268941e-19   7.366464e-03   5.072630e-22   7338758
  1.452600e+01   8.212952e-19   7.359164e-03   5.072077e-22   7357008
  1.455150e+01   8.140278e-19   7.367042e-03   5.053325e-22   7389506
  1.457701e+01   8.072947e-19   7.362832e-03   5.022070e-22   7412042
  1.460251e+01   7.987001e-19   7.356940e-03   4.982995e-22   7433994
  1.462800e+01   7.904832e-19   7.359469e-03   4.953539e-22   7462256
  1.465350e+01   7.851121e-19   7.365169e-03   4.952299e-22   7492106
  1.467902e+01   7.762394e-19   7.370617e-03   4.899604e-22   7523602
  1.470454e+01   7.673404e-19   7.367107e-03   4.880344e-22   7547422
  1.473006e+01   7.588823e-19   7.364744e-03   4.843710e-22   7572218
  1.475558e+01   7.507577e-19   7.371346e-03   4.816735e-22   7603424
  1.478109e+01   7.443839e-19   7.359050e-03   4.804144e-22   7616802
  1.480659e+01   7.337681e-19   7.362658e-03   4.765078e-22   7649330
  1.483208e+01   7.242524e-19   7.352521e-03   4.741409e-22   7664930
  1.485757e+01   7.146278e-19   7.365392e-03   4.687012e-22   7703616
  1.488308e+01   7.079945e-19   7.365807e-03   4.691527e-22   7730054
  1.490860e+01   6.977972e-19   7.365842e-03   4.648410e-22   7757186
  1.493411e+01   6.880113e-19   7.365056e-03   4.620862e-22   7783034
  1.495960e+01   6.776299e-19   7.353264e-03   4.584038e-22   7797762
  1.498510e+01   6.678761e-19   7.367356e-03   4.553831e-22   7838864
  1.501060e+01   6.590618e-19   7.358532e-03   4.540360e-22   7854218
  1.503612e+01   6.485378e-19   7.376203e-03   4.510899e-22   7900890
  1.506163e+01   6.380239e-19   7.354089e-03   4.472681e-22   7906142
  1.508712e+01   6.213673e-19   7.357433e-03   4.362971e-22   7923347
  1.511263e+01   5.965032e-19   7.370254e-03   4.168890e-22   7924812
  1.513814e+01   5.696787e-19   7.360918e-03   3.946065e-22   7899788
  1.516364e+01   5.448633e-19   7.359931e-03   3.753147e-22   7886192
  1.518914e+01   5.219989e-19   7.362526e-03   3.568043e-22   7875224
  1.521466e+01   5.000075e-19   7.367555e-03   3.397030e-22   7864992
  1.524017e+01   4.804748e-19   7.363815e-03   3.244463e-22   7848128
  1.526569e+01   4.596854e-19   7.365639e-03   3.080830e-22   7838144
  1.529119e+01   4.411650e-19   7.356494e-03   2.933329e-22   7813752
  1.531668e+01   4.237416e-19   7.357571e-03   2.809364e-22   7800092
  1.534219e+01   4.073600e-19   7.368755e-03   2.677810e-22   7797992
  1.536769e+01   3.912400e-19   7.350868e-03   2.559798e-22   7764648
  1.539319e+01   3.768414e-19   7.370782e-03   2.453752e-22   7769852
  1.541871e+01   3.622783e-19   7.360152e-03   2.344385e-22   7744688
  1.544422e+01   3.493197e-19   7.365679e-03   2.250851e-22   7736588
  1.546972e+01   3.358239e-19   7.358180e-03   2.147066e-22   7713312
  1.549524e+01   3.238096e-19   7.373389e-03   2.062128e-22   7713944
  1.552075e+01   3.120225e-19   7.350912e-03   1.975560e-22   7676276
  1.554624e+01   3.012597e-19   7.363264e-03   1.894315e-22   7675248
  1.557174e+01   2.912782e-19   7.357247e-03   1.829149e-22   7652180
  1.559724e+01   2.809823e-19   7.365471e-03   1.745510e-22   7645184
  1.562275e+01   2.715176e-19   7.360925e-03   1.685876e-22   7626080
  1.564826e+01   2.626467e-19   7.366056e-03   1.620716e-22   7615392
  1.567378e+01   2.534556e-19   7.370367e-03   1.554192e-22   7603052
  1.569929e+01   2.453913e-19   7.356256e-03   1.503524e-22   7573520
  1.572479e+01   2.378953e-19   7.365219e-03   1.444251e-22   7567620
  1.575029e+01   2.306464e-19   7.358287e-03   1.399643e-22   7543724
  1.577579e+01   2.233601e-19   7.366900e-03   1.344176e-22   7537580
  1.580130e+01   2.165699e-19   7.360085e-03   1.298039e-22   7515276
  1.582682e+01   2.097381e-19   7.368584e-03   1.249192e-22   7508024
  1.585232e+01   2.036369e-19   7.356465e-03   1.210570e-22   7478168
  1.587782e+01   1.975541e-19   7.366698e-03   1.168512e-22   7471568
  1.590333e+01   1.916650e-19   7.361988e-03   1.129205e-22   7451580
  1.592884e+01   1.864314e-19   7.364933e-03   1.090992e-22   7437332
  1.595435e+01   1.810056e-19   7.366683e-03   1.053940e-22   7422200
  1.597987e+01   1.759359e-19   7.368560e-03   1.019786e-22   7408464
  1.600537e+01   1.710134e-19   7.357152e-03   9.906751e-23   7381436
  1.603087e+01   1.666889e-19   7.361393e-03   9.593245e-23   7368068
  1.605637e+01   1.619970e-19   7.365998e-03   9.274484e-23   7355760
  1.608189e+01   1.576829e-19   7.368054e-03   9.000528e-23   7341512
  1.610740e+01   1.535887e-19   7.354934e-03   8.740842e-23   7310384
  1.613289e+01   1.497046e-19   7.369710e-03   8.465529e-23   7306904
  1.615839e+01   1.458220e-19   7.350512e-03   8.233512e-23   7271520
  1.618389e+01   1.420657e-19   7.374702e-03   7.960001e-23   7279508
  1.620941e+01   1.385702e-19   7.357344e-03   7.755109e-23   7244240
  1.623493e+01   1.350577e-19   7.376406e-03   7.521460e-23   7244700
  1.626044e+01   1.320270e-19   7.355374e-03   7.349474e-23   7207652
  1.628593e+01   1.287336e-19   7.361057e-03   7.134941e-23   7196144
  1.631143e+01   1.255622e-19   7.362174e-03   6.921879e-23   7177356
  1.633693e+01   1.226784e-19   7.362825e-03   6.731651e-23   7160180
  1.636245e+01   1.196990e-19   7.370725e-03   6.545401e-23   7151288
  1.638795e+01   1.170510e-19   7.353531e-03   6.375382e-23   7115144
  1.641345e+01   1.145836e-19   7.373850e-03   6.235064e-23   7116408
  1.643897e+01   1.117880e-19   7.362977e-03   6.048043e-23   7089080
  1.646448e+01   1.091859e-19   7.363158e-03   5.890848e-23   7071440
  1.649000e+01   1.070162e-19   7.368165e-03   5.753723e-23   7057152
  1.651550e+01   1.046544e-19   7.360184e-03   5.620807e-23   7031192
  1.654100e+01   1.022537e-19   7.358334e-03   5.463578e-23   7011524
  1.656649e+01   9.997476e-20   7.357440e-03   5.329580e-23   6991508
  1.659200e+01   9.800004e-20   7.371649e-03   5.210274e-23   6985368
  1.661751e+01   9.605609e-20   7.360719e-03   5.086682e-23   6956864
  1.664303e+01   9.385078e-20   7.372565e-03   4.950573e-23   6950408
  1.666852e+01   9.195570e-20   7.345081e-03   4.851178e-23   6904704
  1.669402e+01   9.019863e-20   7.377135e-03   4.739280e-23   6915128
  1.671955e+01   8.827303e-20   7.361587e-03   4.619752e-23   6882644
  1.674506e+01   8.650458e-20   7.362339e-03   4.511641e-23   6864864
  1.677056e+01   8.493174e-20   7.358325e-03   4.424489e-23   6840020
  1.679606e+01   8.319065e-20   7.361850e-03   4.327610e-23   6823808
  1.682158e+01   8.152649e-20   7.370568e-03   4.224202e-23   6813512
  1.684709e+01   8.008377e-20   7.357165e-03   4.141843e-23   6780336
  1.687258e+01   7.856992e-20   7.363664e-03   4.059453e-23   6766004
  1.689808e+01   7.707938e-20   7.357090e-03   3.965819e-23   6740540
  1.692358e+01   7.564608e-20   7.366252e-03   3.882839e-23   6730704
  1.694910e+01   7.421559e-20   7.361983e-03   3.801029e-23   6706004
  1.697460e+01   7.296614e-20   7.361235e-03   3.730770e-23   6683744
  1.700011e+01   7.166632e-20   7.363257e-03   3.661884e-23   6667236
  1.702562e+01   7.030376e-20   7.365144e-03   3.579102e-23   6648788
  1.705114e+01   6.911286e-20   7.367921e-03   3.514497e-23   6628136
  1.707663e+01   6.782052e-20   7.351941e-03   3.445983e-23   6593768
  1.710212e+01   6.672889e-20   7.365092e-03   3.379356e-23   6588000
  1.712763e+01   6.560042e-20   7.356684e-03   3.324436e-23   6558152
  1.715313e+01   6.449223e-20   7.367216e-03   3.265050e-23   6545360
  1.717866e+01   6.343397e-20   7.370316e-03   3.201680e-23   6529080
  1.720418e+01   6.227753e-20   7.365012e-03   3.140731e-23   6504260
  1.722968e+01   6.132572e-20   7.354679e-03   3.089568e-23   6472376
  1.725517e+01   6.030534e-20   7.364913e-03   3.032033e-23   6459464
  1.728069e+01   5.933718e-20   7.364806e-03   2.978799e-23   6439404
  1.730620e+01   5.826269e-20   7.367021e-03   2.921988e-23   6419420
  1.733171e+01   5.738629e-20   7.359477e-03   2.879029e-23   6390248
  1.735722e+01   5.653355e-20   7.370209e-03   2.825629e-23   6379044
  1.738274e+01   5.560408e-20   7.364805e-03   2.780831e-23   6354716
  1.740825e+01   5.474308e-20   7.362326e-03   2.737179e-23   6329300
  1.743374e+01   5.396559e-20   7.354434e-03   2.698411e-23   6299340
  1.745924e+01   5.317267e-20   7.369008e-03   2.654239e-23   6292424
  1.748476e+01   5.232071e-20   7.361822e-03   2.613062e-23   6264092
  1.751025e+01   5.149449e-20   7.361303e-03   2.564644e-23   6239072
  1.753575e+01   5.075735e-20   7.364182e-03   2.530189e-23   6219636
  1.756126e+01   4.999881e-20   7.365459e-03   2.490355e-23   6200672
  1.758676e+01   4.935155e-20   7.354792e-03   2.463367e-23   6168488
  1.761225e+01   4.856989e-20   7.366868e-03   2.417641e-23   6155100
  1.763778e+01   4.790080e-20   7.374735e-03   2.384426e-23   6140564
  1.766330e+01   4.723823e-20   7.356736e-03   2.354600e-23   6104576
  1.768879e+01   4.664477e-20   7.356830e-03   2.323466e-23   6080268
  1.771426e+01   4.598144e-20   7.355752e-03   2.296182e-23   6055400
  1.773977e+01   4.531929e-20   7.374071e-03   2.259282e-23   6049688
  1.776530e+01   4.471109e-20   7.362019e-03   2.233930e-23   6015848
  1.779080e+01   4.410859e-20   7.363376e-03   2.200838e-23   5991420
  1.781630e+01   4.353062e-20   7.369316e-03   2.173815e-23   5974820
  1.784182e+01   4.297197e-20   7.360963e-03   2.149112e-23   5947448
  1.786732e+01   4.241307e-20   7.362250e-03   2.117933e-23   5923188
  1.789283e+01   4.184742e-20   7.368233e-03   2.094780e-23   5903792
  1.791834e+01   4.127042e-20   7.360679e-03   2.064424e-23   5876888
  1.794384e+01   4.081784e-20   7.359115e-03   2.050878e-23   5851548
  1.796934e+01   4.033013e-20   7.369521e-03   2.025118e-23   5833976
  1.799485e+01   3.971944e-20   7.362511e-03   1.997665e-23   5804648
  1.802036e+01   3.927161e-20   7.366394e-03   1.973155e-23   5785436
  1.804587e+01   3.882295e-20   7.362829e-03   1.957377e-23   5757924
  1.807137e+01   3.834080e-20   7.364266e-03   1.934593e-23   5734076
  1.809688e+01   3.789590e-20   7.362633e-03   1.914257e-23   5710904
  1.812238e+01   3.743266e-20   7.357815e-03   1.892493e-23   5684592
  1.814789e+01   3.698619e-20   7.369347e-03   1.871968e-23   5667008
  1.817339e+01   3.654942e-20   7.352004e-03   1.858722e-23   5628872
  1.819890e+01   3.614245e-20   7.376112e-03   1.835523e-23   5625296
  1.822443e+01   3.573482e-20   7.359811e-03   1.822787e-23   5586396
  1.824992e+01   3.532645e-20   7.363976e-03   1.802613e-23   5562752
  1.827543e+01   3.494380e-20   7.368307e-03   1.785260e-23   5543288
  1.830095e+01   3.459587e-20   7.361075e-03   1.776364e-23   5514936
  1.832645e+01   3.417219e-20   7.360427e-03   1.756796e-23   5488412
  1.835195e+01   3.382206e-20   7.356876e-03   1.745098e-23   5459912
  1.837745e+01   3.345208e-20   7.369207e-03   1.725628e-23   5445384
  1.840297e+01   3.306441e-20   7.355744e-03   1.709388e-23   5410448
  1.842847e+01   3.274927e-20   7.366238e-03   1.696349e-23   5390852
  1.845397e+01   3.238707e-20   7.361704e-03   1.683292e-23   5361824
  1.847949e+01   3.205467e-20   7.370949e-03   1.672246e-23   5345160
  1.850501e+01   3.175168e-20   7.359278e-03   1.658629e-23   5309888
  1.853050e+01   3.141278e-20   7.364417e-03   1.645394e-23   5286260
  1.855600e+01   3.108773e-20   7.359553e-03   1.632991e-23   5259756
  1.858151e+01   3.079454e-20   7.359778e-03   1.622698e-23   5235572
  1.860702e+01   3.049032e-20   7.364327e-03   1.613486e-23   5210384
  1.863251e+01   3.015634e-20   7.358248e-03   1.598218e-23   5179164
  1.865803e+01   2.990266e-20   7.376584e-03   1.588959e-23   5167808
  1.868355e+01   2.960973e-20   7.352310e-03   1.580447e-23   5123300
  1.870904e+01   2.934811e-20   7.369172e-03   1.571286e-23   5107160
  1.873456e+01   2.907351e-20   7.368357e-03   1.561983e-23   5081688
  1.876007e+01   2.878431e-20   7.360408e-03   1.553240e-23   5051384
  1.878558e+01   2.855035e-20   7.361240e-03   1.545811e-23   5024528
  1.881107e+01   2.825870e-20   7.360943e-03   1.536363e-23   4996908
  1.883658e+01   2.800676e-20   7.364190e-03   1.527472e-23   4974536
  1.886210e+01   2.776427e-20   7.361858e-03   1.518822e-23   4946240
  1.888760e+01   2.751724e-20   7.362011e-03   1.512913e-23   4916312
  1.891310e+01   2.729057e-20   7.365781e-03   1.504601e-23   4891872
  1.893861e+01   2.700193e-20   7.359935e-03   1.496348e-23   4863080
  1.896411e+01   2.679545e-20   7.363820e-03   1.490660e-23   4837184
  1.898962e+01   2.653768e-20   7.365154e-03   1.480016e-23   4809516
  1.901513e+01   2.635199e-20   7.367668e-03   1.475469e-23   4786016
  1.904066e+01   2.612665e-20   7.362936e-03   1.470120e-23   4756532
  1.906615e+01   2.585726e-20   7.355541e-03   1.461522e-23   4722672
  1.909164e+01   2.568411e-20   7.357278e-03   1.457006e-23   4695668
  1.911714e+01   2.550512e-20   7.367373e-03   1.454072e-23   4675412
  1.914266e+01   2.526428e-20   7.360950e-03   1.447150e-23   4642904
  1.916815e+01   2.506036e-20   7.361738e-03   1.438528e-23   4613208
  1.919364e+01   2.485858e-20   7.360267e-03   1.437343e-23   4585184
  1.921915e+01   2.467891e-20   7.368214e-03   1.431507e-23   4564448
  1.924468e+01   2.442093e-20   7.369038e-03   1.421721e-23   4535604
  1.927019e+01   2.428372e-20   7.360161e-03   1.424677e-23   4500320
  1.929568e+01   2.411339e-20   7.359546e-03   1.420705e-23   4473992
  1.932120e+01   2.390466e-20   7.369740e-03   1.410923e-23   4452456
  1.934671e+01   2.371586e-20   7.357914e-03   1.411451e-23   4413848
  1.937220e+01   2.356160e-20   7.362825e-03   1.408823e-23   4388180
  1.939771e+01   2.337613e-20   7.365077e-03   1.404354e-23   4362464
  1.942321e+01   2.317642e-20   7.355796e-03   1.400014e-23   4326744
  1.944872e+01   2.300545e-20   7.380752e-03   1.393218e-23   4311212
  1.947426e+01   2.285223e-20   7.366840e-03   1.392842e-23   4276172
  1.949977e+01   2.272488e-20   7.354915e-03   1.394811e-23   4241916
  1.952526e+01   2.251786e-20   7.362787e-03   1.390197e-23   4215584
  1.955075e+01   2.234382e-20   7.353834e-03   1.389266e-23   4180232
  1.957624e+01   2.222370e-20   7.362652e-03   1.384400e-23   4157928
  1.960176e+01   2.201410e-20   7.368259e-03   1.379092e-23   4130960
  1.962728e+01   2.185171e-20   7.365942e-03   1.380482e-23   4097120
  1.965278e+01   2.168806e-20   7.365192e-03   1.377508e-23   4068488
  1.967829e+01   2.157409e-20   7.360466e-03   1.377681e-23   4038360
  1.970381e+01   2.144047e-20   7.371094e-03   1.376810e-23   4012616
  1.972932e+01   2.125266e-20   7.361291e-03   1.373347e-23   3976556
  1.975481e+01   2.113270e-20   7.357987e-03   1.374848e-23   3947544
  1.978032e+01   2.101312e-20   7.362998e-03   1.375650e-23   3920432
  1.980583e+01   2.083558e-20   7.359438e-03   1.370121e-23   3885884
  1.983132e+01   2.069435e-20   7.360820e-03   1.371403e-23   3856280
  1.985682e+01   2.052782e-20   7.365713e-03   1.369765e-23   3829752
  1.988235e+01   2.040818e-20   7.371114e-03   1.368989e-23   3801356
  1.990787e+01   2.026236e-20   7.363721e-03   1.369941e-23   3765392
  1.993335e+01   2.010550e-20   7.353719e-03   1.367133e-23   3731424
  1.995886e+01   1.999243e-20   7.367192e-03   1.368502e-23   3709580
  1.998438e+01   1.983722e-20   7.361933e-03   1.366326e-23   3674216
  2.000987e+01   1.967991e-20   7.356510e-03   1.365813e-23   3639564
  2.003537e+01   1.959480e-20   7.364401e-03   1.369772e-23   3614840
  2.006090e+01   1.945768e-20   7.367408e-03   1.369403e-23   3584480
  2.008639e+01   1.930657e-20   7.353185e-03   1.367256e-23   3543536
  2.011189e+01   1.915492e-20   7.374777e-03   1.363463e-23   3524472
  2.013741e+01   1.905660e-20   7.356469e-03   1.372009e-23   3486212
  2.016292e+01   1.891743e-20   7.368358e-03   1.367998e-23   3458324
  2.018842e+01   1.875210e-20   7.359377e-03   1.367465e-23   3421488
  2.021391e+01   1.866350e-20   7.359374e-03   1.370094e-23   3392336
  2.023944e+01   1.849934e-20   7.367410e-03   1.367994e-23   3365456
  2.026495e+01   1.835330e-20   7.356390e-03   1.364484e-23   3326160
  2.029043e+01   1.821053e-20   7.362952e-03   1.366130e-23   3296720
  2.031593e+01   1.812280e-20   7.356687e-03   1.368555e-23   3263744
  2.034146e+01   1.796130e-20   7.379127e-03   1.366282e-23   3240128
  2.036697e+01   1.781445e-20   7.354400e-03   1.367514e-23   3194856
  2.039245e+01   1.772322e-20   7.363268e-03   1.371243e-23   3169232
  2.041798e+01   1.761475e-20   7.370164e-03   1.375178e-23   3141728
  2.044350e+01   1.743032e-20   7.359626e-03   1.372632e-23   3101772
  2.046897e+01   1.722208e-20   7.354183e-03   1.366297e-23   3066728
  2.049449e+01   1.719137e-20   7.376458e-03   1.372609e-23   3046004
  2.052003e+01   1.702427e-20   7.358193e-03   1.368713e-23   3004592
  2.054552e+01   1.688955e-20   7.363615e-03   1.375029e-23   2971608
  2.057101e+01   1.675759e-20   7.361977e-03   1.371814e-23   2939036
  2.059652e+01   1.660077e-20   7.370191e-03   1.372149e-23   2910536
  2.062204e+01   1.645081e-20   7.362511e-03   1.369376e-23   2873400
  2.064753e+01   1.631036e-20   7.355932e-03   1.372941e-23   2837216
  2.067303e+01   1.619944e-20   7.367558e-03   1.374189e-23   2810636
  2.069855e+01   1.601124e-20   7.359230e-03   1.368521e-23   2774580
  2.072405e+01   1.581408e-20   7.361180e-03   1.362657e-23   2739152
  2.074953e+01   1.567121e-20   7.356054e-03   1.362364e-23   2704292
  2.077505e+01   1.559721e-20   7.372093e-03   1.370409e-23   2678756
  2.080060e+01   1.538497e-20   7.372667e-03   1.362335e-23   2642748
  2.082609e+01   1.519895e-20   7.355862e-03   1.356395e-23   2600696
  2.085158e+01   1.508368e-20   7.371415e-03   1.358192e-23   2575352
  2.087712e+01   1.491021e-20   7.365344e-03   1.355561e-23   2541108
  2.090261e+01   1.472457e-20   7.347421e-03   1.351265e-23   2498504
  2.092809e+01   1.447905e-20   7.364501e-03   1.335579e-23   2469308
  2.095359e+01   1.442230e-20   7.358218e-03   1.350986e-23   2435388
  2.097910e+01   1.422364e-20   7.361621e-03   1.337261e-23   2402516
  2.100463e+01   1.397287e-20   7.372541e-03   1.324729e-23   2368496
  2.103013e+01   1.377243e-20   7.365274e-03   1.315261e-23   2330924
  2.105562e+01   1.362725e-20   7.357516e-03   1.313685e-23   2296560
  2.108114e+01   1.341522e-20   7.370522e-03   1.303165e-23   2265656
  2.110666e+01   1.313775e-20   7.364605e-03   1.284094e-23   2226968
  2.113214e+01   1.296283e-20   7.356650e-03   1.276540e-23   2191452
  2.115765e+01   1.277503e-20   7.359422e-03   1.268473e-23   2159024
  2.118315e+01   1.248733e-20   7.354652e-03   1.240520e-23   2120888
  2.120863e+01   1.223588e-20   7.360281e-03   1.219714e-23   2086840
  2.123414e+01   1.201338e-20   7.367404e-03   1.206703e-23   2053864
  2.125965e+01   1.179900e-20   7.362214e-03   1.192679e-23   2016296
  2.128517e+01   1.146622e-20   7.376346e-03   1.149128e-23   1984592
  2.131070e+01   1.119626e-20   7.366785e-03   1.111348e-23   1946748
  2.133620e+01   1.091207e-20   7.358336e-03   1.079034e-23   1909961
  2.136172e+01   1.069066e-20   7.369335e-03   1.059153e-23   1881074
  2.138723e+01   1.048748e-20   7.353272e-03   1.034644e-23   1846236
  2.141271e+01   1.028400e-20   7.353027e-03   1.012479e-23   1816016
  2.143821e+01   1.012491e-20   7.364414e-03   9.904841e-24   1789688
  2.146373e+01   9.923750e-21   7.367059e-03   9.753932e-24   1761398
  2.148924e+01   9.756591e-21   7.364203e-03   9.546735e-24   1732776
  2.151476e+01   9.621940e-21   7.378034e-03   9.430838e-24   1709114
  2.154028e+01   9.467093e-21   7.361373e-03   9.270695e-24   1678730
  2.156578e+01   9.290215e-21   7.360283e-03   9.116367e-24   1653240
  2.159128e+01   9.174323e-21   7.362665e-03   9.008771e-24   1628972
  2.161678e+01   9.047469e-21   7.354145e-03   8.869169e-24   1602134
  2.164226e+01   8.921306e-21   7.351852e-03   8.760828e-24   1577790
  2.166777e+01   8.822123e-21   7.365106e-03   8.663923e-24   1556390
  2.169328e+01   8.712660e-21   7.363741e-03   8.602590e-24   1531178
  2.171878e+01   8.562699e-21   7.367215e-03   8.415482e-24   1508624
  2.174432e+01   8.472083e-21   7.379867e-03   8.367552e-24   1488408
  2.176984e+01   8.357481e-21   7.360535e-03   8.265647e-24   1461536
  2.179533e+01   8.261920e-21   7.359978e-03   8.192693e-24   1439936
  2.182084e+01   8.176543e-21   7.368240e-03   8.118323e-24   1420236
  2.184635e+01   8.061285e-21   7.354083e-03   8.036729e-24   1395920
  2.187182e+01   7.970231e-21   7.348894e-03   7.937664e-24   1374290
  2.189733e+01   7.882813e-21   7.368260e-03   7.859064e-24   1356858
  2.192284e+01   7.794245e-21   7.353545e-03   7.854613e-24   1332536
  2.194835e+01   7.720205e-21   7.379252e-03   7.741811e-24   1316414
  2.197387e+01   7.640587e-21   7.366748e-03   7.714032e-24   1293962
  2.199937e+01   7.566393e-21   7.362470e-03   7.673876e-24   1273482
  2.202489e+01   7.479562e-21   7.375678e-03   7.596375e-24   1256762
  2.205041e+01   7.408460e-21   7.355512e-03   7.574583e-24   1234202
  2.207589e+01   7.328868e-21   7.355961e-03   7.513707e-24   1215660
  2.210140e+01   7.273059e-21   7.362722e-03   7.467895e-24   1198550
  2.212689e+01   7.172924e-21   7.345464e-03   7.394655e-24   1176740
  2.215237e+01   7.116258e-21   7.361360e-03   7.346610e-24   1160594
  2.217791e+01   7.048091e-21   7.383144e-03   7.317645e-24   1145724
  2.220344e+01   6.985165e-21   7.364325e-03   7.260869e-24   1124066
  2.222892e+01   6.914529e-21   7.360199e-03   7.245574e-24   1106036
  2.225444e+01   6.865636e-21   7.379911e-03   7.218876e-24   1092552
  2.227997e+01   6.790731e-21   7.356292e-03   7.167665e-24   1071674
  2.230546e+01   6.742169e-21   7.356182e-03   7.164876e-24   1054892
  2.233097e+01   6.708554e-21   7.362191e-03   7.146048e-24   1039716
  2.235646e+01   6.615561e-21   7.344170e-03   7.061282e-24   1020260
  2.238194e+01   6.582254e-21   7.363080e-03   7.090481e-24   1006052
  2.240746e+01   6.540347e-21   7.368590e-03   7.091918e-24   990320
  2.243298e+01   6.474960e-21   7.374664e-03   7.032936e-24   974484
  2.245849e+01   6.434196e-21   7.369296e-03   7.043235e-24   958076
  2.248401e+01   6.402503e-21   7.373538e-03   7.030714e-24   943556
  2.250952e+01   6.340455e-21   7.354611e-03   7.016549e-24   926022
  2.253501e+01   6.303383e-21   7.359085e-03   7.023028e-24   911804
  2.256052e+01   6.249259e-21   7.355702e-03   6.978438e-24   896528
  2.258600e+01   6.185555e-21   7.344635e-03   6.987690e-24   880212
  2.261149e+01   6.153150e-21   7.364479e-03   6.970245e-24   867710
  2.263701e+01   6.135425e-21   7.370589e-03   7.009949e-24   853388
  2.266252e+01   6.077760e-21   7.367301e-03   6.978393e-24   838166
  2.268805e+01   6.048985e-21   7.381192e-03   6.987600e-24   825540
  2.271357e+01   6.011298e-21   7.365295e-03   6.985629e-24   810080
  2.273908e+01   5.977865e-21   7.362407e-03   7.008021e-24   796262
  2.276457e+01   5.927561e-21   7.352413e-03   7.021539e-24   781884
  2.279007e+01   5.923675e-21   7.360578e-03   7.032279e-24   769622
  2.281556e+01   5.878536e-21   7.339853e-03   7.041427e-24   754166
  2.284103e+01   5.845679e-21   7.355328e-03   7.050038e-24   742100
  2.286654e+01   5.815730e-21   7.374452e-03   7.083248e-24   730446
  2.289209e+01   5.773620e-21   7.385778e-03   7.075405e-24   718304
  2.291762e+01   5.763811e-21   7.365776e-03   7.106309e-24   703454
  2.294311e+01   5.718420e-21   7.366068e-03   7.118971e-24   691062
  2.296863e+01   5.682948e-21   7.373610e-03   7.124829e-24   679814
  2.299415e+01   5.657900e-21   7.354244e-03   7.153790e-24   666260
  2.301963e+01   5.642797e-21   7.345385e-03   7.174971e-24   653550
  2.304511e+01   5.607564e-21   7.349203e-03   7.206170e-24   641942
  2.307060e+01   5.602920e-21   7.353105e-03   7.278474e-24   630194
  2.309610e+01   5.550584e-21   7.369121e-03   7.257235e-24   619172
  2.312162e+01   5.539094e-21   7.375923e-03   7.291592e-24   607758
  2.314716e+01   5.511363e-21   7.384041e-03   7.294431e-24   597014
  2.317270e+01   5.481608e-21   7.376712e-03   7.326064e-24   585206
  2.319820e+01   5.485002e-21   7.354974e-03   7.418770e-24   572598
  2.322367e+01   5.441617e-21   7.349032e-03   7.398283e-24   561686
  2.324917e+01   5.425307e-21   7.353239e-03   7.489578e-24   551558
  2.327468e+01   5.407436e-21   7.357285e-03   7.523281e-24   541098
  2.330014e+01   5.377889e-21   7.325793e-03   7.560279e-24   527966
  2.332562e+01   5.387811e-21   7.376852e-03   7.622690e-24   520622
  2.335117e+01   5.352716e-21   7.386148e-03   7.632977e-24   510302
  2.337672e+01   5.334660e-21   7.382565e-03   7.656121e-24   499614
  2.340224e+01   5.316203e-21   7.375292e-03   7.733105e-24   489302
  2.342778e+01   5.297567e-21   7.375236e-03   7.758681e-24   479678
  2.345329e+01   5.269664e-21   7.352971e-03   7.819169e-24   468666
  2.347875e+01   5.255423e-21   7.329761e-03   7.882865e-24   457910
  2.350421e+01   5.269662e-21   7.344495e-03   7.973984e-24   449510
  2.352971e+01   5.246307e-21   7.353075e-03   8.006788e-24   440310
  2.355521e+01   5.225569e-21   7.364334e-03   8.072400e-24   430934
  2.358073e+01   5.205377e-21   7.379513e-03   8.142381e-24   422024
  2.360625e+01   5.169347e-21   7.381391e-03   8.154157e-24   412886
  2.363179e+01   5.184961e-21   7.386646e-03   8.233852e-24   404310
  2.365734e+01   5.161633e-21   7.381267e-03   8.321951e-24   395438
  2.368286e+01   5.145230e-21   7.347485e-03   8.391286e-24   385298
  2.370833e+01   5.144188e-21   7.341789e-03   8.461452e-24   376776
  2.373377e+01   5.141937e-21   7.320960e-03   8.593134e-24   367430
  2.375924e+01   5.124366e-21   7.349948e-03   8.585560e-24   360302
  2.378474e+01   5.119507e-21   7.357710e-03   8.715068e-24   351830
  2.381028e+01   5.093544e-21   7.399637e-03   8.756486e-24   345024
  2.383584e+01   5.077271e-21   7.384100e-03   8.823249e-24   335918
  2.386136e+01   5.081280e-21   7.381599e-03   8.940205e-24   327878
  2.388688e+01   5.080241e-21   7.378710e-03   9.021221e-24   320250
  2.391241e+01   5.098505e-21   7.361769e-03   9.220654e-24   312296
  2.393791e+01   5.047053e-21   7.334340e-03   9.280171e-24   303926
  2.396337e+01   5.064673e-21   7.333206e-03   9.385717e-24   296502
  2.398881e+01   5.053794e-21   7.315382e-03   9.459598e-24   288248
  2.401426e+01   5.044427e-21   7.359470e-03   9.574160e-24   282206
  2.403980e+01   5.028374e-21   7.394961e-03   9.618291e-24   275822
  2.406537e+01   5.037148e-21   7.399099e-03   9.806183e-24   268560
  2.409092e+01   5.013663e-21   7.390828e-03   9.864773e-24   261206
  2.411646e+01   5.024494e-21   7.386125e-03   1.001574e-23   254360
  2.414200e+01   5.020949e-21   7.370012e-03   1.016661e-23   247506
  2.416750e+01   4.989618e-21   7.331579e-03   1.026732e-23   240086
  2.419295e+01   5.001075e-21   7.312198e-03   1.044470e-23   233168
  2.421838e+01   4.993095e-21   7.318970e-03   1.051555e-23   226806
  2.424380e+01   5.009479e-21   7.330089e-03   1.069886e-23   220280
  2.426931e+01   4.994610e-21   7.407244e-03   1.081099e-23   215702
  2.429491e+01   4.991143e-21   7.413551e-03   1.092811e-23   209408
  2.432046e+01   5.020473e-21   7.383828e-03   1.126825e-23   202518
  2.434601e+01   5.010188e-21   7.402521e-03   1.131002e-23   197222
  2.437157e+01   4.987259e-21   7.373169e-03   1.147790e-23   190880
  2.439709e+01   5.004088e-21   7.342463e-03   1.176091e-23   184794
  2.442253e+01   4.964683e-21   7.292030e-03   1.186752e-23   178328
  2.444792e+01   4.958465e-21   7.290434e-03   1.196621e-23   172838
  2.447328e+01   4.971286e-21   7.291834e-03   1.222689e-23   167016
  2.449879e+01   4.978477e-21   7.431836e-03   1.229429e-23   163976
  2.452446e+01   4.963009e-21   7.449486e-03   1.248997e-23   158486
  2.455006e+01   4.987466e-21   7.404019e-03   1.286205e-23   152384
  2.457560e+01   4.976507e-21   7.394682e-03   1.300851e-23   147462
  2.460114e+01   4.975005e-21   7.357903e-03   1.322645e-23   142112
  2.462663e+01   4.991405e-21   7.336378e-03   1.352773e-23   137102
  2.465211e+01   4.991742e-21   7.316252e-03   1.381322e-23   132144
  2.467752e+01   5.020434e-21   7.283118e-03   1.420095e-23   127010
  2.470284e+01   4.946054e-21   7.253132e-03   1.431707e-23   121832
  2.472829e+01   4.992749e-21   7.397873e-03   1.468573e-23   119096
  2.475392e+01   4.995157e-21   7.444805e-03   1.491579e-23   114702
  2.477956e+01   4.973796e-21   7.462789e-03   1.499384e-23   110312
  2.480517e+01   4.968974e-21   7.434308e-03   1.538787e-23   105734
  2.483076e+01   5.015043e-21   7.397566e-03   1.576145e-23   101544
  2.485627e+01   5.031058e-21   7.301752e-03   1.622716e-23   96824
  2.488168e+01   4.990623e-21   7.246997e-03   1.651587e-23   92582
  2.490698e+01   5.016346e-21   7.204423e-03   1.695017e-23   88248
  2.493224e+01   4.989161e-21   7.257535e-03   1.720861e-23   84728
  2.495776e+01   5.034045e-21   7.453949e-03   1.757584e-23   82454
  2.498353e+01   5.047247e-21   7.531963e-03   1.804449e-23   79076
  2.500921e+01   5.070306e-21   7.439378e-03   1.848338e-23   74568
  2.503475e+01   5.026422e-21   7.405401e-03   1.897098e-23   71054
  2.506026e+01   5.036031e-21   7.359057e-03   1.954281e-23   67544
  2.508578e+01   5.000357e-21   7.350851e-03   1.987025e-23   64440
  2.511127e+01   5.030190e-21   7.285050e-03   2.053981e-23   60902
  2.513667e+01   5.031614e-21   7.239842e-03   2.094405e-23   57656
  2.516188e+01   5.072338e-21   7.131070e-03   2.195656e-23   53976
  2.518711e+01   5.052195e-21   7.280183e-03   2.232728e-23   51806
  2.521267e+01   5.115002e-21   7.484844e-03   2.285506e-23   49688
  2.523842e+01   5.078140e-21   7.555911e-03   2.347334e-23   46856
  2.526422e+01   5.117043e-21   7.597859e-03   2.439326e-23   44256
  2.529008e+01   5.094975e-21   7.559996e-03   2.480179e-23   41654
  2.531583e+01   5.125932e-21   7.348482e-03   2.615389e-23   38612
  2.534123e+01   5.099942e-21   7.062272e-03   2.725951e-23   35496
  2.536623e+01   5.179932e-21   6.874760e-03   2.845344e-23   32768
  2.539091e+01   5.137896e-21   6.774850e-03   2.974948e-23   30254
  2.541583e+01   5.139586e-21   7.146931e-03   3.010599e-23   29024
  2.544166e+01   5.109352e-21   7.771822e-03   3.039548e-23   28176
  2.546816e+01   5.159441e-21   8.033691e-03   3.196421e-23   26336
  2.549464e+01   5.142400e-21   7.802484e-03   3.366162e-23   23822
  2.552058e+01   5.195280e-21   7.252601e-03   3.587581e-23   21096
  2.554587e+01   5.213752e-21   6.879531e-03   3.812603e-23   19016
  2.557068e+01   5.155380e-21   6.569579e-03   3.947146e-23   17024
  2.559507e+01   5.154288e-21   6.425255e-03   4.212827e-23   15360
  2.561919e+01   5.217473e-21   6.295402e-03   4.535094e-23   13814
  2.564393e+01   5.332546e-21   6.997366e-03   4.747253e-23   13112
  2.567113e+01   5.361970e-21   8.707019e-03   4.592346e-23   13520
  2.569910e+01   5.271028e-21   8.295570e-03   5.155997e-23   11124
  2.572577e+01   5.341042e-21   7.121835e-03   5.549628e-23   9080
  2.575089e+01   5.316865e-21   6.225623e-03   6.262866e-23   7526
  2.577504e+01   5.282805e-21   6.069238e-03   6.514688e-23   6504
  2.579905e+01   5.314381e-21   6.054644e-03   7.047922e-23   5624
  2.582307e+01   5.306090e-21   6.043297e-03   7.729680e-23   4808
  2.584710e+01   5.141815e-21   6.034656e-03   8.204052e-23   4056
  2.587276e+01   5.564374e-21   7.717166e-03   9.036243e-23   3704
  2.590170e+01   5.211590e-21   9.550888e-03   8.987460e-23   3560
  2.593119e+01   5.605722e-21   6.077834e-03   1.304464e-22   1934
  2.595529e+01   5.226813e-21   6.014157e-03   1.373800e-22   1464
  2.597932e+01   5.569855e-21   6.009183e-03   1.745912e-22   1064
  2.600334e+01   5.842315e-21   6.000632e-03   2.079797e-22   728
  2.602731e+01   5.185912e-21   5.983389e-03   2.805845e-22   456
  2.605118e+01   5.133406e-21   5.942607e-03   3.743050e-22   248
  2.607479e+01   4.641978e-21   5.817994e-03   4.169590e-22   104
  2.609756e+01   4.152084e-21   5.233565e-03   5.906082e-22   24
