# power spectrum of delta
# redshift z=30.000000
# k              Pk             sigma(k)       sigma(Pk)      count
  2.094395e-02   1.207096e-05   1.873193e-10   4.936470e-06   6
  4.041873e-02   7.580716e-05   7.123136e-03   1.843670e-05   50
  6.490740e-02   2.691551e-04   7.704015e-03   2.284833e-05   146
  8.919218e-02   4.913631e-04   6.515352e-03   2.920718e-05   258
  1.152383e-01   6.430839e-04   7.588046e-03   3.042398e-05   488
  1.414449e-01   9.989516e-04   7.538441e-03   4.193570e-05   698
  1.659742e-01   1.166108e-03   7.050465e-03   3.987335e-05   906
  1.914641e-01   1.364328e-03   7.471609e-03   3.807857e-05   1334
  2.173330e-01   1.568378e-03   6.995022e-03   3.852988e-05   1610
  2.424567e-01   1.863163e-03   7.345390e-03   4.278664e-05   2024
  2.678993e-01   2.081587e-03   7.580509e-03   4.203765e-05   2538
  2.938190e-01   2.227907e-03   7.447628e-03   4.262309e-05   3074
  3.195712e-01   2.548211e-03   7.220239e-03   4.562444e-05   3530
  3.446864e-01   2.662232e-03   7.270973e-03   4.207510e-05   4056
  3.699787e-01   2.920987e-03   7.428541e-03   4.322352e-05   4814
  3.958636e-01   3.005993e-03   7.424289e-03   4.147512e-05   5570
  4.214096e-01   3.292622e-03   7.192216e-03   4.344474e-05   6090
  4.461528e-01   3.532406e-03   7.017327e-03   4.481379e-05   6674
  4.716496e-01   3.625171e-03   7.522617e-03   4.015744e-05   8000
  4.976255e-01   3.917342e-03   7.432317e-03   4.218548e-05   8690
  5.234355e-01   4.003627e-03   7.563486e-03   4.208673e-05   9762
  5.488848e-01   4.161766e-03   7.139761e-03   4.035149e-05   10262
  5.740202e-01   4.380403e-03   7.208672e-03   4.216660e-05   11384
  5.998726e-01   4.448107e-03   7.605282e-03   3.979313e-05   12978
  6.254488e-01   4.753321e-03   7.225996e-03   4.186454e-05   13322
  6.507142e-01   4.730455e-03   7.369919e-03   3.943882e-05   14858
  6.762540e-01   4.960261e-03   7.250774e-03   3.996772e-05   15858
  7.016736e-01   5.000917e-03   7.353014e-03   3.860586e-05   17120
  7.269255e-01   5.267169e-03   7.307103e-03   4.001274e-05   18206
  7.526206e-01   5.397408e-03   7.525550e-03   3.843117e-05   20282
  7.783742e-01   5.453186e-03   7.276293e-03   3.762135e-05   20946
  8.037396e-01   5.643507e-03   7.373172e-03   3.814019e-05   22514
  8.292023e-01   5.772449e-03   7.345694e-03   3.771647e-05   23936
  8.546745e-01   5.981537e-03   7.347089e-03   3.872259e-05   25458
  8.800992e-01   6.038121e-03   7.329232e-03   3.745014e-05   26882
  9.054925e-01   6.309647e-03   7.338127e-03   3.781687e-05   28514
  9.311790e-01   6.414935e-03   7.460228e-03   3.691793e-05   30740
  9.568777e-01   6.374036e-03   7.357333e-03   3.664715e-05   31866
  9.821952e-01   6.628851e-03   7.331624e-03   3.711547e-05   33314
  1.007650e+00   6.636993e-03   7.414657e-03   3.580086e-05   35666
  1.033253e+00   6.875610e-03   7.318024e-03   3.672912e-05   37242
  1.058762e+00   6.955888e-03   7.338439e-03   3.591882e-05   39008
  1.084162e+00   7.009636e-03   7.377341e-03   3.519893e-05   40874
  1.109663e+00   7.017626e-03   7.384274e-03   3.428155e-05   43134
  1.135231e+00   7.291676e-03   7.323407e-03   3.508984e-05   44906
  1.160648e+00   7.358354e-03   7.324475e-03   3.458388e-05   46688
  1.186063e+00   7.536590e-03   7.393303e-03   3.467548e-05   49106
  1.211638e+00   7.593880e-03   7.403029e-03   3.373329e-05   51498
  1.237270e+00   7.743192e-03   7.385683e-03   3.383180e-05   53570
  1.262712e+00   7.805317e-03   7.321723e-03   3.379028e-05   55226
  1.288093e+00   7.940723e-03   7.341969e-03   3.352657e-05   57708
  1.313634e+00   7.975287e-03   7.407574e-03   3.310784e-05   60530
  1.339301e+00   8.127087e-03   7.432212e-03   3.279031e-05   63050
  1.364534e+00   8.150677e-03   7.161349e-03   3.290795e-05   63138
  1.389920e+00   8.340620e-03   7.475118e-03   3.236332e-05   68594
  1.415805e+00   8.386455e-03   7.439430e-03   3.207502e-05   70664
  1.441273e+00   8.464940e-03   7.308630e-03   3.215349e-05   71594
  1.466675e+00   8.531644e-03   7.411357e-03   3.169061e-05   75438
  1.492191e+00   8.677831e-03   7.301996e-03   3.182718e-05   77258
  1.517767e+00   8.744001e-03   7.436078e-03   3.120302e-05   81128
  1.543221e+00   8.847620e-03   7.296345e-03   3.139899e-05   82098
  1.568696e+00   8.940449e-03   7.424693e-03   3.092749e-05   86690
  1.594426e+00   9.093635e-03   7.389266e-03   3.102177e-05   89306
  1.619960e+00   9.174235e-03   7.318410e-03   3.068501e-05   91074
  1.645323e+00   9.241957e-03   7.332853e-03   3.064010e-05   93908
  1.670710e+00   9.205572e-03   7.343977e-03   2.998988e-05   97106
  1.696187e+00   9.428390e-03   7.356873e-03   3.025336e-05   100370
  1.721752e+00   9.432845e-03   7.394531e-03   2.994554e-05   103914
  1.747332e+00   9.523378e-03   7.360597e-03   2.957668e-05   106616
  1.772874e+00   9.620186e-03   7.362187e-03   2.931102e-05   109850
  1.798406e+00   9.632996e-03   7.360683e-03   2.931559e-05   112842
  1.823780e+00   9.736718e-03   7.293039e-03   2.920186e-05   114914
  1.849190e+00   9.855397e-03   7.358923e-03   2.894655e-05   119582
  1.874776e+00   9.849593e-03   7.367534e-03   2.852683e-05   122888
  1.900308e+00   9.979762e-03   7.385270e-03   2.842920e-05   126090
  1.925820e+00   1.012724e-02   7.366580e-03   2.851826e-05   129482
  1.951341e+00   1.012875e-02   7.334265e-03   2.824797e-05   132818
  1.976809e+00   1.019733e-02   7.322888e-03   2.825597e-05   135810
  2.002209e+00   1.030005e-02   7.346060e-03   2.818155e-05   139304
  2.027792e+00   1.039369e-02   7.442133e-03   2.786706e-05   145022
  2.053380e+00   1.038900e-02   7.308775e-03   2.776651e-05   146370
  2.078794e+00   1.049090e-02   7.334480e-03   2.744953e-05   150338
  2.104269e+00   1.067078e-02   7.371946e-03   2.765972e-05   154544
  2.129794e+00   1.066935e-02   7.373878e-03   2.733740e-05   158546
  2.155453e+00   1.077375e-02   7.427055e-03   2.711898e-05   163602
  2.180972e+00   1.079584e-02   7.309285e-03   2.690003e-05   164642
  2.206370e+00   1.084488e-02   7.351997e-03   2.686172e-05   169790
  2.231837e+00   1.083180e-02   7.324438e-03   2.648094e-05   173136
  2.257387e+00   1.102023e-02   7.423329e-03   2.650554e-05   179090
  2.282912e+00   1.106624e-02   7.329232e-03   2.644945e-05   180890
  2.308457e+00   1.108229e-02   7.404053e-03   2.599398e-05   187434
  2.333949e+00   1.120097e-02   7.276406e-03   2.614567e-05   188000
  2.359383e+00   1.127670e-02   7.426870e-03   2.592620e-05   195338
  2.384874e+00   1.130730e-02   7.330167e-03   2.586204e-05   197246
  2.410353e+00   1.134502e-02   7.377053e-03   2.563807e-05   203394
  2.435901e+00   1.143807e-02   7.347720e-03   2.551505e-05   206834
  2.461361e+00   1.142153e-02   7.352103e-03   2.521379e-05   210728
  2.486883e+00   1.152133e-02   7.408456e-03   2.526080e-05   216930
  2.512465e+00   1.155200e-02   7.356142e-03   2.501693e-05   220226
  2.537932e+00   1.158885e-02   7.338615e-03   2.494585e-05   224018
  2.563367e+00   1.166126e-02   7.347478e-03   2.491447e-05   228644
  2.588906e+00   1.179999e-02   7.404034e-03   2.471202e-05   235098
  2.614571e+00   1.186696e-02   7.419460e-03   2.463678e-05   240098
  2.640032e+00   1.186883e-02   7.303768e-03   2.459895e-05   240794
  2.665399e+00   1.192997e-02   7.353580e-03   2.424848e-05   247626
  2.690948e+00   1.194426e-02   7.383215e-03   2.400001e-05   253472
  2.716502e+00   1.206997e-02   7.379669e-03   2.419805e-05   257594
  2.741989e+00   1.209619e-02   7.366069e-03   2.394036e-05   261954
  2.767506e+00   1.214116e-02   7.373825e-03   2.387440e-05   267830
  2.793068e+00   1.224806e-02   7.364123e-03   2.376700e-05   272474
  2.818538e+00   1.225322e-02   7.347491e-03   2.366207e-05   276008
  2.843958e+00   1.225431e-02   7.368971e-03   2.333028e-05   281754
  2.869505e+00   1.231566e-02   7.394802e-03   2.323413e-05   288578
  2.895121e+00   1.235558e-02   7.386730e-03   2.305498e-05   293450
  2.920590e+00   1.246777e-02   7.325223e-03   2.314229e-05   295680
  2.946058e+00   1.247011e-02   7.393210e-03   2.294583e-05   304022
  2.971618e+00   1.247921e-02   7.353750e-03   2.274811e-05   307994
  2.997119e+00   1.253946e-02   7.361330e-03   2.275917e-05   313338
  3.022499e+00   1.264436e-02   7.291353e-03   2.281484e-05   315722
  3.048006e+00   1.260640e-02   7.422779e-03   2.244002e-05   327056
  3.073649e+00   1.271944e-02   7.377998e-03   2.246334e-05   330098
  3.099149e+00   1.271388e-02   7.360021e-03   2.226955e-05   334650
  3.124623e+00   1.280479e-02   7.344466e-03   2.228915e-05   340238
  3.150029e+00   1.284128e-02   7.295384e-03   2.228088e-05   343616
  3.175592e+00   1.290411e-02   7.449711e-03   2.202564e-05   355986
  3.201196e+00   1.294391e-02   7.341603e-03   2.192114e-05   356162
  3.226615e+00   1.297817e-02   7.337068e-03   2.188999e-05   362354
  3.252120e+00   1.301510e-02   7.358113e-03   2.179104e-05   369474
  3.277642e+00   1.311919e-02   7.364375e-03   2.175767e-05   374696
  3.303139e+00   1.316498e-02   7.372139e-03   2.156487e-05   380774
  3.328682e+00   1.311925e-02   7.376858e-03   2.140501e-05   387530
  3.354217e+00   1.321915e-02   7.353481e-03   2.137855e-05   392346
  3.379688e+00   1.328587e-02   7.345952e-03   2.142720e-05   397490
  3.405140e+00   1.326705e-02   7.351647e-03   2.122782e-05   404024
  3.430725e+00   1.336065e-02   7.408667e-03   2.110076e-05   413538
  3.456243e+00   1.339454e-02   7.315991e-03   2.118178e-05   414266
  3.481684e+00   1.339280e-02   7.363540e-03   2.084291e-05   423350
  3.507212e+00   1.341075e-02   7.356884e-03   2.077792e-05   429224
  3.532706e+00   1.347849e-02   7.357692e-03   2.081326e-05   434898
  3.558224e+00   1.346600e-02   7.391743e-03   2.049950e-05   442754
  3.583745e+00   1.351491e-02   7.358544e-03   2.051593e-05   447842
  3.609237e+00   1.356468e-02   7.340691e-03   2.050713e-05   453906
  3.634764e+00   1.367555e-02   7.379481e-03   2.047414e-05   462008
  3.660246e+00   1.366509e-02   7.346019e-03   2.031025e-05   465746
  3.685744e+00   1.365746e-02   7.382125e-03   2.019783e-05   475518
  3.711289e+00   1.370860e-02   7.343917e-03   2.015011e-05   480074
  3.736776e+00   1.376586e-02   7.361129e-03   2.000296e-05   486704
  3.762257e+00   1.377184e-02   7.371796e-03   1.989085e-05   493682
  3.787731e+00   1.384424e-02   7.348094e-03   1.991937e-05   499458
  3.813253e+00   1.386511e-02   7.384327e-03   1.975562e-05   508874
  3.838784e+00   1.387649e-02   7.356201e-03   1.968982e-05   513530
  3.864291e+00   1.390954e-02   7.371075e-03   1.962100e-05   521652
  3.889813e+00   1.394790e-02   7.360567e-03   1.956400e-05   527762
  3.915341e+00   1.401958e-02   7.382957e-03   1.942627e-05   535898
  3.940780e+00   1.400722e-02   7.313419e-03   1.936815e-05   538074
  3.966243e+00   1.409208e-02   7.379204e-03   1.925278e-05   550562
  3.991852e+00   1.412058e-02   7.396797e-03   1.919847e-05   558392
  4.017351e+00   1.411978e-02   7.345294e-03   1.917857e-05   560522
  4.042795e+00   1.420374e-02   7.371024e-03   1.912398e-05   570366
  4.068286e+00   1.419086e-02   7.342311e-03   1.896302e-05   576290
  4.093801e+00   1.422886e-02   7.381356e-03   1.884416e-05   586016
  4.119292e+00   1.424903e-02   7.350810e-03   1.879414e-05   590178
  4.144811e+00   1.430534e-02   7.396764e-03   1.866750e-05   602090
  4.170363e+00   1.431594e-02   7.345928e-03   1.865663e-05   605834
  4.195849e+00   1.431131e-02   7.364704e-03   1.852335e-05   614210
  4.221384e+00   1.438371e-02   7.384356e-03   1.853312e-05   623076
  4.246873e+00   1.440317e-02   7.343391e-03   1.851790e-05   627194
  4.272356e+00   1.437193e-02   7.375414e-03   1.824605e-05   637706
  4.297876e+00   1.444195e-02   7.362245e-03   1.826608e-05   644178
  4.323354e+00   1.442413e-02   7.348692e-03   1.821147e-05   651056
  4.348869e+00   1.449844e-02   7.374286e-03   1.813607e-05   661130
  4.374409e+00   1.454285e-02   7.373714e-03   1.804669e-05   668106
  4.399910e+00   1.449553e-02   7.359532e-03   1.789438e-05   674894
  4.425387e+00   1.455258e-02   7.342198e-03   1.793794e-05   682082
  4.450903e+00   1.461246e-02   7.375276e-03   1.781603e-05   692480
  4.476432e+00   1.458780e-02   7.375072e-03   1.772252e-05   699258
  4.501885e+00   1.466639e-02   7.336800e-03   1.774713e-05   704354
  4.527378e+00   1.468016e-02   7.372539e-03   1.766302e-05   716810
  4.552863e+00   1.467953e-02   7.328466e-03   1.756862e-05   720138
  4.578399e+00   1.467677e-02   7.414456e-03   1.736653e-05   736064
  4.603934e+00   1.474467e-02   7.335916e-03   1.746565e-05   736742
  4.629437e+00   1.477846e-02   7.381231e-03   1.739858e-05   750090
  4.654964e+00   1.480598e-02   7.349212e-03   1.739603e-05   754778
  4.680441e+00   1.480729e-02   7.358059e-03   1.723114e-05   763712
  4.705924e+00   1.485434e-02   7.355793e-03   1.724078e-05   771890
  4.731472e+00   1.483901e-02   7.394109e-03   1.699426e-05   784290
  4.756995e+00   1.486418e-02   7.346113e-03   1.705037e-05   787274
  4.782410e+00   1.485836e-02   7.329464e-03   1.691064e-05   794726
  4.807954e+00   1.490951e-02   7.402272e-03   1.686055e-05   811632
  4.833545e+00   1.495921e-02   7.368121e-03   1.686593e-05   815426
  4.859026e+00   1.492791e-02   7.349814e-03   1.676471e-05   822146
  4.884516e+00   1.498296e-02   7.358509e-03   1.671498e-05   832738
  4.910059e+00   1.498200e-02   7.375884e-03   1.658970e-05   842752
  4.935559e+00   1.500216e-02   7.355268e-03   1.656652e-05   848018
  4.961031e+00   1.502866e-02   7.365136e-03   1.650719e-05   858614
  4.986536e+00   1.502596e-02   7.354438e-03   1.641287e-05   867330
  5.012024e+00   1.511010e-02   7.346916e-03   1.641870e-05   875066
  5.037521e+00   1.508917e-02   7.371761e-03   1.633443e-05   886040
  5.063098e+00   1.510495e-02   7.401096e-03   1.623942e-05   899058
  5.088646e+00   1.515139e-02   7.339706e-03   1.623305e-05   901322
  5.114060e+00   1.510557e-02   7.325146e-03   1.616178e-05   907922
  5.139544e+00   1.514513e-02   7.388109e-03   1.602536e-05   924548
  5.165087e+00   1.516121e-02   7.360044e-03   1.595981e-05   930522
  5.190617e+00   1.518495e-02   7.378221e-03   1.591049e-05   941906
  5.216116e+00   1.521426e-02   7.347520e-03   1.594904e-05   946802
  5.241631e+00   1.520105e-02   7.385776e-03   1.581288e-05   961866
  5.267164e+00   1.524761e-02   7.346424e-03   1.579413e-05   966104
  5.292642e+00   1.522028e-02   7.367530e-03   1.568611e-05   977090
  5.318144e+00   1.527935e-02   7.368347e-03   1.568680e-05   987006
  5.343657e+00   1.528104e-02   7.358130e-03   1.558001e-05   996410
  5.369188e+00   1.527527e-02   7.367897e-03   1.547732e-05   1007018
  5.394677e+00   1.533245e-02   7.351679e-03   1.552980e-05   1012712
  5.420186e+00   1.531194e-02   7.395231e-03   1.535150e-05   1028394
  5.445709e+00   1.532347e-02   7.345496e-03   1.536597e-05   1032434
  5.471171e+00   1.532294e-02   7.349295e-03   1.527802e-05   1042658
  5.496689e+00   1.535628e-02   7.385049e-03   1.521345e-05   1056696
  5.522177e+00   1.537598e-02   7.337841e-03   1.522664e-05   1060142
  5.547700e+00   1.541415e-02   7.394181e-03   1.513101e-05   1078706
  5.573233e+00   1.545121e-02   7.345490e-03   1.514615e-05   1081002
  5.598698e+00   1.543873e-02   7.356737e-03   1.504922e-05   1092818
  5.624194e+00   1.545097e-02   7.359845e-03   1.495871e-05   1103072
  5.649718e+00   1.548072e-02   7.383227e-03   1.495807e-05   1115930
  5.675249e+00   1.544439e-02   7.366868e-03   1.486300e-05   1123602
  5.700727e+00   1.546059e-02   7.346065e-03   1.481274e-05   1131638
  5.726216e+00   1.551426e-02   7.358860e-03   1.477332e-05   1144112
  5.751763e+00   1.549434e-02   7.388963e-03   1.471522e-05   1157706
  5.777272e+00   1.545697e-02   7.350537e-03   1.463981e-05   1161674
  5.802757e+00   1.551951e-02   7.364804e-03   1.460241e-05   1175642
  5.828289e+00   1.550916e-02   7.364879e-03   1.453662e-05   1186250
  5.853783e+00   1.554375e-02   7.351825e-03   1.453156e-05   1192968
  5.879270e+00   1.552885e-02   7.377555e-03   1.440808e-05   1207214
  5.904809e+00   1.554751e-02   7.374073e-03   1.437006e-05   1218290
  5.930311e+00   1.556590e-02   7.347396e-03   1.432578e-05   1224522
  5.955783e+00   1.559071e-02   7.359483e-03   1.432617e-05   1236722
  5.981289e+00   1.558784e-02   7.367166e-03   1.420554e-05   1248896
  6.006817e+00   1.563423e-02   7.371668e-03   1.423536e-05   1260186
  6.032316e+00   1.558452e-02   7.353402e-03   1.412596e-05   1267634
  6.057797e+00   1.559562e-02   7.357581e-03   1.406515e-05   1279670
  6.083302e+00   1.561248e-02   7.362654e-03   1.402802e-05   1291400
  6.108840e+00   1.559147e-02   7.382392e-03   1.392877e-05   1304898
  6.134379e+00   1.566183e-02   7.372474e-03   1.393915e-05   1313426
  6.159855e+00   1.567737e-02   7.343986e-03   1.391426e-05   1320482
  6.185330e+00   1.564631e-02   7.353712e-03   1.384334e-05   1334370
  6.210891e+00   1.565889e-02   7.394115e-03   1.377221e-05   1351712
  6.236415e+00   1.568089e-02   7.346193e-03   1.377240e-05   1353278
  6.261886e+00   1.562083e-02   7.359241e-03   1.362659e-05   1368162
  6.287403e+00   1.568788e-02   7.358316e-03   1.364091e-05   1379666
  6.312867e+00   1.569584e-02   7.336863e-03   1.365448e-05   1385120
  6.338363e+00   1.571036e-02   7.390988e-03   1.351905e-05   1406378
  6.363941e+00   1.570817e-02   7.377138e-03   1.350570e-05   1415970
  6.389439e+00   1.572417e-02   7.340919e-03   1.349145e-05   1420394
  6.414933e+00   1.571331e-02   7.374625e-03   1.341355e-05   1438250
  6.440436e+00   1.572882e-02   7.345189e-03   1.339414e-05   1444116
  6.465918e+00   1.571419e-02   7.362911e-03   1.331660e-05   1458842
  6.491438e+00   1.573716e-02   7.371056e-03   1.328091e-05   1471610
  6.516921e+00   1.572412e-02   7.340542e-03   1.323411e-05   1477866
  6.542403e+00   1.574533e-02   7.359540e-03   1.316234e-05   1493810
  6.567923e+00   1.571204e-02   7.367977e-03   1.309466e-05   1506032
  6.593462e+00   1.573324e-02   7.384462e-03   1.308830e-05   1519802
  6.618983e+00   1.574571e-02   7.361122e-03   1.302079e-05   1527654
  6.644490e+00   1.577715e-02   7.360487e-03   1.302575e-05   1540874
  6.669967e+00   1.573681e-02   7.340671e-03   1.296342e-05   1547576
  6.695454e+00   1.576205e-02   7.378056e-03   1.288660e-05   1566738
  6.720978e+00   1.573159e-02   7.357950e-03   1.284234e-05   1575554
  6.746515e+00   1.578264e-02   7.375144e-03   1.280458e-05   1591874
  6.772051e+00   1.576408e-02   7.359599e-03   1.276458e-05   1599482
  6.797518e+00   1.577839e-02   7.347453e-03   1.274871e-05   1607916
  6.823032e+00   1.577261e-02   7.389035e-03   1.267734e-05   1629482
  6.848574e+00   1.577785e-02   7.359831e-03   1.265159e-05   1635530
  6.874038e+00   1.582987e-02   7.342653e-03   1.266658e-05   1644018
  6.899504e+00   1.577770e-02   7.357156e-03   1.257143e-05   1660064
  6.925011e+00   1.579731e-02   7.363592e-03   1.250727e-05   1673666
  6.950564e+00   1.578054e-02   7.390464e-03   1.245151e-05   1691178
  6.976082e+00   1.579717e-02   7.347487e-03   1.246147e-05   1694150
  7.001548e+00   1.578371e-02   7.350123e-03   1.239393e-05   1708466
  7.027045e+00   1.580760e-02   7.361935e-03   1.236317e-05   1722752
  7.052524e+00   1.577769e-02   7.354998e-03   1.230946e-05   1731882
  7.078022e+00   1.577458e-02   7.376293e-03   1.223763e-05   1750730
  7.103585e+00   1.580029e-02   7.376736e-03   1.223806e-05   1764962
  7.129099e+00   1.579512e-02   7.346959e-03   1.219208e-05   1769370
  7.154581e+00   1.580700e-02   7.369608e-03   1.213147e-05   1786676
  7.180090e+00   1.579521e-02   7.362830e-03   1.211801e-05   1798370
  7.205609e+00   1.582425e-02   7.369089e-03   1.207183e-05   1813482
  7.231123e+00   1.583180e-02   7.357571e-03   1.206452e-05   1822898
  7.256627e+00   1.578275e-02   7.370928e-03   1.197593e-05   1838432
  7.282155e+00   1.579451e-02   7.373386e-03   1.193825e-05   1852058
  7.307666e+00   1.581907e-02   7.361505e-03   1.192503e-05   1861794
  7.333149e+00   1.576967e-02   7.358806e-03   1.185109e-05   1874162
  7.358623e+00   1.578561e-02   7.351475e-03   1.182452e-05   1886534
  7.384164e+00   1.580755e-02   7.389981e-03   1.176670e-05   1909464
  7.409699e+00   1.580489e-02   7.358477e-03   1.176008e-05   1912946
  7.435162e+00   1.579460e-02   7.351519e-03   1.172470e-05   1925258
  7.460671e+00   1.579559e-02   7.371944e-03   1.166852e-05   1945418
  7.486184e+00   1.579498e-02   7.352028e-03   1.165054e-05   1952280
  7.511686e+00   1.579427e-02   7.379041e-03   1.159936e-05   1971218
  7.537194e+00   1.578573e-02   7.359560e-03   1.155811e-05   1980254
  7.562688e+00   1.580742e-02   7.358769e-03   1.153595e-05   1994922
  7.588210e+00   1.578439e-02   7.370704e-03   1.148673e-05   2011754
  7.613722e+00   1.578655e-02   7.354168e-03   1.143044e-05   2020208
  7.639221e+00   1.576965e-02   7.367104e-03   1.140332e-05   2037402
  7.664736e+00   1.579930e-02   7.359654e-03   1.139064e-05   2049602
  7.690250e+00   1.579109e-02   7.365832e-03   1.135754e-05   2064338
  7.715745e+00   1.578572e-02   7.353552e-03   1.131778e-05   2074316
  7.741258e+00   1.573712e-02   7.373699e-03   1.122601e-05   2094450
  7.766807e+00   1.577817e-02   7.374515e-03   1.124642e-05   2107706
  7.792299e+00   1.579707e-02   7.347257e-03   1.122289e-05   2113538
  7.817752e+00   1.578583e-02   7.344616e-03   1.120453e-05   2128170
  7.843265e+00   1.579186e-02   7.375784e-03   1.114340e-05   2150936
  7.868810e+00   1.575664e-02   7.372240e-03   1.107599e-05   2162258
  7.894314e+00   1.576590e-02   7.357042e-03   1.104333e-05   2172390
  7.919814e+00   1.578972e-02   7.359669e-03   1.103703e-05   2188754
  7.945318e+00   1.573770e-02   7.355894e-03   1.098454e-05   2201210
  7.970811e+00   1.577860e-02   7.361815e-03   1.095862e-05   2215424
  7.996321e+00   1.573157e-02   7.373640e-03   1.089813e-05   2233338
  8.021821e+00   1.572975e-02   7.348152e-03   1.086753e-05   2241386
  8.047325e+00   1.574492e-02   7.369047e-03   1.084453e-05   2262218
  8.072811e+00   1.575814e-02   7.340615e-03   1.083214e-05   2267196
  8.098334e+00   1.574942e-02   7.391919e-03   1.076250e-05   2297690
  8.123880e+00   1.573593e-02   7.353296e-03   1.074495e-05   2300042
  8.149358e+00   1.575936e-02   7.355116e-03   1.074893e-05   2314410
  8.174853e+00   1.570930e-02   7.364016e-03   1.067206e-05   2332226
  8.200370e+00   1.575862e-02   7.363783e-03   1.065859e-05   2346968
  8.225880e+00   1.575181e-02   7.363679e-03   1.064202e-05   2360762
  8.251385e+00   1.572990e-02   7.363335e-03   1.059505e-05   2375298
  8.276899e+00   1.575110e-02   7.364839e-03   1.057309e-05   2391758
  8.302392e+00   1.566888e-02   7.345323e-03   1.049174e-05   2400032
  8.327865e+00   1.572252e-02   7.360986e-03   1.051447e-05   2418330
  8.353397e+00   1.570187e-02   7.385056e-03   1.042056e-05   2441042
  8.378926e+00   1.568869e-02   7.355046e-03   1.042245e-05   2447330
  8.404430e+00   1.570011e-02   7.363966e-03   1.039593e-05   2465546
  8.429938e+00   1.567320e-02   7.362381e-03   1.033991e-05   2478000
  8.455444e+00   1.570566e-02   7.372873e-03   1.033693e-05   2496422
  8.480958e+00   1.567644e-02   7.359921e-03   1.029809e-05   2508626
  8.506457e+00   1.567043e-02   7.359874e-03   1.027979e-05   2523594
  8.531943e+00   1.566394e-02   7.354810e-03   1.024782e-05   2536610
  8.557440e+00   1.566332e-02   7.367062e-03   1.020390e-05   2555912
  8.582965e+00   1.567676e-02   7.373258e-03   1.018019e-05   2573226
  8.608463e+00   1.563221e-02   7.350246e-03   1.013727e-05   2580434
  8.633977e+00   1.561388e-02   7.382539e-03   1.006306e-05   2607638
  8.659504e+00   1.563823e-02   7.354705e-03   1.007608e-05   2613008
  8.685007e+00   1.561453e-02   7.374775e-03   1.003186e-05   2634234
  8.710521e+00   1.559781e-02   7.365901e-03   9.998601e-06   2646434
  8.736014e+00   1.566228e-02   7.357753e-03   1.003056e-05   2660666
  8.761523e+00   1.560241e-02   7.366036e-03   9.940720e-06   2680338
  8.787049e+00   1.557952e-02   7.368477e-03   9.896080e-06   2695256
  8.812547e+00   1.562307e-02   7.360019e-03   9.923742e-06   2707022
  8.838022e+00   1.559621e-02   7.351255e-03   9.862013e-06   2721162
  8.863511e+00   1.561862e-02   7.360651e-03   9.856275e-06   2740514
  8.889023e+00   1.556652e-02   7.370397e-03   9.788449e-06   2758280
  8.914550e+00   1.558987e-02   7.375473e-03   9.787658e-06   2776034
  8.940075e+00   1.556213e-02   7.364824e-03   9.747433e-06   2788938
  8.965571e+00   1.555759e-02   7.355281e-03   9.730302e-06   2801642
  8.991062e+00   1.557499e-02   7.359515e-03   9.720273e-06   2819726
  9.016572e+00   1.556116e-02   7.364020e-03   9.682269e-06   2837352
  9.042084e+00   1.555535e-02   7.365325e-03   9.654026e-06   2853026
  9.067570e+00   1.552167e-02   7.351217e-03   9.632961e-06   2863538
  9.093065e+00   1.553508e-02   7.368240e-03   9.597204e-06   2887418
  9.118561e+00   1.551114e-02   7.345507e-03   9.557315e-06   2895354
  9.144102e+00   1.551019e-02   7.396156e-03   9.513531e-06   2930456
  9.169632e+00   1.550212e-02   7.347558e-03   9.511924e-06   2925938
  9.195115e+00   1.549168e-02   7.369936e-03   9.467861e-06   2952582
  9.220649e+00   1.549671e-02   7.366998e-03   9.461785e-06   2969474
  9.246148e+00   1.547315e-02   7.348604e-03   9.431830e-06   2977016
  9.271627e+00   1.546774e-02   7.363963e-03   9.376952e-06   2999034
  9.297144e+00   1.546678e-02   7.367021e-03   9.347302e-06   3018434
  9.322671e+00   1.543545e-02   7.363225e-03   9.320078e-06   3033914
  9.348164e+00   1.545846e-02   7.350790e-03   9.311230e-06   3043922
  9.373674e+00   1.545653e-02   7.378658e-03   9.287189e-06   3071604
  9.399208e+00   1.541720e-02   7.364437e-03   9.258440e-06   3082658
  9.424683e+00   1.542846e-02   7.343930e-03   9.258400e-06   3091082
  9.450174e+00   1.542633e-02   7.370312e-03   9.212798e-06   3119970
  9.475668e+00   1.540875e-02   7.342076e-03   9.198664e-06   3124880
  9.501187e+00   1.537702e-02   7.387781e-03   9.131698e-06   3160466
  9.526720e+00   1.539837e-02   7.353834e-03   9.138971e-06   3161970
  9.552200e+00   1.537360e-02   7.358644e-03   9.096461e-06   3181886
  9.577710e+00   1.536829e-02   7.363037e-03   9.083836e-06   3202250
  9.603235e+00   1.537905e-02   7.367464e-03   9.044970e-06   3219800
  9.628740e+00   1.537192e-02   7.361386e-03   9.047557e-06   3232482
  9.654236e+00   1.536400e-02   7.363665e-03   9.005685e-06   3251810
  9.679757e+00   1.533688e-02   7.367017e-03   8.963398e-06   3272330
  9.705247e+00   1.535939e-02   7.343493e-03   8.979962e-06   3277920
  9.730748e+00   1.536720e-02   7.381314e-03   8.941050e-06   3311078
  9.756278e+00   1.530906e-02   7.359562e-03   8.896053e-06   3319466
  9.781786e+00   1.530927e-02   7.365569e-03   8.870498e-06   3340162
  9.807269e+00   1.529370e-02   7.343717e-03   8.858638e-06   3347074
  9.832748e+00   1.532588e-02   7.367839e-03   8.862860e-06   3374672
  9.858288e+00   1.528402e-02   7.381311e-03   8.791368e-06   3398114
  9.883813e+00   1.527419e-02   7.360458e-03   8.785471e-06   3405930
  9.909307e+00   1.527408e-02   7.362166e-03   8.776716e-06   3424982
  9.934811e+00   1.524618e-02   7.361617e-03   8.723549e-06   3443618
  9.960343e+00   1.526163e-02   7.376339e-03   8.700728e-06   3467568
  9.985863e+00   1.526575e-02   7.361737e-03   8.730004e-06   3476762
  1.001135e+01   1.524140e-02   7.355785e-03   8.673742e-06   3492818
  1.003685e+01   1.521867e-02   7.365884e-03   8.637354e-06   3517154
  1.006235e+01   1.521011e-02   7.353534e-03   8.616628e-06   3527568
  1.008784e+01   1.520511e-02   7.373687e-03   8.586072e-06   3553130
  1.011337e+01   1.518880e-02   7.371166e-03   8.564980e-06   3571094
  1.013889e+01   1.518362e-02   7.364397e-03   8.541814e-06   3587850
  1.016439e+01   1.519028e-02   7.355054e-03   8.540778e-06   3601106
  1.018988e+01   1.518407e-02   7.360039e-03   8.514018e-06   3620672
  1.021537e+01   1.517238e-02   7.361210e-03   8.490346e-06   3639354
  1.024088e+01   1.517544e-02   7.368257e-03   8.459346e-06   3661394
  1.026641e+01   1.515981e-02   7.368852e-03   8.454937e-06   3679610
  1.029192e+01   1.515239e-02   7.362580e-03   8.427859e-06   3695180
  1.031742e+01   1.511337e-02   7.359296e-03   8.390304e-06   3711954
  1.034292e+01   1.512803e-02   7.367860e-03   8.384129e-06   3733202
  1.036843e+01   1.512511e-02   7.365749e-03   8.362505e-06   3751322
  1.039394e+01   1.510907e-02   7.361539e-03   8.321749e-06   3769554
  1.041945e+01   1.508985e-02   7.359581e-03   8.313562e-06   3786200
  1.044496e+01   1.507468e-02   7.371530e-03   8.277059e-06   3808850
  1.047045e+01   1.508293e-02   7.353767e-03   8.272092e-06   3819702
  1.049595e+01   1.508871e-02   7.364517e-03   8.263784e-06   3845738
  1.052147e+01   1.503507e-02   7.364071e-03   8.192487e-06   3863258
  1.054698e+01   1.506938e-02   7.365668e-03   8.225509e-06   3881216
  1.057247e+01   1.505245e-02   7.357553e-03   8.198951e-06   3895314
  1.059797e+01   1.504836e-02   7.370497e-03   8.178753e-06   3922562
  1.062349e+01   1.502584e-02   7.355939e-03   8.143525e-06   3934418
  1.064898e+01   1.503279e-02   7.361556e-03   8.143083e-06   3956076
  1.067449e+01   1.502703e-02   7.362690e-03   8.129079e-06   3975842
  1.070001e+01   1.500235e-02   7.369647e-03   8.093165e-06   3998378
  1.072552e+01   1.502545e-02   7.360187e-03   8.093980e-06   4011746
  1.075102e+01   1.498112e-02   7.358748e-03   8.059759e-06   4030794
  1.077653e+01   1.497810e-02   7.368798e-03   8.029058e-06   4055528
  1.080205e+01   1.497976e-02   7.363030e-03   8.012823e-06   4069946
  1.082756e+01   1.496069e-02   7.367951e-03   8.000585e-06   4092678
  1.085306e+01   1.493982e-02   7.355822e-03   7.959889e-06   4107098
  1.087857e+01   1.493467e-02   7.362404e-03   7.963962e-06   4129736
  1.090407e+01   1.494534e-02   7.359481e-03   7.942531e-06   4145754
  1.092957e+01   1.493540e-02   7.369499e-03   7.929565e-06   4170842
  1.095508e+01   1.491481e-02   7.357224e-03   7.912379e-06   4184906
  1.098058e+01   1.489512e-02   7.358443e-03   7.874217e-06   4205450
  1.100608e+01   1.489136e-02   7.360823e-03   7.872582e-06   4224720
  1.103161e+01   1.487095e-02   7.380198e-03   7.821102e-06   4254854
  1.105711e+01   1.486308e-02   7.344334e-03   7.829877e-06   4254938
  1.108260e+01   1.486831e-02   7.371571e-03   7.802203e-06   4290330
  1.110811e+01   1.487143e-02   7.358208e-03   7.803895e-06   4302314
  1.113362e+01   1.484267e-02   7.364088e-03   7.766341e-06   4326032
  1.115915e+01   1.483313e-02   7.377284e-03   7.734055e-06   4353090
  1.118466e+01   1.484383e-02   7.349556e-03   7.737658e-06   4356146
  1.121013e+01   1.481783e-02   7.352742e-03   7.730386e-06   4378574
  1.123564e+01   1.480019e-02   7.377840e-03   7.685222e-06   4413248
  1.126118e+01   1.481635e-02   7.366166e-03   7.687839e-06   4424802
  1.128668e+01   1.478787e-02   7.364098e-03   7.664104e-06   4444034
  1.131219e+01   1.478709e-02   7.363642e-03   7.644531e-06   4465586
  1.133769e+01   1.477199e-02   7.353009e-03   7.620352e-06   4479666
  1.136318e+01   1.477058e-02   7.365560e-03   7.609064e-06   4505720
  1.138870e+01   1.476268e-02   7.370625e-03   7.595188e-06   4529126
  1.141421e+01   1.474343e-02   7.359704e-03   7.578374e-06   4544154
  1.143971e+01   1.473764e-02   7.357713e-03   7.573883e-06   4562906
  1.146519e+01   1.473473e-02   7.356098e-03   7.551980e-06   4580720
  1.149070e+01   1.472946e-02   7.377889e-03   7.532015e-06   4614554
  1.151625e+01   1.471669e-02   7.370249e-03   7.515307e-06   4631226
  1.154175e+01   1.471801e-02   7.354640e-03   7.507008e-06   4642154
  1.156724e+01   1.469651e-02   7.360155e-03   7.479422e-06   4667270
  1.159275e+01   1.469285e-02   7.366053e-03   7.464782e-06   4690992
  1.161824e+01   1.468477e-02   7.353419e-03   7.461288e-06   4702298
  1.164376e+01   1.467407e-02   7.379504e-03   7.439410e-06   4740218
  1.166926e+01   1.466926e-02   7.346684e-03   7.417263e-06   4740866
  1.169475e+01   1.463156e-02   7.367183e-03   7.383760e-06   4775322
  1.172027e+01   1.465635e-02   7.367339e-03   7.392577e-06   4794272
  1.174578e+01   1.465318e-02   7.365354e-03   7.388102e-06   4812758
  1.177128e+01   1.463228e-02   7.362022e-03   7.349546e-06   4833354
  1.179679e+01   1.462590e-02   7.361861e-03   7.345767e-06   4855682
  1.182230e+01   1.460560e-02   7.365173e-03   7.326482e-06   4877120
  1.184781e+01   1.461071e-02   7.365583e-03   7.310780e-06   4897602
  1.187332e+01   1.459291e-02   7.364961e-03   7.292496e-06   4920170
  1.189882e+01   1.457823e-02   7.357188e-03   7.271421e-06   4935938
  1.192432e+01   1.458004e-02   7.366829e-03   7.268691e-06   4962578
  1.194984e+01   1.458382e-02   7.367150e-03   7.254709e-06   4983252
  1.197533e+01   1.458039e-02   7.358547e-03   7.258915e-06   4998410
  1.200083e+01   1.456785e-02   7.363119e-03   7.237923e-06   5023826
  1.202634e+01   1.455391e-02   7.368453e-03   7.209502e-06   5050674
  1.205184e+01   1.455489e-02   7.349977e-03   7.214252e-06   5059520
  1.207735e+01   1.453739e-02   7.376343e-03   7.187829e-06   5097362
  1.210287e+01   1.453649e-02   7.359761e-03   7.183493e-06   5106546
  1.212837e+01   1.450777e-02   7.369257e-03   7.149089e-06   5136398
  1.215387e+01   1.451111e-02   7.350552e-03   7.158886e-06   5146346
  1.217939e+01   1.450853e-02   7.380991e-03   7.123344e-06   5187608
  1.220490e+01   1.450138e-02   7.351254e-03   7.122072e-06   5187162
  1.223039e+01   1.448738e-02   7.364954e-03   7.094391e-06   5220698
  1.225591e+01   1.448095e-02   7.362195e-03   7.075838e-06   5242010
  1.228140e+01   1.448006e-02   7.352108e-03   7.078563e-06   5255064
  1.230690e+01   1.448088e-02   7.370377e-03   7.076809e-06   5289398
  1.233242e+01   1.446257e-02   7.364557e-03   7.062157e-06   5307410
  1.235792e+01   1.447285e-02   7.356514e-03   7.053983e-06   5323754
  1.238344e+01   1.444017e-02   7.372115e-03   7.024377e-06   5357538
  1.240897e+01   1.444775e-02   7.367164e-03   7.012503e-06   5375144
  1.243447e+01   1.443803e-02   7.359861e-03   7.009446e-06   5391050
  1.245997e+01   1.443000e-02   7.365813e-03   6.991080e-06   5417274
  1.248547e+01   1.443504e-02   7.358548e-03   6.988044e-06   5436014
  1.251096e+01   1.441021e-02   7.352162e-03   6.971000e-06   5454842
  1.253647e+01   1.442022e-02   7.369982e-03   6.962970e-06   5489040
  1.256199e+01   1.441069e-02   7.364184e-03   6.954035e-06   5505674
  1.258748e+01   1.440837e-02   7.358601e-03   6.947978e-06   5524586
  1.261298e+01   1.438620e-02   7.359769e-03   6.927453e-06   5549594
  1.263849e+01   1.437364e-02   7.366034e-03   6.908093e-06   5575056
  1.266400e+01   1.438935e-02   7.364145e-03   6.919744e-06   5594414
  1.268953e+01   1.437184e-02   7.375176e-03   6.879079e-06   5626658
  1.271505e+01   1.435541e-02   7.360146e-03   6.879430e-06   5639490
  1.274055e+01   1.436113e-02   7.357793e-03   6.881785e-06   5660474
  1.276605e+01   1.435073e-02   7.360634e-03   6.862804e-06   5684504
  1.279154e+01   1.433172e-02   7.354965e-03   6.848931e-06   5702562
  1.281705e+01   1.435009e-02   7.376626e-03   6.838583e-06   5742026
  1.284255e+01   1.431760e-02   7.345672e-03   6.816845e-06   5740826
  1.286803e+01   1.431583e-02   7.360457e-03   6.829342e-06   5775308
  1.289354e+01   1.431836e-02   7.372581e-03   6.809791e-06   5807154
  1.291908e+01   1.430489e-02   7.371265e-03   6.793181e-06   5827970
  1.294459e+01   1.429937e-02   7.360656e-03   6.783559e-06   5844290
  1.297010e+01   1.428198e-02   7.362134e-03   6.764046e-06   5870442
  1.299560e+01   1.428466e-02   7.356552e-03   6.774734e-06   5887208
  1.302110e+01   1.429996e-02   7.370271e-03   6.767962e-06   5919842
  1.304660e+01   1.428581e-02   7.354747e-03   6.758714e-06   5932014
  1.307209e+01   1.427658e-02   7.357369e-03   6.742565e-06   5958818
  1.309759e+01   1.426452e-02   7.365999e-03   6.721258e-06   5987642
  1.312311e+01   1.426178e-02   7.366757e-03   6.718466e-06   6009728
  1.314863e+01   1.426036e-02   7.370476e-03   6.713881e-06   6035874
  1.317415e+01   1.422564e-02   7.369198e-03   6.689959e-06   6059690
  1.319966e+01   1.421594e-02   7.356915e-03   6.675257e-06   6073922
  1.322514e+01   1.422900e-02   7.356187e-03   6.684225e-06   6096372
  1.325063e+01   1.423057e-02   7.360768e-03   6.684048e-06   6123098
  1.327615e+01   1.420668e-02   7.374395e-03   6.656869e-06   6157658
  1.330167e+01   1.419947e-02   7.361831e-03   6.645132e-06   6171266
  1.332717e+01   1.418941e-02   7.362589e-03   6.642409e-06   6196482
  1.335268e+01   1.419168e-02   7.365698e-03   6.646987e-06   6222032
  1.337820e+01   1.419827e-02   7.369124e-03   6.638882e-06   6246818
  1.340371e+01   1.418302e-02   7.363974e-03   6.623971e-06   6268254
  1.342922e+01   1.415833e-02   7.364153e-03   6.600750e-06   6294554
  1.345472e+01   1.414474e-02   7.355777e-03   6.602317e-06   6309464
  1.348021e+01   1.413694e-02   7.365106e-03   6.581977e-06   6339666
  1.350573e+01   1.414548e-02   7.369440e-03   6.579926e-06   6368186
  1.353123e+01   1.412020e-02   7.353942e-03   6.579063e-06   6380882
  1.355672e+01   1.413109e-02   7.363610e-03   6.574883e-06   6413450
  1.358223e+01   1.411218e-02   7.361843e-03   6.561105e-06   6434724
  1.360774e+01   1.410684e-02   7.365450e-03   6.562747e-06   6461474
  1.363324e+01   1.407453e-02   7.364122e-03   6.545014e-06   6485474
  1.365875e+01   1.407951e-02   7.362534e-03   6.530646e-06   6508890
  1.368425e+01   1.405857e-02   7.356621e-03   6.524148e-06   6528602
  1.370977e+01   1.406068e-02   7.373802e-03   6.514304e-06   6568424
  1.373529e+01   1.406312e-02   7.360519e-03   6.524506e-06   6579162
  1.376079e+01   1.403385e-02   7.359495e-03   6.510606e-06   6603218
  1.378631e+01   1.401519e-02   7.372150e-03   6.488382e-06   6641054
  1.381181e+01   1.400843e-02   7.346730e-03   6.488905e-06   6641912
  1.383730e+01   1.400302e-02   7.374212e-03   6.477599e-06   6688722
  1.386282e+01   1.397807e-02   7.359472e-03   6.464341e-06   6700898
  1.388831e+01   1.395642e-02   7.359551e-03   6.463324e-06   6727946
  1.391382e+01   1.395203e-02   7.362069e-03   6.462018e-06   6755274
  1.393934e+01   1.392890e-02   7.367642e-03   6.438757e-06   6784424
  1.396485e+01   1.393128e-02   7.361152e-03   6.446669e-06   6801806
  1.399035e+01   1.389788e-02   7.358943e-03   6.440007e-06   6825698
  1.401587e+01   1.387899e-02   7.372377e-03   6.414208e-06   6863514
  1.404138e+01   1.386016e-02   7.355192e-03   6.420100e-06   6871520
  1.406687e+01   1.385070e-02   7.359434e-03   6.413768e-06   6900482
  1.409238e+01   1.381257e-02   7.371023e-03   6.392423e-06   6936570
  1.411789e+01   1.381122e-02   7.357534e-03   6.398693e-06   6949610
  1.414338e+01   1.377665e-02   7.351558e-03   6.373763e-06   6970166
  1.416887e+01   1.373579e-02   7.363810e-03   6.359036e-06   7006560
  1.419440e+01   1.374585e-02   7.371064e-03   6.378430e-06   7036850
  1.421990e+01   1.370468e-02   7.355844e-03   6.351072e-06   7047602
  1.424540e+01   1.366299e-02   7.365844e-03   6.338828e-06   7084130
  1.427091e+01   1.364111e-02   7.358968e-03   6.334281e-06   7103250
  1.429642e+01   1.361349e-02   7.365504e-03   6.333635e-06   7132808
  1.432193e+01   1.356193e-02   7.367556e-03   6.313636e-06   7159430
  1.434744e+01   1.352561e-02   7.357573e-03   6.293734e-06   7176954
  1.437295e+01   1.347989e-02   7.367516e-03   6.277104e-06   7212698
  1.439846e+01   1.345405e-02   7.361724e-03   6.272413e-06   7231208
  1.442396e+01   1.341066e-02   7.362341e-03   6.267612e-06   7256874
  1.444946e+01   1.334731e-02   7.363130e-03   6.222442e-06   7284314
  1.447498e+01   1.331604e-02   7.368689e-03   6.234184e-06   7315058
  1.450050e+01   1.324401e-02   7.366464e-03   6.203068e-06   7338758
  1.452600e+01   1.319963e-02   7.359164e-03   6.207475e-06   7357008
  1.455150e+01   1.313568e-02   7.367042e-03   6.195058e-06   7389506
  1.457701e+01   1.308784e-02   7.362832e-03   6.181287e-06   7412042
  1.460251e+01   1.301011e-02   7.356940e-03   6.153947e-06   7433994
  1.462800e+01   1.292769e-02   7.359469e-03   6.129712e-06   7462256
  1.465350e+01   1.287902e-02   7.365169e-03   6.131898e-06   7492106
  1.467902e+01   1.279406e-02   7.370617e-03   6.094706e-06   7523602
  1.470454e+01   1.269728e-02   7.367107e-03   6.079294e-06   7547422
  1.473006e+01   1.260932e-02   7.364744e-03   6.049619e-06   7572218
  1.475558e+01   1.251429e-02   7.371346e-03   6.026299e-06   7603424
  1.478109e+01   1.244149e-02   7.359050e-03   6.019281e-06   7616802
  1.480659e+01   1.231481e-02   7.362658e-03   5.983376e-06   7649330
  1.483208e+01   1.219677e-02   7.352521e-03   5.964065e-06   7664930
  1.485757e+01   1.207939e-02   7.365392e-03   5.912980e-06   7703616
  1.488308e+01   1.198710e-02   7.365807e-03   5.917466e-06   7730054
  1.490860e+01   1.185173e-02   7.365842e-03   5.876607e-06   7757186
  1.493411e+01   1.171538e-02   7.365056e-03   5.847396e-06   7783034
  1.495960e+01   1.157830e-02   7.353264e-03   5.813697e-06   7797762
  1.498510e+01   1.143629e-02   7.367356e-03   5.779282e-06   7838864
  1.501060e+01   1.129920e-02   7.358532e-03   5.761213e-06   7854218
  1.503612e+01   1.114812e-02   7.376203e-03   5.730005e-06   7900890
  1.506163e+01   1.099379e-02   7.354089e-03   5.692181e-06   7906142
  1.508712e+01   1.078059e-02   7.357433e-03   5.594315e-06   7923347
  1.511263e+01   1.049049e-02   7.370254e-03   5.439263e-06   7924812
  1.513814e+01   1.017488e-02   7.360918e-03   5.249570e-06   7899788
  1.516364e+01   9.874140e-03   7.359931e-03   5.086565e-06   7886192
  1.518914e+01   9.597171e-03   7.362526e-03   4.924697e-06   7875224
  1.521466e+01   9.326443e-03   7.367555e-03   4.774144e-06   7864992
  1.524017e+01   9.085433e-03   7.363815e-03   4.643123e-06   7848128
  1.526569e+01   8.820237e-03   7.365639e-03   4.490513e-06   7838144
  1.529119e+01   8.583274e-03   7.356494e-03   4.353061e-06   7813752
  1.531668e+01   8.354743e-03   7.357571e-03   4.240362e-06   7800092
  1.534219e+01   8.141496e-03   7.368755e-03   4.113096e-06   7797992
  1.536769e+01   7.930067e-03   7.350868e-03   4.001425e-06   7764648
  1.539319e+01   7.735956e-03   7.370782e-03   3.898472e-06   7769852
  1.541871e+01   7.537828e-03   7.360152e-03   3.790045e-06   7744688
  1.544422e+01   7.361948e-03   7.365679e-03   3.696689e-06   7736588
  1.546972e+01   7.174315e-03   7.358180e-03   3.590946e-06   7713312
  1.549524e+01   7.003795e-03   7.373389e-03   3.501837e-06   7713944
  1.552075e+01   6.839213e-03   7.350912e-03   3.412374e-06   7676276
  1.554624e+01   6.689613e-03   7.363264e-03   3.325703e-06   7675248
  1.557174e+01   6.544274e-03   7.357247e-03   3.259805e-06   7652180
  1.559724e+01   6.396918e-03   7.365471e-03   3.165692e-06   7645184
  1.562275e+01   6.256748e-03   7.360925e-03   3.102659e-06   7626080
  1.564826e+01   6.128542e-03   7.366056e-03   3.029626e-06   7615392
  1.567378e+01   5.988401e-03   7.370367e-03   2.952452e-06   7603052
  1.569929e+01   5.868723e-03   7.356256e-03   2.898005e-06   7573520
  1.572479e+01   5.759111e-03   7.365219e-03   2.829670e-06   7567620
  1.575029e+01   5.648812e-03   7.358287e-03   2.780298e-06   7543724
  1.577579e+01   5.536991e-03   7.366900e-03   2.712429e-06   7537580
  1.580130e+01   5.433217e-03   7.360085e-03   2.659203e-06   7515276
  1.582682e+01   5.326805e-03   7.368584e-03   2.599024e-06   7508024
  1.585232e+01   5.231074e-03   7.356465e-03   2.554102e-06   7478168
  1.587782e+01   5.135070e-03   7.366698e-03   2.501356e-06   7471568
  1.590333e+01   5.040733e-03   7.361988e-03   2.452981e-06   7451580
  1.592884e+01   4.959715e-03   7.364933e-03   2.404263e-06   7437332
  1.595435e+01   4.870912e-03   7.366683e-03   2.356666e-06   7422200
  1.597987e+01   4.789846e-03   7.368560e-03   2.313055e-06   7408464
  1.600537e+01   4.708190e-03   7.357152e-03   2.277543e-06   7381436
  1.603087e+01   4.639747e-03   7.361393e-03   2.237623e-06   7368068
  1.605637e+01   4.560885e-03   7.365998e-03   2.193920e-06   7355760
  1.608189e+01   4.489131e-03   7.368054e-03   2.157655e-06   7341512
  1.610740e+01   4.420636e-03   7.354934e-03   2.123592e-06   7310384
  1.613289e+01   4.356946e-03   7.369710e-03   2.085971e-06   7306904
  1.615839e+01   4.290675e-03   7.350512e-03   2.055667e-06   7271520
  1.618389e+01   4.226372e-03   7.374702e-03   2.015388e-06   7279508
  1.620941e+01   4.166057e-03   7.357344e-03   1.988665e-06   7244240
  1.623493e+01   4.105525e-03   7.376406e-03   1.955202e-06   7244700
  1.626044e+01   4.054972e-03   7.355374e-03   1.933849e-06   7207652
  1.628593e+01   3.996441e-03   7.361057e-03   1.902673e-06   7196144
  1.631143e+01   3.940506e-03   7.362174e-03   1.870567e-06   7177356
  1.633693e+01   3.889107e-03   7.362825e-03   1.842122e-06   7160180
  1.636245e+01   3.835741e-03   7.370725e-03   1.814063e-06   7151288
  1.638795e+01   3.791049e-03   7.353531e-03   1.790673e-06   7115144
  1.641345e+01   3.746964e-03   7.373850e-03   1.770912e-06   7116408
  1.643897e+01   3.694580e-03   7.362977e-03   1.741471e-06   7089080
  1.646448e+01   3.646828e-03   7.363158e-03   1.717508e-06   7071440
  1.649000e+01   3.609719e-03   7.368165e-03   1.697458e-06   7057152
  1.651550e+01   3.564832e-03   7.360184e-03   1.677401e-06   7031192
  1.654100e+01   3.520058e-03   7.358334e-03   1.652135e-06   7011524
  1.656649e+01   3.476448e-03   7.357440e-03   1.630920e-06   6991508
  1.659200e+01   3.441166e-03   7.371649e-03   1.613760e-06   6985368
  1.661751e+01   3.405830e-03   7.360719e-03   1.593994e-06   6956864
  1.664303e+01   3.361513e-03   7.372565e-03   1.569967e-06   6950408
  1.666852e+01   3.326246e-03   7.345081e-03   1.557009e-06   6904704
  1.669402e+01   3.293286e-03   7.377135e-03   1.538168e-06   6915128
  1.671955e+01   3.255475e-03   7.361587e-03   1.517694e-06   6882644
  1.674506e+01   3.221469e-03   7.362339e-03   1.499960e-06   6864864
  1.677056e+01   3.193291e-03   7.358325e-03   1.487101e-06   6840020
  1.679606e+01   3.156827e-03   7.361850e-03   1.470518e-06   6823808
  1.682158e+01   3.123836e-03   7.370568e-03   1.451808e-06   6813512
  1.684709e+01   3.097558e-03   7.357165e-03   1.440014e-06   6780336
  1.687258e+01   3.066828e-03   7.363664e-03   1.426094e-06   6766004
  1.689808e+01   3.037799e-03   7.357090e-03   1.409312e-06   6740540
  1.692358e+01   3.009273e-03   7.366252e-03   1.394601e-06   6730704
  1.694910e+01   2.979970e-03   7.361983e-03   1.380795e-06   6706004
  1.697460e+01   2.956751e-03   7.361235e-03   1.369563e-06   6683744
  1.700011e+01   2.930259e-03   7.363257e-03   1.357999e-06   6667236
  1.702562e+01   2.901811e-03   7.365144e-03   1.342359e-06   6648788
  1.705114e+01   2.878047e-03   7.367921e-03   1.332018e-06   6628136
  1.707663e+01   2.850460e-03   7.351941e-03   1.320169e-06   6593768
  1.710212e+01   2.829552e-03   7.365092e-03   1.308079e-06   6588000
  1.712763e+01   2.806490e-03   7.356684e-03   1.299577e-06   6558152
  1.715313e+01   2.783832e-03   7.367216e-03   1.289210e-06   6545360
  1.717866e+01   2.762540e-03   7.370316e-03   1.278121e-06   6529080
  1.720418e+01   2.736501e-03   7.365012e-03   1.266233e-06   6504260
  1.722968e+01   2.718195e-03   7.354679e-03   1.258193e-06   6472376
  1.725517e+01   2.696692e-03   7.364913e-03   1.247340e-06   6459464
  1.728069e+01   2.676981e-03   7.364806e-03   1.237672e-06   6439404
  1.730620e+01   2.651395e-03   7.367021e-03   1.226281e-06   6419420
  1.733171e+01   2.634040e-03   7.359477e-03   1.219573e-06   6390248
  1.735722e+01   2.617132e-03   7.370209e-03   1.209177e-06   6379044
  1.738274e+01   2.596701e-03   7.364805e-03   1.201342e-06   6354716
  1.740825e+01   2.578324e-03   7.362326e-03   1.194024e-06   6329300
  1.743374e+01   2.562669e-03   7.354434e-03   1.188134e-06   6299340
  1.745924e+01   2.546685e-03   7.369008e-03   1.179732e-06   6292424
  1.748476e+01   2.527202e-03   7.361822e-03   1.172258e-06   6264092
  1.751025e+01   2.508689e-03   7.361303e-03   1.161690e-06   6239072
  1.753575e+01   2.492823e-03   7.364182e-03   1.156256e-06   6219636
  1.756126e+01   2.476364e-03   7.365459e-03   1.148707e-06   6200672
  1.758676e+01   2.464077e-03   7.354792e-03   1.146297e-06   6168488
  1.761225e+01   2.445902e-03   7.366868e-03   1.135811e-06   6155100
  1.763778e+01   2.431766e-03   7.374735e-03   1.130125e-06   6140564
  1.766330e+01   2.418318e-03   7.356736e-03   1.126103e-06   6104576
  1.768879e+01   2.406990e-03   7.356830e-03   1.120958e-06   6080268
  1.771426e+01   2.391645e-03   7.355752e-03   1.116980e-06   6055400
  1.773977e+01   2.376699e-03   7.374071e-03   1.109015e-06   6049688
  1.776530e+01   2.363259e-03   7.362019e-03   1.105682e-06   6015848
  1.779080e+01   2.351135e-03   7.363376e-03   1.099617e-06   5991420
  1.781630e+01   2.338237e-03   7.369316e-03   1.094423e-06   5974820
  1.784182e+01   2.326576e-03   7.360963e-03   1.091376e-06   5947448
  1.786732e+01   2.315019e-03   7.362250e-03   1.085523e-06   5923188
  1.789283e+01   2.301921e-03   7.368233e-03   1.081883e-06   5903792
  1.791834e+01   2.288098e-03   7.360679e-03   1.075231e-06   5876888
  1.794384e+01   2.280247e-03   7.359115e-03   1.076238e-06   5851548
  1.796934e+01   2.270805e-03   7.369521e-03   1.071605e-06   5833976
  1.799485e+01   2.254478e-03   7.362511e-03   1.065965e-06   5804648
  1.802036e+01   2.245886e-03   7.366394e-03   1.061642e-06   5785436
  1.804587e+01   2.237462e-03   7.362829e-03   1.061497e-06   5757924
  1.807137e+01   2.227027e-03   7.364266e-03   1.057455e-06   5734076
  1.809688e+01   2.218044e-03   7.362633e-03   1.054543e-06   5710904
  1.812238e+01   2.207613e-03   7.357815e-03   1.050878e-06   5684592
  1.814789e+01   2.197640e-03   7.369347e-03   1.047490e-06   5667008
  1.817339e+01   2.188394e-03   7.352004e-03   1.047850e-06   5628872
  1.819890e+01   2.180535e-03   7.376112e-03   1.043129e-06   5625296
  1.822443e+01   2.171981e-03   7.359811e-03   1.043147e-06   5586396
  1.824992e+01   2.163340e-03   7.363976e-03   1.040097e-06   5562752
  1.827543e+01   2.156213e-03   7.368307e-03   1.037819e-06   5543288
  1.830095e+01   2.150145e-03   7.361075e-03   1.039718e-06   5514936
  1.832645e+01   2.140176e-03   7.360427e-03   1.036489e-06   5488412
  1.835195e+01   2.134020e-03   7.356876e-03   1.037053e-06   5459912
  1.837745e+01   2.125658e-03   7.369207e-03   1.033080e-06   5445384
  1.840297e+01   2.117093e-03   7.355744e-03   1.031026e-06   5410448
  1.842847e+01   2.112584e-03   7.366238e-03   1.030689e-06   5390852
  1.845397e+01   2.104211e-03   7.361704e-03   1.029792e-06   5361824
  1.847949e+01   2.097604e-03   7.370949e-03   1.029901e-06   5345160
  1.850501e+01   2.092961e-03   7.359278e-03   1.029311e-06   5309888
  1.853050e+01   2.085942e-03   7.364417e-03   1.028008e-06   5286260
  1.855600e+01   2.079089e-03   7.359553e-03   1.027403e-06   5259756
  1.858151e+01   2.074343e-03   7.359778e-03   1.028021e-06   5235572
  1.860702e+01   2.068588e-03   7.364327e-03   1.029519e-06   5210384
  1.863251e+01   2.061052e-03   7.358248e-03   1.026932e-06   5179164
  1.865803e+01   2.057753e-03   7.376584e-03   1.027480e-06   5167808
  1.868355e+01   2.052299e-03   7.352310e-03   1.029215e-06   5123300
  1.870904e+01   2.048590e-03   7.369172e-03   1.030226e-06   5107160
  1.873456e+01   2.044131e-03   7.368357e-03   1.031054e-06   5081688
  1.876007e+01   2.037625e-03   7.360408e-03   1.032187e-06   5051384
  1.878558e+01   2.035275e-03   7.361240e-03   1.033497e-06   5024528
  1.881107e+01   2.028774e-03   7.360943e-03   1.033758e-06   4996908
  1.883658e+01   2.024657e-03   7.364190e-03   1.034852e-06   4974536
  1.886210e+01   2.021549e-03   7.361858e-03   1.035793e-06   4946240
  1.888760e+01   2.017777e-03   7.362011e-03   1.038609e-06   4916312
  1.891310e+01   2.015057e-03   7.365781e-03   1.039672e-06   4891872
  1.893861e+01   2.007235e-03   7.359935e-03   1.040493e-06   4863080
  1.896411e+01   2.005973e-03   7.363820e-03   1.043415e-06   4837184
  1.898962e+01   2.000755e-03   7.365154e-03   1.042916e-06   4809516
  1.901513e+01   1.999864e-03   7.367668e-03   1.046036e-06   4786016
  1.904066e+01   1.996342e-03   7.362936e-03   1.048558e-06   4756532
  1.906615e+01   1.989795e-03   7.355541e-03   1.049350e-06   4722672
  1.909164e+01   1.990216e-03   7.357278e-03   1.052553e-06   4695668
  1.911714e+01   1.989322e-03   7.367373e-03   1.056738e-06   4675412
  1.914266e+01   1.984348e-03   7.360950e-03   1.058511e-06   4642904
  1.916815e+01   1.982259e-03   7.361738e-03   1.059186e-06   4613208
  1.919364e+01   1.979190e-03   7.360267e-03   1.064246e-06   4585184
  1.921915e+01   1.977795e-03   7.368214e-03   1.065935e-06   4564448
  1.924468e+01   1.971173e-03   7.369038e-03   1.065987e-06   4535604
  1.927019e+01   1.973098e-03   7.360161e-03   1.074655e-06   4500320
  1.929568e+01   1.972227e-03   7.359546e-03   1.078120e-06   4473992
  1.932120e+01   1.968401e-03   7.369740e-03   1.077265e-06   4452456
  1.934671e+01   1.966242e-03   7.357914e-03   1.084176e-06   4413848
  1.937220e+01   1.966803e-03   7.362825e-03   1.088603e-06   4388180
  1.939771e+01   1.963946e-03   7.365077e-03   1.091547e-06   4362464
  1.942321e+01   1.960955e-03   7.355796e-03   1.095076e-06   4326744
  1.944872e+01   1.959776e-03   7.380752e-03   1.096359e-06   4311212
  1.947426e+01   1.958708e-03   7.366840e-03   1.101752e-06   4276172
  1.949977e+01   1.960911e-03   7.354915e-03   1.109699e-06   4241916
  1.952526e+01   1.956571e-03   7.362787e-03   1.113001e-06   4215584
  1.955075e+01   1.954431e-03   7.353834e-03   1.118641e-06   4180232
  1.957624e+01   1.956253e-03   7.362652e-03   1.121585e-06   4157928
  1.960176e+01   1.951362e-03   7.368259e-03   1.123971e-06   4130960
  1.962728e+01   1.949923e-03   7.365942e-03   1.131330e-06   4097120
  1.965278e+01   1.947993e-03   7.365192e-03   1.135294e-06   4068488
  1.967829e+01   1.950388e-03   7.360466e-03   1.142277e-06   4038360
  1.970381e+01   1.951632e-03   7.371094e-03   1.148516e-06   4012616
  1.972932e+01   1.947834e-03   7.361291e-03   1.152013e-06   3976556
  1.975481e+01   1.949150e-03   7.357987e-03   1.160070e-06   3947544
  1.978032e+01   1.950866e-03   7.362998e-03   1.167000e-06   3920432
  1.980583e+01   1.947640e-03   7.359438e-03   1.169843e-06   3885884
  1.983132e+01   1.947450e-03   7.360820e-03   1.177181e-06   3856280
  1.985682e+01   1.944253e-03   7.365713e-03   1.182592e-06   3829752
  1.988235e+01   1.946167e-03   7.371114e-03   1.188936e-06   3801356
  1.990787e+01   1.945411e-03   7.363721e-03   1.196034e-06   3765392
  1.993335e+01   1.943130e-03   7.353719e-03   1.201166e-06   3731424
  1.995886e+01   1.944422e-03   7.367192e-03   1.208028e-06   3709580
  1.998438e+01   1.942620e-03   7.361933e-03   1.213814e-06   3674216
  2.000987e+01   1.940746e-03   7.356510e-03   1.220724e-06   3639564
  2.003537e+01   1.944001e-03   7.364401e-03   1.230154e-06   3614840
  2.006090e+01   1.944031e-03   7.367408e-03   1.237822e-06   3584480
  2.008639e+01   1.942232e-03   7.353185e-03   1.242992e-06   3543536
  2.011189e+01   1.939963e-03   7.374777e-03   1.246348e-06   3524472
  2.013741e+01   1.941856e-03   7.356469e-03   1.260511e-06   3486212
  2.016292e+01   1.941662e-03   7.368358e-03   1.265415e-06   3458324
  2.018842e+01   1.939006e-03   7.359377e-03   1.273013e-06   3421488
  2.021391e+01   1.941184e-03   7.359374e-03   1.281519e-06   3392336
  2.023944e+01   1.937630e-03   7.367410e-03   1.286118e-06   3365456
  2.026495e+01   1.936928e-03   7.356390e-03   1.292289e-06   3326160
  2.029043e+01   1.934652e-03   7.362952e-03   1.300702e-06   3296720
  2.031593e+01   1.937526e-03   7.356687e-03   1.310231e-06   3263744
  2.034146e+01   1.934288e-03   7.379127e-03   1.315674e-06   3240128
  2.036697e+01   1.932933e-03   7.354400e-03   1.326145e-06   3194856
  2.039245e+01   1.935005e-03   7.363268e-03   1.336307e-06   3169232
  2.041798e+01   1.935790e-03   7.370164e-03   1.347133e-06   3141728
  2.044350e+01   1.930091e-03   7.359626e-03   1.352802e-06   3101772
  2.046897e+01   1.922675e-03   7.354183e-03   1.356618e-06   3066728
  2.049449e+01   1.930015e-03   7.376458e-03   1.369249e-06   3046004
  2.052003e+01   1.925652e-03   7.358193e-03   1.374292e-06   3004592
  2.054552e+01   1.924833e-03   7.363615e-03   1.388518e-06   2971608
  2.057101e+01   1.923629e-03   7.361977e-03   1.393541e-06   2939036
  2.059652e+01   1.918702e-03   7.370191e-03   1.401673e-06   2910536
  2.062204e+01   1.916378e-03   7.362511e-03   1.408784e-06   2873400
  2.064753e+01   1.914693e-03   7.355932e-03   1.420753e-06   2837216
  2.067303e+01   1.914503e-03   7.367558e-03   1.430414e-06   2810636
  2.069855e+01   1.907228e-03   7.359230e-03   1.433666e-06   2774580
  2.072405e+01   1.899760e-03   7.361180e-03   1.438962e-06   2739152
  2.074953e+01   1.897132e-03   7.356054e-03   1.449017e-06   2704292
  2.077505e+01   1.899952e-03   7.372093e-03   1.462140e-06   2678756
  2.080060e+01   1.891078e-03   7.372667e-03   1.466886e-06   2642748
  2.082609e+01   1.885029e-03   7.355862e-03   1.471757e-06   2600696
  2.085158e+01   1.884145e-03   7.371415e-03   1.481977e-06   2575352
  2.087712e+01   1.877341e-03   7.365344e-03   1.488591e-06   2541108
  2.090261e+01   1.870705e-03   7.347421e-03   1.496136e-06   2498504
  2.092809e+01   1.858536e-03   7.364501e-03   1.492170e-06   2469308
  2.095359e+01   1.862322e-03   7.358218e-03   1.515602e-06   2435388
  2.097910e+01   1.853942e-03   7.361621e-03   1.514058e-06   2402516
  2.100463e+01   1.839927e-03   7.372541e-03   1.513044e-06   2368496
  2.103013e+01   1.831961e-03   7.365274e-03   1.518140e-06   2330924
  2.105562e+01   1.827129e-03   7.357516e-03   1.525555e-06   2296560
  2.108114e+01   1.816028e-03   7.370522e-03   1.526339e-06   2265656
  2.110666e+01   1.799338e-03   7.364605e-03   1.522855e-06   2226968
  2.113214e+01   1.791974e-03   7.356650e-03   1.527075e-06   2191452
  2.115765e+01   1.783948e-03   7.359422e-03   1.532235e-06   2159024
  2.118315e+01   1.764807e-03   7.354652e-03   1.518883e-06   2120888
  2.120863e+01   1.750667e-03   7.360281e-03   1.514380e-06   2086840
  2.123414e+01   1.737083e-03   7.367404e-03   1.513445e-06   2053864
  2.125965e+01   1.727135e-03   7.362214e-03   1.516875e-06   2016296
  2.128517e+01   1.701527e-03   7.376346e-03   1.489041e-06   1984592
  2.131070e+01   1.684811e-03   7.366785e-03   1.471010e-06   1946748
  2.133620e+01   1.664404e-03   7.358336e-03   1.457409e-06   1909961
  2.136172e+01   1.651714e-03   7.369335e-03   1.454653e-06   1881074
  2.138723e+01   1.639558e-03   7.353272e-03   1.444205e-06   1846236
  2.141271e+01   1.626585e-03   7.353027e-03   1.436763e-06   1816016
  2.143821e+01   1.618933e-03   7.364414e-03   1.427972e-06   1789688
  2.146373e+01   1.604630e-03   7.367059e-03   1.426427e-06   1761398
  2.148924e+01   1.594642e-03   7.364203e-03   1.417142e-06   1732776
  2.151476e+01   1.588147e-03   7.378034e-03   1.418747e-06   1709114
  2.154028e+01   1.579014e-03   7.361373e-03   1.413596e-06   1678730
  2.156578e+01   1.566577e-03   7.360283e-03   1.410156e-06   1653240
  2.159128e+01   1.561183e-03   7.362665e-03   1.410824e-06   1628972
  2.161678e+01   1.555818e-03   7.354145e-03   1.409685e-06   1602134
  2.164226e+01   1.549050e-03   7.351852e-03   1.409135e-06   1577790
  2.166777e+01   1.545791e-03   7.365106e-03   1.410788e-06   1556390
  2.169328e+01   1.541315e-03   7.363741e-03   1.416918e-06   1531178
  2.171878e+01   1.530504e-03   7.367215e-03   1.406435e-06   1508624
  2.174432e+01   1.527478e-03   7.379867e-03   1.413877e-06   1488408
  2.176984e+01   1.521073e-03   7.360535e-03   1.413313e-06   1461536
  2.179533e+01   1.517255e-03   7.359978e-03   1.416849e-06   1439936
  2.182084e+01   1.515317e-03   7.368240e-03   1.420168e-06   1420236
  2.184635e+01   1.507187e-03   7.354083e-03   1.421272e-06   1395920
  2.187182e+01   1.503898e-03   7.348894e-03   1.421610e-06   1374290
  2.189733e+01   1.500224e-03   7.368260e-03   1.422405e-06   1356858
  2.192284e+01   1.496787e-03   7.353545e-03   1.435476e-06   1332536
  2.194835e+01   1.495300e-03   7.379252e-03   1.432549e-06   1316414
  2.197387e+01   1.492934e-03   7.366748e-03   1.442220e-06   1293962
  2.199937e+01   1.491508e-03   7.362470e-03   1.450592e-06   1273482
  2.202489e+01   1.486231e-03   7.375678e-03   1.449898e-06   1256762
  2.205041e+01   1.484988e-03   7.355512e-03   1.461323e-06   1234202
  2.207589e+01   1.481863e-03   7.355961e-03   1.465601e-06   1215660
  2.210140e+01   1.482195e-03   7.362722e-03   1.470168e-06   1198550
  2.212689e+01   1.474771e-03   7.345464e-03   1.473588e-06   1176740
  2.215237e+01   1.475076e-03   7.361360e-03   1.476982e-06   1160594
  2.217791e+01   1.472361e-03   7.383144e-03   1.485537e-06   1145724
  2.220344e+01   1.471840e-03   7.364325e-03   1.488839e-06   1124066
  2.222892e+01   1.469079e-03   7.360199e-03   1.500550e-06   1106036
  2.225444e+01   1.469430e-03   7.379911e-03   1.507255e-06   1092552
  2.227997e+01   1.466028e-03   7.356292e-03   1.512767e-06   1071674
  2.230546e+01   1.467262e-03   7.356182e-03   1.526178e-06   1054892
  2.233097e+01   1.470582e-03   7.362191e-03   1.535540e-06   1039716
  2.235646e+01   1.462922e-03   7.344170e-03   1.534051e-06   1020260
  2.238194e+01   1.466763e-03   7.363080e-03   1.553518e-06   1006052
  2.240746e+01   1.467932e-03   7.368590e-03   1.565984e-06   990320
  2.243298e+01   1.465592e-03   7.374664e-03   1.569524e-06   974484
  2.245849e+01   1.467366e-03   7.369296e-03   1.585049e-06   958076
  2.248401e+01   1.471261e-03   7.373538e-03   1.595693e-06   943556
  2.250952e+01   1.468415e-03   7.354611e-03   1.605852e-06   926022
  2.253501e+01   1.470920e-03   7.359085e-03   1.622240e-06   911804
  2.256052e+01   1.469364e-03   7.355702e-03   1.626404e-06   896528
  2.258600e+01   1.465878e-03   7.344635e-03   1.642841e-06   880212
  2.261149e+01   1.468770e-03   7.364479e-03   1.651818e-06   867710
  2.263701e+01   1.475721e-03   7.370589e-03   1.674680e-06   853388
  2.266252e+01   1.473031e-03   7.367301e-03   1.682546e-06   838166
  2.268805e+01   1.476601e-03   7.381192e-03   1.697379e-06   825540
  2.271357e+01   1.478620e-03   7.365295e-03   1.712256e-06   810080
  2.273908e+01   1.481151e-03   7.362407e-03   1.731205e-06   796262
  2.276457e+01   1.479487e-03   7.352413e-03   1.747334e-06   781884
  2.279007e+01   1.489301e-03   7.360578e-03   1.765792e-06   769622
  2.281556e+01   1.488875e-03   7.339853e-03   1.781557e-06   754166
  2.284103e+01   1.491269e-03   7.355328e-03   1.798437e-06   742100
  2.286654e+01   1.494766e-03   7.374452e-03   1.820772e-06   730446
  2.289209e+01   1.494220e-03   7.385778e-03   1.831935e-06   718304
  2.291762e+01   1.502586e-03   7.365776e-03   1.855099e-06   703454
  2.294311e+01   1.501684e-03   7.366068e-03   1.872501e-06   691062
  2.296863e+01   1.502624e-03   7.373610e-03   1.888374e-06   679814
  2.299415e+01   1.507002e-03   7.354244e-03   1.911229e-06   666260
  2.301963e+01   1.513910e-03   7.345385e-03   1.932485e-06   653550
  2.304511e+01   1.514911e-03   7.349203e-03   1.955513e-06   641942
  2.307060e+01   1.524266e-03   7.353105e-03   1.988792e-06   630194
  2.309610e+01   1.521065e-03   7.369121e-03   1.999078e-06   619172
  2.312162e+01   1.528569e-03   7.375923e-03   2.022800e-06   607758
  2.314716e+01   1.531221e-03   7.384041e-03   2.038440e-06   597014
  2.317270e+01   1.533898e-03   7.376712e-03   2.063024e-06   585206
  2.319820e+01   1.545809e-03   7.354974e-03   2.105222e-06   572598
  2.322367e+01   1.544105e-03   7.349032e-03   2.114588e-06   561686
  2.324917e+01   1.549724e-03   7.353239e-03   2.153702e-06   551558
  2.327468e+01   1.555614e-03   7.357285e-03   2.180169e-06   541098
  2.330014e+01   1.557907e-03   7.325793e-03   2.207503e-06   527966
  2.332562e+01   1.571238e-03   7.376852e-03   2.240734e-06   520622
  2.335117e+01   1.572050e-03   7.386148e-03   2.261305e-06   510302
  2.337672e+01   1.577490e-03   7.382565e-03   2.284873e-06   499614
  2.340224e+01   1.582572e-03   7.375292e-03   2.322885e-06   489302
  2.342778e+01   1.587596e-03   7.375236e-03   2.346825e-06   479678
  2.345329e+01   1.590284e-03   7.352971e-03   2.382385e-06   468666
  2.347875e+01   1.596686e-03   7.329761e-03   2.418817e-06   457910
  2.350421e+01   1.611553e-03   7.344495e-03   2.462969e-06   449510
  2.352971e+01   1.615329e-03   7.353075e-03   2.490652e-06   440310
  2.355521e+01   1.619922e-03   7.364334e-03   2.528602e-06   430934
  2.358073e+01   1.624484e-03   7.379513e-03   2.568033e-06   422024
  2.360625e+01   1.624091e-03   7.381391e-03   2.589259e-06   412886
  2.363179e+01   1.639618e-03   7.386646e-03   2.631797e-06   404310
  2.365734e+01   1.643573e-03   7.381267e-03   2.680473e-06   395438
  2.368286e+01   1.649030e-03   7.347485e-03   2.719517e-06   385298
  2.370833e+01   1.659642e-03   7.341789e-03   2.761130e-06   376776
  2.373377e+01   1.669802e-03   7.320960e-03   2.823160e-06   367430
  2.375924e+01   1.675229e-03   7.349948e-03   2.840178e-06   360302
  2.378474e+01   1.684570e-03   7.357710e-03   2.901699e-06   351830
  2.381028e+01   1.687279e-03   7.399637e-03   2.935967e-06   345024
  2.383584e+01   1.693058e-03   7.384100e-03   2.978874e-06   335918
  2.386136e+01   1.705387e-03   7.381599e-03   3.037880e-06   327878
  2.388688e+01   1.716181e-03   7.378710e-03   3.085649e-06   320250
  2.391241e+01   1.733411e-03   7.361769e-03   3.173712e-06   312296
  2.393791e+01   1.727206e-03   7.334340e-03   3.216319e-06   303926
  2.396337e+01   1.744663e-03   7.333206e-03   3.274622e-06   296502
  2.398881e+01   1.752157e-03   7.315382e-03   3.322185e-06   288248
  2.401426e+01   1.760083e-03   7.359470e-03   3.384127e-06   282206
  2.403980e+01   1.766059e-03   7.394961e-03   3.422118e-06   275822
  2.406537e+01   1.780278e-03   7.399099e-03   3.509936e-06   268560
  2.409092e+01   1.783592e-03   7.390828e-03   3.555291e-06   261206
  2.411646e+01   1.799096e-03   7.386125e-03   3.633674e-06   254360
  2.414200e+01   1.809186e-03   7.370012e-03   3.711765e-06   247506
  2.416750e+01   1.809527e-03   7.331579e-03   3.773129e-06   240086
  2.419295e+01   1.825280e-03   7.312198e-03   3.862654e-06   233168
  2.421838e+01   1.834018e-03   7.318970e-03   3.915456e-06   226806
  2.424380e+01   1.851690e-03   7.330089e-03   4.008058e-06   220280
  2.426931e+01   1.858192e-03   7.407244e-03   4.076481e-06   215702
  2.429491e+01   1.868780e-03   7.413551e-03   4.148146e-06   209408
  2.432046e+01   1.891476e-03   7.383828e-03   4.302841e-06   202518
  2.434601e+01   1.899793e-03   7.402521e-03   4.347510e-06   197222
  2.437157e+01   1.902929e-03   7.373169e-03   4.439632e-06   190880
  2.439709e+01   1.921482e-03   7.342463e-03   4.578195e-06   184794
  2.442253e+01   1.918339e-03   7.292030e-03   4.648848e-06   178328
  2.444792e+01   1.927884e-03   7.290434e-03   4.716323e-06   172838
  2.447328e+01   1.945130e-03   7.291834e-03   4.850976e-06   167016
  2.449879e+01   1.960305e-03   7.431836e-03   4.908037e-06   163976
  2.452446e+01   1.966484e-03   7.449486e-03   5.017476e-06   158486
  2.455006e+01   1.988604e-03   7.404019e-03   5.199554e-06   152384
  2.457560e+01   1.996715e-03   7.394682e-03   5.292560e-06   147462
  2.460114e+01   2.008536e-03   7.357903e-03   5.414928e-06   142112
  2.462663e+01   2.027822e-03   7.336378e-03   5.572981e-06   137102
  2.465211e+01   2.040495e-03   7.316252e-03   5.726036e-06   132144
  2.467752e+01   2.064953e-03   7.283118e-03   5.923354e-06   127010
  2.470284e+01   2.046964e-03   7.253132e-03   6.008654e-06   121832
  2.472829e+01   2.079167e-03   7.397873e-03   6.202370e-06   119096
  2.475392e+01   2.093119e-03   7.444805e-03   6.337833e-06   114702
  2.477956e+01   2.097170e-03   7.462789e-03   6.411118e-06   110312
  2.480517e+01   2.108084e-03   7.434308e-03   6.620180e-06   105734
  2.483076e+01   2.140759e-03   7.397566e-03   6.822513e-06   101544
  2.485627e+01   2.160816e-03   7.301752e-03   7.068060e-06   96824
  2.488168e+01   2.156741e-03   7.246997e-03   7.238212e-06   92582
  2.490698e+01   2.180951e-03   7.204423e-03   7.473124e-06   88248
  2.493224e+01   2.182432e-03   7.257535e-03   7.634668e-06   84728
  2.495776e+01   2.215678e-03   7.453949e-03   7.845450e-06   82454
  2.498353e+01   2.235330e-03   7.531963e-03   8.104843e-06   79076
  2.500921e+01   2.259380e-03   7.439378e-03   8.353993e-06   74568
  2.503475e+01   2.253568e-03   7.405401e-03   8.626434e-06   71054
  2.506026e+01   2.271539e-03   7.359057e-03   8.939652e-06   67544
  2.508578e+01   2.269188e-03   7.350851e-03   9.145692e-06   64440
  2.511127e+01   2.296688e-03   7.285050e-03   9.510720e-06   60902
  2.513667e+01   2.311181e-03   7.239842e-03   9.756656e-06   57656
  2.516188e+01   2.343821e-03   7.131070e-03   1.029013e-05   53976
  2.518711e+01   2.348786e-03   7.280183e-03   1.052730e-05   51806
  2.521267e+01   2.392561e-03   7.484844e-03   1.084336e-05   49688
  2.523842e+01   2.389817e-03   7.555911e-03   1.120399e-05   46856
  2.526422e+01   2.422770e-03   7.597859e-03   1.171387e-05   44256
  2.529008e+01   2.427196e-03   7.559996e-03   1.198451e-05   41654
  2.531583e+01   2.456704e-03   7.348482e-03   1.271304e-05   38612
  2.534123e+01   2.458994e-03   7.062272e-03   1.333059e-05   35496
  2.536623e+01   2.512288e-03   6.874760e-03   1.399545e-05   32768
  2.539091e+01   2.506544e-03   6.774850e-03   1.472104e-05   30254
  2.541583e+01   2.522126e-03   7.146931e-03   1.498556e-05   29024
  2.544166e+01   2.522642e-03   7.771822e-03   1.522135e-05   28176
  2.546816e+01   2.563299e-03   8.033691e-03   1.610682e-05   26336
  2.549464e+01   2.570665e-03   7.802484e-03   1.706676e-05   23822
  2.552058e+01   2.612744e-03   7.252601e-03   1.829916e-05   21096
  2.554587e+01   2.637738e-03   6.879531e-03   1.956377e-05   19016
  2.557068e+01   2.623412e-03   6.569579e-03   2.037254e-05   17024
  2.559507e+01   2.637976e-03   6.425255e-03   2.186864e-05   15360
  2.561919e+01   2.685337e-03   6.295402e-03   2.367461e-05   13814
  2.564393e+01   2.760531e-03   6.997366e-03   2.492682e-05   13112
  2.567113e+01   2.793436e-03   8.707019e-03   2.426682e-05   13520
  2.569910e+01   2.763828e-03   8.295570e-03   2.742057e-05   11124
  2.572577e+01   2.818007e-03   7.121835e-03   2.969847e-05   9080
  2.575089e+01   2.821629e-03   6.225623e-03   3.371137e-05   7526
  2.577504e+01   2.819350e-03   6.069238e-03   3.526454e-05   6504
  2.579905e+01   2.852122e-03   6.054644e-03   3.836331e-05   5624
  2.582307e+01   2.863468e-03   6.043297e-03   4.230444e-05   4808
  2.584710e+01   2.790378e-03   6.034656e-03   4.515594e-05   4056
  2.587276e+01   3.037846e-03   7.717166e-03   5.003643e-05   3704
  2.590170e+01   2.863933e-03   9.550888e-03   5.007509e-05   3560
  2.593119e+01   3.101732e-03   6.077834e-03   7.322591e-05   1934
  2.595529e+01   2.908275e-03   6.014157e-03   7.755958e-05   1464
  2.597932e+01   3.116768e-03   6.009183e-03   9.904974e-05   1064
  2.600334e+01   3.286595e-03   6.000632e-03   1.186629e-04   728
  2.602731e+01   2.934639e-03   5.983389e-03   1.610020e-04   456
  2.605118e+01   2.920062e-03   5.942607e-03   2.158462e-04   248
  2.607479e+01   2.656116e-03   5.817994e-03   2.419187e-04   104
  2.609756e+01   2.384318e-03   5.233565e-03   3.441790e-04   24
