# power spectrum of delta
# redshift z=3.000000
# k              Pk             sigma(k)       sigma(Pk)      count
  2.094395e-02   7.482822e-04   1.873193e-10   3.030328e-04   6
  4.041873e-02   4.711402e-03   7.123136e-03   1.129765e-03   50
  6.490740e-02   1.655550e-02   7.704015e-03   1.382231e-03   146
  8.919218e-02   3.035321e-02   6.515352e-03   1.809249e-03   258
  1.152383e-01   4.066237e-02   7.588046e-03   1.905895e-03   488
  1.414449e-01   6.270804e-02   7.538441e-03   2.537049e-03   698
  1.659742e-01   7.299508e-02   7.050465e-03   2.526792e-03   906
  1.914641e-01   8.840927e-02   7.471609e-03   2.480441e-03   1334
  2.173330e-01   1.022694e-01   6.995022e-03   2.457651e-03   1610
  2.424567e-01   1.206186e-01   7.345390e-03   2.769896e-03   2024
  2.678993e-01   1.389598e-01   7.580509e-03   2.701524e-03   2538
  2.938190e-01   1.487659e-01   7.447628e-03   2.752183e-03   3074
  3.195712e-01   1.702502e-01   7.220239e-03   2.915300e-03   3530
  3.446864e-01   1.833752e-01   7.270973e-03   2.852986e-03   4056
  3.699787e-01   1.983962e-01   7.428541e-03   2.966628e-03   4814
  3.958636e-01   2.103127e-01   7.424289e-03   2.941316e-03   5570
  4.214096e-01   2.344972e-01   7.192216e-03   3.076460e-03   6090
  4.461528e-01   2.553185e-01   7.017327e-03   3.223464e-03   6674
  4.716496e-01   2.712654e-01   7.522617e-03   3.017192e-03   8000
  4.976255e-01   2.889587e-01   7.432317e-03   3.041721e-03   8690
  5.234355e-01   3.042676e-01   7.563486e-03   3.125385e-03   9762
  5.488848e-01   3.280360e-01   7.139761e-03   3.232516e-03   10262
  5.740202e-01   3.494472e-01   7.208672e-03   3.233428e-03   11384
  5.998726e-01   3.582019e-01   7.605282e-03   3.092092e-03   12978
  6.254488e-01   3.797437e-01   7.225996e-03   3.369792e-03   13322
  6.507142e-01   3.940092e-01   7.369919e-03   3.266184e-03   14858
  6.762540e-01   4.206178e-01   7.250774e-03   3.412952e-03   15858
  7.016736e-01   4.315233e-01   7.353014e-03   3.308973e-03   17120
  7.269255e-01   4.483959e-01   7.307103e-03   3.290712e-03   18206
  7.526206e-01   4.721905e-01   7.525550e-03   3.297287e-03   20282
  7.783742e-01   4.991144e-01   7.276293e-03   3.472033e-03   20946
  8.037396e-01   5.077605e-01   7.373172e-03   3.437549e-03   22514
  8.292023e-01   5.337464e-01   7.345694e-03   3.478054e-03   23936
  8.546745e-01   5.629238e-01   7.347089e-03   3.514227e-03   25458
  8.800992e-01   5.803936e-01   7.329232e-03   3.548724e-03   26882
  9.054925e-01   6.034463e-01   7.338127e-03   3.566608e-03   28514
  9.311790e-01   6.203221e-01   7.460228e-03   3.546137e-03   30740
  9.568777e-01   6.484782e-01   7.357333e-03   3.648874e-03   31866
  9.821952e-01   6.724305e-01   7.331624e-03   3.690377e-03   33314
  1.007650e+00   6.791231e-01   7.414657e-03   3.606376e-03   35666
  1.033253e+00   7.109733e-01   7.318024e-03   3.690726e-03   37242
  1.058762e+00   7.428266e-01   7.338439e-03   3.749005e-03   39008
  1.084162e+00   7.619082e-01   7.377341e-03   3.794316e-03   40874
  1.109663e+00   7.841700e-01   7.384274e-03   3.763614e-03   43134
  1.135231e+00   8.129001e-01   7.323407e-03   3.820491e-03   44906
  1.160648e+00   8.409046e-01   7.324475e-03   3.933148e-03   46688
  1.186063e+00   8.587061e-01   7.393303e-03   3.880720e-03   49106
  1.211638e+00   8.840614e-01   7.403029e-03   3.897047e-03   51498
  1.237270e+00   9.133039e-01   7.385683e-03   3.947433e-03   53570
  1.262712e+00   9.345222e-01   7.321723e-03   3.978741e-03   55226
  1.288093e+00   9.718210e-01   7.341969e-03   4.042268e-03   57708
  1.313634e+00   9.982881e-01   7.407574e-03   4.121798e-03   60530
  1.339301e+00   1.022426e+00   7.432212e-03   4.102410e-03   63050
  1.364534e+00   1.044592e+00   7.161349e-03   4.217799e-03   63138
  1.389920e+00   1.071401e+00   7.475118e-03   4.098353e-03   68594
  1.415805e+00   1.108342e+00   7.439430e-03   4.187237e-03   70664
  1.441273e+00   1.129996e+00   7.308630e-03   4.236566e-03   71594
  1.466675e+00   1.167234e+00   7.411357e-03   4.250087e-03   75438
  1.492191e+00   1.187360e+00   7.301996e-03   4.314539e-03   77258
  1.517767e+00   1.224350e+00   7.436078e-03   4.325258e-03   81128
  1.543221e+00   1.254911e+00   7.296345e-03   4.379330e-03   82098
  1.568696e+00   1.284734e+00   7.424693e-03   4.374776e-03   86690
  1.594426e+00   1.311217e+00   7.389266e-03   4.442731e-03   89306
  1.619960e+00   1.339787e+00   7.318410e-03   4.458848e-03   91074
  1.645323e+00   1.376483e+00   7.332853e-03   4.519175e-03   93908
  1.670710e+00   1.398589e+00   7.343977e-03   4.505229e-03   97106
  1.696187e+00   1.425084e+00   7.356873e-03   4.507150e-03   100370
  1.721752e+00   1.472785e+00   7.394531e-03   4.569840e-03   103914
  1.747332e+00   1.499586e+00   7.360597e-03   4.611802e-03   106616
  1.772874e+00   1.537277e+00   7.362187e-03   4.633127e-03   109850
  1.798406e+00   1.563040e+00   7.360683e-03   4.653575e-03   112842
  1.823780e+00   1.606712e+00   7.293039e-03   4.761606e-03   114914
  1.849190e+00   1.632544e+00   7.358923e-03   4.761223e-03   119582
  1.874776e+00   1.651043e+00   7.367534e-03   4.704763e-03   122888
  1.900308e+00   1.695036e+00   7.385270e-03   4.792872e-03   126090
  1.925820e+00   1.728010e+00   7.366580e-03   4.810544e-03   129482
  1.951341e+00   1.756046e+00   7.334265e-03   4.844082e-03   132818
  1.976809e+00   1.794930e+00   7.322888e-03   4.904160e-03   135810
  2.002209e+00   1.845212e+00   7.346060e-03   4.985881e-03   139304
  2.027792e+00   1.869659e+00   7.442133e-03   4.907219e-03   145022
  2.053380e+00   1.903773e+00   7.308775e-03   4.997093e-03   146370
  2.078794e+00   1.943321e+00   7.334480e-03   5.035141e-03   150338
  2.104269e+00   1.980048e+00   7.371946e-03   5.060244e-03   154544
  2.129794e+00   2.012526e+00   7.373878e-03   5.062767e-03   158546
  2.155453e+00   2.058196e+00   7.427055e-03   5.144859e-03   163602
  2.180972e+00   2.083764e+00   7.309285e-03   5.119041e-03   164642
  2.206370e+00   2.128714e+00   7.351997e-03   5.210227e-03   169790
  2.231837e+00   2.172943e+00   7.324438e-03   5.236471e-03   173136
  2.257387e+00   2.207930e+00   7.423329e-03   5.236147e-03   179090
  2.282912e+00   2.244512e+00   7.329232e-03   5.281988e-03   180890
  2.308457e+00   2.281634e+00   7.404053e-03   5.294588e-03   187434
  2.333949e+00   2.314471e+00   7.276406e-03   5.361255e-03   188000
  2.359383e+00   2.371590e+00   7.426870e-03   5.397493e-03   195338
  2.384874e+00   2.408228e+00   7.330167e-03   5.456807e-03   197246
  2.410353e+00   2.450209e+00   7.377053e-03   5.459267e-03   203394
  2.435901e+00   2.494082e+00   7.347720e-03   5.520267e-03   206834
  2.461361e+00   2.529411e+00   7.352103e-03   5.529525e-03   210728
  2.486883e+00   2.560283e+00   7.408456e-03   5.514714e-03   216930
  2.512465e+00   2.595165e+00   7.356142e-03   5.542744e-03   220226
  2.537932e+00   2.654822e+00   7.338615e-03   5.655666e-03   224018
  2.563367e+00   2.691567e+00   7.347478e-03   5.631622e-03   228644
  2.588906e+00   2.731519e+00   7.404034e-03   5.657700e-03   235098
  2.614571e+00   2.773397e+00   7.419460e-03   5.703077e-03   240098
  2.640032e+00   2.813875e+00   7.303768e-03   5.753279e-03   240794
  2.665399e+00   2.865273e+00   7.353580e-03   5.805051e-03   247626
  2.690948e+00   2.889420e+00   7.383215e-03   5.788103e-03   253472
  2.716502e+00   2.939228e+00   7.379669e-03   5.812327e-03   257594
  2.741989e+00   2.993442e+00   7.366069e-03   5.902348e-03   261954
  2.767506e+00   3.022834e+00   7.373825e-03   5.877878e-03   267830
  2.793068e+00   3.073533e+00   7.364123e-03   5.933041e-03   272474
  2.818538e+00   3.098608e+00   7.347491e-03   5.920749e-03   276008
  2.843958e+00   3.162428e+00   7.368971e-03   6.003940e-03   281754
  2.869505e+00   3.224244e+00   7.394802e-03   6.011219e-03   288578
  2.895121e+00   3.254220e+00   7.386730e-03   6.027063e-03   293450
  2.920590e+00   3.315363e+00   7.325223e-03   6.116665e-03   295680
  2.946058e+00   3.336286e+00   7.393210e-03   6.088658e-03   304022
  2.971618e+00   3.393291e+00   7.353750e-03   6.134594e-03   307994
  2.997119e+00   3.414931e+00   7.361330e-03   6.135304e-03   313338
  3.022499e+00   3.475852e+00   7.291353e-03   6.245071e-03   315722
  3.048006e+00   3.521876e+00   7.422779e-03   6.166197e-03   327056
  3.073649e+00   3.566471e+00   7.377998e-03   6.238040e-03   330098
  3.099149e+00   3.607443e+00   7.360021e-03   6.264142e-03   334650
  3.124623e+00   3.659653e+00   7.344466e-03   6.309280e-03   340238
  3.150029e+00   3.703552e+00   7.295384e-03   6.354554e-03   343616
  3.175592e+00   3.755374e+00   7.449711e-03   6.331414e-03   355986
  3.201196e+00   3.814393e+00   7.341603e-03   6.445754e-03   356162
  3.226615e+00   3.865006e+00   7.337068e-03   6.450675e-03   362354
  3.252120e+00   3.890069e+00   7.358113e-03   6.435590e-03   369474
  3.277642e+00   3.956879e+00   7.364375e-03   6.504455e-03   374696
  3.303139e+00   3.983503e+00   7.372139e-03   6.463298e-03   380774
  3.328682e+00   4.043834e+00   7.376858e-03   6.540036e-03   387530
  3.354217e+00   4.087918e+00   7.353481e-03   6.567212e-03   392346
  3.379688e+00   4.129051e+00   7.345952e-03   6.609140e-03   397490
  3.405140e+00   4.207146e+00   7.351647e-03   6.660837e-03   404024
  3.430725e+00   4.227886e+00   7.408667e-03   6.609037e-03   413538
  3.456243e+00   4.273802e+00   7.315991e-03   6.672694e-03   414266
  3.481684e+00   4.329349e+00   7.363540e-03   6.672258e-03   423350
  3.507212e+00   4.366935e+00   7.356884e-03   6.674622e-03   429224
  3.532706e+00   4.426087e+00   7.357692e-03   6.756524e-03   434898
  3.558224e+00   4.468752e+00   7.391743e-03   6.755638e-03   442754
  3.583745e+00   4.503413e+00   7.358544e-03   6.788158e-03   447842
  3.609237e+00   4.576292e+00   7.340691e-03   6.836329e-03   453906
  3.634764e+00   4.607917e+00   7.379481e-03   6.803002e-03   462008
  3.660246e+00   4.669615e+00   7.346019e-03   6.913766e-03   465746
  3.685744e+00   4.717754e+00   7.382125e-03   6.873147e-03   475518
  3.711289e+00   4.752989e+00   7.343917e-03   6.911357e-03   480074
  3.736776e+00   4.811115e+00   7.361129e-03   6.914648e-03   486704
  3.762257e+00   4.844098e+00   7.371796e-03   6.943551e-03   493682
  3.787731e+00   4.915380e+00   7.348094e-03   6.996548e-03   499458
  3.813253e+00   4.942926e+00   7.384327e-03   6.967882e-03   508874
  3.838784e+00   4.991709e+00   7.356201e-03   7.041565e-03   513530
  3.864291e+00   5.052702e+00   7.371075e-03   7.044635e-03   521652
  3.889813e+00   5.109854e+00   7.360567e-03   7.107305e-03   527762
  3.915341e+00   5.132748e+00   7.382957e-03   7.059426e-03   535898
  3.940780e+00   5.201210e+00   7.313419e-03   7.132849e-03   538074
  3.966243e+00   5.243085e+00   7.379204e-03   7.096544e-03   550562
  3.991852e+00   5.289279e+00   7.396797e-03   7.144649e-03   558392
  4.017351e+00   5.342734e+00   7.345294e-03   7.191519e-03   560522
  4.042795e+00   5.396108e+00   7.371024e-03   7.175231e-03   570366
  4.068286e+00   5.441368e+00   7.342311e-03   7.205671e-03   576290
  4.093801e+00   5.488266e+00   7.381356e-03   7.203270e-03   586016
  4.119292e+00   5.548156e+00   7.350810e-03   7.258184e-03   590178
  4.144811e+00   5.594190e+00   7.396764e-03   7.250694e-03   602090
  4.170363e+00   5.637677e+00   7.345928e-03   7.281393e-03   605834
  4.195849e+00   5.691927e+00   7.364704e-03   7.328152e-03   614210
  4.221384e+00   5.739090e+00   7.384356e-03   7.305072e-03   623076
  4.246873e+00   5.776858e+00   7.343391e-03   7.318387e-03   627194
  4.272356e+00   5.847259e+00   7.375414e-03   7.359188e-03   637706
  4.297876e+00   5.873168e+00   7.362245e-03   7.345700e-03   644178
  4.323354e+00   5.942575e+00   7.348692e-03   7.389032e-03   651056
  4.348869e+00   5.973105e+00   7.374286e-03   7.377440e-03   661130
  4.374409e+00   6.023844e+00   7.373714e-03   7.445593e-03   668106
  4.399910e+00   6.088698e+00   7.359532e-03   7.451290e-03   674894
  4.425387e+00   6.129731e+00   7.342198e-03   7.459253e-03   682082
  4.450903e+00   6.175745e+00   7.375276e-03   7.461526e-03   692480
  4.476432e+00   6.209767e+00   7.375072e-03   7.466914e-03   699258
  4.501885e+00   6.282890e+00   7.336800e-03   7.550189e-03   704354
  4.527378e+00   6.327036e+00   7.372539e-03   7.516512e-03   716810
  4.552863e+00   6.357867e+00   7.328466e-03   7.547327e-03   720138
  4.578399e+00   6.414649e+00   7.414456e-03   7.547278e-03   736064
  4.603934e+00   6.464915e+00   7.335916e-03   7.568910e-03   736742
  4.629437e+00   6.505656e+00   7.381231e-03   7.573410e-03   750090
  4.654964e+00   6.560170e+00   7.349212e-03   7.609034e-03   754778
  4.680441e+00   6.620461e+00   7.358059e-03   7.633044e-03   763712
  4.705924e+00   6.663249e+00   7.355793e-03   7.617646e-03   771890
  4.731472e+00   6.691338e+00   7.394109e-03   7.594853e-03   784290
  4.756995e+00   6.764126e+00   7.346113e-03   7.660000e-03   787274
  4.782410e+00   6.812589e+00   7.329464e-03   7.665922e-03   794726
  4.807954e+00   6.855371e+00   7.402272e-03   7.645778e-03   811632
  4.833545e+00   6.892807e+00   7.368121e-03   7.680435e-03   815426
  4.859026e+00   6.950268e+00   7.349814e-03   7.719899e-03   822146
  4.884516e+00   6.984848e+00   7.358509e-03   7.664054e-03   832738
  4.910059e+00   7.038284e+00   7.375884e-03   7.736657e-03   842752
  4.935559e+00   7.084883e+00   7.355268e-03   7.727761e-03   848018
  4.961031e+00   7.128215e+00   7.365136e-03   7.729536e-03   858614
  4.986536e+00   7.178400e+00   7.354438e-03   7.756473e-03   867330
  5.012024e+00   7.209160e+00   7.346916e-03   7.758203e-03   875066
  5.037521e+00   7.267757e+00   7.371761e-03   7.784800e-03   886040
  5.063098e+00   7.311182e+00   7.401096e-03   7.727228e-03   899058
  5.088646e+00   7.351464e+00   7.339706e-03   7.780135e-03   901322
  5.114060e+00   7.411206e+00   7.325146e-03   7.807779e-03   907922
  5.139544e+00   7.450033e+00   7.388109e-03   7.793993e-03   924548
  5.165087e+00   7.499032e+00   7.360044e-03   7.818183e-03   930522
  5.190617e+00   7.547782e+00   7.378221e-03   7.827773e-03   941906
  5.216116e+00   7.571743e+00   7.347520e-03   7.815670e-03   946802
  5.241631e+00   7.673364e+00   7.385776e-03   7.852811e-03   961866
  5.267164e+00   7.689685e+00   7.346424e-03   7.866148e-03   966104
  5.292642e+00   7.726403e+00   7.367530e-03   7.853433e-03   977090
  5.318144e+00   7.767763e+00   7.368347e-03   7.858451e-03   987006
  5.343657e+00   7.812394e+00   7.358130e-03   7.874306e-03   996410
  5.369188e+00   7.851963e+00   7.367897e-03   7.875964e-03   1007018
  5.394677e+00   7.899198e+00   7.351679e-03   7.898714e-03   1012712
  5.420186e+00   7.947674e+00   7.395231e-03   7.853179e-03   1028394
  5.445709e+00   8.004971e+00   7.345496e-03   7.924689e-03   1032434
  5.471171e+00   8.028146e+00   7.349295e-03   7.906357e-03   1042658
  5.496689e+00   8.076837e+00   7.385049e-03   7.888452e-03   1056696
  5.522177e+00   8.091337e+00   7.337841e-03   7.910993e-03   1060142
  5.547700e+00   8.175026e+00   7.394181e-03   7.909879e-03   1078706
  5.573233e+00   8.204211e+00   7.345490e-03   7.949602e-03   1081002
  5.598698e+00   8.245100e+00   7.356737e-03   7.935069e-03   1092818
  5.624194e+00   8.286997e+00   7.359845e-03   7.946443e-03   1103072
  5.649718e+00   8.325384e+00   7.383227e-03   7.923370e-03   1115930
  5.675249e+00   8.353946e+00   7.366868e-03   7.915057e-03   1123602
  5.700727e+00   8.403076e+00   7.346065e-03   7.942612e-03   1131638
  5.726216e+00   8.464524e+00   7.358860e-03   7.970897e-03   1144112
  5.751763e+00   8.489942e+00   7.388963e-03   7.943808e-03   1157706
  5.777272e+00   8.515949e+00   7.350537e-03   7.929518e-03   1161674
  5.802757e+00   8.563379e+00   7.364804e-03   7.955454e-03   1175642
  5.828289e+00   8.622819e+00   7.364879e-03   7.951897e-03   1186250
  5.853783e+00   8.644589e+00   7.351825e-03   7.967852e-03   1192968
  5.879270e+00   8.687153e+00   7.377555e-03   7.952229e-03   1207214
  5.904809e+00   8.702972e+00   7.374073e-03   7.924036e-03   1218290
  5.930311e+00   8.769483e+00   7.347396e-03   7.979252e-03   1224522
  5.955783e+00   8.813822e+00   7.359483e-03   7.963041e-03   1236722
  5.981289e+00   8.842318e+00   7.367166e-03   7.951885e-03   1248896
  6.006817e+00   8.883044e+00   7.371668e-03   7.954009e-03   1260186
  6.032316e+00   8.907541e+00   7.353402e-03   7.945629e-03   1267634
  6.057797e+00   8.938290e+00   7.357581e-03   7.948894e-03   1279670
  6.083302e+00   8.980090e+00   7.362654e-03   7.936164e-03   1291400
  6.108840e+00   9.011814e+00   7.382392e-03   7.913424e-03   1304898
  6.134379e+00   9.051941e+00   7.372474e-03   7.923576e-03   1313426
  6.159855e+00   9.093937e+00   7.343986e-03   7.955583e-03   1320482
  6.185330e+00   9.134663e+00   7.353712e-03   7.947988e-03   1334370
  6.210891e+00   9.162986e+00   7.394115e-03   7.925140e-03   1351712
  6.236415e+00   9.206317e+00   7.346193e-03   7.948089e-03   1353278
  6.261886e+00   9.256865e+00   7.359241e-03   7.959829e-03   1368162
  6.287403e+00   9.283616e+00   7.358316e-03   7.945856e-03   1379666
  6.312867e+00   9.308921e+00   7.336863e-03   7.951524e-03   1385120
  6.338363e+00   9.322618e+00   7.390988e-03   7.883218e-03   1406378
  6.363941e+00   9.389029e+00   7.377138e-03   7.937487e-03   1415970
  6.389439e+00   9.405998e+00   7.340919e-03   7.925956e-03   1420394
  6.414933e+00   9.457825e+00   7.374625e-03   7.931867e-03   1438250
  6.440436e+00   9.481033e+00   7.345189e-03   7.923851e-03   1444116
  6.465918e+00   9.504872e+00   7.362911e-03   7.922712e-03   1458842
  6.491438e+00   9.553711e+00   7.371056e-03   7.928230e-03   1471610
  6.516921e+00   9.581226e+00   7.340542e-03   7.944170e-03   1477866
  6.542403e+00   9.619241e+00   7.359540e-03   7.916077e-03   1493810
  6.567923e+00   9.664365e+00   7.367977e-03   7.913943e-03   1506032
  6.593462e+00   9.693827e+00   7.384462e-03   7.913519e-03   1519802
  6.618983e+00   9.712556e+00   7.361122e-03   7.900176e-03   1527654
  6.644490e+00   9.736812e+00   7.360487e-03   7.883790e-03   1540874
  6.669967e+00   9.783883e+00   7.340671e-03   7.916684e-03   1547576
  6.695454e+00   9.808207e+00   7.378056e-03   7.877300e-03   1566738
  6.720978e+00   9.848680e+00   7.357950e-03   7.893683e-03   1575554
  6.746515e+00   9.875328e+00   7.375144e-03   7.857940e-03   1591874
  6.772051e+00   9.898640e+00   7.359599e-03   7.884697e-03   1599482
  6.797518e+00   9.935018e+00   7.347453e-03   7.882602e-03   1607916
  6.823032e+00   9.968358e+00   7.389035e-03   7.850289e-03   1629482
  6.848574e+00   9.974576e+00   7.359831e-03   7.850904e-03   1635530
  6.874038e+00   1.002570e+01   7.342653e-03   7.875580e-03   1644018
  6.899504e+00   1.005443e+01   7.357156e-03   7.838355e-03   1660064
  6.925011e+00   1.006932e+01   7.363592e-03   7.834705e-03   1673666
  6.950564e+00   1.010241e+01   7.390464e-03   7.800762e-03   1691178
  6.976082e+00   1.013430e+01   7.347487e-03   7.832337e-03   1694150
  7.001548e+00   1.013864e+01   7.350123e-03   7.800670e-03   1708466
  7.027045e+00   1.017935e+01   7.361935e-03   7.796218e-03   1722752
  7.052524e+00   1.019547e+01   7.354998e-03   7.777833e-03   1731882
  7.078022e+00   1.022491e+01   7.376293e-03   7.769427e-03   1750730
  7.103585e+00   1.025657e+01   7.376736e-03   7.749791e-03   1764962
  7.129099e+00   1.028277e+01   7.346959e-03   7.779861e-03   1769370
  7.154581e+00   1.029011e+01   7.369608e-03   7.735192e-03   1786676
  7.180090e+00   1.032413e+01   7.362830e-03   7.742876e-03   1798370
  7.205609e+00   1.036142e+01   7.369089e-03   7.743551e-03   1813482
  7.231123e+00   1.037642e+01   7.357571e-03   7.712833e-03   1822898
  7.256627e+00   1.039250e+01   7.370928e-03   7.696274e-03   1838432
  7.282155e+00   1.042192e+01   7.373386e-03   7.689687e-03   1852058
  7.307666e+00   1.045080e+01   7.361505e-03   7.709278e-03   1861794
  7.333149e+00   1.045119e+01   7.358806e-03   7.682875e-03   1874162
  7.358623e+00   1.048794e+01   7.351475e-03   7.684684e-03   1886534
  7.384164e+00   1.051699e+01   7.389981e-03   7.651751e-03   1909464
  7.409699e+00   1.054263e+01   7.358477e-03   7.646403e-03   1912946
  7.435162e+00   1.055091e+01   7.351519e-03   7.643017e-03   1925258
  7.460671e+00   1.058324e+01   7.371944e-03   7.622056e-03   1945418
  7.486184e+00   1.060491e+01   7.352028e-03   7.622702e-03   1952280
  7.511686e+00   1.061246e+01   7.379041e-03   7.583612e-03   1971218
  7.537194e+00   1.064757e+01   7.359560e-03   7.603354e-03   1980254
  7.562688e+00   1.065953e+01   7.358769e-03   7.591893e-03   1994922
  7.588210e+00   1.068072e+01   7.370704e-03   7.571114e-03   2011754
  7.613722e+00   1.070309e+01   7.354168e-03   7.563841e-03   2020208
  7.639221e+00   1.072577e+01   7.367104e-03   7.549274e-03   2037402
  7.664736e+00   1.073999e+01   7.359654e-03   7.543259e-03   2049602
  7.690250e+00   1.076697e+01   7.365832e-03   7.534513e-03   2064338
  7.715745e+00   1.078529e+01   7.353552e-03   7.516512e-03   2074316
  7.741258e+00   1.080802e+01   7.373699e-03   7.500350e-03   2094450
  7.766807e+00   1.081430e+01   7.374515e-03   7.487358e-03   2107706
  7.792299e+00   1.084560e+01   7.347257e-03   7.498766e-03   2113538
  7.817752e+00   1.084281e+01   7.344616e-03   7.464208e-03   2128170
  7.843265e+00   1.087987e+01   7.375784e-03   7.451828e-03   2150936
  7.868810e+00   1.089074e+01   7.372240e-03   7.430811e-03   2162258
  7.894314e+00   1.090685e+01   7.357042e-03   7.429053e-03   2172390
  7.919814e+00   1.092523e+01   7.359669e-03   7.422821e-03   2188754
  7.945318e+00   1.092575e+01   7.355894e-03   7.407415e-03   2201210
  7.970811e+00   1.093184e+01   7.361815e-03   7.381181e-03   2215424
  7.996321e+00   1.098065e+01   7.373640e-03   7.393744e-03   2233338
  8.021821e+00   1.097951e+01   7.348152e-03   7.371183e-03   2241386
  8.047325e+00   1.099550e+01   7.369047e-03   7.355115e-03   2262218
  8.072811e+00   1.099503e+01   7.340615e-03   7.340486e-03   2267196
  8.098334e+00   1.103825e+01   7.391919e-03   7.316427e-03   2297690
  8.123880e+00   1.105331e+01   7.353296e-03   7.329229e-03   2300042
  8.149358e+00   1.107182e+01   7.355116e-03   7.315436e-03   2314410
  8.174853e+00   1.106168e+01   7.364016e-03   7.291687e-03   2332226
  8.200370e+00   1.109010e+01   7.363783e-03   7.276710e-03   2346968
  8.225880e+00   1.109941e+01   7.363679e-03   7.268515e-03   2360762
  8.251385e+00   1.111159e+01   7.363335e-03   7.248036e-03   2375298
  8.276899e+00   1.114399e+01   7.364839e-03   7.230998e-03   2391758
  8.302392e+00   1.113842e+01   7.345323e-03   7.224623e-03   2400032
  8.327865e+00   1.115489e+01   7.360986e-03   7.211159e-03   2418330
  8.353397e+00   1.115145e+01   7.385056e-03   7.179347e-03   2441042
  8.378926e+00   1.116787e+01   7.355046e-03   7.166453e-03   2447330
  8.404430e+00   1.116911e+01   7.363966e-03   7.144435e-03   2465546
  8.429938e+00   1.119225e+01   7.362381e-03   7.142096e-03   2478000
  8.455444e+00   1.121008e+01   7.372873e-03   7.113325e-03   2496422
  8.480958e+00   1.119578e+01   7.359921e-03   7.094386e-03   2508626
  8.506457e+00   1.121393e+01   7.359874e-03   7.102857e-03   2523594
  8.531943e+00   1.124221e+01   7.354810e-03   7.079813e-03   2536610
  8.557440e+00   1.123482e+01   7.367062e-03   7.058282e-03   2555912
  8.582965e+00   1.123041e+01   7.373258e-03   7.027958e-03   2573226
  8.608463e+00   1.125944e+01   7.350246e-03   7.042525e-03   2580434
  8.633977e+00   1.126906e+01   7.382539e-03   7.013432e-03   2607638
  8.659504e+00   1.128065e+01   7.354705e-03   7.002267e-03   2613008
  8.685007e+00   1.125661e+01   7.374775e-03   6.966421e-03   2634234
  8.710521e+00   1.127028e+01   7.365901e-03   6.951816e-03   2646434
  8.736014e+00   1.128844e+01   7.357753e-03   6.946427e-03   2660666
  8.761523e+00   1.128395e+01   7.366036e-03   6.928893e-03   2680338
  8.787049e+00   1.130542e+01   7.368477e-03   6.912640e-03   2695256
  8.812547e+00   1.130388e+01   7.360019e-03   6.899360e-03   2707022
  8.838022e+00   1.129169e+01   7.351255e-03   6.873934e-03   2721162
  8.863511e+00   1.131699e+01   7.360651e-03   6.874826e-03   2740514
  8.889023e+00   1.132910e+01   7.370397e-03   6.847683e-03   2758280
  8.914550e+00   1.131583e+01   7.375473e-03   6.828675e-03   2776034
  8.940075e+00   1.133185e+01   7.364824e-03   6.819203e-03   2788938
  8.965571e+00   1.133497e+01   7.355281e-03   6.799079e-03   2801642
  8.991062e+00   1.134918e+01   7.359515e-03   6.791617e-03   2819726
  9.016572e+00   1.135508e+01   7.364020e-03   6.774155e-03   2837352
  9.042084e+00   1.135458e+01   7.365325e-03   6.750649e-03   2853026
  9.067570e+00   1.136321e+01   7.351217e-03   6.750590e-03   2863538
  9.093065e+00   1.136195e+01   7.368240e-03   6.708073e-03   2887418
  9.118561e+00   1.133224e+01   7.345507e-03   6.687483e-03   2895354
  9.144102e+00   1.137572e+01   7.396156e-03   6.672587e-03   2930456
  9.169632e+00   1.137964e+01   7.347558e-03   6.690225e-03   2925938
  9.195115e+00   1.136452e+01   7.369936e-03   6.642994e-03   2952582
  9.220649e+00   1.135640e+01   7.366998e-03   6.619162e-03   2969474
  9.246148e+00   1.137155e+01   7.348604e-03   6.615524e-03   2977016
  9.271627e+00   1.137192e+01   7.363963e-03   6.593344e-03   2999034
  9.297144e+00   1.136885e+01   7.367021e-03   6.574622e-03   3018434
  9.322671e+00   1.137707e+01   7.363225e-03   6.565930e-03   3033914
  9.348164e+00   1.137497e+01   7.350790e-03   6.549112e-03   3043922
  9.373674e+00   1.138009e+01   7.378658e-03   6.527280e-03   3071604
  9.399208e+00   1.136779e+01   7.364437e-03   6.510867e-03   3082658
  9.424683e+00   1.137322e+01   7.343930e-03   6.504401e-03   3091082
  9.450174e+00   1.137327e+01   7.370312e-03   6.470372e-03   3119970
  9.475668e+00   1.136862e+01   7.342076e-03   6.460262e-03   3124880
  9.501187e+00   1.138193e+01   7.387781e-03   6.435614e-03   3160466
  9.526720e+00   1.136943e+01   7.353834e-03   6.419833e-03   3161970
  9.552200e+00   1.135410e+01   7.358644e-03   6.386064e-03   3181886
  9.577710e+00   1.137300e+01   7.363037e-03   6.389231e-03   3202250
  9.603235e+00   1.137146e+01   7.367464e-03   6.370097e-03   3219800
  9.628740e+00   1.137165e+01   7.361386e-03   6.350744e-03   3232482
  9.654236e+00   1.136956e+01   7.363665e-03   6.340549e-03   3251810
  9.679757e+00   1.135266e+01   7.367017e-03   6.307282e-03   3272330
  9.705247e+00   1.134548e+01   7.343493e-03   6.295194e-03   3277920
  9.730748e+00   1.137139e+01   7.381314e-03   6.277597e-03   3311078
  9.756278e+00   1.134472e+01   7.359562e-03   6.259996e-03   3319466
  9.781786e+00   1.135471e+01   7.365569e-03   6.237006e-03   3340162
  9.807269e+00   1.135680e+01   7.343717e-03   6.236659e-03   3347074
  9.832748e+00   1.136595e+01   7.367839e-03   6.219848e-03   3374672
  9.858288e+00   1.136522e+01   7.381311e-03   6.192763e-03   3398114
  9.883813e+00   1.133655e+01   7.360458e-03   6.172033e-03   3405930
  9.909307e+00   1.133461e+01   7.362166e-03   6.154364e-03   3424982
  9.934811e+00   1.134661e+01   7.361617e-03   6.145095e-03   3443618
  9.960343e+00   1.134852e+01   7.376339e-03   6.117444e-03   3467568
  9.985863e+00   1.132950e+01   7.361737e-03   6.099457e-03   3476762
  1.001135e+01   1.132498e+01   7.355785e-03   6.082007e-03   3492818
  1.003685e+01   1.133676e+01   7.365884e-03   6.070433e-03   3517154
  1.006235e+01   1.132205e+01   7.353534e-03   6.042513e-03   3527568
  1.008784e+01   1.131143e+01   7.373687e-03   6.031702e-03   3553130
  1.011337e+01   1.131912e+01   7.371166e-03   6.010529e-03   3571094
  1.013889e+01   1.131775e+01   7.364397e-03   6.001672e-03   3587850
  1.016439e+01   1.130414e+01   7.355054e-03   5.987488e-03   3601106
  1.018988e+01   1.128791e+01   7.360039e-03   5.961543e-03   3620672
  1.021537e+01   1.129492e+01   7.361210e-03   5.945287e-03   3639354
  1.024088e+01   1.129508e+01   7.368257e-03   5.933132e-03   3661394
  1.026641e+01   1.126780e+01   7.368852e-03   5.898536e-03   3679610
  1.029192e+01   1.127042e+01   7.362580e-03   5.888140e-03   3695180
  1.031742e+01   1.126341e+01   7.359296e-03   5.875168e-03   3711954
  1.034292e+01   1.126192e+01   7.367860e-03   5.846826e-03   3733202
  1.036843e+01   1.126053e+01   7.365749e-03   5.830711e-03   3751322
  1.039394e+01   1.125760e+01   7.361539e-03   5.830501e-03   3769554
  1.041945e+01   1.125688e+01   7.359581e-03   5.817398e-03   3786200
  1.044496e+01   1.123702e+01   7.371530e-03   5.786815e-03   3808850
  1.047045e+01   1.123292e+01   7.353767e-03   5.771134e-03   3819702
  1.049595e+01   1.122137e+01   7.364517e-03   5.745141e-03   3845738
  1.052147e+01   1.122527e+01   7.364071e-03   5.737769e-03   3863258
  1.054698e+01   1.119672e+01   7.365668e-03   5.706683e-03   3881216
  1.057247e+01   1.120528e+01   7.357553e-03   5.697579e-03   3895314
  1.059797e+01   1.120424e+01   7.370497e-03   5.681512e-03   3922562
  1.062349e+01   1.118140e+01   7.355939e-03   5.661191e-03   3934418
  1.064898e+01   1.116767e+01   7.361556e-03   5.636513e-03   3956076
  1.067449e+01   1.116074e+01   7.362690e-03   5.616387e-03   3975842
  1.070001e+01   1.116832e+01   7.369647e-03   5.610048e-03   3998378
  1.072552e+01   1.116497e+01   7.360187e-03   5.606160e-03   4011746
  1.075102e+01   1.113677e+01   7.358748e-03   5.571888e-03   4030794
  1.077653e+01   1.113316e+01   7.368798e-03   5.557240e-03   4055528
  1.080205e+01   1.112356e+01   7.363030e-03   5.534472e-03   4069946
  1.082756e+01   1.111647e+01   7.367951e-03   5.523530e-03   4092678
  1.085306e+01   1.110582e+01   7.355822e-03   5.505088e-03   4107098
  1.087857e+01   1.110710e+01   7.362404e-03   5.489301e-03   4129736
  1.090407e+01   1.108661e+01   7.359481e-03   5.466073e-03   4145754
  1.092957e+01   1.108596e+01   7.369499e-03   5.452250e-03   4170842
  1.095508e+01   1.109120e+01   7.357224e-03   5.439410e-03   4184906
  1.098058e+01   1.105484e+01   7.358443e-03   5.417288e-03   4205450
  1.100608e+01   1.105280e+01   7.360823e-03   5.399429e-03   4224720
  1.103161e+01   1.104471e+01   7.380198e-03   5.374755e-03   4254854
  1.105711e+01   1.104224e+01   7.344334e-03   5.376036e-03   4254938
  1.108260e+01   1.102330e+01   7.371571e-03   5.339774e-03   4290330
  1.110811e+01   1.103016e+01   7.358208e-03   5.336548e-03   4302314
  1.113362e+01   1.099796e+01   7.364088e-03   5.309687e-03   4326032
  1.115915e+01   1.099926e+01   7.377284e-03   5.295746e-03   4353090
  1.118466e+01   1.099328e+01   7.349556e-03   5.292894e-03   4356146
  1.121013e+01   1.097368e+01   7.352742e-03   5.266383e-03   4378574
  1.123564e+01   1.096855e+01   7.377840e-03   5.243956e-03   4413248
  1.126118e+01   1.095790e+01   7.366166e-03   5.227868e-03   4424802
  1.128668e+01   1.093541e+01   7.364098e-03   5.208344e-03   4444034
  1.131219e+01   1.094378e+01   7.363642e-03   5.208176e-03   4465586
  1.133769e+01   1.092633e+01   7.353009e-03   5.186728e-03   4479666
  1.136318e+01   1.091372e+01   7.365560e-03   5.164666e-03   4505720
  1.138870e+01   1.090703e+01   7.370625e-03   5.147229e-03   4529126
  1.141421e+01   1.089710e+01   7.359704e-03   5.135284e-03   4544154
  1.143971e+01   1.087325e+01   7.357713e-03   5.113218e-03   4562906
  1.146519e+01   1.086776e+01   7.356098e-03   5.101683e-03   4580720
  1.149070e+01   1.085391e+01   7.377889e-03   5.072658e-03   4614554
  1.151625e+01   1.083610e+01   7.370249e-03   5.059956e-03   4631226
  1.154175e+01   1.082991e+01   7.354640e-03   5.047472e-03   4642154
  1.156724e+01   1.083087e+01   7.360155e-03   5.039241e-03   4667270
  1.159275e+01   1.081553e+01   7.366053e-03   5.015547e-03   4690992
  1.161824e+01   1.080159e+01   7.353419e-03   5.007501e-03   4702298
  1.164376e+01   1.078988e+01   7.379504e-03   4.981306e-03   4740218
  1.166926e+01   1.076524e+01   7.346684e-03   4.967707e-03   4740866
  1.169475e+01   1.076242e+01   7.367183e-03   4.949219e-03   4775322
  1.172027e+01   1.076187e+01   7.367339e-03   4.939666e-03   4794272
  1.174578e+01   1.073620e+01   7.365354e-03   4.909399e-03   4812758
  1.177128e+01   1.072927e+01   7.362022e-03   4.906915e-03   4833354
  1.179679e+01   1.070920e+01   7.361861e-03   4.880073e-03   4855682
  1.182230e+01   1.069893e+01   7.365173e-03   4.864282e-03   4877120
  1.184781e+01   1.068488e+01   7.365583e-03   4.850010e-03   4897602
  1.187332e+01   1.067849e+01   7.364961e-03   4.834508e-03   4920170
  1.189882e+01   1.066582e+01   7.357188e-03   4.827354e-03   4935938
  1.192432e+01   1.065747e+01   7.366829e-03   4.810505e-03   4962578
  1.194984e+01   1.065142e+01   7.367150e-03   4.800714e-03   4983252
  1.197533e+01   1.063618e+01   7.358547e-03   4.773948e-03   4998410
  1.200083e+01   1.060930e+01   7.363119e-03   4.755396e-03   5023826
  1.202634e+01   1.061258e+01   7.368453e-03   4.748495e-03   5050674
  1.205184e+01   1.059320e+01   7.349977e-03   4.735122e-03   5059520
  1.207735e+01   1.058177e+01   7.376343e-03   4.705547e-03   5097362
  1.210287e+01   1.057693e+01   7.359761e-03   4.699248e-03   5106546
  1.212837e+01   1.055863e+01   7.369257e-03   4.683792e-03   5136398
  1.215387e+01   1.054591e+01   7.350552e-03   4.678246e-03   5146346
  1.217939e+01   1.053915e+01   7.380991e-03   4.653200e-03   5187608
  1.220490e+01   1.052898e+01   7.351254e-03   4.650337e-03   5187162
  1.223039e+01   1.051537e+01   7.364954e-03   4.622019e-03   5220698
  1.225591e+01   1.049662e+01   7.362195e-03   4.607059e-03   5242010
  1.228140e+01   1.047922e+01   7.352108e-03   4.597191e-03   5255064
  1.230690e+01   1.047416e+01   7.370377e-03   4.579836e-03   5289398
  1.233242e+01   1.046758e+01   7.364557e-03   4.567453e-03   5307410
  1.235792e+01   1.046282e+01   7.356514e-03   4.559759e-03   5323754
  1.238344e+01   1.044295e+01   7.372115e-03   4.532774e-03   5357538
  1.240897e+01   1.043537e+01   7.367164e-03   4.526511e-03   5375144
  1.243447e+01   1.041374e+01   7.359861e-03   4.510328e-03   5391050
  1.245997e+01   1.039966e+01   7.365813e-03   4.491541e-03   5417274
  1.248547e+01   1.040577e+01   7.358548e-03   4.488654e-03   5436014
  1.251096e+01   1.038556e+01   7.352162e-03   4.473134e-03   5454842
  1.253647e+01   1.037071e+01   7.369982e-03   4.454094e-03   5489040
  1.256199e+01   1.036177e+01   7.364184e-03   4.438981e-03   5505674
  1.258748e+01   1.034495e+01   7.358601e-03   4.426674e-03   5524586
  1.261298e+01   1.034678e+01   7.359769e-03   4.413140e-03   5549594
  1.263849e+01   1.033455e+01   7.366034e-03   4.401578e-03   5575056
  1.266400e+01   1.032566e+01   7.364145e-03   4.391844e-03   5594414
  1.268953e+01   1.029615e+01   7.375176e-03   4.367027e-03   5626658
  1.271505e+01   1.028867e+01   7.360146e-03   4.360102e-03   5639490
  1.274055e+01   1.028518e+01   7.357793e-03   4.354134e-03   5660474
  1.276605e+01   1.027803e+01   7.360634e-03   4.340635e-03   5684504
  1.279154e+01   1.025818e+01   7.354965e-03   4.323041e-03   5702562
  1.281705e+01   1.025489e+01   7.376626e-03   4.308037e-03   5742026
  1.284255e+01   1.023480e+01   7.345672e-03   4.300768e-03   5740826
  1.286803e+01   1.023282e+01   7.360457e-03   4.285288e-03   5775308
  1.289354e+01   1.021338e+01   7.372581e-03   4.271822e-03   5807154
  1.291908e+01   1.021509e+01   7.371265e-03   4.265483e-03   5827970
  1.294459e+01   1.019684e+01   7.360656e-03   4.250437e-03   5844290
  1.297010e+01   1.018176e+01   7.362134e-03   4.228057e-03   5870442
  1.299560e+01   1.017011e+01   7.356552e-03   4.225025e-03   5887208
  1.302110e+01   1.016638e+01   7.370271e-03   4.215544e-03   5919842
  1.304660e+01   1.014832e+01   7.354747e-03   4.202706e-03   5932014
  1.307209e+01   1.014147e+01   7.357369e-03   4.190098e-03   5958818
  1.309759e+01   1.013537e+01   7.365999e-03   4.176119e-03   5987642
  1.312311e+01   1.013073e+01   7.366757e-03   4.166148e-03   6009728
  1.314863e+01   1.010825e+01   7.370476e-03   4.150639e-03   6035874
  1.317415e+01   1.010542e+01   7.369198e-03   4.142179e-03   6059690
  1.319966e+01   1.009353e+01   7.356915e-03   4.133496e-03   6073922
  1.322514e+01   1.007692e+01   7.356187e-03   4.114957e-03   6096372
  1.325063e+01   1.006608e+01   7.360768e-03   4.110792e-03   6123098
  1.327615e+01   1.007392e+01   7.374395e-03   4.098678e-03   6157658
  1.330167e+01   1.005310e+01   7.361831e-03   4.087015e-03   6171266
  1.332717e+01   1.005511e+01   7.362589e-03   4.074259e-03   6196482
  1.335268e+01   1.005077e+01   7.365698e-03   4.069153e-03   6222032
  1.337820e+01   1.002989e+01   7.369124e-03   4.052693e-03   6246818
  1.340371e+01   1.002563e+01   7.363974e-03   4.046281e-03   6268254
  1.342922e+01   1.000850e+01   7.364153e-03   4.029523e-03   6294554
  1.345472e+01   1.000509e+01   7.355777e-03   4.024684e-03   6309464
  1.348021e+01   9.996913e+00   7.365106e-03   4.014560e-03   6339666
  1.350573e+01   9.986884e+00   7.369440e-03   3.998511e-03   6368186
  1.353123e+01   9.973606e+00   7.353942e-03   3.991541e-03   6380882
  1.355672e+01   9.962602e+00   7.363610e-03   3.978363e-03   6413450
  1.358223e+01   9.969305e+00   7.361843e-03   3.974481e-03   6434724
  1.360774e+01   9.965108e+00   7.365450e-03   3.967246e-03   6461474
  1.363324e+01   9.961396e+00   7.364122e-03   3.958535e-03   6485474
  1.365875e+01   9.936324e+00   7.362534e-03   3.942078e-03   6508890
  1.368425e+01   9.941920e+00   7.356621e-03   3.938900e-03   6528602
  1.370977e+01   9.931246e+00   7.373802e-03   3.923034e-03   6568424
  1.373529e+01   9.924756e+00   7.360519e-03   3.923328e-03   6579162
  1.376079e+01   9.924311e+00   7.359495e-03   3.914276e-03   6603218
  1.378631e+01   9.917600e+00   7.372150e-03   3.901789e-03   6641054
  1.381181e+01   9.910459e+00   7.346730e-03   3.903638e-03   6641912
  1.383730e+01   9.911543e+00   7.374212e-03   3.894769e-03   6688722
  1.386282e+01   9.903923e+00   7.359472e-03   3.885092e-03   6700898
  1.388831e+01   9.903226e+00   7.359551e-03   3.879295e-03   6727946
  1.391382e+01   9.893671e+00   7.362069e-03   3.870327e-03   6755274
  1.393934e+01   9.889261e+00   7.367642e-03   3.864379e-03   6784424
  1.396485e+01   9.885621e+00   7.361152e-03   3.858429e-03   6801806
  1.399035e+01   9.880254e+00   7.358943e-03   3.849447e-03   6825698
  1.401587e+01   9.883012e+00   7.372377e-03   3.840677e-03   6863514
  1.404138e+01   9.869121e+00   7.355192e-03   3.835724e-03   6871520
  1.406687e+01   9.869915e+00   7.359434e-03   3.828193e-03   6900482
  1.409238e+01   9.872832e+00   7.371023e-03   3.819531e-03   6936570
  1.411789e+01   9.869026e+00   7.357534e-03   3.820828e-03   6949610
  1.414338e+01   9.859464e+00   7.351558e-03   3.815624e-03   6970166
  1.416887e+01   9.859740e+00   7.363810e-03   3.802176e-03   7006560
  1.419440e+01   9.862523e+00   7.371064e-03   3.801849e-03   7036850
  1.421990e+01   9.864562e+00   7.355844e-03   3.799603e-03   7047602
  1.424540e+01   9.864794e+00   7.365844e-03   3.792610e-03   7084130
  1.427091e+01   9.864445e+00   7.358968e-03   3.793565e-03   7103250
  1.429642e+01   9.865918e+00   7.365504e-03   3.787330e-03   7132808
  1.432193e+01   9.865971e+00   7.367556e-03   3.786031e-03   7159430
  1.434744e+01   9.862135e+00   7.357573e-03   3.779014e-03   7176954
  1.437295e+01   9.861468e+00   7.367516e-03   3.770977e-03   7212698
  1.439846e+01   9.868858e+00   7.361724e-03   3.769494e-03   7231208
  1.442396e+01   9.877361e+00   7.362341e-03   3.776549e-03   7256874
  1.444946e+01   9.870746e+00   7.363130e-03   3.763023e-03   7284314
  1.447498e+01   9.867161e+00   7.368689e-03   3.754411e-03   7315058
  1.450050e+01   9.883253e+00   7.366464e-03   3.762210e-03   7338758
  1.452600e+01   9.874972e+00   7.359164e-03   3.759339e-03   7357008
  1.455150e+01   9.882100e+00   7.367042e-03   3.756022e-03   7389506
  1.457701e+01   9.880844e+00   7.362832e-03   3.757552e-03   7412042
  1.460251e+01   9.885550e+00   7.356940e-03   3.754026e-03   7433994
  1.462800e+01   9.900341e+00   7.359469e-03   3.754009e-03   7462256
  1.465350e+01   9.908943e+00   7.365169e-03   3.755210e-03   7492106
  1.467902e+01   9.909061e+00   7.370617e-03   3.751801e-03   7523602
  1.470454e+01   9.913233e+00   7.367107e-03   3.748368e-03   7547422
  1.473006e+01   9.916705e+00   7.364744e-03   3.749318e-03   7572218
  1.475558e+01   9.928770e+00   7.371346e-03   3.752298e-03   7603424
  1.478109e+01   9.936176e+00   7.359050e-03   3.751553e-03   7616802
  1.480659e+01   9.947861e+00   7.362658e-03   3.755026e-03   7649330
  1.483208e+01   9.945173e+00   7.352521e-03   3.757351e-03   7664930
  1.485757e+01   9.948982e+00   7.365392e-03   3.751719e-03   7703616
  1.488308e+01   9.957301e+00   7.365807e-03   3.748586e-03   7730054
  1.490860e+01   9.975961e+00   7.365842e-03   3.763180e-03   7757186
  1.493411e+01   1.000273e+01   7.365056e-03   3.766992e-03   7783034
  1.495960e+01   9.993653e+00   7.353264e-03   3.760239e-03   7797762
  1.498510e+01   1.001176e+01   7.367356e-03   3.769208e-03   7838864
  1.501060e+01   1.002013e+01   7.358532e-03   3.773643e-03   7854218
  1.503612e+01   1.003034e+01   7.376203e-03   3.772623e-03   7900890
  1.506163e+01   1.005296e+01   7.354089e-03   3.783642e-03   7906142
  1.508712e+01   1.003024e+01   7.357433e-03   3.775205e-03   7923347
  1.511263e+01   1.002613e+01   7.370254e-03   3.775112e-03   7924812
  1.513814e+01   9.990784e+00   7.360918e-03   3.763771e-03   7899788
  1.516364e+01   9.966576e+00   7.359931e-03   3.755870e-03   7886192
  1.518914e+01   9.938310e+00   7.362526e-03   3.743137e-03   7875224
  1.521466e+01   9.907165e+00   7.367555e-03   3.735341e-03   7864992
  1.524017e+01   9.901276e+00   7.363815e-03   3.734208e-03   7848128
  1.526569e+01   9.870628e+00   7.365639e-03   3.721096e-03   7838144
  1.529119e+01   9.829067e+00   7.356494e-03   3.712115e-03   7813752
  1.531668e+01   9.814201e+00   7.357571e-03   3.707098e-03   7800092
  1.534219e+01   9.791506e+00   7.368755e-03   3.696825e-03   7797992
  1.536769e+01   9.762953e+00   7.350868e-03   3.689556e-03   7764648
  1.539319e+01   9.746234e+00   7.370782e-03   3.684242e-03   7769852
  1.541871e+01   9.721777e+00   7.360152e-03   3.680163e-03   7744688
  1.544422e+01   9.693258e+00   7.365679e-03   3.673313e-03   7736588
  1.546972e+01   9.668567e+00   7.358180e-03   3.664153e-03   7713312
  1.549524e+01   9.638250e+00   7.373389e-03   3.647139e-03   7713944
  1.552075e+01   9.610055e+00   7.350912e-03   3.647057e-03   7676276
  1.554624e+01   9.598848e+00   7.363264e-03   3.640148e-03   7675248
  1.557174e+01   9.576805e+00   7.357247e-03   3.640406e-03   7652180
  1.559724e+01   9.550237e+00   7.365471e-03   3.626252e-03   7645184
  1.562275e+01   9.530135e+00   7.360925e-03   3.627110e-03   7626080
  1.564826e+01   9.515503e+00   7.366056e-03   3.617281e-03   7615392
  1.567378e+01   9.492741e+00   7.370367e-03   3.613402e-03   7603052
  1.569929e+01   9.469865e+00   7.356256e-03   3.610379e-03   7573520
  1.572479e+01   9.432805e+00   7.365219e-03   3.594443e-03   7567620
  1.575029e+01   9.418589e+00   7.358287e-03   3.595037e-03   7543724
  1.577579e+01   9.390755e+00   7.366900e-03   3.581643e-03   7537580
  1.580130e+01   9.370727e+00   7.360085e-03   3.582679e-03   7515276
  1.582682e+01   9.337757e+00   7.368584e-03   3.569406e-03   7508024
  1.585232e+01   9.323118e+00   7.356465e-03   3.566993e-03   7478168
  1.587782e+01   9.305618e+00   7.366698e-03   3.559948e-03   7471568
  1.590333e+01   9.282379e+00   7.361988e-03   3.555734e-03   7451580
  1.592884e+01   9.256787e+00   7.364933e-03   3.548920e-03   7437332
  1.595435e+01   9.252318e+00   7.366683e-03   3.552286e-03   7422200
  1.597987e+01   9.221344e+00   7.368560e-03   3.541109e-03   7408464
  1.600537e+01   9.209281e+00   7.357152e-03   3.544040e-03   7381436
  1.603087e+01   9.189217e+00   7.361393e-03   3.538840e-03   7368068
  1.605637e+01   9.165980e+00   7.365998e-03   3.529723e-03   7355760
  1.608189e+01   9.147197e+00   7.368054e-03   3.521357e-03   7341512
  1.610740e+01   9.123860e+00   7.354934e-03   3.522925e-03   7310384
  1.613289e+01   9.107294e+00   7.369710e-03   3.517830e-03   7306904
  1.615839e+01   9.085406e+00   7.350512e-03   3.517366e-03   7271520
  1.618389e+01   9.076281e+00   7.374702e-03   3.510822e-03   7279508
  1.620941e+01   9.047899e+00   7.357344e-03   3.509662e-03   7244240
  1.623493e+01   9.024928e+00   7.376406e-03   3.495742e-03   7244700
  1.626044e+01   9.014219e+00   7.355374e-03   3.505016e-03   7207652
  1.628593e+01   8.999809e+00   7.361057e-03   3.497688e-03   7196144
  1.631143e+01   8.975879e+00   7.362174e-03   3.491143e-03   7177356
  1.633693e+01   8.961193e+00   7.362825e-03   3.486720e-03   7160180
  1.636245e+01   8.928024e+00   7.370725e-03   3.476447e-03   7151288
  1.638795e+01   8.909218e+00   7.353531e-03   3.477513e-03   7115144
  1.641345e+01   8.906306e+00   7.373850e-03   3.472175e-03   7116408
  1.643897e+01   8.877664e+00   7.362977e-03   3.466896e-03   7089080
  1.646448e+01   8.863051e+00   7.363158e-03   3.468336e-03   7071440
  1.649000e+01   8.852481e+00   7.368165e-03   3.466720e-03   7057152
  1.651550e+01   8.830195e+00   7.360184e-03   3.465085e-03   7031192
  1.654100e+01   8.806400e+00   7.358334e-03   3.460658e-03   7011524
  1.656649e+01   8.795477e+00   7.357440e-03   3.463655e-03   6991508
  1.659200e+01   8.763637e+00   7.371649e-03   3.450516e-03   6985368
  1.661751e+01   8.753990e+00   7.360719e-03   3.447109e-03   6956864
  1.664303e+01   8.742929e+00   7.372565e-03   3.444058e-03   6950408
  1.666852e+01   8.722206e+00   7.345081e-03   3.449015e-03   6904704
  1.669402e+01   8.698572e+00   7.377135e-03   3.434564e-03   6915128
  1.671955e+01   8.679414e+00   7.361587e-03   3.434952e-03   6882644
  1.674506e+01   8.671497e+00   7.362339e-03   3.435957e-03   6864864
  1.677056e+01   8.656194e+00   7.358325e-03   3.436660e-03   6840020
  1.679606e+01   8.630753e+00   7.361850e-03   3.428315e-03   6823808
  1.682158e+01   8.617741e+00   7.370568e-03   3.425302e-03   6813512
  1.684709e+01   8.597276e+00   7.357165e-03   3.422875e-03   6780336
  1.687258e+01   8.590972e+00   7.363664e-03   3.425183e-03   6766004
  1.689808e+01   8.570740e+00   7.357090e-03   3.423787e-03   6740540
  1.692358e+01   8.537163e+00   7.366252e-03   3.412789e-03   6730704
  1.694910e+01   8.538847e+00   7.361983e-03   3.423104e-03   6706004
  1.697460e+01   8.521973e+00   7.361235e-03   3.415399e-03   6683744
  1.700011e+01   8.509244e+00   7.363257e-03   3.415784e-03   6667236
  1.702562e+01   8.492272e+00   7.365144e-03   3.412421e-03   6648788
  1.705114e+01   8.470538e+00   7.367921e-03   3.405317e-03   6628136
  1.707663e+01   8.469526e+00   7.351941e-03   3.413025e-03   6593768
  1.710212e+01   8.444419e+00   7.365092e-03   3.407853e-03   6588000
  1.712763e+01   8.433307e+00   7.356684e-03   3.408894e-03   6558152
  1.715313e+01   8.404775e+00   7.367216e-03   3.400599e-03   6545360
  1.717866e+01   8.399707e+00   7.370316e-03   3.401440e-03   6529080
  1.720418e+01   8.381724e+00   7.365012e-03   3.400515e-03   6504260
  1.722968e+01   8.355136e+00   7.354679e-03   3.401552e-03   6472376
  1.725517e+01   8.353743e+00   7.364913e-03   3.401201e-03   6459464
  1.728069e+01   8.337512e+00   7.364806e-03   3.396116e-03   6439404
  1.730620e+01   8.324644e+00   7.367021e-03   3.399246e-03   6419420
  1.733171e+01   8.308545e+00   7.359477e-03   3.395827e-03   6390248
  1.735722e+01   8.292944e+00   7.370209e-03   3.396756e-03   6379044
  1.738274e+01   8.278968e+00   7.364805e-03   3.396458e-03   6354716
  1.740825e+01   8.272422e+00   7.362326e-03   3.399243e-03   6329300
  1.743374e+01   8.260102e+00   7.354434e-03   3.394725e-03   6299340
  1.745924e+01   8.248867e+00   7.369008e-03   3.395594e-03   6292424
  1.748476e+01   8.225705e+00   7.361822e-03   3.392799e-03   6264092
  1.751025e+01   8.220507e+00   7.361303e-03   3.396975e-03   6239072
  1.753575e+01   8.199914e+00   7.364182e-03   3.398775e-03   6219636
  1.756126e+01   8.190542e+00   7.365459e-03   3.397882e-03   6200672
  1.758676e+01   8.186524e+00   7.354792e-03   3.401210e-03   6168488
  1.761225e+01   8.170802e+00   7.366868e-03   3.399128e-03   6155100
  1.763778e+01   8.149435e+00   7.374735e-03   3.390041e-03   6140564
  1.766330e+01   8.146896e+00   7.356736e-03   3.404064e-03   6104576
  1.768879e+01   8.128075e+00   7.356830e-03   3.401359e-03   6080268
  1.771426e+01   8.116839e+00   7.355752e-03   3.400240e-03   6055400
  1.773977e+01   8.103960e+00   7.374071e-03   3.397803e-03   6049688
  1.776530e+01   8.091572e+00   7.362019e-03   3.401436e-03   6015848
  1.779080e+01   8.079705e+00   7.363376e-03   3.404802e-03   5991420
  1.781630e+01   8.073301e+00   7.369316e-03   3.407665e-03   5974820
  1.784182e+01   8.053634e+00   7.360963e-03   3.402463e-03   5947448
  1.786732e+01   8.053587e+00   7.362250e-03   3.411022e-03   5923188
  1.789283e+01   8.034986e+00   7.368233e-03   3.409127e-03   5903792
  1.791834e+01   8.018555e+00   7.360679e-03   3.412931e-03   5876888
  1.794384e+01   8.014871e+00   7.359115e-03   3.415825e-03   5851548
  1.796934e+01   8.010433e+00   7.369521e-03   3.417311e-03   5833976
  1.799485e+01   7.990950e+00   7.362511e-03   3.418025e-03   5804648
  1.802036e+01   7.979001e+00   7.366394e-03   3.415540e-03   5785436
  1.804587e+01   7.969839e+00   7.362829e-03   3.421584e-03   5757924
  1.807137e+01   7.957922e+00   7.364266e-03   3.426641e-03   5734076
  1.809688e+01   7.948773e+00   7.362633e-03   3.427273e-03   5710904
  1.812238e+01   7.935669e+00   7.357815e-03   3.420952e-03   5684592
  1.814789e+01   7.929523e+00   7.369347e-03   3.426117e-03   5667008
  1.817339e+01   7.924695e+00   7.352004e-03   3.440592e-03   5628872
  1.819890e+01   7.910771e+00   7.376112e-03   3.433814e-03   5625296
  1.822443e+01   7.900458e+00   7.359811e-03   3.438894e-03   5586396
  1.824992e+01   7.889933e+00   7.363976e-03   3.444017e-03   5562752
  1.827543e+01   7.880384e+00   7.368307e-03   3.445846e-03   5543288
  1.830095e+01   7.882365e+00   7.361075e-03   3.453860e-03   5514936
  1.832645e+01   7.868999e+00   7.360427e-03   3.455761e-03   5488412
  1.835195e+01   7.855960e+00   7.356876e-03   3.458052e-03   5459912
  1.837745e+01   7.843181e+00   7.369207e-03   3.459054e-03   5445384
  1.840297e+01   7.841331e+00   7.355744e-03   3.467430e-03   5410448
  1.842847e+01   7.835944e+00   7.366238e-03   3.469017e-03   5390852
  1.845397e+01   7.830643e+00   7.361704e-03   3.479474e-03   5361824
  1.847949e+01   7.818315e+00   7.370949e-03   3.478167e-03   5345160
  1.850501e+01   7.808319e+00   7.359278e-03   3.486345e-03   5309888
  1.853050e+01   7.801859e+00   7.364417e-03   3.491514e-03   5286260
  1.855600e+01   7.791254e+00   7.359553e-03   3.495437e-03   5259756
  1.858151e+01   7.775927e+00   7.359778e-03   3.493153e-03   5235572
  1.860702e+01   7.782018e+00   7.364327e-03   3.506086e-03   5210384
  1.863251e+01   7.773154e+00   7.358248e-03   3.516571e-03   5179164
  1.865803e+01   7.767464e+00   7.376584e-03   3.514643e-03   5167808
  1.868355e+01   7.764288e+00   7.352310e-03   3.528619e-03   5123300
  1.870904e+01   7.749636e+00   7.369172e-03   3.526396e-03   5107160
  1.873456e+01   7.751438e+00   7.368357e-03   3.535963e-03   5081688
  1.876007e+01   7.744826e+00   7.360408e-03   3.545545e-03   5051384
  1.878558e+01   7.738962e+00   7.361240e-03   3.554469e-03   5024528
  1.881107e+01   7.729996e+00   7.360943e-03   3.558538e-03   4996908
  1.883658e+01   7.725182e+00   7.364190e-03   3.563791e-03   4974536
  1.886210e+01   7.726228e+00   7.361858e-03   3.572905e-03   4946240
  1.888760e+01   7.722525e+00   7.362011e-03   3.584183e-03   4916312
  1.891310e+01   7.707585e+00   7.365781e-03   3.582965e-03   4891872
  1.893861e+01   7.708202e+00   7.359935e-03   3.594206e-03   4863080
  1.896411e+01   7.705898e+00   7.363820e-03   3.609353e-03   4837184
  1.898962e+01   7.704148e+00   7.365154e-03   3.615296e-03   4809516
  1.901513e+01   7.701919e+00   7.367668e-03   3.623538e-03   4786016
  1.904066e+01   7.696113e+00   7.362936e-03   3.631049e-03   4756532
  1.906615e+01   7.688188e+00   7.355541e-03   3.643622e-03   4722672
  1.909164e+01   7.680841e+00   7.357278e-03   3.649729e-03   4695668
  1.911714e+01   7.677352e+00   7.367373e-03   3.653516e-03   4675412
  1.914266e+01   7.678242e+00   7.360950e-03   3.670158e-03   4642904
  1.916815e+01   7.675657e+00   7.361738e-03   3.682911e-03   4613208
  1.919364e+01   7.678539e+00   7.360267e-03   3.691306e-03   4585184
  1.921915e+01   7.671866e+00   7.368214e-03   3.700772e-03   4564448
  1.924468e+01   7.677179e+00   7.369038e-03   3.713948e-03   4535604
  1.927019e+01   7.661551e+00   7.360161e-03   3.719962e-03   4500320
  1.929568e+01   7.664140e+00   7.359546e-03   3.736359e-03   4473992
  1.932120e+01   7.664841e+00   7.369740e-03   3.743760e-03   4452456
  1.934671e+01   7.661572e+00   7.357914e-03   3.765943e-03   4413848
  1.937220e+01   7.660976e+00   7.362825e-03   3.771478e-03   4388180
  1.939771e+01   7.652776e+00   7.365077e-03   3.779884e-03   4362464
  1.942321e+01   7.655961e+00   7.355796e-03   3.796507e-03   4326744
  1.944872e+01   7.648440e+00   7.380752e-03   3.795981e-03   4311212
  1.947426e+01   7.658970e+00   7.366840e-03   3.821491e-03   4276172
  1.949977e+01   7.664743e+00   7.354915e-03   3.841646e-03   4241916
  1.952526e+01   7.655260e+00   7.362787e-03   3.848852e-03   4215584
  1.955075e+01   7.657195e+00   7.353834e-03   3.874375e-03   4180232
  1.957624e+01   7.660678e+00   7.362652e-03   3.883975e-03   4157928
  1.960176e+01   7.653619e+00   7.368259e-03   3.898375e-03   4130960
  1.962728e+01   7.649052e+00   7.365942e-03   3.906562e-03   4097120
  1.965278e+01   7.656295e+00   7.365192e-03   3.925289e-03   4068488
  1.967829e+01   7.653720e+00   7.360466e-03   3.942564e-03   4038360
  1.970381e+01   7.660175e+00   7.371094e-03   3.957100e-03   4012616
  1.972932e+01   7.650026e+00   7.361291e-03   3.974059e-03   3976556
  1.975481e+01   7.656822e+00   7.357987e-03   3.989761e-03   3947544
  1.978032e+01   7.662477e+00   7.362998e-03   4.009626e-03   3920432
  1.980583e+01   7.653084e+00   7.359438e-03   4.020850e-03   3885884
  1.983132e+01   7.653857e+00   7.360820e-03   4.041235e-03   3856280
  1.985682e+01   7.658403e+00   7.365713e-03   4.055285e-03   3829752
  1.988235e+01   7.652090e+00   7.371114e-03   4.074453e-03   3801356
  1.990787e+01   7.661035e+00   7.363721e-03   4.104235e-03   3765392
  1.993335e+01   7.658532e+00   7.353719e-03   4.116838e-03   3731424
  1.995886e+01   7.667212e+00   7.367192e-03   4.140428e-03   3709580
  1.998438e+01   7.665018e+00   7.361933e-03   4.156426e-03   3674216
  2.000987e+01   7.665689e+00   7.356510e-03   4.182443e-03   3639564
  2.003537e+01   7.666513e+00   7.364401e-03   4.199931e-03   3614840
  2.006090e+01   7.671383e+00   7.367408e-03   4.214773e-03   3584480
  2.008639e+01   7.678960e+00   7.353185e-03   4.249659e-03   3543536
  2.011189e+01   7.670408e+00   7.374777e-03   4.260155e-03   3524472
  2.013741e+01   7.660849e+00   7.356469e-03   4.275153e-03   3486212
  2.016292e+01   7.683054e+00   7.368358e-03   4.312953e-03   3458324
  2.018842e+01   7.682867e+00   7.359377e-03   4.337465e-03   3421488
  2.021391e+01   7.695229e+00   7.359374e-03   4.369375e-03   3392336
  2.023944e+01   7.689517e+00   7.367410e-03   4.386732e-03   3365456
  2.026495e+01   7.677177e+00   7.356390e-03   4.412618e-03   3326160
  2.029043e+01   7.693346e+00   7.362952e-03   4.436904e-03   3296720
  2.031593e+01   7.680354e+00   7.356687e-03   4.452748e-03   3263744
  2.034146e+01   7.689408e+00   7.379127e-03   4.483227e-03   3240128
  2.036697e+01   7.682084e+00   7.354400e-03   4.505534e-03   3194856
  2.039245e+01   7.704119e+00   7.363268e-03   4.531470e-03   3169232
  2.041798e+01   7.704412e+00   7.370164e-03   4.567634e-03   3141728
  2.044350e+01   7.702034e+00   7.359626e-03   4.597807e-03   3101772
  2.046897e+01   7.691886e+00   7.354183e-03   4.618507e-03   3066728
  2.049449e+01   7.702290e+00   7.376458e-03   4.644038e-03   3046004
  2.052003e+01   7.701571e+00   7.358193e-03   4.678083e-03   3004592
  2.054552e+01   7.708024e+00   7.363615e-03   4.716249e-03   2971608
  2.057101e+01   7.707215e+00   7.361977e-03   4.738545e-03   2939036
  2.059652e+01   7.703432e+00   7.370191e-03   4.773796e-03   2910536
  2.062204e+01   7.694997e+00   7.362511e-03   4.793949e-03   2873400
  2.064753e+01   7.709829e+00   7.355932e-03   4.833961e-03   2837216
  2.067303e+01   7.707043e+00   7.367558e-03   4.866639e-03   2810636
  2.069855e+01   7.704232e+00   7.359230e-03   4.899387e-03   2774580
  2.072405e+01   7.702026e+00   7.361180e-03   4.933747e-03   2739152
  2.074953e+01   7.693072e+00   7.356054e-03   4.971461e-03   2704292
  2.077505e+01   7.692942e+00   7.372093e-03   4.985171e-03   2678756
  2.080060e+01   7.696247e+00   7.372667e-03   5.020882e-03   2642748
  2.082609e+01   7.686525e+00   7.355862e-03   5.065476e-03   2600696
  2.085158e+01   7.669318e+00   7.371415e-03   5.079553e-03   2575352
  2.087712e+01   7.691812e+00   7.365344e-03   5.131014e-03   2541108
  2.090261e+01   7.666904e+00   7.347421e-03   5.141792e-03   2498504
  2.092809e+01   7.655400e+00   7.364501e-03   5.191537e-03   2469308
  2.095359e+01   7.677187e+00   7.358218e-03   5.243264e-03   2435388
  2.097910e+01   7.670340e+00   7.361621e-03   5.270350e-03   2402516
  2.100463e+01   7.631346e+00   7.372541e-03   5.298623e-03   2368496
  2.103013e+01   7.621284e+00   7.365274e-03   5.336171e-03   2330924
  2.105562e+01   7.615492e+00   7.357516e-03   5.355546e-03   2296560
  2.108114e+01   7.607304e+00   7.370522e-03   5.394383e-03   2265656
  2.110666e+01   7.572459e+00   7.364605e-03   5.417833e-03   2226968
  2.113214e+01   7.556548e+00   7.356650e-03   5.437762e-03   2191452
  2.115765e+01   7.550255e+00   7.359422e-03   5.479675e-03   2159024
  2.118315e+01   7.510466e+00   7.354652e-03   5.490865e-03   2120888
  2.120863e+01   7.493055e+00   7.360281e-03   5.526557e-03   2086840
  2.123414e+01   7.481260e+00   7.367404e-03   5.544479e-03   2053864
  2.125965e+01   7.455822e+00   7.362214e-03   5.583365e-03   2016296
  2.128517e+01   7.405836e+00   7.376346e-03   5.582414e-03   1984592
  2.131070e+01   7.379165e+00   7.366785e-03   5.607738e-03   1946748
  2.133620e+01   7.353352e+00   7.358336e-03   5.612454e-03   1909961
  2.136172e+01   7.323026e+00   7.369335e-03   5.630820e-03   1881074
  2.138723e+01   7.287058e+00   7.353272e-03   5.656202e-03   1846236
  2.141271e+01   7.286620e+00   7.353027e-03   5.706717e-03   1816016
  2.143821e+01   7.271655e+00   7.364414e-03   5.717869e-03   1789688
  2.146373e+01   7.234647e+00   7.367059e-03   5.710009e-03   1761398
  2.148924e+01   7.214911e+00   7.364203e-03   5.760264e-03   1732776
  2.151476e+01   7.207510e+00   7.378034e-03   5.781620e-03   1709114
  2.154028e+01   7.193361e+00   7.361373e-03   5.827766e-03   1678730
  2.156578e+01   7.166516e+00   7.360283e-03   5.831710e-03   1653240
  2.159128e+01   7.160221e+00   7.362665e-03   5.867385e-03   1628972
  2.161678e+01   7.151868e+00   7.354145e-03   5.897707e-03   1602134
  2.164226e+01   7.126916e+00   7.351852e-03   5.920465e-03   1577790
  2.166777e+01   7.108912e+00   7.365106e-03   5.946056e-03   1556390
  2.169328e+01   7.102890e+00   7.363741e-03   5.988586e-03   1531178
  2.171878e+01   7.100060e+00   7.367215e-03   6.030776e-03   1508624
  2.174432e+01   7.081339e+00   7.379867e-03   6.044421e-03   1488408
  2.176984e+01   7.061574e+00   7.360535e-03   6.062129e-03   1461536
  2.179533e+01   7.064814e+00   7.359978e-03   6.115697e-03   1439936
  2.182084e+01   7.057069e+00   7.368240e-03   6.145655e-03   1420236
  2.184635e+01   7.037923e+00   7.354083e-03   6.179071e-03   1395920
  2.187182e+01   7.032894e+00   7.348894e-03   6.231326e-03   1374290
  2.189733e+01   7.018807e+00   7.368260e-03   6.235229e-03   1356858
  2.192284e+01   7.012926e+00   7.353545e-03   6.302861e-03   1332536
  2.194835e+01   7.007745e+00   7.379252e-03   6.312137e-03   1316414
  2.197387e+01   7.022247e+00   7.366748e-03   6.388588e-03   1293962
  2.199937e+01   7.000106e+00   7.362470e-03   6.422447e-03   1273482
  2.202489e+01   6.988749e+00   7.375678e-03   6.441773e-03   1256762
  2.205041e+01   6.990394e+00   7.355512e-03   6.492788e-03   1234202
  2.207589e+01   6.981791e+00   7.355961e-03   6.533579e-03   1215660
  2.210140e+01   6.969199e+00   7.362722e-03   6.572181e-03   1198550
  2.212689e+01   6.968932e+00   7.345464e-03   6.615413e-03   1176740
  2.215237e+01   6.966914e+00   7.361360e-03   6.679789e-03   1160594
  2.217791e+01   6.959543e+00   7.383144e-03   6.687057e-03   1145724
  2.220344e+01   6.945382e+00   7.364325e-03   6.747593e-03   1124066
  2.222892e+01   6.967685e+00   7.360199e-03   6.812699e-03   1106036
  2.225444e+01   6.945970e+00   7.379911e-03   6.836919e-03   1092552
  2.227997e+01   6.953307e+00   7.356292e-03   6.906785e-03   1071674
  2.230546e+01   6.952532e+00   7.356182e-03   6.920611e-03   1054892
  2.233097e+01   6.950743e+00   7.362191e-03   6.998093e-03   1039716
  2.235646e+01   6.940171e+00   7.344170e-03   7.056295e-03   1020260
  2.238194e+01   6.950951e+00   7.363080e-03   7.105198e-03   1006052
  2.240746e+01   6.951386e+00   7.368590e-03   7.174778e-03   990320
  2.243298e+01   6.938813e+00   7.374664e-03   7.195853e-03   974484
  2.245849e+01   6.918490e+00   7.369296e-03   7.248420e-03   958076
  2.248401e+01   6.943125e+00   7.373538e-03   7.316442e-03   943556
  2.250952e+01   6.931875e+00   7.354611e-03   7.363073e-03   926022
  2.253501e+01   6.940885e+00   7.359085e-03   7.423887e-03   911804
  2.256052e+01   6.943801e+00   7.355702e-03   7.487458e-03   896528
  2.258600e+01   6.917989e+00   7.344635e-03   7.516387e-03   880212
  2.261149e+01   6.947161e+00   7.364479e-03   7.613505e-03   867710
  2.263701e+01   6.922764e+00   7.370589e-03   7.650473e-03   853388
  2.266252e+01   6.951137e+00   7.367301e-03   7.746107e-03   838166
  2.268805e+01   6.970339e+00   7.381192e-03   7.833657e-03   825540
  2.271357e+01   6.961686e+00   7.365295e-03   7.894437e-03   810080
  2.273908e+01   6.965918e+00   7.362407e-03   7.968048e-03   796262
  2.276457e+01   6.956688e+00   7.352413e-03   7.998814e-03   781884
  2.279007e+01   6.960567e+00   7.360578e-03   8.103179e-03   769622
  2.281556e+01   6.964583e+00   7.339853e-03   8.192304e-03   754166
  2.284103e+01   6.971608e+00   7.355328e-03   8.284247e-03   742100
  2.286654e+01   6.961853e+00   7.374452e-03   8.308284e-03   730446
  2.289209e+01   6.961643e+00   7.385778e-03   8.374016e-03   718304
  2.291762e+01   6.977932e+00   7.365776e-03   8.469312e-03   703454
  2.294311e+01   6.968946e+00   7.366068e-03   8.520423e-03   691062
  2.296863e+01   6.996372e+00   7.373610e-03   8.638672e-03   679814
  2.299415e+01   7.003908e+00   7.354244e-03   8.717200e-03   666260
  2.301963e+01   7.004293e+00   7.345385e-03   8.817292e-03   653550
  2.304511e+01   7.008502e+00   7.349203e-03   8.879749e-03   641942
  2.307060e+01   7.008493e+00   7.353105e-03   8.951235e-03   630194
  2.309610e+01   7.030327e+00   7.369121e-03   9.074848e-03   619172
  2.312162e+01   7.005898e+00   7.375923e-03   9.104861e-03   607758
  2.314716e+01   7.063794e+00   7.384041e-03   9.276665e-03   597014
  2.317270e+01   7.056187e+00   7.376712e-03   9.352925e-03   585206
  2.319820e+01   7.052366e+00   7.354974e-03   9.461418e-03   572598
  2.322367e+01   7.074932e+00   7.349032e-03   9.557498e-03   561686
  2.324917e+01   7.087723e+00   7.353239e-03   9.687964e-03   551558
  2.327468e+01   7.091235e+00   7.357285e-03   9.752160e-03   541098
  2.330014e+01   7.101376e+00   7.325793e-03   9.869748e-03   527966
  2.332562e+01   7.107545e+00   7.376852e-03   9.978415e-03   520622
  2.335117e+01   7.135016e+00   7.386148e-03   1.012254e-02   510302
  2.337672e+01   7.135739e+00   7.382565e-03   1.017143e-02   499614
  2.340224e+01   7.144490e+00   7.375292e-03   1.035502e-02   489302
  2.342778e+01   7.139635e+00   7.375236e-03   1.042914e-02   479678
  2.345329e+01   7.152198e+00   7.352971e-03   1.055542e-02   468666
  2.347875e+01   7.186983e+00   7.329761e-03   1.072689e-02   457910
  2.350421e+01   7.208341e+00   7.344495e-03   1.085344e-02   449510
  2.352971e+01   7.201651e+00   7.353075e-03   1.098314e-02   440310
  2.355521e+01   7.207782e+00   7.364334e-03   1.107248e-02   430934
  2.358073e+01   7.233308e+00   7.379513e-03   1.122832e-02   422024
  2.360625e+01   7.243770e+00   7.381391e-03   1.136629e-02   412886
  2.363179e+01   7.245371e+00   7.386646e-03   1.147472e-02   404310
  2.365734e+01   7.274901e+00   7.381267e-03   1.170807e-02   395438
  2.368286e+01   7.293513e+00   7.347485e-03   1.183683e-02   385298
  2.370833e+01   7.313440e+00   7.341789e-03   1.201993e-02   376776
  2.373377e+01   7.330843e+00   7.320960e-03   1.219883e-02   367430
  2.375924e+01   7.373164e+00   7.349948e-03   1.242118e-02   360302
  2.378474e+01   7.379777e+00   7.357710e-03   1.248784e-02   351830
  2.381028e+01   7.391604e+00   7.399637e-03   1.267476e-02   345024
  2.383584e+01   7.401044e+00   7.384100e-03   1.286963e-02   335918
  2.386136e+01   7.460140e+00   7.381599e-03   1.310659e-02   327878
  2.388688e+01   7.443801e+00   7.378710e-03   1.324026e-02   320250
  2.391241e+01   7.489459e+00   7.361769e-03   1.349324e-02   312296
  2.393791e+01   7.498212e+00   7.334340e-03   1.366021e-02   303926
  2.396337e+01   7.519618e+00   7.333206e-03   1.396398e-02   296502
  2.398881e+01   7.543766e+00   7.315382e-03   1.411157e-02   288248
  2.401426e+01   7.572055e+00   7.359470e-03   1.438461e-02   282206
  2.403980e+01   7.639879e+00   7.394961e-03   1.467355e-02   275822
  2.406537e+01   7.622337e+00   7.399099e-03   1.469425e-02   268560
  2.409092e+01   7.634428e+00   7.390828e-03   1.498642e-02   261206
  2.411646e+01   7.663899e+00   7.386125e-03   1.527184e-02   254360
  2.414200e+01   7.670281e+00   7.370012e-03   1.547645e-02   247506
  2.416750e+01   7.739467e+00   7.331579e-03   1.591060e-02   240086
  2.419295e+01   7.765732e+00   7.312198e-03   1.622863e-02   233168
  2.421838e+01   7.768286e+00   7.318970e-03   1.643541e-02   226806
  2.424380e+01   7.781199e+00   7.330089e-03   1.673287e-02   220280
  2.426931e+01   7.846722e+00   7.407244e-03   1.701252e-02   215702
  2.429491e+01   7.877457e+00   7.413551e-03   1.729549e-02   209408
  2.432046e+01   7.943557e+00   7.383828e-03   1.775173e-02   202518
  2.434601e+01   7.943504e+00   7.402521e-03   1.781688e-02   197222
  2.437157e+01   7.947197e+00   7.373169e-03   1.825717e-02   190880
  2.439709e+01   7.950784e+00   7.342463e-03   1.855860e-02   184794
  2.442253e+01   8.032728e+00   7.292030e-03   1.914122e-02   178328
  2.444792e+01   8.051822e+00   7.290434e-03   1.953082e-02   172838
  2.447328e+01   8.077988e+00   7.291834e-03   1.962541e-02   167016
  2.449879e+01   8.079728e+00   7.431836e-03   2.002369e-02   163976
  2.452446e+01   8.220875e+00   7.449486e-03   2.067132e-02   158486
  2.455006e+01   8.217194e+00   7.404019e-03   2.100243e-02   152384
  2.457560e+01   8.192978e+00   7.394682e-03   2.136875e-02   147462
  2.460114e+01   8.262591e+00   7.357903e-03   2.184844e-02   142112
  2.462663e+01   8.308856e+00   7.336378e-03   2.243920e-02   137102
  2.465211e+01   8.368370e+00   7.316252e-03   2.307676e-02   132144
  2.467752e+01   8.417865e+00   7.283118e-03   2.385312e-02   127010
  2.470284e+01   8.367956e+00   7.253132e-03   2.401050e-02   121832
  2.472829e+01   8.465370e+00   7.397873e-03   2.468542e-02   119096
  2.475392e+01   8.430345e+00   7.444805e-03   2.492911e-02   114702
  2.477956e+01   8.486471e+00   7.462789e-03   2.571550e-02   110312
  2.480517e+01   8.639568e+00   7.434308e-03   2.642714e-02   105734
  2.483076e+01   8.574990e+00   7.397566e-03   2.720778e-02   101544
  2.485627e+01   8.678510e+00   7.301752e-03   2.823402e-02   96824
  2.488168e+01   8.685465e+00   7.246997e-03   2.842425e-02   92582
  2.490698e+01   8.711060e+00   7.204423e-03   2.923988e-02   88248
  2.493224e+01   8.801774e+00   7.257535e-03   3.045567e-02   84728
  2.495776e+01   8.804290e+00   7.453949e-03   3.112447e-02   82454
  2.498353e+01   9.025859e+00   7.531963e-03   3.197744e-02   79076
  2.500921e+01   9.045369e+00   7.439378e-03   3.298619e-02   74568
  2.503475e+01   9.006916e+00   7.405401e-03   3.378229e-02   71054
  2.506026e+01   9.056564e+00   7.359057e-03   3.499341e-02   67544
  2.508578e+01   9.075920e+00   7.350851e-03   3.594957e-02   64440
  2.511127e+01   9.096613e+00   7.285050e-03   3.677579e-02   60902
  2.513667e+01   9.277942e+00   7.239842e-03   3.873778e-02   57656
  2.516188e+01   9.407298e+00   7.131070e-03   4.055765e-02   53976
  2.518711e+01   9.410382e+00   7.280183e-03   4.119499e-02   51806
  2.521267e+01   9.459235e+00   7.484844e-03   4.204079e-02   49688
  2.523842e+01   9.525048e+00   7.555911e-03   4.404351e-02   46856
  2.526422e+01   9.448576e+00   7.597859e-03   4.513402e-02   44256
  2.529008e+01   9.426941e+00   7.559996e-03   4.625886e-02   41654
  2.531583e+01   9.677129e+00   7.348482e-03   4.946101e-02   38612
  2.534123e+01   9.733197e+00   7.062272e-03   5.183326e-02   35496
  2.536623e+01   9.733637e+00   6.874760e-03   5.415615e-02   32768
  2.539091e+01   9.686389e+00   6.774850e-03   5.583344e-02   30254
  2.541583e+01   9.968265e+00   7.146931e-03   5.794913e-02   29024
  2.544166e+01   9.801285e+00   7.771822e-03   5.857453e-02   28176
  2.546816e+01   9.899340e+00   8.033691e-03   6.064653e-02   26336
  2.549464e+01   9.942614e+00   7.802484e-03   6.494113e-02   23822
  2.552058e+01   1.004349e+01   7.252601e-03   6.972360e-02   21096
  2.554587e+01   1.036317e+01   6.879531e-03   7.624321e-02   19016
  2.557068e+01   1.032751e+01   6.569579e-03   7.990762e-02   17024
  2.559507e+01   1.034914e+01   6.425255e-03   8.430912e-02   15360
  2.561919e+01   1.023353e+01   6.295402e-03   8.694141e-02   13814
  2.564393e+01   1.022256e+01   6.997366e-03   8.944411e-02   13112
  2.567113e+01   1.070127e+01   8.707019e-03   9.349666e-02   13520
  2.569910e+01   1.063311e+01   8.295570e-03   9.803879e-02   11124
  2.572577e+01   1.093051e+01   7.121835e-03   1.107848e-01   9080
  2.575089e+01   1.117428e+01   6.225623e-03   1.279095e-01   7526
  2.577504e+01   1.054245e+01   6.069238e-03   1.336918e-01   6504
  2.579905e+01   1.093653e+01   6.054644e-03   1.512137e-01   5624
  2.582307e+01   1.120007e+01   6.043297e-03   1.645368e-01   4808
  2.584710e+01   1.143508e+01   6.034656e-03   1.840364e-01   4056
  2.587276e+01   1.103458e+01   7.717166e-03   1.783476e-01   3704
  2.590170e+01   1.145517e+01   9.550888e-03   1.951062e-01   3560
  2.593119e+01   1.118104e+01   6.077834e-03   2.598600e-01   1934
  2.595529e+01   1.161452e+01   6.014157e-03   2.974530e-01   1464
  2.597932e+01   1.281479e+01   6.009183e-03   3.662926e-01   1064
  2.600334e+01   1.111215e+01   6.000632e-03   4.096815e-01   728
  2.602731e+01   1.290446e+01   5.983389e-03   5.987864e-01   456
  2.605118e+01   1.327196e+01   5.942607e-03   7.630077e-01   248
  2.607479e+01   1.416181e+01   5.817994e-03   1.230826e+00   104
  2.609756e+01   9.916113e+00   5.233565e-03   1.694664e+00   24
