# power spectrum of delta
# redshift z=100.000000
# k              Pk             sigma(k)       sigma(Pk)      count
  2.094395e-02   1.114047e-06   1.873193e-10   4.653326e-07   6
  4.041873e-02   6.978599e-06   7.123136e-03   1.734167e-06   50
  6.490740e-02   2.481045e-05   7.704015e-03   2.152456e-06   146
  8.919218e-02   4.525796e-05   6.515352e-03   2.745131e-06   258
  1.152383e-01   5.913674e-05   7.588046e-03   2.856737e-06   488
  1.414449e-01   9.199779e-05   7.538441e-03   3.955520e-06   698
  1.659742e-01   1.074855e-04   7.050465e-03   3.742250e-06   906
  1.914641e-01   1.254592e-04   7.471609e-03   3.568124e-06   1334
  2.173330e-01   1.443698e-04   6.995022e-03   3.632061e-06   1610
  2.424567e-01   1.717034e-04   7.345390e-03   4.023663e-06   2024
  2.678993e-01   1.914548e-04   7.580509e-03   3.963904e-06   2538
  2.938190e-01   2.057045e-04   7.447628e-03   4.027631e-06   3074
  3.195712e-01   2.344418e-04   7.220239e-03   4.296055e-06   3530
  3.446864e-01   2.451301e-04   7.270973e-03   3.947949e-06   4056
  3.699787e-01   2.696914e-04   7.428541e-03   4.060345e-06   4814
  3.958636e-01   2.773187e-04   7.424289e-03   3.894974e-06   5570
  4.214096e-01   3.028955e-04   7.192216e-03   4.074442e-06   6090
  4.461528e-01   3.252197e-04   7.017327e-03   4.218146e-06   6674
  4.716496e-01   3.338181e-04   7.522617e-03   3.778105e-06   8000
  4.976255e-01   3.609430e-04   7.432317e-03   3.971046e-06   8690
  5.234355e-01   3.686397e-04   7.563486e-03   3.959955e-06   9762
  5.488848e-01   3.823070e-04   7.139761e-03   3.789921e-06   10262
  5.740202e-01   4.029413e-04   7.208672e-03   3.959136e-06   11384
  5.998726e-01   4.094104e-04   7.605282e-03   3.738297e-06   12978
  6.254488e-01   4.376110e-04   7.225996e-03   3.944078e-06   13322
  6.507142e-01   4.352379e-04   7.369919e-03   3.704199e-06   14858
  6.762540e-01   4.565688e-04   7.250774e-03   3.763707e-06   15858
  7.016736e-01   4.610980e-04   7.353014e-03   3.632748e-06   17120
  7.269255e-01   4.861953e-04   7.307103e-03   3.786166e-06   18206
  7.526206e-01   4.969366e-04   7.525550e-03   3.627020e-06   20282
  7.783742e-01   5.021090e-04   7.276293e-03   3.539943e-06   20946
  8.037396e-01   5.199004e-04   7.373172e-03   3.596433e-06   22514
  8.292023e-01   5.310941e-04   7.345694e-03   3.547953e-06   23936
  8.546745e-01   5.493809e-04   7.347089e-03   3.632845e-06   25458
  8.800992e-01   5.547860e-04   7.329232e-03   3.502315e-06   26882
  9.054925e-01   5.813187e-04   7.338127e-03   3.576645e-06   28514
  9.311790e-01   5.906927e-04   7.460228e-03   3.470813e-06   30740
  9.568777e-01   5.864444e-04   7.357333e-03   3.438029e-06   31866
  9.821952e-01   6.097106e-04   7.331624e-03   3.491254e-06   33314
  1.007650e+00   6.111080e-04   7.414657e-03   3.369391e-06   35666
  1.033253e+00   6.353794e-04   7.318024e-03   3.463346e-06   37242
  1.058762e+00   6.402282e-04   7.338439e-03   3.378319e-06   39008
  1.084162e+00   6.453187e-04   7.377341e-03   3.303891e-06   40874
  1.109663e+00   6.474819e-04   7.384274e-03   3.234901e-06   43134
  1.135231e+00   6.725646e-04   7.323407e-03   3.300308e-06   44906
  1.160648e+00   6.792441e-04   7.324475e-03   3.272898e-06   46688
  1.186063e+00   6.940564e-04   7.393303e-03   3.261381e-06   49106
  1.211638e+00   7.007679e-04   7.403029e-03   3.173256e-06   51498
  1.237270e+00   7.151218e-04   7.385683e-03   3.198462e-06   53570
  1.262712e+00   7.194545e-04   7.321723e-03   3.183626e-06   55226
  1.288093e+00   7.322350e-04   7.341969e-03   3.148914e-06   57708
  1.313634e+00   7.353619e-04   7.407574e-03   3.118555e-06   60530
  1.339301e+00   7.500321e-04   7.432212e-03   3.094980e-06   63050
  1.364534e+00   7.521458e-04   7.161349e-03   3.095978e-06   63138
  1.389920e+00   7.692891e-04   7.475118e-03   3.041202e-06   68594
  1.415805e+00   7.733945e-04   7.439430e-03   3.022687e-06   70664
  1.441273e+00   7.807397e-04   7.308630e-03   3.022293e-06   71594
  1.466675e+00   7.886867e-04   7.411357e-03   2.989536e-06   75438
  1.492191e+00   8.027759e-04   7.301996e-03   3.016889e-06   77258
  1.517767e+00   8.097762e-04   7.436078e-03   2.947595e-06   81128
  1.543221e+00   8.169641e-04   7.296345e-03   2.955980e-06   82098
  1.568696e+00   8.267100e-04   7.424693e-03   2.910942e-06   86690
  1.594426e+00   8.416151e-04   7.389266e-03   2.936099e-06   89306
  1.619960e+00   8.501799e-04   7.318410e-03   2.903129e-06   91074
  1.645323e+00   8.551438e-04   7.332853e-03   2.892105e-06   93908
  1.670710e+00   8.542420e-04   7.343977e-03   2.840646e-06   97106
  1.696187e+00   8.751576e-04   7.356873e-03   2.864125e-06   100370
  1.721752e+00   8.778035e-04   7.394531e-03   2.844097e-06   103914
  1.747332e+00   8.826723e-04   7.360597e-03   2.801867e-06   106616
  1.772874e+00   8.930089e-04   7.362187e-03   2.769232e-06   109850
  1.798406e+00   8.943598e-04   7.360683e-03   2.779101e-06   112842
  1.823780e+00   9.055344e-04   7.293039e-03   2.781554e-06   114914
  1.849190e+00   9.171808e-04   7.358923e-03   2.757429e-06   119582
  1.874776e+00   9.142400e-04   7.367534e-03   2.694249e-06   122888
  1.900308e+00   9.260962e-04   7.385270e-03   2.690526e-06   126090
  1.925820e+00   9.413844e-04   7.366580e-03   2.713268e-06   129482
  1.951341e+00   9.438475e-04   7.334265e-03   2.694540e-06   132818
  1.976809e+00   9.506057e-04   7.322888e-03   2.683719e-06   135810
  2.002209e+00   9.603912e-04   7.346060e-03   2.681381e-06   139304
  2.027792e+00   9.682142e-04   7.442133e-03   2.639376e-06   145022
  2.053380e+00   9.690639e-04   7.308775e-03   2.647502e-06   146370
  2.078794e+00   9.770709e-04   7.334480e-03   2.611841e-06   150338
  2.104269e+00   9.942083e-04   7.371946e-03   2.623436e-06   154544
  2.129794e+00   9.964152e-04   7.373878e-03   2.603705e-06   158546
  2.155453e+00   1.007646e-03   7.427055e-03   2.583346e-06   163602
  2.180972e+00   1.009780e-03   7.309285e-03   2.560090e-06   164642
  2.206370e+00   1.015573e-03   7.351997e-03   2.568696e-06   169790
  2.231837e+00   1.017388e-03   7.324438e-03   2.538771e-06   173136
  2.257387e+00   1.031237e-03   7.423329e-03   2.529997e-06   179090
  2.282912e+00   1.034423e-03   7.329232e-03   2.524173e-06   180890
  2.308457e+00   1.040451e-03   7.404053e-03   2.487365e-06   187434
  2.333949e+00   1.050108e-03   7.276406e-03   2.504633e-06   188000
  2.359383e+00   1.056442e-03   7.426870e-03   2.482313e-06   195338
  2.384874e+00   1.062333e-03   7.330167e-03   2.474325e-06   197246
  2.410353e+00   1.065811e-03   7.377053e-03   2.456295e-06   203394
  2.435901e+00   1.079476e-03   7.347720e-03   2.454147e-06   206834
  2.461361e+00   1.071837e-03   7.352103e-03   2.419489e-06   210728
  2.486883e+00   1.086219e-03   7.408456e-03   2.420303e-06   216930
  2.512465e+00   1.086481e-03   7.356142e-03   2.396855e-06   220226
  2.537932e+00   1.091104e-03   7.338615e-03   2.398244e-06   224018
  2.563367e+00   1.102017e-03   7.347478e-03   2.406627e-06   228644
  2.588906e+00   1.112147e-03   7.404034e-03   2.380536e-06   235098
  2.614571e+00   1.118559e-03   7.419460e-03   2.364281e-06   240098
  2.640032e+00   1.119329e-03   7.303768e-03   2.369461e-06   240794
  2.665399e+00   1.129680e-03   7.353580e-03   2.345635e-06   247626
  2.690948e+00   1.128331e-03   7.383215e-03   2.310009e-06   253472
  2.716502e+00   1.140011e-03   7.379669e-03   2.327577e-06   257594
  2.741989e+00   1.148124e-03   7.366069e-03   2.324643e-06   261954
  2.767506e+00   1.149525e-03   7.373825e-03   2.299794e-06   267830
  2.793068e+00   1.158844e-03   7.364123e-03   2.294375e-06   272474
  2.818538e+00   1.161126e-03   7.347491e-03   2.286163e-06   276008
  2.843958e+00   1.165175e-03   7.368971e-03   2.263099e-06   281754
  2.869505e+00   1.169283e-03   7.394802e-03   2.250346e-06   288578
  2.895121e+00   1.175001e-03   7.386730e-03   2.247815e-06   293450
  2.920590e+00   1.186797e-03   7.325223e-03   2.247656e-06   295680
  2.946058e+00   1.184043e-03   7.393210e-03   2.220137e-06   304022
  2.971618e+00   1.190895e-03   7.353750e-03   2.216663e-06   307994
  2.997119e+00   1.198068e-03   7.361330e-03   2.222661e-06   313338
  3.022499e+00   1.207199e-03   7.291353e-03   2.222314e-06   315722
  3.048006e+00   1.203974e-03   7.422779e-03   2.177558e-06   327056
  3.073649e+00   1.213255e-03   7.377998e-03   2.193399e-06   330098
  3.099149e+00   1.219959e-03   7.360021e-03   2.182085e-06   334650
  3.124623e+00   1.229673e-03   7.344466e-03   2.185546e-06   340238
  3.150029e+00   1.226217e-03   7.295384e-03   2.166398e-06   343616
  3.175592e+00   1.237880e-03   7.449711e-03   2.147337e-06   355986
  3.201196e+00   1.247165e-03   7.341603e-03   2.152926e-06   356162
  3.226615e+00   1.247711e-03   7.337068e-03   2.155655e-06   362354
  3.252120e+00   1.253536e-03   7.358113e-03   2.139437e-06   369474
  3.277642e+00   1.259584e-03   7.364375e-03   2.131434e-06   374696
  3.303139e+00   1.266743e-03   7.372139e-03   2.114910e-06   380774
  3.328682e+00   1.267584e-03   7.376858e-03   2.114347e-06   387530
  3.354217e+00   1.275872e-03   7.353481e-03   2.109442e-06   392346
  3.379688e+00   1.282116e-03   7.345952e-03   2.107871e-06   397490
  3.405140e+00   1.282613e-03   7.351647e-03   2.099221e-06   404024
  3.430725e+00   1.292518e-03   7.408667e-03   2.087411e-06   413538
  3.456243e+00   1.294225e-03   7.315991e-03   2.085768e-06   414266
  3.481684e+00   1.298510e-03   7.363540e-03   2.061851e-06   423350
  3.507212e+00   1.300209e-03   7.356884e-03   2.052509e-06   429224
  3.532706e+00   1.303982e-03   7.357692e-03   2.053137e-06   434898
  3.558224e+00   1.309830e-03   7.391743e-03   2.036928e-06   442754
  3.583745e+00   1.316017e-03   7.358544e-03   2.036023e-06   447842
  3.609237e+00   1.321885e-03   7.340691e-03   2.038462e-06   453906
  3.634764e+00   1.327573e-03   7.379481e-03   2.020265e-06   462008
  3.660246e+00   1.333425e-03   7.346019e-03   2.021449e-06   465746
  3.685744e+00   1.337080e-03   7.382125e-03   2.013621e-06   475518
  3.711289e+00   1.336948e-03   7.343917e-03   2.001848e-06   480074
  3.736776e+00   1.346743e-03   7.361129e-03   2.005722e-06   486704
  3.762257e+00   1.346210e-03   7.371796e-03   1.982225e-06   493682
  3.787731e+00   1.357480e-03   7.348094e-03   1.986705e-06   499458
  3.813253e+00   1.362609e-03   7.384327e-03   1.978635e-06   508874
  3.838784e+00   1.362580e-03   7.356201e-03   1.959634e-06   513530
  3.864291e+00   1.369919e-03   7.371075e-03   1.971135e-06   521652
  3.889813e+00   1.372999e-03   7.360567e-03   1.962138e-06   527762
  3.915341e+00   1.376940e-03   7.382957e-03   1.948326e-06   535898
  3.940780e+00   1.382487e-03   7.313419e-03   1.950585e-06   538074
  3.966243e+00   1.392746e-03   7.379204e-03   1.939097e-06   550562
  3.991852e+00   1.394323e-03   7.396797e-03   1.937552e-06   558392
  4.017351e+00   1.396844e-03   7.345294e-03   1.929644e-06   560522
  4.042795e+00   1.405532e-03   7.371024e-03   1.923606e-06   570366
  4.068286e+00   1.403616e-03   7.342311e-03   1.917338e-06   576290
  4.093801e+00   1.409086e-03   7.381356e-03   1.904755e-06   586016
  4.119292e+00   1.413420e-03   7.350810e-03   1.898879e-06   590178
  4.144811e+00   1.420836e-03   7.396764e-03   1.895928e-06   602090
  4.170363e+00   1.423063e-03   7.345928e-03   1.889659e-06   605834
  4.195849e+00   1.428534e-03   7.364704e-03   1.884216e-06   614210
  4.221384e+00   1.436078e-03   7.384356e-03   1.880652e-06   623076
  4.246873e+00   1.437487e-03   7.343391e-03   1.874104e-06   627194
  4.272356e+00   1.438222e-03   7.375414e-03   1.865354e-06   637706
  4.297876e+00   1.444384e-03   7.362245e-03   1.862661e-06   644178
  4.323354e+00   1.448203e-03   7.348692e-03   1.862794e-06   651056
  4.348869e+00   1.453137e-03   7.374286e-03   1.855147e-06   661130
  4.374409e+00   1.459501e-03   7.373714e-03   1.843410e-06   668106
  4.399910e+00   1.459579e-03   7.359532e-03   1.836884e-06   674894
  4.425387e+00   1.468470e-03   7.342198e-03   1.837024e-06   682082
  4.450903e+00   1.472368e-03   7.375276e-03   1.828761e-06   692480
  4.476432e+00   1.473489e-03   7.375072e-03   1.822016e-06   699258
  4.501885e+00   1.477889e-03   7.336800e-03   1.821891e-06   704354
  4.527378e+00   1.484077e-03   7.372539e-03   1.815216e-06   716810
  4.552863e+00   1.490055e-03   7.328466e-03   1.819149e-06   720138
  4.578399e+00   1.490164e-03   7.414456e-03   1.796698e-06   736064
  4.603934e+00   1.491530e-03   7.335916e-03   1.792681e-06   736742
  4.629437e+00   1.501117e-03   7.381231e-03   1.795317e-06   750090
  4.654964e+00   1.500996e-03   7.349212e-03   1.789624e-06   754778
  4.680441e+00   1.503950e-03   7.358059e-03   1.788260e-06   763712
  4.705924e+00   1.514221e-03   7.355793e-03   1.782613e-06   771890
  4.731472e+00   1.517052e-03   7.394109e-03   1.772062e-06   784290
  4.756995e+00   1.517398e-03   7.346113e-03   1.771259e-06   787274
  4.782410e+00   1.520181e-03   7.329464e-03   1.759515e-06   794726
  4.807954e+00   1.530746e-03   7.402272e-03   1.755320e-06   811632
  4.833545e+00   1.533989e-03   7.368121e-03   1.760089e-06   815426
  4.859026e+00   1.535651e-03   7.349814e-03   1.753385e-06   822146
  4.884516e+00   1.539696e-03   7.358509e-03   1.744585e-06   832738
  4.910059e+00   1.540201e-03   7.375884e-03   1.733495e-06   842752
  4.935559e+00   1.550443e-03   7.355268e-03   1.739016e-06   848018
  4.961031e+00   1.554625e-03   7.365136e-03   1.735315e-06   858614
  4.986536e+00   1.558098e-03   7.354438e-03   1.727037e-06   867330
  5.012024e+00   1.560776e-03   7.346916e-03   1.728360e-06   875066
  5.037521e+00   1.566147e-03   7.371761e-03   1.722672e-06   886040
  5.063098e+00   1.567524e-03   7.401096e-03   1.709680e-06   899058
  5.088646e+00   1.572432e-03   7.339706e-03   1.706675e-06   901322
  5.114060e+00   1.574119e-03   7.325146e-03   1.702245e-06   907922
  5.139544e+00   1.578908e-03   7.388109e-03   1.694210e-06   924548
  5.165087e+00   1.583515e-03   7.360044e-03   1.696152e-06   930522
  5.190617e+00   1.585647e-03   7.378221e-03   1.690445e-06   941906
  5.216116e+00   1.589538e-03   7.347520e-03   1.688980e-06   946802
  5.241631e+00   1.596485e-03   7.385776e-03   1.686875e-06   961866
  5.267164e+00   1.603248e-03   7.346424e-03   1.686458e-06   966104
  5.292642e+00   1.602413e-03   7.367530e-03   1.677756e-06   977090
  5.318144e+00   1.610180e-03   7.368347e-03   1.675905e-06   987006
  5.343657e+00   1.610853e-03   7.358130e-03   1.664346e-06   996410
  5.369188e+00   1.611722e-03   7.367897e-03   1.660084e-06   1007018
  5.394677e+00   1.619667e-03   7.351679e-03   1.661288e-06   1012712
  5.420186e+00   1.619711e-03   7.395231e-03   1.643750e-06   1028394
  5.445709e+00   1.623829e-03   7.345496e-03   1.648687e-06   1032434
  5.471171e+00   1.629623e-03   7.349295e-03   1.648625e-06   1042658
  5.496689e+00   1.635029e-03   7.385049e-03   1.648769e-06   1056696
  5.522177e+00   1.637009e-03   7.337841e-03   1.644786e-06   1060142
  5.547700e+00   1.639696e-03   7.394181e-03   1.630416e-06   1078706
  5.573233e+00   1.648155e-03   7.345490e-03   1.638610e-06   1081002
  5.598698e+00   1.647517e-03   7.356737e-03   1.625954e-06   1092818
  5.624194e+00   1.651645e-03   7.359845e-03   1.621347e-06   1103072
  5.649718e+00   1.655499e-03   7.383227e-03   1.616666e-06   1115930
  5.675249e+00   1.658539e-03   7.366868e-03   1.615889e-06   1123602
  5.700727e+00   1.661137e-03   7.346065e-03   1.610847e-06   1131638
  5.726216e+00   1.667683e-03   7.358860e-03   1.613354e-06   1144112
  5.751763e+00   1.670366e-03   7.388963e-03   1.604085e-06   1157706
  5.777272e+00   1.670419e-03   7.350537e-03   1.600216e-06   1161674
  5.802757e+00   1.678896e-03   7.364804e-03   1.601184e-06   1175642
  5.828289e+00   1.681291e-03   7.364879e-03   1.591210e-06   1186250
  5.853783e+00   1.686765e-03   7.351825e-03   1.592680e-06   1192968
  5.879270e+00   1.690079e-03   7.377555e-03   1.589222e-06   1207214
  5.904809e+00   1.689802e-03   7.374073e-03   1.580396e-06   1218290
  5.930311e+00   1.694385e-03   7.347396e-03   1.583784e-06   1224522
  5.955783e+00   1.698728e-03   7.359483e-03   1.582109e-06   1236722
  5.981289e+00   1.705445e-03   7.367166e-03   1.576453e-06   1248896
  6.006817e+00   1.708714e-03   7.371668e-03   1.569108e-06   1260186
  6.032316e+00   1.711365e-03   7.353402e-03   1.569091e-06   1267634
  6.057797e+00   1.712812e-03   7.357581e-03   1.560605e-06   1279670
  6.083302e+00   1.721783e-03   7.362654e-03   1.564888e-06   1291400
  6.108840e+00   1.720811e-03   7.382392e-03   1.554086e-06   1304898
  6.134379e+00   1.727931e-03   7.372474e-03   1.556864e-06   1313426
  6.159855e+00   1.729006e-03   7.343986e-03   1.554463e-06   1320482
  6.185330e+00   1.729474e-03   7.353712e-03   1.545459e-06   1334370
  6.210891e+00   1.737089e-03   7.394115e-03   1.543840e-06   1351712
  6.236415e+00   1.740087e-03   7.346193e-03   1.545323e-06   1353278
  6.261886e+00   1.741004e-03   7.359241e-03   1.537124e-06   1368162
  6.287403e+00   1.747178e-03   7.358316e-03   1.532889e-06   1379666
  6.312867e+00   1.751981e-03   7.336863e-03   1.536384e-06   1385120
  6.338363e+00   1.752958e-03   7.390988e-03   1.525785e-06   1406378
  6.363941e+00   1.756372e-03   7.377138e-03   1.522482e-06   1415970
  6.389439e+00   1.760531e-03   7.340919e-03   1.524260e-06   1420394
  6.414933e+00   1.765160e-03   7.374625e-03   1.517156e-06   1438250
  6.440436e+00   1.766361e-03   7.345189e-03   1.517385e-06   1444116
  6.465918e+00   1.770461e-03   7.362911e-03   1.511047e-06   1458842
  6.491438e+00   1.779012e-03   7.371056e-03   1.513301e-06   1471610
  6.516921e+00   1.778139e-03   7.340542e-03   1.506769e-06   1477866
  6.542403e+00   1.782908e-03   7.359540e-03   1.508074e-06   1493810
  6.567923e+00   1.786417e-03   7.367977e-03   1.501503e-06   1506032
  6.593462e+00   1.786605e-03   7.384462e-03   1.496171e-06   1519802
  6.618983e+00   1.794799e-03   7.361122e-03   1.495959e-06   1527654
  6.644490e+00   1.795839e-03   7.360487e-03   1.492857e-06   1540874
  6.669967e+00   1.797318e-03   7.340671e-03   1.490190e-06   1547576
  6.695454e+00   1.803111e-03   7.378056e-03   1.487215e-06   1566738
  6.720978e+00   1.804676e-03   7.357950e-03   1.484954e-06   1575554
  6.746515e+00   1.811254e-03   7.375144e-03   1.480074e-06   1591874
  6.772051e+00   1.813064e-03   7.359599e-03   1.480256e-06   1599482
  6.797518e+00   1.815306e-03   7.347453e-03   1.475016e-06   1607916
  6.823032e+00   1.818646e-03   7.389035e-03   1.469120e-06   1629482
  6.848574e+00   1.822899e-03   7.359831e-03   1.467579e-06   1635530
  6.874038e+00   1.829259e-03   7.342653e-03   1.471381e-06   1644018
  6.899504e+00   1.826665e-03   7.357156e-03   1.460267e-06   1660064
  6.925011e+00   1.834177e-03   7.363592e-03   1.461227e-06   1673666
  6.950564e+00   1.836615e-03   7.390464e-03   1.455156e-06   1691178
  6.976082e+00   1.837550e-03   7.347487e-03   1.457390e-06   1694150
  7.001548e+00   1.843043e-03   7.350123e-03   1.454646e-06   1708466
  7.027045e+00   1.847834e-03   7.361935e-03   1.450581e-06   1722752
  7.052524e+00   1.850246e-03   7.354998e-03   1.451896e-06   1731882
  7.078022e+00   1.855520e-03   7.376293e-03   1.448146e-06   1750730
  7.103585e+00   1.855904e-03   7.376736e-03   1.440361e-06   1764962
  7.129099e+00   1.860714e-03   7.346959e-03   1.442679e-06   1769370
  7.154581e+00   1.864826e-03   7.369608e-03   1.438613e-06   1786676
  7.180090e+00   1.865264e-03   7.362830e-03   1.433064e-06   1798370
  7.205609e+00   1.874268e-03   7.369089e-03   1.436453e-06   1813482
  7.231123e+00   1.876183e-03   7.357571e-03   1.431522e-06   1822898
  7.256627e+00   1.874977e-03   7.370928e-03   1.424593e-06   1838432
  7.282155e+00   1.879197e-03   7.373386e-03   1.422381e-06   1852058
  7.307666e+00   1.882937e-03   7.361505e-03   1.424416e-06   1861794
  7.333149e+00   1.885743e-03   7.358806e-03   1.417641e-06   1874162
  7.358623e+00   1.888095e-03   7.351475e-03   1.417051e-06   1886534
  7.384164e+00   1.890901e-03   7.389981e-03   1.411884e-06   1909464
  7.409699e+00   1.896774e-03   7.358477e-03   1.414247e-06   1912946
  7.435162e+00   1.902649e-03   7.351519e-03   1.411483e-06   1925258
  7.460671e+00   1.904374e-03   7.371944e-03   1.406732e-06   1945418
  7.486184e+00   1.907537e-03   7.352028e-03   1.408732e-06   1952280
  7.511686e+00   1.911429e-03   7.379041e-03   1.403759e-06   1971218
  7.537194e+00   1.913882e-03   7.359560e-03   1.402268e-06   1980254
  7.562688e+00   1.915211e-03   7.358769e-03   1.398259e-06   1994922
  7.588210e+00   1.922508e-03   7.370704e-03   1.396020e-06   2011754
  7.613722e+00   1.922992e-03   7.354168e-03   1.393204e-06   2020208
  7.639221e+00   1.928003e-03   7.367104e-03   1.391357e-06   2037402
  7.664736e+00   1.932866e-03   7.359654e-03   1.388612e-06   2049602
  7.690250e+00   1.933281e-03   7.365832e-03   1.383601e-06   2064338
  7.715745e+00   1.934871e-03   7.353552e-03   1.384240e-06   2074316
  7.741258e+00   1.938623e-03   7.373699e-03   1.381247e-06   2094450
  7.766807e+00   1.945638e-03   7.374515e-03   1.378152e-06   2107706
  7.792299e+00   1.947596e-03   7.347257e-03   1.379740e-06   2113538
  7.817752e+00   1.950604e-03   7.344616e-03   1.374738e-06   2128170
  7.843265e+00   1.957074e-03   7.375784e-03   1.373279e-06   2150936
  7.868810e+00   1.955713e-03   7.372240e-03   1.370690e-06   2162258
  7.894314e+00   1.960458e-03   7.357042e-03   1.371079e-06   2172390
  7.919814e+00   1.967958e-03   7.359669e-03   1.370053e-06   2188754
  7.945318e+00   1.969152e-03   7.355894e-03   1.366545e-06   2201210
  7.970811e+00   1.973308e-03   7.361815e-03   1.365290e-06   2215424
  7.996321e+00   1.973786e-03   7.373640e-03   1.358578e-06   2233338
  8.021821e+00   1.980662e-03   7.348152e-03   1.362943e-06   2241386
  8.047325e+00   1.981321e-03   7.369047e-03   1.355324e-06   2262218
  8.072811e+00   1.982892e-03   7.340615e-03   1.355596e-06   2267196
  8.098334e+00   1.988372e-03   7.391919e-03   1.351565e-06   2297690
  8.123880e+00   1.995660e-03   7.353296e-03   1.351840e-06   2300042
  8.149358e+00   1.998868e-03   7.355116e-03   1.353296e-06   2314410
  8.174853e+00   1.998415e-03   7.364016e-03   1.346396e-06   2332226
  8.200370e+00   2.003582e-03   7.363783e-03   1.345951e-06   2346968
  8.225880e+00   2.003565e-03   7.363679e-03   1.341606e-06   2360762
  8.251385e+00   2.010935e-03   7.363335e-03   1.343413e-06   2375298
  8.276899e+00   2.013005e-03   7.364839e-03   1.338409e-06   2391758
  8.302392e+00   2.015408e-03   7.345323e-03   1.338155e-06   2400032
  8.327865e+00   2.018017e-03   7.360986e-03   1.335202e-06   2418330
  8.353397e+00   2.023792e-03   7.385056e-03   1.332141e-06   2441042
  8.378926e+00   2.027254e-03   7.355046e-03   1.332471e-06   2447330
  8.404430e+00   2.028195e-03   7.363966e-03   1.328464e-06   2465546
  8.429938e+00   2.032381e-03   7.362381e-03   1.328815e-06   2478000
  8.455444e+00   2.036121e-03   7.372873e-03   1.326418e-06   2496422
  8.480958e+00   2.037728e-03   7.359921e-03   1.322963e-06   2508626
  8.506457e+00   2.042179e-03   7.359874e-03   1.322165e-06   2523594
  8.531943e+00   2.042517e-03   7.354810e-03   1.318861e-06   2536610
  8.557440e+00   2.048156e-03   7.367062e-03   1.317854e-06   2555912
  8.582965e+00   2.055561e-03   7.373258e-03   1.317317e-06   2573226
  8.608463e+00   2.052055e-03   7.350246e-03   1.313970e-06   2580434
  8.633977e+00   2.059324e-03   7.382539e-03   1.311988e-06   2607638
  8.659504e+00   2.061944e-03   7.354705e-03   1.312404e-06   2613008
  8.685007e+00   2.067304e-03   7.374775e-03   1.311010e-06   2634234
  8.710521e+00   2.070652e-03   7.365901e-03   1.311735e-06   2646434
  8.736014e+00   2.073337e-03   7.357753e-03   1.307313e-06   2660666
  8.761523e+00   2.075935e-03   7.366036e-03   1.305293e-06   2680338
  8.787049e+00   2.080725e-03   7.368477e-03   1.304962e-06   2695256
  8.812547e+00   2.083680e-03   7.360019e-03   1.302802e-06   2707022
  8.838022e+00   2.087123e-03   7.351255e-03   1.304487e-06   2721162
  8.863511e+00   2.087835e-03   7.360651e-03   1.296900e-06   2740514
  8.889023e+00   2.092681e-03   7.370397e-03   1.292951e-06   2758280
  8.914550e+00   2.093797e-03   7.375473e-03   1.293493e-06   2776034
  8.940075e+00   2.101636e-03   7.364824e-03   1.295712e-06   2788938
  8.965571e+00   2.101838e-03   7.355281e-03   1.293778e-06   2801642
  8.991062e+00   2.107062e-03   7.359515e-03   1.290762e-06   2819726
  9.016572e+00   2.107818e-03   7.364020e-03   1.285620e-06   2837352
  9.042084e+00   2.111484e-03   7.365325e-03   1.284015e-06   2853026
  9.067570e+00   2.114201e-03   7.351217e-03   1.283162e-06   2863538
  9.093065e+00   2.117781e-03   7.368240e-03   1.281846e-06   2887418
  9.118561e+00   2.126278e-03   7.345507e-03   1.286061e-06   2895354
  9.144102e+00   2.122850e-03   7.396156e-03   1.275370e-06   2930456
  9.169632e+00   2.131668e-03   7.347558e-03   1.282157e-06   2925938
  9.195115e+00   2.132684e-03   7.369936e-03   1.278696e-06   2952582
  9.220649e+00   2.135193e-03   7.366998e-03   1.274646e-06   2969474
  9.246148e+00   2.135846e-03   7.348604e-03   1.273796e-06   2977016
  9.271627e+00   2.140369e-03   7.363963e-03   1.269807e-06   2999034
  9.297144e+00   2.144280e-03   7.367021e-03   1.269456e-06   3018434
  9.322671e+00   2.147582e-03   7.363225e-03   1.270272e-06   3033914
  9.348164e+00   2.152384e-03   7.350790e-03   1.268839e-06   3043922
  9.373674e+00   2.155196e-03   7.378658e-03   1.264869e-06   3071604
  9.399208e+00   2.158752e-03   7.364437e-03   1.264757e-06   3082658
  9.424683e+00   2.161453e-03   7.343930e-03   1.264095e-06   3091082
  9.450174e+00   2.162762e-03   7.370312e-03   1.258257e-06   3119970
  9.475668e+00   2.169331e-03   7.342076e-03   1.264438e-06   3124880
  9.501187e+00   2.170554e-03   7.387781e-03   1.255353e-06   3160466
  9.526720e+00   2.175840e-03   7.353834e-03   1.259545e-06   3161970
  9.552200e+00   2.174862e-03   7.358644e-03   1.253603e-06   3181886
  9.577710e+00   2.184084e-03   7.363037e-03   1.254544e-06   3202250
  9.603235e+00   2.182969e-03   7.367464e-03   1.251836e-06   3219800
  9.628740e+00   2.189827e-03   7.361386e-03   1.250591e-06   3232482
  9.654236e+00   2.193912e-03   7.363665e-03   1.251597e-06   3251810
  9.679757e+00   2.194212e-03   7.367017e-03   1.247375e-06   3272330
  9.705247e+00   2.203645e-03   7.343493e-03   1.250657e-06   3277920
  9.730748e+00   2.200632e-03   7.381314e-03   1.244328e-06   3311078
  9.756278e+00   2.210463e-03   7.359562e-03   1.246543e-06   3319466
  9.781786e+00   2.209430e-03   7.365569e-03   1.243563e-06   3340162
  9.807269e+00   2.212002e-03   7.343717e-03   1.243029e-06   3347074
  9.832748e+00   2.217156e-03   7.367839e-03   1.241476e-06   3374672
  9.858288e+00   2.219791e-03   7.381311e-03   1.237053e-06   3398114
  9.883813e+00   2.224365e-03   7.360458e-03   1.238643e-06   3405930
  9.909307e+00   2.224583e-03   7.362166e-03   1.236032e-06   3424982
  9.934811e+00   2.229939e-03   7.361617e-03   1.235486e-06   3443618
  9.960343e+00   2.232508e-03   7.376339e-03   1.233013e-06   3467568
  9.985863e+00   2.238614e-03   7.361737e-03   1.233942e-06   3476762
  1.001135e+01   2.240371e-03   7.355785e-03   1.230899e-06   3492818
  1.003685e+01   2.246937e-03   7.365884e-03   1.231003e-06   3517154
  1.006235e+01   2.243696e-03   7.353534e-03   1.227490e-06   3527568
  1.008784e+01   2.251216e-03   7.373687e-03   1.228818e-06   3553130
  1.011337e+01   2.256894e-03   7.371166e-03   1.227725e-06   3571094
  1.013889e+01   2.258469e-03   7.364397e-03   1.224489e-06   3587850
  1.016439e+01   2.261196e-03   7.355054e-03   1.224143e-06   3601106
  1.018988e+01   2.265744e-03   7.360039e-03   1.226011e-06   3620672
  1.021537e+01   2.270213e-03   7.361210e-03   1.221979e-06   3639354
  1.024088e+01   2.271746e-03   7.368257e-03   1.219852e-06   3661394
  1.026641e+01   2.277714e-03   7.368852e-03   1.220747e-06   3679610
  1.029192e+01   2.278365e-03   7.362580e-03   1.218488e-06   3695180
  1.031742e+01   2.281873e-03   7.359296e-03   1.216023e-06   3711954
  1.034292e+01   2.287728e-03   7.367860e-03   1.215746e-06   3733202
  1.036843e+01   2.292370e-03   7.365749e-03   1.214886e-06   3751322
  1.039394e+01   2.296946e-03   7.361539e-03   1.214359e-06   3769554
  1.041945e+01   2.295415e-03   7.359581e-03   1.211937e-06   3786200
  1.044496e+01   2.300641e-03   7.371530e-03   1.211385e-06   3808850
  1.047045e+01   2.303428e-03   7.353767e-03   1.210647e-06   3819702
  1.049595e+01   2.309639e-03   7.364517e-03   1.210296e-06   3845738
  1.052147e+01   2.313064e-03   7.364071e-03   1.209786e-06   3863258
  1.054698e+01   2.315158e-03   7.365668e-03   1.207256e-06   3881216
  1.057247e+01   2.321151e-03   7.357553e-03   1.207924e-06   3895314
  1.059797e+01   2.321642e-03   7.370497e-03   1.204633e-06   3922562
  1.062349e+01   2.325360e-03   7.355939e-03   1.204345e-06   3934418
  1.064898e+01   2.325962e-03   7.361556e-03   1.200174e-06   3956076
  1.067449e+01   2.334676e-03   7.362690e-03   1.201706e-06   3975842
  1.070001e+01   2.335460e-03   7.369647e-03   1.198743e-06   3998378
  1.072552e+01   2.339973e-03   7.360187e-03   1.200858e-06   4011746
  1.075102e+01   2.347366e-03   7.358748e-03   1.200654e-06   4030794
  1.077653e+01   2.349790e-03   7.368798e-03   1.199600e-06   4055528
  1.080205e+01   2.352757e-03   7.363030e-03   1.196590e-06   4069946
  1.082756e+01   2.355794e-03   7.367951e-03   1.197049e-06   4092678
  1.085306e+01   2.357741e-03   7.355822e-03   1.195511e-06   4107098
  1.087857e+01   2.362005e-03   7.362404e-03   1.193253e-06   4129736
  1.090407e+01   2.363320e-03   7.359481e-03   1.192518e-06   4145754
  1.092957e+01   2.368885e-03   7.369499e-03   1.192781e-06   4170842
  1.095508e+01   2.374078e-03   7.357224e-03   1.191271e-06   4184906
  1.098058e+01   2.379698e-03   7.358443e-03   1.191263e-06   4205450
  1.100608e+01   2.379467e-03   7.360823e-03   1.189648e-06   4224720
  1.103161e+01   2.382974e-03   7.380198e-03   1.186255e-06   4254854
  1.105711e+01   2.387026e-03   7.344334e-03   1.187607e-06   4254938
  1.108260e+01   2.390921e-03   7.371571e-03   1.186182e-06   4290330
  1.110811e+01   2.394479e-03   7.358208e-03   1.184244e-06   4302314
  1.113362e+01   2.398575e-03   7.364088e-03   1.183761e-06   4326032
  1.115915e+01   2.400809e-03   7.377284e-03   1.179140e-06   4353090
  1.118466e+01   2.405825e-03   7.349556e-03   1.182645e-06   4356146
  1.121013e+01   2.410590e-03   7.352742e-03   1.183975e-06   4378574
  1.123564e+01   2.413716e-03   7.377840e-03   1.179403e-06   4413248
  1.126118e+01   2.418062e-03   7.366166e-03   1.181987e-06   4424802
  1.128668e+01   2.418200e-03   7.364098e-03   1.177427e-06   4444034
  1.131219e+01   2.423915e-03   7.363642e-03   1.178574e-06   4465586
  1.133769e+01   2.427775e-03   7.353009e-03   1.178769e-06   4479666
  1.136318e+01   2.430633e-03   7.365560e-03   1.175327e-06   4505720
  1.138870e+01   2.437796e-03   7.370625e-03   1.178631e-06   4529126
  1.141421e+01   2.437608e-03   7.359704e-03   1.174000e-06   4544154
  1.143971e+01   2.445355e-03   7.357713e-03   1.173930e-06   4562906
  1.146519e+01   2.446141e-03   7.356098e-03   1.173037e-06   4580720
  1.149070e+01   2.452704e-03   7.377889e-03   1.172516e-06   4614554
  1.151625e+01   2.454662e-03   7.370249e-03   1.172401e-06   4631226
  1.154175e+01   2.459920e-03   7.354640e-03   1.172209e-06   4642154
  1.156724e+01   2.461829e-03   7.360155e-03   1.171282e-06   4667270
  1.159275e+01   2.466780e-03   7.366053e-03   1.169649e-06   4690992
  1.161824e+01   2.471036e-03   7.353419e-03   1.170145e-06   4702298
  1.164376e+01   2.475124e-03   7.379504e-03   1.167511e-06   4740218
  1.166926e+01   2.475313e-03   7.346684e-03   1.167041e-06   4740866
  1.169475e+01   2.485886e-03   7.367183e-03   1.168595e-06   4775322
  1.172027e+01   2.484800e-03   7.367339e-03   1.162983e-06   4794272
  1.174578e+01   2.492484e-03   7.365354e-03   1.166370e-06   4812758
  1.177128e+01   2.495148e-03   7.362022e-03   1.164708e-06   4833354
  1.179679e+01   2.497588e-03   7.361861e-03   1.163767e-06   4855682
  1.182230e+01   2.501734e-03   7.365173e-03   1.162808e-06   4877120
  1.184781e+01   2.506807e-03   7.365583e-03   1.163686e-06   4897602
  1.187332e+01   2.507900e-03   7.364961e-03   1.161591e-06   4920170
  1.189882e+01   2.514982e-03   7.357188e-03   1.162968e-06   4935938
  1.192432e+01   2.519144e-03   7.366829e-03   1.161453e-06   4962578
  1.194984e+01   2.520033e-03   7.367150e-03   1.159693e-06   4983252
  1.197533e+01   2.525394e-03   7.358547e-03   1.161170e-06   4998410
  1.200083e+01   2.527779e-03   7.363119e-03   1.157094e-06   5023826
  1.202634e+01   2.534117e-03   7.368453e-03   1.158096e-06   5050674
  1.205184e+01   2.539488e-03   7.349977e-03   1.159961e-06   5059520
  1.207735e+01   2.543329e-03   7.376343e-03   1.157552e-06   5097362
  1.210287e+01   2.546524e-03   7.359761e-03   1.157190e-06   5106546
  1.212837e+01   2.548994e-03   7.369257e-03   1.155282e-06   5136398
  1.215387e+01   2.556695e-03   7.350552e-03   1.157373e-06   5146346
  1.217939e+01   2.556903e-03   7.380991e-03   1.153401e-06   5187608
  1.220490e+01   2.563236e-03   7.351254e-03   1.155792e-06   5187162
  1.223039e+01   2.566807e-03   7.364954e-03   1.153268e-06   5220698
  1.225591e+01   2.568244e-03   7.362195e-03   1.151595e-06   5242010
  1.228140e+01   2.576525e-03   7.352108e-03   1.154632e-06   5255064
  1.230690e+01   2.579263e-03   7.370377e-03   1.151022e-06   5289398
  1.233242e+01   2.586535e-03   7.364557e-03   1.152335e-06   5307410
  1.235792e+01   2.586329e-03   7.356514e-03   1.151929e-06   5323754
  1.238344e+01   2.591660e-03   7.372115e-03   1.150290e-06   5357538
  1.240897e+01   2.595385e-03   7.367164e-03   1.149787e-06   5375144
  1.243447e+01   2.603034e-03   7.359861e-03   1.151866e-06   5391050
  1.245997e+01   2.604382e-03   7.365813e-03   1.150431e-06   5417274
  1.248547e+01   2.607683e-03   7.358548e-03   1.149450e-06   5436014
  1.251096e+01   2.613960e-03   7.352162e-03   1.149340e-06   5454842
  1.253647e+01   2.618808e-03   7.369982e-03   1.147068e-06   5489040
  1.256199e+01   2.623271e-03   7.364184e-03   1.148014e-06   5505674
  1.258748e+01   2.627407e-03   7.358601e-03   1.147508e-06   5524586
  1.261298e+01   2.633668e-03   7.359769e-03   1.149011e-06   5549594
  1.263849e+01   2.634997e-03   7.366034e-03   1.146809e-06   5575056
  1.266400e+01   2.642025e-03   7.364145e-03   1.147511e-06   5594414
  1.268953e+01   2.642878e-03   7.375176e-03   1.145017e-06   5626658
  1.271505e+01   2.646831e-03   7.360146e-03   1.145887e-06   5639490
  1.274055e+01   2.651923e-03   7.357793e-03   1.146612e-06   5660474
  1.276605e+01   2.659661e-03   7.360634e-03   1.146575e-06   5684504
  1.279154e+01   2.660915e-03   7.354965e-03   1.144845e-06   5702562
  1.281705e+01   2.666512e-03   7.376626e-03   1.142235e-06   5742026
  1.284255e+01   2.670831e-03   7.345672e-03   1.146670e-06   5740826
  1.286803e+01   2.679261e-03   7.360457e-03   1.145287e-06   5775308
  1.289354e+01   2.681530e-03   7.372581e-03   1.142890e-06   5807154
  1.291908e+01   2.682121e-03   7.371265e-03   1.141635e-06   5827970
  1.294459e+01   2.688711e-03   7.360656e-03   1.142341e-06   5844290
  1.297010e+01   2.693558e-03   7.362134e-03   1.142390e-06   5870442
  1.299560e+01   2.700318e-03   7.356552e-03   1.143951e-06   5887208
  1.302110e+01   2.703384e-03   7.370271e-03   1.141466e-06   5919842
  1.304660e+01   2.706369e-03   7.354747e-03   1.142826e-06   5932014
  1.307209e+01   2.712345e-03   7.357369e-03   1.142381e-06   5958818
  1.309759e+01   2.715578e-03   7.365999e-03   1.139901e-06   5987642
  1.312311e+01   2.723202e-03   7.366757e-03   1.142520e-06   6009728
  1.314863e+01   2.728919e-03   7.370476e-03   1.141781e-06   6035874
  1.317415e+01   2.731266e-03   7.369198e-03   1.140476e-06   6059690
  1.319966e+01   2.734361e-03   7.356915e-03   1.140668e-06   6073922
  1.322514e+01   2.738423e-03   7.356187e-03   1.140379e-06   6096372
  1.325063e+01   2.744736e-03   7.360768e-03   1.139499e-06   6123098
  1.327615e+01   2.750112e-03   7.374395e-03   1.138707e-06   6157658
  1.330167e+01   2.752994e-03   7.361831e-03   1.138558e-06   6171266
  1.332717e+01   2.759731e-03   7.362589e-03   1.139084e-06   6196482
  1.335268e+01   2.763683e-03   7.365698e-03   1.139093e-06   6222032
  1.337820e+01   2.767808e-03   7.369124e-03   1.139037e-06   6246818
  1.340371e+01   2.773269e-03   7.363974e-03   1.138580e-06   6268254
  1.342922e+01   2.772882e-03   7.364153e-03   1.136256e-06   6294554
  1.345472e+01   2.781026e-03   7.355777e-03   1.138220e-06   6309464
  1.348021e+01   2.788398e-03   7.365106e-03   1.138872e-06   6339666
  1.350573e+01   2.794249e-03   7.369440e-03   1.138138e-06   6368186
  1.353123e+01   2.794063e-03   7.353942e-03   1.137146e-06   6380882
  1.355672e+01   2.805193e-03   7.363610e-03   1.140102e-06   6413450
  1.358223e+01   2.805007e-03   7.361843e-03   1.137669e-06   6434724
  1.360774e+01   2.808046e-03   7.365450e-03   1.137136e-06   6461474
  1.363324e+01   2.813871e-03   7.364122e-03   1.137190e-06   6485474
  1.365875e+01   2.820171e-03   7.362534e-03   1.137158e-06   6508890
  1.368425e+01   2.820400e-03   7.356621e-03   1.134969e-06   6528602
  1.370977e+01   2.829361e-03   7.373802e-03   1.135755e-06   6568424
  1.373529e+01   2.833312e-03   7.360519e-03   1.136216e-06   6579162
  1.376079e+01   2.834600e-03   7.359495e-03   1.134496e-06   6603218
  1.378631e+01   2.842659e-03   7.372150e-03   1.135727e-06   6641054
  1.381181e+01   2.848272e-03   7.346730e-03   1.137513e-06   6641912
  1.383730e+01   2.850037e-03   7.374212e-03   1.133820e-06   6688722
  1.386282e+01   2.852895e-03   7.359472e-03   1.133907e-06   6700898
  1.388831e+01   2.862022e-03   7.359551e-03   1.136082e-06   6727946
  1.391382e+01   2.866301e-03   7.362069e-03   1.134796e-06   6755274
  1.393934e+01   2.872882e-03   7.367642e-03   1.135901e-06   6784424
  1.396485e+01   2.871791e-03   7.361152e-03   1.134191e-06   6801806
  1.399035e+01   2.879465e-03   7.358943e-03   1.133976e-06   6825698
  1.401587e+01   2.883015e-03   7.372377e-03   1.132909e-06   6863514
  1.404138e+01   2.889211e-03   7.355192e-03   1.135215e-06   6871520
  1.406687e+01   2.892208e-03   7.359434e-03   1.134266e-06   6900482
  1.409238e+01   2.896741e-03   7.371023e-03   1.132780e-06   6936570
  1.411789e+01   2.903000e-03   7.357534e-03   1.134333e-06   6949610
  1.414338e+01   2.905593e-03   7.351558e-03   1.133804e-06   6970166
  1.416887e+01   2.907580e-03   7.363810e-03   1.131210e-06   7006560
  1.419440e+01   2.911414e-03   7.371064e-03   1.129492e-06   7036850
  1.421990e+01   2.916716e-03   7.355844e-03   1.131569e-06   7047602
  1.424540e+01   2.919324e-03   7.365844e-03   1.128874e-06   7084130
  1.427091e+01   2.926958e-03   7.358968e-03   1.131611e-06   7103250
  1.429642e+01   2.927954e-03   7.365504e-03   1.128269e-06   7132808
  1.432193e+01   2.932669e-03   7.367556e-03   1.129349e-06   7159430
  1.434744e+01   2.933831e-03   7.357573e-03   1.128419e-06   7176954
  1.437295e+01   2.938619e-03   7.367516e-03   1.126661e-06   7212698
  1.439846e+01   2.940321e-03   7.361724e-03   1.126683e-06   7231208
  1.442396e+01   2.946202e-03   7.362341e-03   1.126617e-06   7256874
  1.444946e+01   2.945355e-03   7.363130e-03   1.124211e-06   7284314
  1.447498e+01   2.948828e-03   7.368689e-03   1.123158e-06   7315058
  1.450050e+01   2.952582e-03   7.366464e-03   1.123196e-06   7338758
  1.452600e+01   2.949562e-03   7.359164e-03   1.120021e-06   7357008
  1.455150e+01   2.954167e-03   7.367042e-03   1.119569e-06   7389506
  1.457701e+01   2.954572e-03   7.362832e-03   1.118026e-06   7412042
  1.460251e+01   2.953942e-03   7.356940e-03   1.116432e-06   7433994
  1.462800e+01   2.956954e-03   7.359469e-03   1.115286e-06   7462256
  1.465350e+01   2.953328e-03   7.365169e-03   1.112042e-06   7492106
  1.467902e+01   2.951754e-03   7.370617e-03   1.108030e-06   7523602
  1.470454e+01   2.943697e-03   7.367107e-03   1.103400e-06   7547422
  1.473006e+01   2.941949e-03   7.364744e-03   1.100817e-06   7572218
  1.475558e+01   2.934769e-03   7.371346e-03   1.096801e-06   7603424
  1.478109e+01   2.927403e-03   7.359050e-03   1.092072e-06   7616802
  1.480659e+01   2.915755e-03   7.362658e-03   1.085477e-06   7649330
  1.483208e+01   2.903027e-03   7.352521e-03   1.079267e-06   7664930
  1.485757e+01   2.889414e-03   7.365392e-03   1.071232e-06   7703616
  1.488308e+01   2.868341e-03   7.365807e-03   1.060863e-06   7730054
  1.490860e+01   2.836826e-03   7.365842e-03   1.047233e-06   7757186
  1.493411e+01   2.800526e-03   7.365056e-03   1.030796e-06   7783034
  1.495960e+01   2.753367e-03   7.353264e-03   1.011466e-06   7797762
  1.498510e+01   2.689967e-03   7.367356e-03   9.853776e-07   7838864
  1.501060e+01   2.593358e-03   7.358532e-03   9.467942e-07   7854218
  1.503612e+01   2.479904e-03   7.376203e-03   9.006797e-07   7900890
  1.506163e+01   1.537407e-03   7.354089e-03   6.606368e-07   7906142
  1.508712e+01   8.965347e-04   7.357433e-03   3.366069e-07   7923347
  1.511263e+01   7.795860e-04   7.370254e-03   2.928792e-07   7924812
  1.513814e+01   6.896192e-04   7.360918e-03   2.609903e-07   7899788
  1.516364e+01   6.204055e-04   7.359931e-03   2.363763e-07   7886192
  1.518914e+01   5.648352e-04   7.362526e-03   2.169831e-07   7875224
  1.521466e+01   5.204125e-04   7.367555e-03   2.017739e-07   7864992
  1.524017e+01   4.840879e-04   7.363815e-03   1.892650e-07   7848128
  1.526569e+01   4.526431e-04   7.365639e-03   1.785789e-07   7838144
  1.529119e+01   4.271047e-04   7.356494e-03   1.699539e-07   7813752
  1.531668e+01   4.045961e-04   7.357571e-03   1.623749e-07   7800092
  1.534219e+01   3.848683e-04   7.368755e-03   1.557091e-07   7797992
  1.536769e+01   3.673017e-04   7.350868e-03   1.498808e-07   7764648
  1.539319e+01   3.522445e-04   7.370782e-03   1.447702e-07   7769852
  1.541871e+01   3.386549e-04   7.360152e-03   1.403902e-07   7744688
  1.544422e+01   3.264387e-04   7.365679e-03   1.363076e-07   7736588
  1.546972e+01   3.152213e-04   7.358180e-03   1.324405e-07   7713312
  1.549524e+01   3.047638e-04   7.373389e-03   1.287772e-07   7713944
  1.552075e+01   2.953429e-04   7.350912e-03   1.257493e-07   7676276
  1.554624e+01   2.866059e-04   7.363264e-03   1.228009e-07   7675248
  1.557174e+01   2.782405e-04   7.357247e-03   1.197570e-07   7652180
  1.559724e+01   2.704921e-04   7.365471e-03   1.170584e-07   7645184
  1.562275e+01   2.634904e-04   7.360925e-03   1.146976e-07   7626080
  1.564826e+01   2.567776e-04   7.366056e-03   1.123732e-07   7615392
  1.567378e+01   2.506387e-04   7.370367e-03   1.101921e-07   7603052
  1.569929e+01   2.446384e-04   7.356256e-03   1.080319e-07   7573520
  1.572479e+01   2.390147e-04   7.365219e-03   1.059548e-07   7567620
  1.575029e+01   2.337774e-04   7.358287e-03   1.039911e-07   7543724
  1.577579e+01   2.291629e-04   7.366900e-03   1.023485e-07   7537580
  1.580130e+01   2.239851e-04   7.360085e-03   1.006101e-07   7515276
  1.582682e+01   2.194851e-04   7.368584e-03   9.870898e-08   7508024
  1.585232e+01   2.148582e-04   7.356465e-03   9.708349e-08   7478168
  1.587782e+01   2.108957e-04   7.366698e-03   9.536783e-08   7471568
  1.590333e+01   2.068061e-04   7.361988e-03   9.401117e-08   7451580
  1.592884e+01   2.030896e-04   7.364933e-03   9.262075e-08   7437332
  1.595435e+01   1.995108e-04   7.366683e-03   9.116580e-08   7422200
  1.597987e+01   1.959472e-04   7.368560e-03   8.984650e-08   7408464
  1.600537e+01   1.927402e-04   7.357152e-03   8.862228e-08   7381436
  1.603087e+01   1.893528e-04   7.361393e-03   8.727842e-08   7368068
  1.605637e+01   1.862623e-04   7.365998e-03   8.607139e-08   7355760
  1.608189e+01   1.831253e-04   7.368054e-03   8.470918e-08   7341512
  1.610740e+01   1.800449e-04   7.354934e-03   8.349226e-08   7310384
  1.613289e+01   1.774583e-04   7.369710e-03   8.238913e-08   7306904
  1.615839e+01   1.744903e-04   7.350512e-03   8.142000e-08   7271520
  1.618389e+01   1.718920e-04   7.374702e-03   8.014893e-08   7279508
  1.620941e+01   1.694940e-04   7.357344e-03   7.920303e-08   7244240
  1.623493e+01   1.666074e-04   7.376406e-03   7.788465e-08   7244700
  1.626044e+01   1.643005e-04   7.355374e-03   7.706122e-08   7207652
  1.628593e+01   1.617909e-04   7.361057e-03   7.603182e-08   7196144
  1.631143e+01   1.595361e-04   7.362174e-03   7.510151e-08   7177356
  1.633693e+01   1.573874e-04   7.362825e-03   7.412554e-08   7160180
  1.636245e+01   1.550961e-04   7.370725e-03   7.311994e-08   7151288
  1.638795e+01   1.532658e-04   7.353531e-03   7.234910e-08   7115144
  1.641345e+01   1.511951e-04   7.373850e-03   7.156601e-08   7116408
  1.643897e+01   1.492724e-04   7.362977e-03   7.065492e-08   7089080
  1.646448e+01   1.469689e-04   7.363158e-03   6.953724e-08   7071440
  1.649000e+01   1.452512e-04   7.368165e-03   6.886065e-08   7057152
  1.651550e+01   1.433156e-04   7.360184e-03   6.794808e-08   7031192
  1.654100e+01   1.413218e-04   7.358334e-03   6.727445e-08   7011524
  1.656649e+01   1.396907e-04   7.357440e-03   6.653768e-08   6991508
  1.659200e+01   1.379504e-04   7.371649e-03   6.568189e-08   6985368
  1.661751e+01   1.362648e-04   7.360719e-03   6.489508e-08   6956864
  1.664303e+01   1.343768e-04   7.372565e-03   6.400840e-08   6950408
  1.666852e+01   1.328724e-04   7.345081e-03   6.338313e-08   6904704
  1.669402e+01   1.315876e-04   7.377135e-03   6.272642e-08   6915128
  1.671955e+01   1.299308e-04   7.361587e-03   6.195260e-08   6882644
  1.674506e+01   1.283918e-04   7.362339e-03   6.136359e-08   6864864
  1.677056e+01   1.269563e-04   7.358325e-03   6.066010e-08   6840020
  1.679606e+01   1.256128e-04   7.361850e-03   6.012194e-08   6823808
  1.682158e+01   1.239592e-04   7.370568e-03   5.924305e-08   6813512
  1.684709e+01   1.226208e-04   7.357165e-03   5.868923e-08   6780336
  1.687258e+01   1.213523e-04   7.363664e-03   5.824839e-08   6766004
  1.689808e+01   1.200828e-04   7.357090e-03   5.766234e-08   6740540
  1.692358e+01   1.186649e-04   7.366252e-03   5.682167e-08   6730704
  1.694910e+01   1.174684e-04   7.361983e-03   5.640137e-08   6706004
  1.697460e+01   1.161658e-04   7.361235e-03   5.579101e-08   6683744
  1.700011e+01   1.149824e-04   7.363257e-03   5.522012e-08   6667236
  1.702562e+01   1.137078e-04   7.365144e-03   5.459260e-08   6648788
  1.705114e+01   1.126202e-04   7.367921e-03   5.410025e-08   6628136
  1.707663e+01   1.114674e-04   7.351941e-03   5.366666e-08   6593768
  1.710212e+01   1.103625e-04   7.365092e-03   5.305765e-08   6588000
  1.712763e+01   1.093215e-04   7.356684e-03   5.259740e-08   6558152
  1.715313e+01   1.083076e-04   7.367216e-03   5.203056e-08   6545360
  1.717866e+01   1.072320e-04   7.370316e-03   5.155494e-08   6529080
  1.720418e+01   1.062224e-04   7.365012e-03   5.120795e-08   6504260
  1.722968e+01   1.051938e-04   7.354679e-03   5.062727e-08   6472376
  1.725517e+01   1.042490e-04   7.364913e-03   5.025600e-08   6459464
  1.728069e+01   1.031096e-04   7.364806e-03   4.969476e-08   6439404
  1.730620e+01   1.021564e-04   7.367021e-03   4.918786e-08   6419420
  1.733171e+01   1.012974e-04   7.359477e-03   4.884116e-08   6390248
  1.735722e+01   1.004196e-04   7.370209e-03   4.852478e-08   6379044
  1.738274e+01   9.945031e-05   7.364805e-03   4.800250e-08   6354716
  1.740825e+01   9.859601e-05   7.362326e-03   4.765960e-08   6329300
  1.743374e+01   9.770203e-05   7.354434e-03   4.725163e-08   6299340
  1.745924e+01   9.696366e-05   7.369008e-03   4.688985e-08   6292424
  1.748476e+01   9.606323e-05   7.361822e-03   4.641820e-08   6264092
  1.751025e+01   9.526084e-05   7.361303e-03   4.607313e-08   6239072
  1.753575e+01   9.434773e-05   7.364182e-03   4.569917e-08   6219636
  1.756126e+01   9.363319e-05   7.365459e-03   4.529676e-08   6200672
  1.758676e+01   9.293981e-05   7.354792e-03   4.509051e-08   6168488
  1.761225e+01   9.215323e-05   7.366868e-03   4.469925e-08   6155100
  1.763778e+01   9.135867e-05   7.374735e-03   4.421781e-08   6140564
  1.766330e+01   9.067440e-05   7.356736e-03   4.404486e-08   6104576
  1.768879e+01   8.994704e-05   7.356830e-03   4.371974e-08   6080268
  1.771426e+01   8.940962e-05   7.355752e-03   4.346846e-08   6055400
  1.773977e+01   8.863423e-05   7.374071e-03   4.308731e-08   6049688
  1.776530e+01   8.808064e-05   7.362019e-03   4.284755e-08   6015848
  1.779080e+01   8.735903e-05   7.363376e-03   4.252932e-08   5991420
  1.781630e+01   8.669724e-05   7.369316e-03   4.235217e-08   5974820
  1.784182e+01   8.594062e-05   7.360963e-03   4.189906e-08   5947448
  1.786732e+01   8.542850e-05   7.362250e-03   4.171839e-08   5923188
  1.789283e+01   8.485664e-05   7.368233e-03   4.148688e-08   5903792
  1.791834e+01   8.416130e-05   7.360679e-03   4.116801e-08   5876888
  1.794384e+01   8.367744e-05   7.359115e-03   4.102859e-08   5851548
  1.796934e+01   8.300678e-05   7.369521e-03   4.065220e-08   5833976
  1.799485e+01   8.242940e-05   7.362511e-03   4.040102e-08   5804648
  1.802036e+01   8.198669e-05   7.366394e-03   4.020006e-08   5785436
  1.804587e+01   8.144926e-05   7.362829e-03   4.003777e-08   5757924
  1.807137e+01   8.086618e-05   7.364266e-03   3.979673e-08   5734076
  1.809688e+01   8.039312e-05   7.362633e-03   3.956647e-08   5710904
  1.812238e+01   7.983505e-05   7.357815e-03   3.940535e-08   5684592
  1.814789e+01   7.945578e-05   7.369347e-03   3.919735e-08   5667008
  1.817339e+01   7.896843e-05   7.352004e-03   3.904994e-08   5628872
  1.819890e+01   7.852950e-05   7.376112e-03   3.881319e-08   5625296
  1.822443e+01   7.808174e-05   7.359811e-03   3.873660e-08   5586396
  1.824992e+01   7.767342e-05   7.363976e-03   3.860612e-08   5562752
  1.827543e+01   7.706196e-05   7.368307e-03   3.833651e-08   5543288
  1.830095e+01   7.672576e-05   7.361075e-03   3.820555e-08   5514936
  1.832645e+01   7.630271e-05   7.360427e-03   3.809658e-08   5488412
  1.835195e+01   7.591613e-05   7.356876e-03   3.794139e-08   5459912
  1.837745e+01   7.550690e-05   7.369207e-03   3.773184e-08   5445384
  1.840297e+01   7.508969e-05   7.355744e-03   3.767101e-08   5410448
  1.842847e+01   7.467524e-05   7.366238e-03   3.753405e-08   5390852
  1.845397e+01   7.425994e-05   7.361704e-03   3.740085e-08   5361824
  1.847949e+01   7.395104e-05   7.370949e-03   3.727021e-08   5345160
  1.850501e+01   7.359391e-05   7.359278e-03   3.718796e-08   5309888
  1.853050e+01   7.313899e-05   7.364417e-03   3.704040e-08   5286260
  1.855600e+01   7.288031e-05   7.359553e-03   3.697982e-08   5259756
  1.858151e+01   7.247869e-05   7.359778e-03   3.685423e-08   5235572
  1.860702e+01   7.221845e-05   7.364327e-03   3.681414e-08   5210384
  1.863251e+01   7.186675e-05   7.358248e-03   3.671515e-08   5179164
  1.865803e+01   7.165099e-05   7.376584e-03   3.657888e-08   5167808
  1.868355e+01   7.118212e-05   7.352310e-03   3.649548e-08   5123300
  1.870904e+01   7.091396e-05   7.369172e-03   3.644127e-08   5107160
  1.873456e+01   7.062699e-05   7.368357e-03   3.636815e-08   5081688
  1.876007e+01   7.038549e-05   7.360408e-03   3.638953e-08   5051384
  1.878558e+01   7.012667e-05   7.361240e-03   3.628531e-08   5024528
  1.881107e+01   6.977821e-05   7.360943e-03   3.625628e-08   4996908
  1.883658e+01   6.956921e-05   7.364190e-03   3.616895e-08   4974536
  1.886210e+01   6.929551e-05   7.361858e-03   3.616851e-08   4946240
  1.888760e+01   6.907159e-05   7.362011e-03   3.615651e-08   4916312
  1.891310e+01   6.876421e-05   7.365781e-03   3.613737e-08   4891872
  1.893861e+01   6.862499e-05   7.359935e-03   3.614614e-08   4863080
  1.896411e+01   6.829191e-05   7.363820e-03   3.608347e-08   4837184
  1.898962e+01   6.805890e-05   7.365154e-03   3.607450e-08   4809516
  1.901513e+01   6.775397e-05   7.367668e-03   3.600833e-08   4786016
  1.904066e+01   6.765296e-05   7.362936e-03   3.611069e-08   4756532
  1.906615e+01   6.739664e-05   7.355541e-03   3.609196e-08   4722672
  1.909164e+01   6.713351e-05   7.357278e-03   3.607190e-08   4695668
  1.911714e+01   6.707465e-05   7.367373e-03   3.612322e-08   4675412
  1.914266e+01   6.680078e-05   7.360950e-03   3.611798e-08   4642904
  1.916815e+01   6.656065e-05   7.361738e-03   3.610199e-08   4613208
  1.919364e+01   6.643447e-05   7.360267e-03   3.615490e-08   4585184
  1.921915e+01   6.627746e-05   7.368214e-03   3.617913e-08   4564448
  1.924468e+01   6.605757e-05   7.369038e-03   3.625348e-08   4535604
  1.927019e+01   6.588045e-05   7.360161e-03   3.625777e-08   4500320
  1.929568e+01   6.575394e-05   7.359546e-03   3.628858e-08   4473992
  1.932120e+01   6.549013e-05   7.369740e-03   3.630408e-08   4452456
  1.934671e+01   6.534465e-05   7.357914e-03   3.645861e-08   4413848
  1.937220e+01   6.524815e-05   7.362825e-03   3.644720e-08   4388180
  1.939771e+01   6.519009e-05   7.365077e-03   3.655914e-08   4362464
  1.942321e+01   6.498869e-05   7.355796e-03   3.669687e-08   4326744
  1.944872e+01   6.476533e-05   7.380752e-03   3.658908e-08   4311212
  1.947426e+01   6.461506e-05   7.366840e-03   3.673062e-08   4276172
  1.949977e+01   6.459566e-05   7.354915e-03   3.681079e-08   4241916
  1.952526e+01   6.444784e-05   7.362787e-03   3.692217e-08   4215584
  1.955075e+01   6.423103e-05   7.353834e-03   3.700548e-08   4180232
  1.957624e+01   6.425290e-05   7.362652e-03   3.713462e-08   4157928
  1.960176e+01   6.396197e-05   7.368259e-03   3.710067e-08   4130960
  1.962728e+01   6.391357e-05   7.365942e-03   3.732116e-08   4097120
  1.965278e+01   6.376790e-05   7.365192e-03   3.746140e-08   4068488
  1.967829e+01   6.366565e-05   7.360466e-03   3.747995e-08   4038360
  1.970381e+01   6.360733e-05   7.371094e-03   3.769080e-08   4012616
  1.972932e+01   6.333462e-05   7.361291e-03   3.772854e-08   3976556
  1.975481e+01   6.339713e-05   7.357987e-03   3.802539e-08   3947544
  1.978032e+01   6.326487e-05   7.362998e-03   3.812048e-08   3920432
  1.980583e+01   6.319753e-05   7.359438e-03   3.816902e-08   3885884
  1.983132e+01   6.307239e-05   7.360820e-03   3.832182e-08   3856280
  1.985682e+01   6.293864e-05   7.365713e-03   3.847516e-08   3829752
  1.988235e+01   6.288583e-05   7.371114e-03   3.864242e-08   3801356
  1.990787e+01   6.286830e-05   7.363721e-03   3.880944e-08   3765392
  1.993335e+01   6.275557e-05   7.353719e-03   3.895753e-08   3731424
  1.995886e+01   6.263645e-05   7.367192e-03   3.906453e-08   3709580
  1.998438e+01   6.259484e-05   7.361933e-03   3.923843e-08   3674216
  2.000987e+01   6.244008e-05   7.356510e-03   3.946146e-08   3639564
  2.003537e+01   6.250632e-05   7.364401e-03   3.967253e-08   3614840
  2.006090e+01   6.232199e-05   7.367408e-03   3.976800e-08   3584480
  2.008639e+01   6.225218e-05   7.353185e-03   4.000106e-08   3543536
  2.011189e+01   6.214380e-05   7.374777e-03   4.015081e-08   3524472
  2.013741e+01   6.211106e-05   7.356469e-03   4.034924e-08   3486212
  2.016292e+01   6.197626e-05   7.368358e-03   4.059534e-08   3458324
  2.018842e+01   6.191305e-05   7.359377e-03   4.078670e-08   3421488
  2.021391e+01   6.185436e-05   7.359374e-03   4.104635e-08   3392336
  2.023944e+01   6.185607e-05   7.367410e-03   4.116250e-08   3365456
  2.026495e+01   6.171221e-05   7.356390e-03   4.149261e-08   3326160
  2.029043e+01   6.152691e-05   7.362952e-03   4.157873e-08   3296720
  2.031593e+01   6.165672e-05   7.356687e-03   4.183868e-08   3263744
  2.034146e+01   6.152603e-05   7.379127e-03   4.208197e-08   3240128
  2.036697e+01   6.129288e-05   7.354400e-03   4.229012e-08   3194856
  2.039245e+01   6.130321e-05   7.363268e-03   4.260095e-08   3169232
  2.041798e+01   6.128230e-05   7.370164e-03   4.283135e-08   3141728
  2.044350e+01   6.108799e-05   7.359626e-03   4.297365e-08   3101772
  2.046897e+01   6.093730e-05   7.354183e-03   4.326377e-08   3066728
  2.049449e+01   6.102063e-05   7.376458e-03   4.340042e-08   3046004
  2.052003e+01   6.088516e-05   7.358193e-03   4.370752e-08   3004592
  2.054552e+01   6.075538e-05   7.363615e-03   4.396778e-08   2971608
  2.057101e+01   6.063206e-05   7.361977e-03   4.410573e-08   2939036
  2.059652e+01   6.058851e-05   7.370191e-03   4.446983e-08   2910536
  2.062204e+01   6.029333e-05   7.362511e-03   4.455981e-08   2873400
  2.064753e+01   6.024323e-05   7.355932e-03   4.489504e-08   2837216
  2.067303e+01   6.026581e-05   7.367558e-03   4.523707e-08   2810636
  2.069855e+01   5.989544e-05   7.359230e-03   4.535716e-08   2774580
  2.072405e+01   5.982771e-05   7.361180e-03   4.568307e-08   2739152
  2.074953e+01   5.963710e-05   7.356054e-03   4.583931e-08   2704292
  2.077505e+01   5.971988e-05   7.372093e-03   4.624757e-08   2678756
  2.080060e+01   5.935268e-05   7.372667e-03   4.643378e-08   2642748
  2.082609e+01   5.919170e-05   7.355862e-03   4.659549e-08   2600696
  2.085158e+01   5.909036e-05   7.371415e-03   4.685055e-08   2575352
  2.087712e+01   5.881593e-05   7.365344e-03   4.711920e-08   2541108
  2.090261e+01   5.860752e-05   7.347421e-03   4.720710e-08   2498504
  2.092809e+01   5.823326e-05   7.364501e-03   4.717374e-08   2469308
  2.095359e+01   5.828253e-05   7.358218e-03   4.785438e-08   2435388
  2.097910e+01   5.804481e-05   7.361621e-03   4.801170e-08   2402516
  2.100463e+01   5.756263e-05   7.372541e-03   4.793505e-08   2368496
  2.103013e+01   5.715998e-05   7.365274e-03   4.796134e-08   2330924
  2.105562e+01   5.717532e-05   7.357516e-03   4.842024e-08   2296560
  2.108114e+01   5.669209e-05   7.370522e-03   4.819240e-08   2265656
  2.110666e+01   5.631555e-05   7.364605e-03   4.827038e-08   2226968
  2.113214e+01   5.608341e-05   7.356650e-03   4.853364e-08   2191452
  2.115765e+01   5.575785e-05   7.359422e-03   4.853604e-08   2159024
  2.118315e+01   5.516161e-05   7.354652e-03   4.837109e-08   2120888
  2.120863e+01   5.460809e-05   7.360281e-03   4.800323e-08   2086840
  2.123414e+01   5.423170e-05   7.367404e-03   4.802794e-08   2053864
  2.125965e+01   5.376492e-05   7.362214e-03   4.783649e-08   2016296
  2.128517e+01   5.323032e-05   7.376346e-03   4.758723e-08   1984592
  2.131070e+01   5.255415e-05   7.366785e-03   4.701337e-08   1946748
  2.133620e+01   5.216874e-05   7.358336e-03   4.699605e-08   1909961
  2.136172e+01   5.165427e-05   7.369335e-03   4.658581e-08   1881074
  2.138723e+01   5.119385e-05   7.353272e-03   4.653956e-08   1846236
  2.141271e+01   5.076670e-05   7.353027e-03   4.619311e-08   1816016
  2.143821e+01   5.040883e-05   7.364414e-03   4.607912e-08   1789688
  2.146373e+01   5.001151e-05   7.367059e-03   4.582927e-08   1761398
  2.148924e+01   4.959629e-05   7.364203e-03   4.576361e-08   1732776
  2.151476e+01   4.951332e-05   7.378034e-03   4.585306e-08   1709114
  2.154028e+01   4.912837e-05   7.361373e-03   4.586638e-08   1678730
  2.156578e+01   4.885726e-05   7.360283e-03   4.576563e-08   1653240
  2.159128e+01   4.857688e-05   7.362665e-03   4.574612e-08   1628972
  2.161678e+01   4.840615e-05   7.354145e-03   4.562262e-08   1602134
  2.164226e+01   4.809951e-05   7.351852e-03   4.570563e-08   1577790
  2.166777e+01   4.795822e-05   7.365106e-03   4.556671e-08   1556390
  2.169328e+01   4.748048e-05   7.363741e-03   4.549177e-08   1531178
  2.171878e+01   4.746801e-05   7.367215e-03   4.571080e-08   1508624
  2.174432e+01   4.719284e-05   7.379867e-03   4.561819e-08   1488408
  2.176984e+01   4.698064e-05   7.360535e-03   4.586291e-08   1461536
  2.179533e+01   4.674206e-05   7.359978e-03   4.554383e-08   1439936
  2.182084e+01   4.671552e-05   7.368240e-03   4.594817e-08   1420236
  2.184635e+01   4.630022e-05   7.354083e-03   4.591011e-08   1395920
  2.187182e+01   4.634247e-05   7.348894e-03   4.606437e-08   1374290
  2.189733e+01   4.613964e-05   7.368260e-03   4.609722e-08   1356858
  2.192284e+01   4.580547e-05   7.353545e-03   4.615026e-08   1332536
  2.194835e+01   4.572400e-05   7.379252e-03   4.620049e-08   1316414
  2.197387e+01   4.562486e-05   7.366748e-03   4.614686e-08   1293962
  2.199937e+01   4.546951e-05   7.362470e-03   4.630221e-08   1273482
  2.202489e+01   4.532521e-05   7.375678e-03   4.654381e-08   1256762
  2.205041e+01   4.514686e-05   7.355512e-03   4.665956e-08   1234202
  2.207589e+01   4.482114e-05   7.355961e-03   4.662298e-08   1215660
  2.210140e+01   4.475344e-05   7.362722e-03   4.674483e-08   1198550
  2.212689e+01   4.468456e-05   7.345464e-03   4.703075e-08   1176740
  2.215237e+01   4.448859e-05   7.361360e-03   4.692832e-08   1160594
  2.217791e+01   4.447220e-05   7.383144e-03   4.725508e-08   1145724
  2.220344e+01   4.426102e-05   7.364325e-03   4.740403e-08   1124066
  2.222892e+01   4.424741e-05   7.360199e-03   4.744023e-08   1106036
  2.225444e+01   4.419557e-05   7.379911e-03   4.777149e-08   1092552
  2.227997e+01   4.401828e-05   7.356292e-03   4.807724e-08   1071674
  2.230546e+01   4.399983e-05   7.356182e-03   4.805236e-08   1054892
  2.233097e+01   4.394527e-05   7.362191e-03   4.856486e-08   1039716
  2.235646e+01   4.379669e-05   7.344170e-03   4.880365e-08   1020260
  2.238194e+01   4.369950e-05   7.363080e-03   4.890803e-08   1006052
  2.240746e+01   4.368467e-05   7.368590e-03   4.921966e-08   990320
  2.243298e+01   4.359569e-05   7.374664e-03   4.909606e-08   974484
  2.245849e+01   4.345734e-05   7.369296e-03   4.945550e-08   958076
  2.248401e+01   4.341139e-05   7.373538e-03   4.993605e-08   943556
  2.250952e+01   4.340210e-05   7.354611e-03   5.026092e-08   926022
  2.253501e+01   4.338719e-05   7.359085e-03   5.056167e-08   911804
  2.256052e+01   4.323672e-05   7.355702e-03   5.086534e-08   896528
  2.258600e+01   4.315387e-05   7.344635e-03   5.106808e-08   880212
  2.261149e+01   4.322152e-05   7.364479e-03   5.134581e-08   867710
  2.263701e+01   4.317373e-05   7.370589e-03   5.184453e-08   853388
  2.266252e+01   4.316282e-05   7.367301e-03   5.192660e-08   838166
  2.268805e+01   4.304256e-05   7.381192e-03   5.226455e-08   825540
  2.271357e+01   4.297681e-05   7.365295e-03   5.265648e-08   810080
  2.273908e+01   4.310921e-05   7.362407e-03   5.334916e-08   796262
  2.276457e+01   4.295529e-05   7.352413e-03   5.355482e-08   781884
  2.279007e+01   4.314774e-05   7.360578e-03   5.384297e-08   769622
  2.281556e+01   4.307864e-05   7.339853e-03   5.413179e-08   754166
  2.284103e+01   4.307501e-05   7.355328e-03   5.466063e-08   742100
  2.286654e+01   4.315608e-05   7.374452e-03   5.523021e-08   730446
  2.289209e+01   4.308112e-05   7.385778e-03   5.572286e-08   718304
  2.291762e+01   4.316317e-05   7.365776e-03   5.622083e-08   703454
  2.294311e+01   4.314576e-05   7.366068e-03   5.648483e-08   691062
  2.296863e+01   4.327586e-05   7.373610e-03   5.703384e-08   679814
  2.299415e+01   4.313008e-05   7.354244e-03   5.737295e-08   666260
  2.301963e+01   4.312335e-05   7.345385e-03   5.793737e-08   653550
  2.304511e+01   4.318623e-05   7.349203e-03   5.823475e-08   641942
  2.307060e+01   4.314697e-05   7.353105e-03   5.892894e-08   630194
  2.309610e+01   4.320143e-05   7.369121e-03   5.979173e-08   619172
  2.312162e+01   4.309685e-05   7.375923e-03   6.019576e-08   607758
  2.314716e+01   4.329279e-05   7.384041e-03   6.059530e-08   597014
  2.317270e+01   4.338048e-05   7.376712e-03   6.129086e-08   585206
  2.319820e+01   4.331473e-05   7.354974e-03   6.238012e-08   572598
  2.322367e+01   4.342859e-05   7.349032e-03   6.269838e-08   561686
  2.324917e+01   4.342626e-05   7.353239e-03   6.357257e-08   551558
  2.327468e+01   4.347336e-05   7.357285e-03   6.406221e-08   541098
  2.330014e+01   4.353335e-05   7.325793e-03   6.474438e-08   527966
  2.332562e+01   4.378535e-05   7.376852e-03   6.581255e-08   520622
  2.335117e+01   4.370710e-05   7.386148e-03   6.625840e-08   510302
  2.337672e+01   4.381669e-05   7.382565e-03   6.691924e-08   499614
  2.340224e+01   4.386270e-05   7.375292e-03   6.785565e-08   489302
  2.342778e+01   4.403498e-05   7.375236e-03   6.905296e-08   479678
  2.345329e+01   4.411572e-05   7.352971e-03   6.938693e-08   468666
  2.347875e+01   4.419911e-05   7.329761e-03   7.035040e-08   457910
  2.350421e+01   4.407347e-05   7.344495e-03   7.103759e-08   449510
  2.352971e+01   4.439054e-05   7.353075e-03   7.237965e-08   440310
  2.355521e+01   4.455293e-05   7.364334e-03   7.363928e-08   430934
  2.358073e+01   4.460352e-05   7.379513e-03   7.429397e-08   422024
  2.360625e+01   4.466195e-05   7.381391e-03   7.485611e-08   412886
  2.363179e+01   4.514491e-05   7.386646e-03   7.603442e-08   404310
  2.365734e+01   4.497954e-05   7.381267e-03   7.704738e-08   395438
  2.368286e+01   4.496441e-05   7.347485e-03   7.783043e-08   385298
  2.370833e+01   4.538161e-05   7.341789e-03   7.943142e-08   376776
  2.373377e+01   4.533007e-05   7.320960e-03   8.092641e-08   367430
  2.375924e+01   4.536253e-05   7.349948e-03   8.179832e-08   360302
  2.378474e+01   4.551835e-05   7.357710e-03   8.276797e-08   351830
  2.381028e+01   4.551040e-05   7.399637e-03   8.369116e-08   345024
  2.383584e+01   4.593198e-05   7.384100e-03   8.551799e-08   335918
  2.386136e+01   4.596830e-05   7.381599e-03   8.618770e-08   327878
  2.388688e+01   4.620635e-05   7.378710e-03   8.785790e-08   320250
  2.391241e+01   4.642558e-05   7.361769e-03   8.887858e-08   312296
  2.393791e+01   4.646169e-05   7.334340e-03   9.016597e-08   303926
  2.396337e+01   4.658815e-05   7.333206e-03   9.230449e-08   296502
  2.398881e+01   4.710634e-05   7.315382e-03   9.477835e-08   288248
  2.401426e+01   4.713426e-05   7.359470e-03   9.548535e-08   282206
  2.403980e+01   4.697054e-05   7.394961e-03   9.671750e-08   275822
  2.406537e+01   4.737683e-05   7.399099e-03   9.850237e-08   268560
  2.409092e+01   4.765756e-05   7.390828e-03   1.001404e-07   261206
  2.411646e+01   4.747040e-05   7.386125e-03   1.022058e-07   254360
  2.414200e+01   4.778954e-05   7.370012e-03   1.031328e-07   247506
  2.416750e+01   4.820499e-05   7.331579e-03   1.064815e-07   240086
  2.419295e+01   4.843214e-05   7.312198e-03   1.076443e-07   233168
  2.421838e+01   4.867600e-05   7.318970e-03   1.097975e-07   226806
  2.424380e+01   4.846671e-05   7.330089e-03   1.115241e-07   220280
  2.426931e+01   4.902604e-05   7.407244e-03   1.126871e-07   215702
  2.429491e+01   4.939198e-05   7.413551e-03   1.152513e-07   209408
  2.432046e+01   4.939277e-05   7.383828e-03   1.177974e-07   202518
  2.434601e+01   4.993528e-05   7.402521e-03   1.206764e-07   197222
  2.437157e+01   4.985078e-05   7.373169e-03   1.221542e-07   190880
  2.439709e+01   5.009968e-05   7.342463e-03   1.245459e-07   184794
  2.442253e+01   5.031732e-05   7.292030e-03   1.279757e-07   178328
  2.444792e+01   5.073070e-05   7.290434e-03   1.312535e-07   172838
  2.447328e+01   5.113148e-05   7.291834e-03   1.330757e-07   167016
  2.449879e+01   5.153030e-05   7.431836e-03   1.366242e-07   163976
  2.452446e+01   5.170540e-05   7.449486e-03   1.392735e-07   158486
  2.455006e+01   5.171976e-05   7.404019e-03   1.430136e-07   152384
  2.457560e+01   5.192081e-05   7.394682e-03   1.457152e-07   147462
  2.460114e+01   5.264818e-05   7.357903e-03   1.483456e-07   142112
  2.462663e+01   5.277932e-05   7.336378e-03   1.521235e-07   137102
  2.465211e+01   5.284745e-05   7.316252e-03   1.589302e-07   132144
  2.467752e+01   5.328881e-05   7.283118e-03   1.604782e-07   127010
  2.470284e+01   5.342427e-05   7.253132e-03   1.643230e-07   121832
  2.472829e+01   5.363815e-05   7.397873e-03   1.664779e-07   119096
  2.475392e+01   5.348273e-05   7.444805e-03   1.704411e-07   114702
  2.477956e+01   5.450854e-05   7.462789e-03   1.761625e-07   110312
  2.480517e+01   5.430537e-05   7.434308e-03   1.806861e-07   105734
  2.483076e+01   5.521464e-05   7.397566e-03   1.847778e-07   101544
  2.485627e+01   5.490981e-05   7.301752e-03   1.905361e-07   96824
  2.488168e+01   5.558871e-05   7.246997e-03   1.969908e-07   92582
  2.490698e+01   5.568648e-05   7.204423e-03   2.012153e-07   88248
  2.493224e+01   5.583352e-05   7.257535e-03   2.052142e-07   84728
  2.495776e+01   5.684681e-05   7.453949e-03   2.137563e-07   82454
  2.498353e+01   5.613172e-05   7.531963e-03   2.144696e-07   79076
  2.500921e+01   5.635577e-05   7.439378e-03   2.270403e-07   74568
  2.503475e+01   5.737522e-05   7.405401e-03   2.292668e-07   71054
  2.506026e+01   5.801697e-05   7.359057e-03   2.396932e-07   67544
  2.508578e+01   5.812524e-05   7.350851e-03   2.442634e-07   64440
  2.511127e+01   5.908995e-05   7.285050e-03   2.602611e-07   60902
  2.513667e+01   5.924904e-05   7.239842e-03   2.628673e-07   57656
  2.516188e+01   5.923600e-05   7.131070e-03   2.768094e-07   53976
  2.518711e+01   5.993417e-05   7.280183e-03   2.815591e-07   51806
  2.521267e+01   6.026084e-05   7.484844e-03   2.906577e-07   49688
  2.523842e+01   6.122313e-05   7.555911e-03   3.005381e-07   46856
  2.526422e+01   6.094336e-05   7.597859e-03   3.138448e-07   44256
  2.529008e+01   6.095120e-05   7.559996e-03   3.210629e-07   41654
  2.531583e+01   6.172088e-05   7.348482e-03   3.349708e-07   38612
  2.534123e+01   6.247229e-05   7.062272e-03   3.562016e-07   35496
  2.536623e+01   6.341449e-05   6.874760e-03   3.754246e-07   32768
  2.539091e+01   6.335594e-05   6.774850e-03   3.940395e-07   30254
  2.541583e+01   6.383181e-05   7.146931e-03   4.038740e-07   29024
  2.544166e+01   6.440553e-05   7.771822e-03   4.076057e-07   28176
  2.546816e+01   6.496589e-05   8.033691e-03   4.377704e-07   26336
  2.549464e+01   6.517252e-05   7.802484e-03   4.517764e-07   23822
  2.552058e+01   6.568083e-05   7.252601e-03   4.956183e-07   21096
  2.554587e+01   6.610020e-05   6.879531e-03   5.203805e-07   19016
  2.557068e+01   6.609035e-05   6.569579e-03   5.411259e-07   17024
  2.559507e+01   6.593030e-05   6.425255e-03   5.686517e-07   15360
  2.561919e+01   6.623333e-05   6.295402e-03   6.071712e-07   13814
  2.564393e+01   6.898223e-05   6.997366e-03   6.425098e-07   13112
  2.567113e+01   6.905963e-05   8.707019e-03   6.387772e-07   13520
  2.569910e+01   7.017777e-05   8.295570e-03   6.938554e-07   11124
  2.572577e+01   7.089598e-05   7.121835e-03   7.946220e-07   9080
  2.575089e+01   6.958272e-05   6.225623e-03   8.533083e-07   7526
  2.577504e+01   7.128188e-05   6.069238e-03   9.571743e-07   6504
  2.579905e+01   7.410354e-05   6.054644e-03   1.067779e-06   5624
  2.582307e+01   7.063471e-05   6.043297e-03   1.124329e-06   4808
  2.584710e+01   7.507463e-05   6.034656e-03   1.234961e-06   4056
  2.587276e+01   7.161335e-05   7.717166e-03   1.298987e-06   3704
  2.590170e+01   7.731154e-05   9.550888e-03   1.353676e-06   3560
  2.593119e+01   8.231180e-05   6.077834e-03   1.843235e-06   1934
  2.595529e+01   7.472914e-05   6.014157e-03   1.860500e-06   1464
  2.597932e+01   7.955200e-05   6.009183e-03   2.323997e-06   1064
  2.600334e+01   7.052519e-05   6.000632e-03   3.075918e-06   728
  2.602731e+01   7.616650e-05   5.983389e-03   4.070150e-06   456
  2.605118e+01   7.788490e-05   5.942607e-03   4.880033e-06   248
  2.607479e+01   5.955971e-05   5.817994e-03   8.393222e-06   104
  2.609756e+01   6.730891e-05   5.233565e-03   1.315100e-05   24
