# power spectrum of delta
# redshift z=0.997956
# k              Pk             sigma(k)       sigma(Pk)      count
  1.963495e-02   2.098985e-03   0.000000e+00   8.477844e-04   6
  2.776802e-02   3.420911e-03   0.000000e+00   6.874546e-04   12
  3.400874e-02   4.351612e-03   3.725290e-10   9.507373e-04   8
  3.926991e-02   2.142988e-02   0.000000e+00   2.407958e-03   6
  4.390509e-02   1.989996e-02   7.024475e-10   6.286314e-03   24
  4.809562e-02   3.568842e-02   7.024475e-10   6.328099e-03   24
  5.553604e-02   2.251024e-02   0.000000e+00   9.807765e-03   12
  5.890486e-02   3.206741e-02   7.947286e-10   5.272172e-03   30
  6.209118e-02   5.072198e-02   0.000000e+00   1.049975e-02   24
  6.512178e-02   5.411570e-02   1.216675e-09   1.327997e-02   24
  6.801748e-02   6.413429e-02   7.450581e-10   1.208970e-02   8
  7.079483e-02   6.461377e-02   9.934107e-10   8.523271e-03   24
  7.346727e-02   6.701824e-02   0.000000e+00   9.807864e-03   48
  7.853982e-02   8.875989e-02   0.000000e+00   3.870919e-02   6
  8.095699e-02   8.112756e-02   9.934107e-10   1.197406e-02   48
  8.330406e-02   8.110555e-02   9.365966e-10   1.000536e-02   36
  8.558678e-02   1.280458e-01   9.934107e-10   2.808448e-02   24
  8.781018e-02   8.678808e-02   1.404895e-09   1.351191e-02   24
  8.997866e-02   7.919029e-02   0.000000e+00   9.874451e-03   48
  9.209610e-02   1.049913e-01   1.404895e-09   1.630116e-02   24
  9.619124e-02   1.156109e-01   1.404895e-09   1.559924e-02   24
  9.817477e-02   6.793635e-02   0.000000e+00   1.249182e-02   30
  1.001190e-01   9.472063e-02   0.000000e+00   1.021636e-02   72
  1.020262e-01   9.245924e-02   1.490116e-09   2.080723e-02   32
  1.057375e-01   1.308481e-01   0.000000e+00   1.537241e-02   72
  1.075451e-01   7.384358e-02   0.000000e+00   1.153314e-02   48
  1.110721e-01   5.491815e-02   0.000000e+00   1.935282e-02   12
  1.127942e-01   1.049780e-01   0.000000e+00   1.356253e-02   48
  1.144905e-01   1.014328e-01   0.000000e+00   9.538327e-03   48
  1.161620e-01   1.152774e-01   1.404895e-09   1.654964e-02   48
  1.178097e-01   1.529930e-01   1.589457e-09   2.838969e-02   30
  1.194348e-01   1.793024e-01   0.000000e+00   3.429737e-02   24
  1.210380e-01   1.908417e-01   2.961779e-09   2.063136e-02   72
  1.241824e-01   7.435887e-02   0.000000e+00   2.119969e-02   24
  1.257251e-01   1.537771e-01   0.000000e+00   1.478826e-02   96
  1.272490e-01   1.295533e-01   0.000000e+00   2.238492e-02   48
  1.287550e-01   1.001468e-01   2.433349e-09   1.806514e-02   24
  1.302436e-01   7.117811e-02   2.433349e-09   1.637613e-02   24
  1.317153e-01   1.934506e-01   0.000000e+00   2.115955e-02   72
  1.331707e-01   1.597522e-01   0.000000e+00   2.213755e-02   48
  1.360350e-01   1.166472e-01   1.490116e-09   2.758460e-02   8
  1.374447e-01   2.314624e-01   1.766064e-09   3.400983e-02   54
  1.388401e-01   1.510047e-01   0.000000e+00   2.040442e-02   84
  1.402216e-01   2.100839e-01   0.000000e+00   2.754332e-02   48
  1.415897e-01   1.287668e-01   1.986821e-09   1.778581e-02   24
  1.429446e-01   1.574686e-01   2.649095e-09   1.702499e-02   72
  1.442869e-01   1.898617e-01   0.000000e+00   2.202227e-02   96
  1.469345e-01   2.367000e-01   0.000000e+00   2.407807e-02   48
  1.482407e-01   1.792646e-01   0.000000e+00   2.304068e-02   48
  1.495354e-01   1.645172e-01   0.000000e+00   3.189789e-02   24
  1.508189e-01   1.770315e-01   0.000000e+00   1.706610e-02   72
  1.533539e-01   1.724118e-01   0.000000e+00   1.957152e-02   72
  1.546058e-01   1.623936e-01   0.000000e+00   1.634281e-02   96
  1.570796e-01   2.636273e-01   0.000000e+00   1.094357e-01   6
  1.583021e-01   1.997543e-01   0.000000e+00   2.135588e-02   96
  1.595151e-01   2.083353e-01   1.986821e-09   2.219051e-02   96
  1.607190e-01   1.044207e-01   0.000000e+00   2.347923e-02   24
  1.619140e-01   1.697678e-01   1.986821e-09   2.110666e-02   48
  1.631002e-01   1.581746e-01   0.000000e+00   1.645213e-02   96
  1.642778e-01   1.671704e-01   0.000000e+00   3.381492e-02   48
  1.666081e-01   1.546449e-01   1.873193e-09   2.881216e-02   36
  1.677611e-01   1.531632e-01   3.441276e-09   2.190210e-02   48
  1.689063e-01   1.844849e-01   3.893359e-09   1.707744e-02   120
  1.700437e-01   2.017740e-01   0.000000e+00   3.081240e-02   56
  1.711736e-01   1.057869e-01   1.986821e-09   1.989463e-02   24
  1.722960e-01   1.529514e-01   0.000000e+00   1.702770e-02   96
  1.734112e-01   1.820786e-01   0.000000e+00   2.227353e-02   48
  1.756204e-01   2.167474e-01   2.809790e-09   4.121200e-02   24
  1.767146e-01   2.495190e-01   0.000000e+00   2.830193e-02   102
  1.778021e-01   2.687831e-01   1.986821e-09   4.033620e-02   48
  1.788829e-01   2.263177e-01   0.000000e+00   1.991562e-02   72
  1.799573e-01   1.913525e-01   0.000000e+00   1.892732e-02   48
  1.810253e-01   2.538412e-01   0.000000e+00   4.402233e-02   48
  1.820871e-01   2.477404e-01   4.495664e-09   2.053351e-02   120
  1.841922e-01   2.447925e-01   2.809790e-09   2.780963e-02   24
  1.852358e-01   1.945827e-01   2.649095e-09   1.577736e-02   144
  1.862735e-01   1.766073e-01   3.178914e-09   2.267416e-02   120
  1.873055e-01   1.922911e-01   2.809790e-09   3.053853e-02   48
  1.893526e-01   2.450313e-01   2.809790e-09   3.848068e-02   48
  1.903679e-01   2.070625e-01   2.809790e-09   1.742956e-02   96
  1.930487e-01   2.120396e-01   4.711199e-04   2.265818e-02   72
  1.943761e-01   2.258066e-01   2.497591e-09   1.914783e-02   108
  1.953653e-01   2.192109e-01   0.000000e+00   2.373404e-02   72
  1.963495e-01   1.410568e-01   0.000000e+00   2.249968e-02   30
  1.973288e-01   2.355474e-01   0.000000e+00   1.635808e-02   168
  1.983033e-01   3.147082e-01   0.000000e+00   3.408619e-02   48
  2.002380e-01   1.986538e-01   0.000000e+00   2.354041e-02   72
  2.011984e-01   2.474958e-01   0.000000e+00   2.615724e-02   96
  2.021542e-01   2.062927e-01   5.298191e-09   2.456628e-02   72
  2.031055e-01   2.380059e-01   0.000000e+00   2.067500e-02   72
  2.047049e-01   2.643372e-01   4.350048e-04   2.495586e-02   104
  2.059331e-01   2.287405e-01   3.746387e-09   1.558207e-02   144
  2.087224e-01   1.691691e-01   6.282881e-09   1.721981e-02   96
  2.096439e-01   1.742469e-01   0.000000e+00   1.936088e-02   96
  2.111095e-01   2.401020e-01   4.475232e-04   2.345746e-02   120
  2.123845e-01   2.093943e-01   0.000000e+00   1.919696e-02   120
  2.132902e-01   3.006677e-01   0.000000e+00   3.129273e-02   72
  2.150901e-01   2.755906e-01   0.000000e+00   3.453747e-02   48
  2.159845e-01   2.799932e-01   4.890638e-09   3.392289e-02   78
  2.171286e-01   2.294163e-01   4.007142e-04   1.881326e-02   168
  2.195255e-01   2.418847e-01   4.588368e-09   1.794367e-02   144
  2.204018e-01   3.298404e-01   3.746387e-09   2.718386e-02   144
  2.229436e-01   2.516030e-01   2.307791e-04   2.185574e-02   156
  2.238729e-01   1.993027e-01   4.866699e-09   3.427064e-02   48
  2.247323e-01   2.351039e-01   3.178914e-09   2.465299e-02   120
  2.255884e-01   2.531452e-01   0.000000e+00   5.755065e-02   48
  2.271022e-01   2.698172e-01   3.532495e-04   2.043111e-02   216
  2.289809e-01   1.116489e-01   0.000000e+00   1.356668e-02   48
  2.298212e-01   2.395604e-01   2.809790e-09   2.042848e-02   96
  2.310160e-01   2.430231e-01   4.128272e-04   1.654925e-02   168
  2.323239e-01   2.110103e-01   2.809790e-09   2.158955e-02   48
  2.331522e-01   2.109885e-01   0.000000e+00   1.955237e-02   96
  2.339775e-01   2.395407e-01   0.000000e+00   3.181518e-02   48
  2.356194e-01   2.777117e-01   3.178914e-09   3.598062e-02   30
  2.364362e-01   2.769123e-01   0.000000e+00   2.463713e-02   96
  2.374123e-01   2.328991e-01   3.244455e-04   1.579582e-02   240
  2.386674e-01   2.426625e-01   3.500299e-04   3.020809e-02   32
  2.396752e-01   2.000516e-01   0.000000e+00   1.490037e-02   168
  2.404781e-01   2.270910e-01   0.000000e+00   2.200840e-02   120
  2.420760e-01   2.440043e-01   5.923557e-09   2.566286e-02   72
  2.428710e-01   3.206504e-01   2.649095e-09   2.752637e-02   144
  2.436634e-01   2.345282e-01   0.000000e+00   2.351713e-02   96
  2.444532e-01   2.758926e-01   0.000000e+00   2.294475e-02   96
  2.460253e-01   3.445222e-01   0.000000e+00   3.494714e-02   72
  2.468075e-01   2.010765e-01   3.973643e-09   2.150584e-02   96
  2.483647e-01   3.499260e-01   0.000000e+00   7.179108e-02   24
  2.491396e-01   2.826265e-01   0.000000e+00   2.057940e-02   192
  2.500522e-01   2.562907e-01   2.970416e-04   2.080334e-02   132
  2.514501e-01   2.321752e-01   0.000000e+00   2.384229e-02   96
  2.522156e-01   2.004212e-01   0.000000e+00   1.583715e-02   96
  2.529787e-01   3.147193e-01   3.178914e-09   2.681707e-02   120
  2.544981e-01   2.886207e-01   0.000000e+00   2.834063e-02   48
  2.557435e-01   2.563259e-01   3.599905e-04   1.611575e-02   222
  2.567603e-01   3.209679e-01   0.000000e+00   2.830981e-02   120
  2.575100e-01   1.820277e-01   4.866699e-09   4.321794e-02   24
  2.586015e-01   2.823430e-01   3.715625e-04   1.662477e-02   312
  2.609797e-01   2.927195e-01   3.483547e-04   2.897076e-02   72
  2.619630e-01   2.710649e-01   4.866699e-09   2.575976e-02   96
  2.629726e-01   2.523909e-01   3.547511e-04   1.953785e-02   192
  2.641613e-01   3.229436e-01   4.495664e-09   3.223353e-02   120
  2.648900e-01   2.198490e-01   0.000000e+00   1.591300e-02   144
  2.663415e-01   3.352539e-01   0.000000e+00   3.921133e-02   48
  2.673732e-01   2.614871e-01   3.567146e-04   1.517560e-02   336
  2.685040e-01   3.120685e-01   0.000000e+00   3.748729e-02   48
  2.699360e-01   2.831364e-01   0.000000e+00   2.031272e-02   192
  2.706492e-01   1.710230e-01   0.000000e+00   2.927513e-02   48
  2.726764e-01   1.818295e-01   2.476067e-04   2.154675e-02   56
  2.736844e-01   2.653256e-01   3.180112e-04   1.502504e-02   336
  2.748894e-01   2.350664e-01   3.532127e-09   3.725204e-02   54
  2.759390e-01   2.390640e-01   3.492904e-04   1.572182e-02   240
  2.781181e-01   2.743161e-01   3.344484e-04   1.929410e-02   228
  2.790651e-01   2.895535e-01   3.746387e-09   3.272992e-02   72
  2.799844e-01   3.009313e-01   3.244231e-04   2.357227e-02   144
  2.811298e-01   2.784272e-01   0.000000e+00   2.144987e-02   96
  2.818146e-01   2.931401e-01   4.495664e-09   2.382091e-02   240
  2.831793e-01   1.689948e-01   3.973643e-09   1.460054e-02   24
  2.840530e-01   3.156715e-01   3.064151e-04   1.771585e-02   336
  2.852142e-01   2.488857e-01   0.000000e+00   3.642018e-02   72
  2.862741e-01   3.279863e-01   3.332831e-04   2.980197e-02   168
  2.872346e-01   3.577394e-01   0.000000e+00   4.306584e-02   72
  2.885737e-01   3.572061e-01   0.000000e+00   3.757164e-02   96
  2.896108e-01   2.493024e-01   3.307829e-04   1.629662e-02   216
  2.905708e-01   2.078166e-01   0.000000e+00   1.690354e-02   96
  2.918946e-01   3.157850e-01   3.973643e-09   2.262812e-02   192
  2.925542e-01   2.189778e-01   3.746387e-09   1.702354e-02   144
  2.938691e-01   2.495507e-01   0.000000e+00   2.947556e-02   48
  2.947794e-01   2.641791e-01   3.189136e-04   1.920933e-02   246
  2.960164e-01   2.907364e-01   2.940434e-04   2.061934e-02   168
  2.971308e-01   2.781432e-01   7.786718e-09   2.329554e-02   120
  2.977788e-01   2.620533e-01   0.000000e+00   1.825198e-02   240
  2.990707e-01   4.364317e-01   0.000000e+00   8.875488e-02   24
  3.001001e-01   2.542484e-01   3.147475e-04   1.246142e-02   360
  3.013820e-01   3.209748e-01   3.134082e-04   3.150966e-02   120
  3.022763e-01   2.723245e-01   0.000000e+00   2.564921e-02   144
  3.029133e-01   3.698037e-01   0.000000e+00   3.339273e-02   96
  3.048165e-01   2.421139e-01   0.000000e+00   2.082125e-02   144
  3.054482e-01   3.326226e-01   0.000000e+00   3.461237e-02   132
  3.063360e-01   2.631584e-01   3.093292e-04   1.803028e-02   176
  3.076248e-01   2.774021e-01   3.123602e-04   1.764176e-02   312
  3.092116e-01   2.766606e-01   0.000000e+00   2.161124e-02   96
  3.098343e-01   2.368566e-01   0.000000e+00   2.148793e-02   144
  3.107899e-01   2.545508e-01   3.092271e-04   1.651162e-02   312
  3.123131e-01   3.209315e-01   0.000000e+00   4.916149e-02   48
  3.129297e-01   3.177080e-01   3.973643e-09   1.942319e-02   192
  3.141593e-01   2.096348e-01   0.000000e+00   5.352028e-02   6
  3.149762e-01   2.760505e-01   2.884066e-04   1.552390e-02   288
  3.162994e-01   2.734967e-01   3.047203e-04   2.110957e-02   192
  3.172124e-01   2.747523e-01   9.345130e-09   1.766046e-02   216
  3.178195e-01   2.980650e-01   0.000000e+00   3.419184e-02   72
  3.193321e-01   3.442537e-01   3.018264e-04   2.860473e-02   192
  3.203366e-01   2.851612e-01   2.241224e-04   1.931902e-02   288
  3.214381e-01   3.508514e-01   0.000000e+00   6.753791e-02   24
  3.222890e-01   2.578575e-01   2.952626e-04   1.218856e-02   456
  3.238280e-01   4.152424e-01   0.000000e+00   7.303772e-02   48
  3.247789e-01   3.207503e-01   2.908218e-04   1.984921e-02   240
  3.258718e-01   3.077948e-01   2.939082e-04   2.907731e-02   216
  3.267908e-01   2.824733e-01   0.000000e+00   3.075159e-02   72
  3.273801e-01   2.950084e-01   1.015467e-08   2.326704e-02   168
  3.290441e-01   2.953614e-01   2.184577e-04   1.843904e-02   288
  3.299773e-01   2.906946e-01   2.890570e-04   2.692490e-02   168
  3.314762e-01   2.657661e-01   0.000000e+00   1.863951e-02   192
  3.320572e-01   2.768170e-01   3.746387e-09   2.054633e-02   144
  3.332162e-01   3.412447e-01   3.746387e-09   4.276730e-02   36
  3.341991e-01   2.577945e-01   2.639705e-04   1.277811e-02   342
  3.351389e-01   3.366605e-01   2.710657e-04   2.978982e-02   144
  3.363470e-01   3.130084e-01   2.842800e-04   1.987581e-02   384
  3.378125e-01   2.645168e-01   7.786718e-09   2.117408e-02   120
  3.385379e-01   3.245085e-01   2.534951e-04   1.983974e-02   264
  3.395201e-01   2.904477e-01   1.256576e-08   2.322279e-02   192
  3.404451e-01   3.059379e-01   2.731894e-04   2.541694e-02   152
  3.412191e-01   3.111416e-01   7.492773e-09   2.466737e-02   144
  3.428472e-01   2.472718e-01   1.768108e-04   1.488683e-02   216
  3.436008e-01   2.723815e-01   2.362665e-04   1.564834e-02   312
  3.449274e-01   3.138551e-01   2.738281e-04   2.307632e-02   240
  3.457090e-01   2.469751e-01   3.973643e-09   2.145560e-02   96
  3.471927e-01   1.948277e-01   2.617995e-04   1.495807e-02   144
  3.481071e-01   2.953186e-01   2.573258e-04   1.428417e-02   456
  3.495904e-01   2.129258e-01   0.000000e+00   2.131558e-02   120
  3.501414e-01   2.912013e-01   0.000000e+00   2.417018e-02   144
  3.512407e-01   3.541260e-01   5.619580e-09   5.701295e-02   24
  3.519456e-01   2.702451e-01   2.473498e-04   1.469978e-02   336
  3.531645e-01   2.645132e-01   2.727931e-04   2.150322e-02   198
  3.543067e-01   2.919967e-01   2.652756e-04   1.687333e-02   432
  3.556041e-01   2.810887e-01   7.947286e-09   4.068067e-02   48
  3.562810e-01   2.907095e-01   2.341925e-04   1.614785e-02   384
  3.574963e-01   2.514851e-01   2.696052e-04   2.487244e-02   144
  3.585975e-01   3.401171e-01   2.676825e-04   2.844152e-02   264
  3.599147e-01   2.709921e-01   0.000000e+00   2.876008e-02   48
  3.607984e-01   2.638494e-01   2.545223e-04   1.936076e-02   276
  3.616510e-01   2.976654e-01   2.307176e-04   2.362973e-02   192
  3.627906e-01   2.634364e-01   2.592759e-04   1.305294e-02   552
  3.641741e-01   2.998249e-01   6.357829e-09   2.440511e-02   120
  3.649965e-01   2.593225e-01   2.624511e-04   1.992261e-02   216
  3.657587e-01   2.534428e-01   6.357829e-09   2.232830e-02   120
  3.671201e-01   2.970057e-01   2.584500e-04   1.764177e-02   408
  3.683844e-01   9.602353e-02   5.619580e-09   1.099823e-02   24
  3.691684e-01   2.926812e-01   2.610810e-04   1.695064e-02   384
  3.702633e-01   2.474214e-01   2.550855e-04   1.594665e-02   240
  3.712141e-01   2.424048e-01   2.569535e-04   2.268672e-02   168
  3.725471e-01   2.394003e-01   0.000000e+00   2.221188e-02   120
  3.734064e-01   2.861389e-01   2.678605e-04   1.685298e-02   350
  3.748037e-01   3.308673e-01   4.409502e-04   2.059553e-02   384
  3.756388e-01   3.078948e-01   0.000000e+00   3.262709e-02   144
  3.771752e-01   3.219123e-01   5.298191e-09   2.324275e-02   288
  3.779773e-01   2.973454e-01   2.524053e-04   1.890883e-02   336
  3.790686e-01   2.388718e-01   2.297941e-04   1.680674e-02   168
  3.797219e-01   3.363556e-01   1.506181e-08   1.773871e-02   336
  3.810732e-01   2.766468e-01   2.385126e-04   1.686643e-02   288
  3.818848e-01   2.997843e-01   2.247398e-04   2.024119e-02   264
  3.832590e-01   2.914768e-01   0.000000e+00   2.732050e-02   240
  3.837616e-01   2.551999e-01   0.000000e+00   1.994218e-02   96
  3.855656e-01   2.700007e-01   3.056310e-04   1.609755e-02   360
  3.864075e-01   2.891805e-01   2.253025e-04   2.291754e-02   168
  3.874713e-01   2.848674e-01   2.456032e-04   1.324652e-02   456
  3.887523e-01   2.959069e-01   7.064254e-09   2.647627e-02   108
  3.894728e-01   2.201680e-01   2.464311e-04   1.702624e-02   264
  3.903716e-01   2.718933e-01   2.198567e-04   1.564916e-02   264
  3.916025e-01   2.713138e-01   2.074668e-04   1.851351e-02   312
  3.931351e-01   3.076298e-01   1.541705e-04   1.995190e-02   270
  3.937775e-01   3.639996e-01   1.957388e-04   2.838227e-02   240
  3.949323e-01   3.020031e-01   2.421536e-04   1.926751e-02   384
  3.956334e-01   2.756166e-01   7.947286e-09   2.284603e-02   192
  3.969952e-01   2.849457e-01   1.942960e-04   2.371916e-02   240
  3.977852e-01   2.935688e-01   2.397927e-04   1.757969e-02   336
  3.992708e-01   3.097380e-01   2.413972e-04   1.452555e-02   480
  4.004761e-01   2.399734e-01   5.298191e-09   3.553575e-02   72
  4.011493e-01   2.818221e-01   2.353842e-04   1.927096e-02   240
  4.020650e-01   2.703146e-01   2.212289e-04   1.540900e-02   312
  4.031147e-01   2.765235e-01   2.390954e-04   2.022245e-02   240
  4.047009e-01   2.628415e-01   1.816506e-04   1.696129e-02   408
  4.053288e-01   2.719153e-01   1.663482e-04   1.730438e-02   336
  4.065560e-01   2.989716e-01   2.112212e-04   2.124691e-02   264
  4.071591e-01   2.305564e-01   0.000000e+00   1.754895e-02   144
  4.088370e-01   2.698526e-01   2.927651e-04   1.336880e-02   464
  4.097211e-01   2.835744e-01   2.328083e-04   2.089643e-02   168
  4.105939e-01   2.584920e-01   2.120376e-04   1.630384e-02   336
  4.121713e-01   2.839945e-01   2.227870e-04   1.509845e-02   414
  4.130606e-01   3.575669e-01   2.319080e-04   2.752309e-02   216
  4.141998e-01   4.930870e-01   5.619580e-09   5.486649e-02   96
  4.146649e-01   2.996324e-01   1.376510e-08   1.953101e-02   384
  4.162944e-01   3.099310e-01   2.314600e-04   1.856743e-02   492
  4.171676e-01   3.395120e-01   2.263480e-04   2.380852e-02   240
  4.181546e-01   3.079667e-01   2.298225e-04   1.991634e-02   312
  4.195176e-01   2.859205e-01   2.297469e-04   2.481629e-02   192
  4.203810e-01   2.890043e-01   2.226525e-04   1.746002e-02   504
  4.215265e-01   3.240512e-01   1.473998e-04   1.947638e-02   408
  4.224284e-01   2.630648e-01   4.515774e-04   2.499352e-02   168
  4.235571e-01   3.788058e-01   2.145032e-04   2.310380e-02   288
  4.245041e-01   3.206609e-01   2.238525e-04   2.310821e-02   288
  4.254743e-01   2.327685e-01   2.251410e-04   1.159212e-02   432
  4.268815e-01   2.830897e-01   2.129084e-04   2.056906e-02   216
  4.276334e-01   2.759389e-01   2.124592e-04   1.590388e-02   360
  4.289721e-01   2.636688e-01   2.073582e-04   1.703887e-02   312
  4.301803e-01   2.321618e-01   0.000000e+00   3.062888e-02   48
  4.308767e-01   2.643557e-01   2.223178e-04   1.525201e-02   432
  4.321240e-01   2.831469e-01   3.708284e-04   1.622660e-02   414
  4.328606e-01   2.767617e-01   8.470833e-09   1.649895e-02   312
  4.342347e-01   3.231809e-01   3.253813e-04   1.569173e-02   528
  4.351620e-01   2.953994e-01   1.707976e-04   2.071927e-02   264
  4.362761e-01   3.291413e-01   2.025191e-04   1.887057e-02   480
  4.377318e-01   2.891217e-01   0.000000e+00   1.717044e-02   288
  4.383604e-01   2.414390e-01   2.176005e-04   1.573885e-02   168
  4.395105e-01   3.398946e-01   3.444610e-04   1.886606e-02   504
  4.408036e-01   4.282052e-01   5.298191e-09   4.432607e-02   144
  4.416171e-01   2.499139e-01   2.212265e-04   1.313119e-02   464
  4.428396e-01   2.757808e-01   3.246624e-04   1.551872e-02   432
  4.434197e-01   2.981443e-01   5.619580e-09   2.649856e-02   192
  4.449189e-01   2.478331e-01   2.406833e-04   1.491573e-02   396
  4.458042e-01   3.009861e-01   2.162000e-04   1.959428e-02   288
  4.466990e-01   2.454919e-01   2.135686e-04   1.389933e-02   336
  4.481283e-01   2.708994e-01   1.352359e-04   1.337450e-02   432
  4.490354e-01   3.077157e-01   3.505126e-04   2.215687e-02   360
  4.500539e-01   2.802965e-01   2.073334e-04   1.318960e-02   384
  4.515004e-01   2.979671e-01   1.830116e-04   1.799592e-02   198
  4.521974e-01   2.619854e-01   2.080246e-04   1.328223e-02   552
  4.534970e-01   3.482192e-01   2.912202e-04   2.165048e-02   432
  4.545821e-01   2.712337e-01   1.112388e-08   2.220825e-02   168
  4.554927e-01   3.613722e-01   3.610065e-04   2.162865e-02   480
  4.566974e-01   2.934830e-01   0.000000e+00   2.813286e-02   120
  4.572396e-01   3.194813e-01   2.948545e-04   2.316425e-02   336
  4.585628e-01   2.835496e-01   2.080152e-04   1.304113e-02   672
  4.598711e-01   3.084788e-01   3.025866e-04   1.547453e-02   528
  4.604805e-01   2.321297e-01   9.082613e-09   1.894996e-02   168
  4.618883e-01   3.209377e-01   3.375333e-04   1.862199e-02   456
  4.627474e-01   3.439526e-01   2.061344e-04   2.714279e-02   168
  4.636392e-01   3.486214e-01   2.057643e-04   1.850211e-02   504
  4.651216e-01   2.569983e-01   2.647872e-04   1.711845e-02   336
  4.660180e-01   2.697423e-01   1.908802e-04   1.400733e-02   312
  4.670124e-01   2.527432e-01   1.865029e-04   1.434787e-02   504
  4.683210e-01   2.506837e-01   1.294009e-04   1.207439e-02   432
  4.689362e-01   2.739321e-01   1.999672e-04   2.088821e-02   312
  4.702151e-01   2.391366e-01   2.049761e-04   1.363123e-02   384
  4.715504e-01   3.667007e-01   1.741510e-04   4.452620e-02   126
  4.723748e-01   3.106225e-01   3.057676e-04   1.706379e-02   492
  4.734278e-01   3.236475e-01   1.958445e-04   1.695915e-02   528
  4.747438e-01   2.871745e-01   1.989360e-04   1.604716e-02   480
  4.755596e-01   3.263524e-01   2.748289e-04   1.990592e-02   432
  4.767402e-01   2.712448e-01   2.161166e-04   1.575083e-02   440
  4.781114e-01   2.951843e-01   1.074739e-04   2.111981e-02   312
  4.786259e-01   2.473017e-01   1.610586e-04   1.202346e-02   480
  4.796813e-01   2.509555e-01   3.153497e-04   1.270245e-02   408
  4.812233e-01   3.461976e-01   1.888588e-04   2.630766e-02   360
  4.818747e-01   3.044737e-01   1.822418e-04   1.898393e-02   408
  4.830820e-01   2.718844e-01   1.854542e-04   1.546243e-02   456
  4.844414e-01   3.554739e-01   1.772485e-04   2.201275e-02   264
  4.851959e-01   2.850583e-01   1.923591e-04   1.848186e-02   384
  4.862943e-01   2.679204e-01   3.238501e-04   1.216189e-02   672
  4.875640e-01   3.117643e-01   1.937042e-04   2.292268e-02   240
  4.882967e-01   2.310657e-01   1.965613e-04   1.515073e-02   264
  4.893308e-01   2.505791e-01   2.424259e-04   1.172422e-02   624
  4.908739e-01   2.819594e-01   0.000000e+00   3.200269e-02   150
  4.914232e-01   3.459423e-01   2.716574e-04   1.846627e-02   600
  4.925819e-01   3.149830e-01   1.874909e-04   1.472193e-02   672
  4.938939e-01   2.992807e-01   1.763484e-04   1.740851e-02   336
  4.946248e-01   3.504109e-01   1.918157e-04   2.469292e-02   408
  4.957926e-01   3.284521e-01   1.913639e-04   1.951637e-02   408
  4.970915e-01   3.037521e-01   9.676385e-05   1.546676e-02   360
  4.978921e-01   3.073115e-01   3.552857e-04   1.722652e-02   456
  4.988592e-01   3.066041e-01   1.932065e-04   1.775472e-02   384
  5.000902e-01   2.105255e-01   1.783541e-04   1.268644e-02   348
  5.007554e-01   3.239558e-01   2.198754e-04   2.164413e-02   576
  5.020050e-01   3.044290e-01   1.810385e-04   1.889871e-02   504
  5.032833e-01   2.588542e-01   2.553443e-04   1.414362e-02   432
  5.043991e-01   3.062699e-01   3.473946e-04   1.472252e-02   576
  5.051948e-01   2.846771e-01   0.000000e+00   2.100598e-02   264
  5.064571e-01   2.594708e-01   2.764393e-04   1.029041e-02   768
  5.075549e-01   1.952374e-01   3.721752e-04   1.155167e-02   240
  5.084277e-01   3.169286e-01   3.282233e-04   2.599332e-02   192
  5.096990e-01   2.632731e-01   2.416124e-04   1.333833e-02   504
  5.106418e-01   3.509886e-01   3.255818e-04   1.847306e-02   590
  5.115460e-01   3.496906e-01   3.647966e-04   1.955604e-02   384
  5.126798e-01   2.908046e-01   3.048625e-04   1.614264e-02   504
  5.140486e-01   3.384446e-01   2.933830e-04   1.762096e-02   648
  5.153764e-01   2.894246e-01   7.967896e-05   1.381532e-02   504
  5.159117e-01   2.974092e-01   1.817627e-04   1.906115e-02   312
  5.168569e-01   3.670721e-01   2.618753e-04   2.086070e-02   576
  5.181545e-01   3.542075e-01   1.822405e-04   2.803865e-02   240
  5.189109e-01   2.184114e-01   1.841453e-04   9.124078e-03   552
  5.199816e-01   3.537144e-01   1.729082e-04   2.156360e-02   600
  5.215067e-01   2.488994e-01   2.111937e-04   1.115798e-02   600
  5.224237e-01   2.699394e-01   3.382099e-04   1.856617e-02   312
  5.233368e-01   3.125160e-01   2.945474e-04   1.671896e-02   480
  5.244775e-01   2.463578e-01   1.837693e-04   1.165242e-02   576
  5.254818e-01   2.728292e-01   2.959085e-04   1.751581e-02   408
  5.263729e-01   1.617746e-01   3.451909e-04   1.036564e-02   216
  5.275243e-01   2.663970e-01   2.643774e-04   1.319153e-02   516
  5.287578e-01   2.568097e-01   2.522429e-04   1.140036e-02   744
  5.300304e-01   3.068446e-01   1.684760e-04   1.885958e-02   462
  5.307494e-01   2.695896e-01   1.712315e-04   2.162517e-02   432
  5.318647e-01   3.138414e-01   1.588547e-04   1.561569e-02   648
  5.331761e-01   3.027994e-01   2.324340e-04   1.751532e-02   528
  5.342295e-01   3.091859e-01   2.799086e-04   1.629156e-02   600
  5.352820e-01   3.513343e-01   3.528915e-04   2.373214e-02   240
  5.363014e-01   2.623196e-01   2.703115e-04   1.355183e-02   720
  5.374863e-01   2.944167e-01   2.138653e-04   1.291079e-02   720
  5.387997e-01   2.095120e-01   0.000000e+00   2.132412e-02   144
  5.394909e-01   3.261326e-01   2.757364e-04   1.548043e-02   720
  5.404742e-01   2.916202e-01   1.653370e-04   1.658040e-02   384
  5.417051e-01   2.637372e-01   1.832848e-04   1.130322e-02   672
  5.428730e-01   3.084930e-01   3.209115e-04   2.191808e-02   336
  5.434308e-01   2.722381e-01   0.000000e+00   1.882687e-02   288
  5.447967e-01   2.791115e-01   2.539800e-04   1.211825e-02   776
  5.460612e-01   2.286848e-01   2.173184e-04   9.959599e-03   720
  5.471231e-01   2.268880e-01   1.750659e-04   1.178050e-02   432
  5.479725e-01   3.378289e-01   2.495786e-04   1.808000e-02   504
  5.489174e-01   2.826650e-01   1.748652e-04   1.460500e-02   528
  5.502396e-01   3.924757e-01   2.382437e-04   3.118541e-02   438
  5.513273e-01   3.502391e-01   2.772938e-04   2.144792e-02   624
  5.521470e-01   3.275701e-01   3.396475e-04   2.551701e-02   312
  5.532738e-01   3.717917e-01   1.829935e-04   1.942643e-02   696
  5.544390e-01   2.759338e-01   1.655760e-04   1.335159e-02   552
  5.556509e-01   2.695045e-01   1.281006e-04   1.519293e-02   516
  5.564006e-01   4.081600e-01   2.558713e-04   2.495455e-02   528
  5.573133e-01   2.067343e-01   1.664001e-04   1.057691e-02   528
  5.586097e-01   2.739971e-01   2.194479e-04   1.262111e-02   864
  5.594897e-01   2.882211e-01   3.005985e-04   1.833442e-02   408
  5.603706e-01   3.885091e-01   2.978186e-04   3.855209e-02   192
  5.616191e-01   2.564788e-01   2.464592e-04   1.307405e-02   720
  5.626731e-01   2.715570e-01   2.272475e-04   1.229767e-02   696
  5.639255e-01   3.078108e-01   2.454294e-04   1.841723e-02   720
  5.650713e-01   3.381088e-01   3.326501e-04   2.128012e-02   432
  5.657395e-01   1.990355e-01   1.958109e-04   1.236618e-02   264
  5.669418e-01   3.075852e-01   2.704061e-04   1.583420e-02   672
  5.680171e-01   2.831479e-01   2.768544e-04   1.488360e-02   600
  5.692933e-01   1.734205e-01   1.620980e-04   1.022299e-02   270
  5.699366e-01   2.855827e-01   2.440026e-04   1.841636e-02   528
  5.709591e-01   3.046632e-01   1.670843e-04   1.589479e-02   840
  5.723613e-01   3.498871e-01   3.194952e-04   2.007923e-02   888
  5.736568e-01   2.702975e-01   2.380474e-04   1.273673e-02   744
  5.747517e-01   2.638286e-01   1.223216e-04   1.635192e-02   456
  5.752963e-01   5.075433e-01   1.671601e-04   3.893437e-02   360
  5.762282e-01   2.628737e-01   1.448348e-04   2.307689e-02   384
  5.776580e-01   3.180125e-01   2.323137e-04   1.604424e-02   816
  5.787308e-01   2.769860e-01   3.370546e-04   1.381671e-02   824
  5.800348e-01   2.803691e-01   1.566791e-04   1.876906e-02   360
  5.807331e-01   2.746242e-01   2.311994e-04   1.176234e-02   624
  5.816941e-01   3.543677e-01   1.562320e-04   2.912704e-02   360
  5.829744e-01   2.879045e-01   2.125215e-04   1.221873e-02   876
  5.841306e-01   2.713269e-01   2.524119e-04   1.428949e-02   696
  5.852967e-01   2.197540e-01   1.629911e-04   1.288156e-02   336
  5.859080e-01   3.438030e-01   1.628079e-04   2.502930e-02   504
  5.869176e-01   2.411744e-01   1.642187e-04   1.092595e-02   672
  5.884155e-01   2.521194e-01   3.269213e-04   1.238537e-02   720
  5.894543e-01   2.931105e-01   2.469541e-04   1.463733e-02   774
  5.906010e-01   3.910577e-01   1.413501e-04   2.951321e-02   384
  5.912015e-01   3.210960e-01   2.720183e-04   1.978348e-02   528
  5.921335e-01   3.638532e-01   2.592486e-04   2.341973e-02   744
  5.936327e-01   3.257473e-01   2.138251e-04   1.525908e-02   768
  5.946281e-01   2.984242e-01   2.400348e-04   2.010519e-02   552
  5.958700e-01   2.655355e-01   2.616108e-04   1.611588e-02   696
  5.967938e-01   3.256045e-01   3.179026e-04   2.751963e-02   408
  5.975272e-01   3.368095e-01   1.373364e-04   2.252246e-02   504
  5.986899e-01   2.799785e-01   2.467198e-04   1.375662e-02   888
  5.998339e-01   2.771733e-01   2.564132e-04   1.338699e-02   648
  6.010230e-01   3.057312e-01   2.542153e-04   1.844200e-02   648
  6.021418e-01   2.891081e-01   2.741064e-04   1.495049e-02   792
  6.033268e-01   2.618516e-01   4.010364e-04   1.485576e-02   600
  6.042000e-01   2.175422e-01   2.717856e-04   1.046817e-02   456
  6.051191e-01   2.878545e-01   1.324567e-04   1.500795e-02   648
  6.062996e-01   2.746536e-01   2.583099e-04   1.170270e-02   936
  6.075741e-01   2.999140e-01   1.586356e-04   1.738454e-02   384
  6.086836e-01   3.200836e-01   0.000000e+00   3.200968e-02   198
  6.095398e-01   3.103149e-01   4.024720e-04   1.454848e-02   1224
  6.104634e-01   4.022760e-01   2.931235e-04   2.859670e-02   420
  6.115558e-01   2.942577e-01   2.836822e-04   1.472116e-02   792
  6.126238e-01   3.353160e-01   2.345810e-04   1.821593e-02   680
  6.138428e-01   3.326421e-01   2.154033e-04   2.664206e-02   600
  6.148235e-01   2.535275e-01   3.123938e-04   1.251307e-02   840
  6.161330e-01   2.892283e-01   1.474979e-04   2.010064e-02   432
  6.166334e-01   3.775037e-01   1.382250e-04   2.316649e-02   720
  6.177213e-01   2.806557e-01   2.768404e-04   1.348249e-02   960
  6.190745e-01   2.390082e-01   2.467829e-04   1.378370e-02   528
  6.200634e-01   2.458616e-01   2.522592e-04   1.254335e-02   624
  6.212404e-01   2.817278e-01   1.982740e-04   1.568592e-02   816
  6.224086e-01   2.682212e-01   3.260658e-04   1.330919e-02   696
  6.236996e-01   2.329174e-01   1.798266e-08   1.776026e-02   240
  6.241851e-01   3.180106e-01   1.922888e-04   1.774760e-02   672
  6.252686e-01   2.857404e-01   3.436476e-04   1.510698e-02   864
  6.264840e-01   2.437515e-01   2.636938e-04   1.059870e-02   816
  6.275795e-01   2.650290e-01   1.509292e-04   1.327295e-02   648
  6.287594e-01   3.554466e-01   1.542771e-04   2.034977e-02   843
  6.297611e-01   2.516833e-01   2.775825e-04   1.301674e-02   780
  6.309548e-01   2.942276e-01   1.489456e-04   5.337375e-02   216
  6.316911e-01   2.728838e-01   3.591661e-04   1.122135e-02   1056
  6.328235e-01   2.163084e-01   2.938382e-04   1.592298e-02   228
  6.338720e-01   3.331312e-01   3.658358e-04   1.655272e-02   924
  6.349484e-01   3.116251e-01   1.357046e-04   1.326133e-02   696
  6.360882e-01   2.726588e-01   2.415153e-04   1.355301e-02   996
  6.372543e-01   2.027843e-01   1.425858e-04   1.008258e-02   576
  6.384675e-01   2.393196e-01   2.200718e-04   1.360974e-02   552
  6.393519e-01   3.086410e-01   2.627580e-04   1.753956e-02   516
  6.402494e-01   2.891056e-01   3.821047e-04   1.721964e-02   744
  6.412749e-01   2.322580e-01   1.874451e-04   1.310496e-02   576
  6.421669e-01   2.544996e-01   1.929285e-04   1.230451e-02   792
  6.434346e-01   2.400462e-01   2.205530e-04   1.203014e-02   792
  6.443636e-01   2.878273e-01   2.378641e-04   1.617111e-02   720
  6.456200e-01   2.499726e-01   2.711104e-04   1.144705e-02   656
  6.467974e-01   2.213151e-01   2.960385e-04   9.510691e-03   816
  6.480043e-01   3.053968e-01   1.596190e-04   2.247884e-02   492
  6.486903e-01   2.831494e-01   2.296231e-04   1.627844e-02   552
  6.499778e-01   2.041792e-01   3.992867e-04   1.099744e-02   780
  6.508139e-01   2.410824e-01   2.452771e-04   1.325846e-02   528
  6.517148e-01   2.036828e-01   2.863130e-04   1.043687e-02   600
  6.530425e-01   2.430411e-01   2.379487e-04   9.507449e-03   900
  6.539577e-01   2.605890e-01   1.317325e-04   1.348353e-02   696
  6.552168e-01   2.249976e-01   3.330907e-04   1.070770e-02   696
  6.564349e-01   2.062366e-01   1.351317e-04   9.450272e-03   552
  6.574592e-01   2.503364e-01   1.571457e-04   1.192847e-02   708
  6.585322e-01   2.266667e-01   2.594565e-04   1.077810e-02   876
  6.596487e-01   2.234028e-01   1.377663e-04   2.275578e-02   216
  6.603980e-01   2.464170e-01   3.768094e-04   8.839602e-03   1032
  6.615201e-01   2.165558e-01   4.195357e-04   1.021259e-02   600
  6.626848e-01   1.792831e-01   2.001869e-04   8.200261e-03   600
  6.635732e-01   2.197218e-01   3.535112e-04   1.193270e-02   528
  6.646233e-01   2.244364e-01   1.940622e-04   9.137139e-03   732
  6.657296e-01   2.423551e-01   1.432973e-04   1.441685e-02   336
  6.670031e-01   1.927584e-01   2.042271e-04   8.329587e-03   912
  6.679548e-01   1.971159e-01   2.049821e-04   9.042430e-03   624
  6.689946e-01   2.004055e-01   1.727341e-04   7.443455e-03   768
  6.702082e-01   2.285085e-01   3.116463e-04   9.654401e-03   792
  6.713995e-01   2.098243e-01   1.545014e-04   9.197094e-03   660
  6.722471e-01   1.895109e-01   2.276826e-04   1.022347e-02   504
  6.731238e-01   2.014529e-01   3.719898e-04   9.376655e-03   480
  6.744376e-01   1.727847e-01   3.440421e-04   6.144785e-03   912
  6.754664e-01   1.937995e-01   3.831443e-04   1.180254e-02   432
  6.764380e-01   2.160020e-01   2.275021e-04   1.102046e-02   564
  6.773006e-01   1.989712e-01   2.177508e-04   8.439096e-03   600
  6.785149e-01   2.020707e-01   3.035240e-04   7.838754e-03   876
  6.794272e-01   1.980262e-01   1.364735e-04   1.693849e-02   264
  6.806846e-01   1.812595e-01   2.648123e-04   9.527627e-03   560
  6.816953e-01   2.081759e-01   1.799457e-04   8.270792e-03   840
  6.829222e-01   1.827871e-01   2.774244e-04   6.569463e-03   1008
  6.840568e-01   1.507014e-01   1.241010e-04   8.163747e-03   456
  6.850930e-01   2.028050e-01   1.607553e-04   9.197047e-03   576
  6.860509e-01   2.181780e-01   2.470177e-04   1.122094e-02   612
  6.873140e-01   1.966437e-01   2.206269e-04   7.386553e-03   780
  6.883444e-01   2.092347e-01   2.528284e-04   1.165158e-02   648
  6.893992e-01   1.945821e-01   1.178213e-04   1.322503e-02   312
  6.900734e-01   1.675733e-01   2.993645e-04   8.696642e-03   528
  6.912414e-01   1.602885e-01   3.909551e-04   6.756588e-03   720
  6.923583e-01   1.925355e-01   3.921794e-04   1.012751e-02   576
  6.937124e-01   2.085894e-01   3.383053e-04   1.186207e-02   444
  6.945549e-01   1.864971e-01   3.317685e-04   6.917427e-03   996
  6.955874e-01   1.903305e-01   2.771265e-04   9.295379e-03   432
  6.965633e-01   1.987458e-01   3.033990e-04   9.491069e-03   504
  6.974062e-01   1.355972e-01   1.367883e-04   6.485538e-03   504
  6.986065e-01   1.934329e-01   2.692009e-04   6.772183e-03   876
  6.996926e-01   1.652196e-01   3.098246e-04   8.483675e-03   504
  7.008236e-01   1.848782e-01   1.975899e-04   8.144102e-03   696
  7.017583e-01   1.702580e-01   1.689187e-04   8.377967e-03   492
  7.030300e-01   1.797622e-01   2.418152e-04   9.176490e-03   432
  7.039719e-01   2.060073e-01   2.264335e-04   8.040819e-03   768
  7.050885e-01   1.685476e-01   2.820533e-04   9.683144e-03   648
  7.061547e-01   1.659443e-01   1.840095e-04   1.070871e-02   456
  7.073798e-01   1.988625e-01   2.530430e-04   9.529110e-03   552
  7.082306e-01   1.736206e-01   1.734358e-04   7.669501e-03   648
  7.094016e-01   1.614597e-01   2.826907e-04   5.641086e-03   840
  7.105454e-01   1.716421e-01   1.348092e-04   7.957746e-03   432
  7.116906e-01   1.905243e-01   1.651183e-04   9.125975e-03   600
  7.124870e-01   1.712850e-01   1.759227e-04   8.633347e-03   432
  7.138248e-01   1.761519e-01   1.751482e-04   7.595378e-03   560
  7.147308e-01   1.633837e-01   2.772412e-04   5.808648e-03   840
  7.158652e-01   1.969219e-01   1.642140e-04   9.244776e-03   504
  7.167662e-01   1.643487e-01   3.351509e-04   6.613873e-03   696
  7.180362e-01   2.164919e-01   1.830475e-04   1.368154e-02   384
  7.190254e-01   1.718176e-01   2.681431e-04   7.499082e-03   576
  7.202219e-01   1.760056e-01   1.654845e-04   9.528833e-03   360
  7.211864e-01   1.652553e-01   2.464465e-04   6.218239e-03   828
  7.222268e-01   1.701636e-01   2.195064e-04   9.228060e-03   372
  7.231800e-01   1.620214e-01   3.352284e-04   7.582692e-03   576
  7.244428e-01   1.787410e-01   1.403933e-04   7.995496e-03   636
  7.253425e-01   1.666802e-01   2.706420e-04   6.378693e-03   648
  7.265596e-01   1.614083e-01   2.200024e-04   7.200215e-03   576
  7.274333e-01   1.557832e-01   3.548870e-04   8.191272e-03   528
  7.285953e-01   1.825821e-01   1.517289e-04   1.284111e-02   360
  7.295571e-01   1.527385e-01   3.490332e-04   6.522277e-03   672
  7.308130e-01   1.898977e-01   1.787806e-04   6.837897e-03   804
  7.318582e-01   1.629098e-01   1.972163e-04   8.380410e-03   408
  7.330145e-01   1.685442e-01   1.219011e-04   9.189976e-03   384
  7.337931e-01   1.531348e-01   2.789567e-04   7.992660e-03   480
  7.348913e-01   1.805549e-01   1.802469e-04   8.543057e-03   432
  7.359446e-01   1.861490e-01   3.321566e-04   6.970625e-03   648
  7.371913e-01   1.569230e-01   2.061016e-04   6.382179e-03   624
  7.381033e-01   1.684566e-01   1.874668e-04   8.635730e-03   456
  7.393486e-01   1.548290e-01   2.560963e-04   6.508809e-03   588
  7.401831e-01   1.669311e-01   1.633884e-04   7.177545e-03   600
  7.414016e-01   1.667296e-01   2.548458e-04   7.522181e-03   708
  7.423640e-01   1.941603e-01   1.605479e-04   1.112636e-02   360
  7.434275e-01   1.565852e-01   1.845541e-04   6.767255e-03   552
  7.444470e-01   1.478095e-01   1.294691e-04   9.679756e-03   288
  7.454820e-01   1.491082e-01   2.434372e-04   7.357930e-03   528
  7.464545e-01   1.616481e-01   1.642340e-04   6.747022e-03   456
  7.475410e-01   1.593002e-01   2.912225e-04   6.666202e-03   608
  7.486338e-01   1.439560e-01   1.408967e-04   7.721406e-03   504
  7.498278e-01   1.442668e-01   3.024972e-04   6.306376e-03   540
  7.507642e-01   1.645271e-01   3.247222e-04   8.819097e-03   360
  7.517735e-01   1.651001e-01   1.470509e-04   7.272649e-03   540
  7.526661e-01   1.487205e-01   1.262606e-04   6.807176e-03   576
  7.539642e-01   1.616636e-01   2.927555e-04   7.395991e-03   588
  7.551985e-01   1.567045e-01   4.039143e-04   7.349630e-03   672
  7.562588e-01   1.519547e-01   3.087151e-04   7.356590e-03   552
  7.571135e-01   1.562371e-01   3.088712e-04   1.418967e-02   144
  7.582042e-01   1.836939e-01   2.624178e-04   9.052729e-03   600
  7.592383e-01   1.305005e-01   3.288668e-04   6.158199e-03   504
  7.603860e-01   1.890751e-01   3.378126e-04   1.068073e-02   336
  7.615932e-01   1.500375e-01   3.797028e-04   6.006485e-03   600
  7.626744e-01   1.518255e-01   2.450478e-04   6.932055e-03   636
  7.638413e-01   1.571248e-01   1.970206e-04   7.842471e-03   384
  7.646595e-01   1.784055e-01   2.748205e-04   7.996066e-03   504
  7.658387e-01   1.557805e-01   1.153383e-04   1.130376e-02   240
  7.667694e-01   1.690410e-01   2.709461e-04   6.686237e-03   744
  7.678860e-01   1.414974e-01   1.850150e-04   5.971401e-03   648
  7.688783e-01   1.770773e-01   1.228185e-04   1.739981e-02   120
  7.700414e-01   1.603879e-01   1.929319e-04   7.123154e-03   564
  7.709202e-01   1.664506e-01   3.030111e-04   8.181797e-03   432
  7.720932e-01   1.572656e-01   2.351965e-04   7.266508e-03   480
  7.729764e-01   1.422975e-01   1.731106e-04   7.239940e-03   456
  7.740189e-01   1.510021e-01   2.864725e-04   6.854625e-03   444
  7.752020e-01   1.394274e-01   4.383180e-04   6.611159e-03   528
  7.762412e-01   1.406314e-01   3.255297e-04   8.076243e-03   264
  7.772498e-01   1.593655e-01   3.336195e-04   7.832633e-03   444
  7.786065e-01   1.573404e-01   3.654311e-04   6.364525e-03   696
  7.797327e-01   1.673140e-01   1.954448e-04   1.011085e-02   384
  7.805563e-01   1.560962e-01   2.469609e-04   8.359222e-03   432
  7.818373e-01   1.473955e-01   1.706384e-04   6.865020e-03   488
  7.826690e-01   1.525807e-01   2.571733e-04   7.041821e-03   480
  7.838749e-01   1.415943e-01   2.868014e-04   6.261283e-03   480
  7.848089e-01   1.597650e-01   1.203331e-04   8.975906e-03   240
  7.858692e-01   1.575958e-01   2.810886e-04   7.798767e-03   600
  7.868694e-01   1.386454e-01   2.449399e-04   9.395362e-03   288
  7.879343e-01   1.664860e-01   2.356143e-04   9.214929e-03   480
  7.890129e-01   1.424324e-01   4.191157e-04   6.900765e-03   504
  7.900748e-01   1.562376e-01   1.798267e-04   1.060750e-02   216
  7.914291e-01   1.718960e-01   2.944050e-04   7.458978e-03   504
  7.924838e-01   1.648829e-01   2.367912e-04   9.203136e-03   456
  7.936384e-01   1.551900e-01   1.358038e-04   8.579087e-03   384
  7.944031e-01   1.736941e-01   2.756326e-04   8.042976e-03   480
  7.954897e-01   1.433894e-01   2.420363e-04   7.823797e-03   504
  7.964966e-01   1.575340e-01   1.535327e-04   9.068708e-03   312
  7.975815e-01   1.547421e-01   2.474127e-04   8.243225e-03   492
  7.985417e-01   1.757404e-01   2.318919e-04   1.139224e-02   312
  7.997779e-01   1.459140e-01   3.766899e-04   5.704895e-03   576
  8.008661e-01   1.785472e-01   3.477153e-04   1.265011e-02   336
  8.017699e-01   1.518045e-01   2.677247e-04   1.080860e-02   240
  8.030228e-01   1.891130e-01   3.549351e-04   9.026275e-03   468
  8.041047e-01   1.932358e-01   2.222407e-04   1.456693e-02   192
  8.052370e-01   1.707125e-01   2.229031e-04   1.095853e-02   324
  8.060669e-01   1.523946e-01   1.617794e-04   6.747285e-03   600
  8.071978e-01   1.874953e-01   2.624704e-04   9.049621e-03   456
  8.080377e-01   1.602065e-01   1.180592e-04   9.554156e-03   336
  8.094297e-01   1.621824e-01   3.535027e-04   7.590749e-03   612
  8.104424e-01   1.351399e-01   2.966749e-04   1.375488e-02   144
  8.114002e-01   1.818833e-01   3.462957e-04   7.861018e-03   552
  8.127025e-01   1.244339e-01   1.363755e-04   7.308071e-03   264
  8.134384e-01   1.615761e-01   3.157441e-04   8.851428e-03   336
  8.145992e-01   1.483856e-01   2.086329e-04   6.951551e-03   384
  8.156059e-01   1.638414e-01   1.174397e-04   1.047610e-02   216
  8.167203e-01   1.614135e-01   2.489964e-04   8.252913e-03   344
  8.177364e-01   1.552911e-01   3.715143e-04   8.360083e-03   408
  8.189746e-01   1.353378e-01   2.854845e-04   1.067843e-02   264
  8.200718e-01   1.669316e-01   3.979796e-04   8.097593e-03   612
  8.211681e-01   1.995148e-01   2.048307e-04   9.747434e-03   408
  8.222956e-01   1.694442e-01   2.051251e-04   1.038072e-02   444
  8.231239e-01   2.051289e-01   1.147249e-04   1.840261e-02   120
  8.242338e-01   1.876930e-01   3.169640e-04   1.151147e-02   336
  8.250576e-01   1.606606e-01   1.101437e-04   9.362846e-03   288
  8.261708e-01   1.634469e-01   3.427692e-04   8.267325e-03   552
  8.277012e-01   2.115787e-01   0.000000e+00   2.137484e-02   72
  8.284882e-01   1.490550e-01   3.404572e-04   7.715885e-03   504
  8.294074e-01   1.211795e-01   1.095558e-04   7.553518e-03   216
  8.305983e-01   1.655937e-01   1.956043e-04   1.130485e-02   312
  8.316675e-01   1.575545e-01   2.227263e-04   8.759351e-03   336
  8.326865e-01   1.301713e-01   3.087236e-04   1.010077e-02   204
  8.337014e-01   1.495523e-01   3.587838e-04   7.193792e-03   504
  8.347777e-01   1.992590e-01   3.416652e-04   1.079485e-02   396
  8.358127e-01   1.793779e-01   3.133249e-04   1.373685e-02   312
  8.370674e-01   1.796621e-01   1.914750e-04   1.239027e-02   216
  8.379516e-01   1.485854e-01   1.039172e-04   1.436914e-02   168
  8.390260e-01   1.768166e-01   2.623966e-04   8.071021e-03   588
  8.402521e-01   1.131272e-01   3.561727e-04   7.121644e-03   240
  8.412047e-01   1.482402e-01   3.145601e-04   1.108626e-02   264
  8.423219e-01   1.678564e-01   3.890183e-04   1.114286e-02   288
  8.433131e-01   1.548976e-01   1.942596e-04   1.072563e-02   288
  8.445693e-01   1.435220e-01   1.824406e-04   1.006215e-02   288
  8.454153e-01   1.417620e-01   2.113423e-04   1.068417e-02   192
  8.464795e-01   1.225424e-01   2.248894e-04   8.913234e-03   264
  8.474933e-01   2.098520e-01   3.699119e-04   1.193285e-02   372
  8.485844e-01   1.827398e-01   3.995208e-04   1.159643e-02   360
  8.499161e-01   1.761743e-01   1.690810e-04   1.726624e-02   144
  8.506044e-01   1.592725e-01   2.348461e-04   1.076159e-02   296
  8.516909e-01   1.405940e-01   2.530345e-04   9.540075e-03   288
  8.529347e-01   1.429444e-01   3.781537e-04   6.615516e-03   480
  8.540076e-01   1.307010e-01   3.142096e-04   9.877692e-03   192
  8.550509e-01   1.767449e-01   3.370327e-04   1.644058e-02   192
  8.559992e-01   1.408461e-01   2.147949e-04   8.854974e-03   288
  8.573180e-01   1.244438e-01   1.869760e-04   1.255420e-02   108
  8.579823e-01   1.955634e-01   1.797545e-04   1.209392e-02   240
  8.591554e-01   1.286654e-01   3.353363e-04   7.444099e-03   384
  8.603605e-01   1.521271e-01   4.090722e-04   1.620598e-02   108
  8.614261e-01   2.302878e-01   2.398466e-04   1.349718e-02   348
  8.625466e-01   1.686212e-01   2.503134e-04   1.248793e-02   312
  8.635474e-01   1.436617e-01   2.432319e-04   1.555208e-02   96
  8.644677e-01   1.603963e-01   3.238194e-04   9.532837e-03   384
  8.654984e-01   1.422704e-01   2.227222e-04   1.224332e-02   144
  8.665066e-01   1.653086e-01   3.422225e-04   8.344966e-03   408
  8.677598e-01   1.382361e-01   1.526554e-04   1.136846e-02   144
  8.689437e-01   1.710352e-01   2.934816e-04   1.619837e-02   192
  8.696459e-01   1.918881e-01   3.303190e-04   1.515983e-02   144
  8.707904e-01   1.322083e-01   2.685615e-04   1.129924e-02   144
  8.718702e-01   1.750318e-01   3.282257e-04   1.071278e-02   336
  8.731927e-01   1.191185e-01   2.428454e-04   9.877361e-03   240
  8.740312e-01   1.694504e-01   1.102739e-04   1.783104e-02   96
  8.752007e-01   2.087264e-01   3.233803e-04   1.439126e-02   372
  8.763838e-01   1.354511e-01   3.846540e-04   1.228585e-02   132
  8.774230e-01   1.353946e-01   2.380193e-04   8.865948e-03   264
  8.783527e-01   1.650068e-01   1.827880e-04   1.232714e-02   168
  8.793449e-01   1.699696e-01   2.922429e-04   1.263677e-02   216
  8.802213e-01   1.650087e-01   1.787978e-04   1.439113e-02   216
  8.814979e-01   1.648293e-01   3.280196e-04   1.755401e-02   96
  8.826561e-01   1.709762e-01   2.140028e-04   1.898824e-02   120
  8.837183e-01   1.265527e-01   2.720578e-04   7.591674e-03   216
  8.845934e-01   1.485539e-01   1.188902e-04   1.201687e-02   200
  8.857519e-01   1.574716e-01   3.077557e-04   1.127960e-02   288
  8.872378e-01   1.206007e-01   8.097649e-05   1.138604e-02   144
  8.878635e-01   1.714450e-01   2.519939e-04   1.281251e-02   168
  8.891412e-01   1.880249e-01   2.835956e-04   1.590665e-02   159
  8.901386e-01   1.312528e-01   2.975600e-04   8.386016e-03   174
  8.911039e-01   1.197360e-01   2.698170e-04   9.269967e-03   144
  8.923678e-01   1.629393e-01   1.557998e-04   1.190066e-02   222
  8.932131e-01   1.433967e-01   1.572158e-04   1.420407e-02   168
  8.946732e-01   3.504756e-01   3.448346e-04   4.809867e-02   30
  8.952763e-01   1.063696e-01   3.044637e-04   1.081093e-02   72
  8.964123e-01   1.551873e-01   2.717302e-04   1.020876e-02   258
  8.976612e-01   1.318533e-01   1.701916e-04   8.035127e-03   264
  8.982857e-01   1.504483e-01   1.835347e-08   1.947372e-02   72
  8.995871e-01   1.363992e-01   3.373270e-04   1.038507e-02   174
  9.007654e-01   1.318295e-01   3.591909e-04   1.023565e-02   168
  9.017127e-01   1.273218e-01   1.123916e-08   2.096718e-02   48
  9.027297e-01   1.315261e-01   2.028435e-04   1.044237e-02   150
  9.039088e-01   1.495192e-01   3.731453e-04   9.895267e-03   168
  9.050911e-01   1.173015e-01   2.273028e-04   1.022050e-02   144
  9.061784e-01   1.843964e-01   2.123525e-04   1.857096e-02   102
  9.069882e-01   9.761436e-02   3.143182e-04   8.954982e-03   96
  9.082731e-01   1.349953e-01   3.119397e-04   1.217411e-02   120
  9.092246e-01   1.134976e-01   3.345635e-04   8.084191e-03   168
  9.102538e-01   1.674670e-01   2.470487e-04   1.450132e-02   126
  9.111308e-01   1.481170e-01   1.863241e-04   1.203591e-02   168
  9.123389e-01   7.749376e-02   2.987709e-04   8.153439e-03   72
  9.133947e-01   1.316152e-01   3.741278e-04   1.005111e-02   168
  9.143196e-01   1.252531e-01   1.025668e-04   1.534154e-02   78
  9.155870e-01   9.676768e-02   1.684070e-04   1.078142e-02   60
  9.166075e-01   1.723068e-01   2.731835e-04   1.658330e-02   96
  9.176659e-01   1.379956e-01   3.314854e-04   1.019438e-02   168
  9.186605e-01   1.025131e-01   2.097511e-04   9.178591e-03   86
  9.197042e-01   8.222458e-02   1.874678e-04   7.562796e-03   120
  9.212002e-01   1.290673e-01   1.336894e-04   9.521862e-03   168
  9.220069e-01   1.066864e-01   0.000000e+00   1.249224e-02   48
  9.230934e-01   1.506713e-01   2.435676e-04   1.231455e-02   120
  9.237177e-01   1.342941e-01   1.776924e-04   9.619711e-03   126
  9.252418e-01   1.207773e-01   3.125113e-04   1.390580e-02   96
  9.262310e-01   1.499275e-01   9.011285e-05   1.428424e-02   96
  9.270111e-01   1.169256e-01   1.059638e-08   1.069539e-02   72
  9.286731e-01   1.822176e-01   1.123916e-08   3.104582e-02   24
  9.297104e-01   1.031169e-01   1.854501e-04   1.102838e-02   120
  9.305196e-01   1.486860e-01   2.705147e-04   1.362445e-02   126
  9.314194e-01   1.279536e-01   2.255107e-04   1.471886e-02   96
  9.324708e-01   8.195626e-02   3.897482e-04   9.754538e-03   72
  9.336415e-01   1.490160e-01   1.685792e-04   1.235556e-02   144
  9.346046e-01   1.008628e-01   9.723254e-05   1.078691e-02   72
  9.355666e-01   1.176210e-01   1.942081e-04   1.452737e-02   54
  9.364132e-01   1.346752e-01   1.711436e-04   1.185989e-02   108
  9.381728e-01   1.045622e-01   1.677650e-04   1.048363e-02   72
  9.387206e-01   1.210787e-01   9.680617e-05   1.482924e-02   72
  9.400202e-01   1.451750e-01   1.946680e-08   1.871676e-02   24
  9.412498e-01   1.245712e-01   2.047976e-04   1.614752e-02   48
  9.419964e-01   1.318532e-01   1.560029e-04   1.311257e-02   102
  9.431203e-01   1.256390e-01   3.528137e-04   9.719959e-03   168
  9.445889e-01   1.402316e-01   1.924163e-04   1.589067e-02   72
  9.451330e-01   1.282255e-01   0.000000e+00   2.202599e-02   48
  9.462744e-01   1.558390e-01   3.309678e-04   1.364125e-02   120
  9.477807e-01   1.349493e-01   2.033864e-04   1.101907e-02   96
  9.492033e-01   1.981741e-01   1.798266e-08   2.684080e-02   30
  9.508942e-01   1.298010e-01   9.555995e-05   1.395612e-02   72
  9.516372e-01   2.021926e-01   1.123916e-08   3.316524e-02   24
  9.525916e-01   1.222672e-01   1.416435e-04   1.603195e-02   56
  9.536606e-01   1.254494e-01   2.021324e-04   1.221130e-02   96
  9.549399e-01   1.737963e-01   2.232036e-04   1.308181e-02   144
  9.559263e-01   1.525223e-01   1.267263e-04   1.642066e-02   54
  9.573592e-01   1.733477e-01   1.898493e-04   1.594198e-02   108
  9.588012e-01   1.268625e-01   1.005243e-04   1.341003e-02   48
  9.601739e-01   1.446499e-01   3.785063e-04   1.755378e-02   72
  9.634680e-01   1.468134e-01   2.500803e-04   1.623954e-02   78
  9.643808e-01   1.283289e-01   1.884669e-04   1.425436e-02   72
  9.654462e-01   1.275224e-01   1.882329e-04   1.465877e-02   72
  9.665603e-01   1.712795e-01   4.542266e-04   1.432294e-02   96
  9.674408e-01   1.297649e-01   1.878449e-04   1.337347e-02   72
  9.685029e-01   1.360486e-01   0.000000e+00   3.079752e-02   24
  9.695638e-01   1.354704e-01   3.748416e-04   1.823839e-02   72
  9.719599e-01   1.199903e-01   2.380359e-04   1.991086e-02   30
  9.724755e-01   1.341114e-01   0.000000e+00   2.705995e-02   24
  9.752466e-01   1.223902e-01   1.976584e-04   1.561805e-02   48
  9.761159e-01   1.447632e-01   4.253608e-04   1.303411e-02   120
  9.772870e-01   1.281804e-01   1.859776e-04   1.370856e-02   72
  9.784697e-01   1.388734e-01   1.857528e-04   1.474291e-02   36
  9.792826e-01   1.086136e-01   3.671339e-04   1.309203e-02   78
  9.815513e-01   1.882577e-01   1.963888e-04   2.220400e-02   48
  9.844928e-01   1.718874e-01   1.589457e-08   3.469226e-02   24
  9.865884e-01   1.716498e-01   1.367612e-04   1.611159e-02   56
  9.876436e-01   1.423337e-01   2.104496e-04   1.451341e-02   102
  9.889860e-01   1.500714e-01   1.498555e-08   1.956652e-02   72
  9.897653e-01   2.594214e-01   1.123916e-08   4.534671e-02   24
  9.911277e-01   1.505971e-01   1.944913e-04   1.537598e-02   48
  9.936528e-01   1.116821e-01   0.000000e+00   1.454820e-02   24
  9.967520e-01   1.784364e-01   0.000000e+00   6.631693e-02   6
  9.977185e-01   9.989930e-02   0.000000e+00   1.622287e-02   24
  9.983623e-01   1.670002e-01   1.820511e-04   2.082654e-02   72
  9.995384e-01   1.914030e-01   3.396336e-04   1.924256e-02   84
  1.000805e+00   1.610192e-01   0.000000e+00   3.220096e-02   24
  1.001190e+00   1.139048e-01   1.589457e-08   1.865445e-02   24
  1.003114e+00   1.374504e-01   1.946680e-08   2.925184e-02   24
  1.005800e+00   1.824745e-01   0.000000e+00   5.041327e-02   6
  1.009244e+00   2.099085e-01   1.910001e-04   2.107339e-02   48
  1.010072e+00   1.554874e-01   3.598129e-04   1.717958e-02   72
  1.011152e+00   1.543725e-01   1.906396e-04   1.770518e-02   48
  1.012867e+00   2.066175e-01   0.000000e+00   3.256049e-02   24
  1.015148e+00   1.016376e-01   0.000000e+00   4.418912e-03   6
  1.020262e+00   7.230941e-02   0.000000e+00   1.502262e-02   8
  1.020640e+00   1.840773e-01   1.123916e-08   2.680359e-02   48
  1.021546e+00   2.091303e-01   1.848806e-04   3.617267e-02   60
  1.022904e+00   1.428721e-01   0.000000e+00   2.149804e-02   24
  1.024787e+00   1.394414e-01   0.000000e+00   2.768970e-02   6
  1.031723e+00   2.086831e-01   0.000000e+00   4.068861e-02   24
  1.032283e+00   2.440021e-01   1.867372e-04   3.484553e-02   48
  1.033217e+00   1.536104e-01   0.000000e+00   2.912890e-02   24
  1.034708e+00   2.000100e-01   0.000000e+00   3.091081e-02   6
  1.043181e+00   1.299193e-01   1.742080e-04   2.211438e-02   36
  1.043797e+00   1.801688e-01   0.000000e+00   2.118342e-02   24
  1.044904e+00   4.747899e-01   0.000000e+00   6.509606e-02   6
  1.054545e+00   1.237814e-01   1.583190e-04   2.051567e-02   32
  1.055367e+00   1.412013e-01   0.000000e+00   1.101046e-02   6
  1.065728e+00   2.514962e-01   0.000000e+00   6.071035e-02   12
  1.066089e+00   1.142219e-01   0.000000e+00   3.291578e-02   6
  1.077063e+00   3.793255e-01   0.000000e+00   1.092516e-01   6
