# power spectrum of delta
# redshift z=9.995300
# k              Pk             sigma(k)       sigma(Pk)      count
  1.963495e-02   7.672761e-05   0.000000e+00   3.093404e-05   6
  2.776802e-02   1.246256e-04   0.000000e+00   2.488459e-05   12
  3.400874e-02   1.601065e-04   3.725290e-10   3.285032e-05   8
  3.926991e-02   7.879668e-04   0.000000e+00   8.482138e-05   6
  4.390509e-02   7.278536e-04   7.024475e-10   2.320568e-04   24
  4.809562e-02   1.327592e-03   7.024475e-10   2.257279e-04   24
  5.553604e-02   8.937495e-04   0.000000e+00   4.006569e-04   12
  5.890486e-02   1.243993e-03   7.947286e-10   2.251523e-04   30
  6.209118e-02   1.888088e-03   0.000000e+00   4.142149e-04   24
  6.512178e-02   1.967994e-03   1.216675e-09   4.897978e-04   24
  6.801748e-02   2.553271e-03   7.450581e-10   5.118782e-04   8
  7.079483e-02   2.474770e-03   9.934107e-10   3.125674e-04   24
  7.346727e-02   2.576579e-03   0.000000e+00   3.647555e-04   48
  7.853982e-02   3.800667e-03   0.000000e+00   1.671950e-03   6
  8.095699e-02   3.179276e-03   9.934107e-10   4.477462e-04   48
  8.330406e-02   3.192746e-03   9.365966e-10   3.376371e-04   36
  8.558678e-02   4.757603e-03   9.934107e-10   1.005640e-03   24
  8.781018e-02   3.030772e-03   1.404895e-09   5.089979e-04   24
  8.997866e-02   2.834348e-03   0.000000e+00   3.801164e-04   48
  9.209610e-02   4.381734e-03   1.404895e-09   6.223576e-04   24
  9.619124e-02   4.062536e-03   1.404895e-09   6.292291e-04   24
  9.817477e-02   2.828931e-03   0.000000e+00   4.685803e-04   30
  1.001190e-01   3.267843e-03   0.000000e+00   3.550779e-04   72
  1.020262e-01   3.448879e-03   1.490116e-09   7.135828e-04   32
  1.057375e-01   4.803246e-03   0.000000e+00   5.543126e-04   72
  1.075451e-01   3.187975e-03   0.000000e+00   4.673296e-04   48
  1.110721e-01   1.776512e-03   0.000000e+00   5.252501e-04   12
  1.127942e-01   3.753196e-03   0.000000e+00   5.569526e-04   48
  1.144905e-01   3.441318e-03   0.000000e+00   3.302213e-04   48
  1.161620e-01   4.774365e-03   1.404895e-09   6.117419e-04   48
  1.178097e-01   6.071609e-03   1.589457e-09   1.065526e-03   30
  1.194348e-01   6.234927e-03   0.000000e+00   1.391500e-03   24
  1.210380e-01   6.389537e-03   2.961779e-09   6.623710e-04   72
  1.241824e-01   4.088960e-03   0.000000e+00   7.881232e-04   24
  1.257251e-01   6.196869e-03   0.000000e+00   6.003115e-04   96
  1.272490e-01   4.916559e-03   0.000000e+00   6.757456e-04   48
  1.287550e-01   4.203239e-03   2.433349e-09   1.010253e-03   24
  1.302436e-01   3.275414e-03   2.433349e-09   6.862475e-04   24
  1.317153e-01   7.904982e-03   0.000000e+00   9.495147e-04   72
  1.331707e-01   6.403098e-03   0.000000e+00   9.791142e-04   48
  1.360350e-01   5.281724e-03   1.490116e-09   1.522915e-03   8
  1.374447e-01   8.855044e-03   1.766064e-09   1.099226e-03   54
  1.388401e-01   5.769286e-03   0.000000e+00   9.609091e-04   84
  1.402216e-01   7.129307e-03   0.000000e+00   1.033093e-03   48
  1.415897e-01   4.309969e-03   1.986821e-09   7.500891e-04   24
  1.429446e-01   5.923000e-03   2.649095e-09   6.832324e-04   72
  1.442869e-01   7.880200e-03   0.000000e+00   9.052504e-04   96
  1.469345e-01   1.047604e-02   0.000000e+00   1.145802e-03   48
  1.482407e-01   6.075391e-03   0.000000e+00   5.938073e-04   48
  1.495354e-01   5.629241e-03   0.000000e+00   1.103876e-03   24
  1.508189e-01   6.209398e-03   0.000000e+00   6.835918e-04   72
  1.533539e-01   6.334959e-03   0.000000e+00   7.515671e-04   72
  1.546058e-01   6.447334e-03   0.000000e+00   7.328163e-04   96
  1.570796e-01   1.101668e-02   0.000000e+00   4.789352e-03   6
  1.583021e-01   7.743644e-03   0.000000e+00   7.939410e-04   96
  1.595151e-01   8.155186e-03   1.986821e-09   8.765571e-04   96
  1.607190e-01   4.974442e-03   0.000000e+00   1.196577e-03   24
  1.619140e-01   6.148583e-03   1.986821e-09   7.072732e-04   48
  1.631002e-01   6.453047e-03   0.000000e+00   6.516078e-04   96
  1.642778e-01   6.693386e-03   0.000000e+00   9.419592e-04   48
  1.666081e-01   6.689169e-03   1.873193e-09   1.136393e-03   36
  1.677611e-01   6.843724e-03   3.441276e-09   8.583343e-04   48
  1.689063e-01   7.620878e-03   3.893359e-09   6.767617e-04   120
  1.700437e-01   6.787481e-03   0.000000e+00   9.067595e-04   56
  1.711736e-01   3.721581e-03   1.986821e-09   6.733946e-04   24
  1.722960e-01   5.630484e-03   0.000000e+00   5.050380e-04   96
  1.734112e-01   6.027797e-03   0.000000e+00   7.605232e-04   48
  1.756204e-01   8.430758e-03   2.809790e-09   1.553143e-03   24
  1.767146e-01   8.608702e-03   0.000000e+00   8.818128e-04   102
  1.778021e-01   1.015168e-02   1.986821e-09   1.563196e-03   48
  1.788829e-01   8.678935e-03   0.000000e+00   8.783361e-04   72
  1.799573e-01   7.965112e-03   0.000000e+00   7.906159e-04   48
  1.810253e-01   9.461307e-03   0.000000e+00   1.726671e-03   48
  1.820871e-01   7.818431e-03   4.495664e-09   7.354357e-04   120
  1.841922e-01   1.046654e-02   2.809790e-09   1.660211e-03   24
  1.852358e-01   7.011641e-03   2.649095e-09   5.920677e-04   144
  1.862735e-01   7.163080e-03   3.178914e-09   7.280898e-04   120
  1.873055e-01   6.659630e-03   2.809790e-09   9.492941e-04   48
  1.893526e-01   8.862694e-03   2.809790e-09   1.204442e-03   48
  1.903679e-01   7.275058e-03   2.809790e-09   7.127209e-04   96
  1.930487e-01   9.235198e-03   4.711199e-04   1.078188e-03   72
  1.943761e-01   7.661404e-03   2.497591e-09   5.861076e-04   108
  1.953653e-01   8.631490e-03   0.000000e+00   9.013714e-04   72
  1.963495e-01   5.843653e-03   0.000000e+00   1.251603e-03   30
  1.973288e-01   9.355981e-03   0.000000e+00   7.101571e-04   168
  1.983033e-01   1.084744e-02   0.000000e+00   1.282318e-03   48
  2.002380e-01   6.842029e-03   0.000000e+00   8.337192e-04   72
  2.011984e-01   9.490015e-03   0.000000e+00   9.398820e-04   96
  2.021542e-01   8.738222e-03   5.298191e-09   1.352667e-03   72
  2.031055e-01   9.929274e-03   0.000000e+00   1.064140e-03   72
  2.047049e-01   9.824629e-03   4.350048e-04   7.719760e-04   104
  2.059331e-01   8.947107e-03   3.746387e-09   6.678387e-04   144
  2.087224e-01   6.505846e-03   6.282881e-09   6.310410e-04   96
  2.096439e-01   6.313543e-03   0.000000e+00   6.651170e-04   96
  2.111095e-01   9.225617e-03   4.475232e-04   8.471273e-04   120
  2.123845e-01   7.924544e-03   0.000000e+00   6.924879e-04   120
  2.132902e-01   9.943572e-03   0.000000e+00   1.098097e-03   72
  2.150901e-01   1.071046e-02   0.000000e+00   1.421133e-03   48
  2.159845e-01   1.030962e-02   4.890638e-09   1.272249e-03   78
  2.171286e-01   1.087560e-02   4.007142e-04   8.644430e-04   168
  2.195255e-01   1.011024e-02   4.588368e-09   8.591129e-04   144
  2.204018e-01   1.178026e-02   3.746387e-09   8.543279e-04   144
  2.229436e-01   9.788020e-03   2.307791e-04   8.945845e-04   156
  2.238729e-01   8.133181e-03   4.866699e-09   1.654327e-03   48
  2.247323e-01   9.099236e-03   3.178914e-09   8.374892e-04   120
  2.255884e-01   6.262253e-03   0.000000e+00   6.750479e-04   48
  2.271022e-01   9.776202e-03   3.532495e-04   7.049296e-04   216
  2.289809e-01   7.112120e-03   0.000000e+00   8.497609e-04   48
  2.298212e-01   7.711284e-03   2.809790e-09   6.468731e-04   96
  2.310160e-01   8.964727e-03   4.128272e-04   8.098967e-04   168
  2.323239e-01   7.090148e-03   2.809790e-09   1.024460e-03   48
  2.331522e-01   1.041342e-02   0.000000e+00   1.052113e-03   96
  2.339775e-01   8.634939e-03   0.000000e+00   1.562736e-03   48
  2.356194e-01   1.120347e-02   3.178914e-09   1.239535e-03   30
  2.364362e-01   7.802067e-03   0.000000e+00   6.439681e-04   96
  2.374123e-01   9.374618e-03   3.244455e-04   6.760330e-04   240
  2.386674e-01   1.585185e-02   3.500299e-04   2.339446e-03   32
  2.396752e-01   7.155815e-03   0.000000e+00   5.201575e-04   168
  2.404781e-01   8.190139e-03   0.000000e+00   8.004302e-04   120
  2.420760e-01   7.560993e-03   5.923557e-09   9.271679e-04   72
  2.428710e-01   1.094053e-02   2.649095e-09   1.021740e-03   144
  2.436634e-01   8.390567e-03   0.000000e+00   8.079426e-04   96
  2.444532e-01   1.035945e-02   0.000000e+00   8.319630e-04   96
  2.460253e-01   1.346186e-02   0.000000e+00   1.678727e-03   72
  2.468075e-01   8.795239e-03   3.973643e-09   8.932904e-04   96
  2.483647e-01   1.163983e-02   0.000000e+00   2.099931e-03   24
  2.491396e-01   1.038026e-02   0.000000e+00   7.254663e-04   192
  2.500522e-01   9.740799e-03   2.970416e-04   7.560563e-04   132
  2.514501e-01   1.087171e-02   0.000000e+00   9.005294e-04   96
  2.522156e-01   6.968432e-03   0.000000e+00   7.037448e-04   96
  2.529787e-01   9.337390e-03   3.178914e-09   7.343031e-04   120
  2.544981e-01   1.011388e-02   0.000000e+00   1.313514e-03   48
  2.557435e-01   8.062933e-03   3.599905e-04   4.867464e-04   222
  2.567603e-01   1.021511e-02   0.000000e+00   9.146161e-04   120
  2.575100e-01   8.487515e-03   4.866699e-09   1.790542e-03   24
  2.586015e-01   1.222401e-02   3.715625e-04   7.185571e-04   312
  2.609797e-01   1.343665e-02   3.483547e-04   1.421346e-03   72
  2.619630e-01   9.341709e-03   4.866699e-09   1.057758e-03   96
  2.629726e-01   1.164799e-02   3.547511e-04   9.588248e-04   192
  2.641613e-01   1.013149e-02   4.495664e-09   1.105075e-03   120
  2.648900e-01   1.023831e-02   0.000000e+00   9.658681e-04   144
  2.663415e-01   1.006187e-02   0.000000e+00   1.398061e-03   48
  2.673732e-01   9.328018e-03   3.567146e-04   5.901816e-04   336
  2.685040e-01   1.030332e-02   0.000000e+00   1.203363e-03   48
  2.699360e-01   1.003701e-02   0.000000e+00   9.575972e-04   192
  2.706492e-01   8.616910e-03   0.000000e+00   1.015621e-03   48
  2.726764e-01   9.196839e-03   2.476067e-04   1.106314e-03   56
  2.736844e-01   1.007398e-02   3.180112e-04   5.663354e-04   336
  2.748894e-01   1.012515e-02   3.532127e-09   1.622195e-03   54
  2.759390e-01   9.810162e-03   3.492904e-04   6.335192e-04   240
  2.781181e-01   1.025530e-02   3.344484e-04   8.499893e-04   228
  2.790651e-01   1.074850e-02   3.746387e-09   1.382491e-03   72
  2.799844e-01   1.141205e-02   3.244231e-04   8.500981e-04   144
  2.811298e-01   1.034475e-02   0.000000e+00   9.798380e-04   96
  2.818146e-01   9.937272e-03   4.495664e-09   6.908352e-04   240
  2.831793e-01   7.646493e-03   3.973643e-09   1.267784e-03   24
  2.840530e-01   1.048609e-02   3.064151e-04   5.939597e-04   336
  2.852142e-01   7.729417e-03   0.000000e+00   8.808232e-04   72
  2.862741e-01   1.223463e-02   3.332831e-04   9.276442e-04   168
  2.872346e-01   9.224224e-03   0.000000e+00   9.491170e-04   72
  2.885737e-01   1.397045e-02   0.000000e+00   1.418318e-03   96
  2.896108e-01   9.046624e-03   3.307829e-04   6.445463e-04   216
  2.905708e-01   7.712616e-03   0.000000e+00   5.976163e-04   96
  2.918946e-01   9.751530e-03   3.973643e-09   6.399632e-04   192
  2.925542e-01   9.893664e-03   3.746387e-09   7.544045e-04   144
  2.938691e-01   8.211421e-03   0.000000e+00   1.013301e-03   48
  2.947794e-01   1.068481e-02   3.189136e-04   7.821053e-04   246
  2.960164e-01   1.300766e-02   2.940434e-04   1.025426e-03   168
  2.971308e-01   1.070462e-02   7.786718e-09   1.361169e-03   120
  2.977788e-01   8.943290e-03   0.000000e+00   6.612951e-04   240
  2.990707e-01   7.856595e-03   0.000000e+00   1.636587e-03   24
  3.001001e-01   9.946976e-03   3.147475e-04   5.883572e-04   360
  3.013820e-01   1.206364e-02   3.134082e-04   1.005193e-03   120
  3.022763e-01   1.071339e-02   0.000000e+00   9.034690e-04   144
  3.029133e-01   1.296803e-02   0.000000e+00   1.133628e-03   96
  3.048165e-01   1.084711e-02   0.000000e+00   8.139015e-04   144
  3.054482e-01   1.274291e-02   0.000000e+00   1.147288e-03   132
  3.063360e-01   9.722293e-03   3.093292e-04   7.389867e-04   176
  3.076248e-01   1.036303e-02   3.123602e-04   5.884805e-04   312
  3.092116e-01   1.296229e-02   0.000000e+00   1.822374e-03   96
  3.098343e-01   8.800031e-03   0.000000e+00   8.086101e-04   144
  3.107899e-01   1.082535e-02   3.092271e-04   6.844373e-04   312
  3.123131e-01   1.065269e-02   0.000000e+00   1.121015e-03   48
  3.129297e-01   9.543038e-03   3.973643e-09   6.934009e-04   192
  3.141593e-01   5.903182e-03   0.000000e+00   1.772158e-03   6
  3.149762e-01   9.265497e-03   2.884066e-04   5.231351e-04   288
  3.162994e-01   1.003325e-02   3.047203e-04   7.821414e-04   192
  3.172124e-01   9.351590e-03   9.345130e-09   6.328679e-04   216
  3.178195e-01   1.112509e-02   0.000000e+00   1.573577e-03   72
  3.193321e-01   1.070643e-02   3.018264e-04   9.908809e-04   192
  3.203366e-01   1.215431e-02   2.241224e-04   8.119678e-04   288
  3.214381e-01   9.622330e-03   0.000000e+00   1.959274e-03   24
  3.222890e-01   1.093130e-02   2.952626e-04   5.987771e-04   456
  3.238280e-01   8.321905e-03   0.000000e+00   1.388133e-03   48
  3.247789e-01   1.082385e-02   2.908218e-04   7.816066e-04   240
  3.258718e-01   1.291895e-02   2.939082e-04   8.949411e-04   216
  3.267908e-01   9.685177e-03   0.000000e+00   1.161173e-03   72
  3.273801e-01   8.854187e-03   1.015467e-08   7.602619e-04   168
  3.290441e-01   1.088946e-02   2.184577e-04   7.285204e-04   288
  3.299773e-01   1.159302e-02   2.890570e-04   8.688593e-04   168
  3.314762e-01   1.204321e-02   0.000000e+00   1.007776e-03   192
  3.320572e-01   9.198734e-03   3.746387e-09   6.574068e-04   144
  3.332162e-01   1.512060e-02   3.746387e-09   1.953270e-03   36
  3.341991e-01   8.797202e-03   2.639705e-04   4.912694e-04   342
  3.351389e-01   1.025039e-02   2.710657e-04   1.011984e-03   144
  3.363470e-01   1.074143e-02   2.842800e-04   6.583159e-04   384
  3.378125e-01   1.255446e-02   7.786718e-09   1.261323e-03   120
  3.385379e-01   1.242340e-02   2.534951e-04   7.394404e-04   264
  3.395201e-01   1.029351e-02   1.256576e-08   7.882522e-04   192
  3.404451e-01   1.021213e-02   2.731894e-04   8.300988e-04   152
  3.412191e-01   1.015697e-02   7.492773e-09   9.994684e-04   144
  3.428472e-01   7.983561e-03   1.768108e-04   6.079555e-04   216
  3.436008e-01   1.201508e-02   2.362665e-04   6.975720e-04   312
  3.449274e-01   1.016984e-02   2.738281e-04   6.390337e-04   240
  3.457090e-01   1.100559e-02   3.973643e-09   1.076805e-03   96
  3.471927e-01   8.326428e-03   2.617995e-04   6.886467e-04   144
  3.481071e-01   1.051376e-02   2.573258e-04   5.518213e-04   456
  3.495904e-01   7.251473e-03   0.000000e+00   5.012082e-04   120
  3.501414e-01   9.297142e-03   0.000000e+00   8.997745e-04   144
  3.512407e-01   7.785316e-03   5.619580e-09   1.204908e-03   24
  3.519456e-01   9.714833e-03   2.473498e-04   5.138689e-04   336
  3.531645e-01   9.763807e-03   2.727931e-04   7.470339e-04   198
  3.543067e-01   1.117027e-02   2.652756e-04   7.301346e-04   432
  3.556041e-01   1.555989e-02   7.947286e-09   1.781103e-03   48
  3.562810e-01   1.306359e-02   2.341925e-04   7.468448e-04   384
  3.574963e-01   1.062137e-02   2.696052e-04   9.954041e-04   144
  3.585975e-01   1.435641e-02   2.676825e-04   1.160486e-03   264
  3.599147e-01   9.345642e-03   0.000000e+00   9.207965e-04   48
  3.607984e-01   1.047285e-02   2.545223e-04   6.879513e-04   276
  3.616510e-01   1.035759e-02   2.307176e-04   9.438488e-04   192
  3.627906e-01   1.012366e-02   2.592759e-04   4.573218e-04   552
  3.641741e-01   7.399236e-03   6.357829e-09   8.024294e-04   120
  3.649965e-01   8.784661e-03   2.624511e-04   6.397241e-04   216
  3.657587e-01   9.259835e-03   6.357829e-09   7.574576e-04   120
  3.671201e-01   1.195421e-02   2.584500e-04   6.264818e-04   408
  3.683844e-01   5.329676e-03   5.619580e-09   6.666150e-04   24
  3.691684e-01   9.967636e-03   2.610810e-04   6.976815e-04   384
  3.702633e-01   8.077190e-03   2.550855e-04   5.128194e-04   240
  3.712141e-01   1.015313e-02   2.569535e-04   7.208534e-04   168
  3.725471e-01   7.222699e-03   0.000000e+00   7.428616e-04   120
  3.734064e-01   1.098094e-02   2.678605e-04   6.811093e-04   350
  3.748037e-01   1.170397e-02   4.409502e-04   7.614007e-04   384
  3.756388e-01   1.335536e-02   0.000000e+00   1.567652e-03   144
  3.771752e-01   9.566521e-03   5.298191e-09   7.041165e-04   288
  3.779773e-01   1.009619e-02   2.524053e-04   6.611213e-04   336
  3.790686e-01   9.572340e-03   2.297941e-04   8.010733e-04   168
  3.797219e-01   1.175234e-02   1.506181e-08   8.782870e-04   336
  3.810732e-01   8.602355e-03   2.385126e-04   5.156163e-04   288
  3.818848e-01   1.003489e-02   2.247398e-04   6.309215e-04   264
  3.832590e-01   9.715636e-03   0.000000e+00   6.940219e-04   240
  3.837616e-01   9.441558e-03   0.000000e+00   8.637683e-04   96
  3.855656e-01   1.142530e-02   3.056310e-04   7.439916e-04   360
  3.864075e-01   1.018491e-02   2.253025e-04   1.149128e-03   168
  3.874713e-01   1.019162e-02   2.456032e-04   5.257430e-04   456
  3.887523e-01   9.114942e-03   7.064254e-09   8.330105e-04   108
  3.894728e-01   7.522573e-03   2.464311e-04   4.864458e-04   264
  3.903716e-01   9.172675e-03   2.198567e-04   7.494452e-04   264
  3.916025e-01   1.083777e-02   2.074668e-04   5.982912e-04   312
  3.931351e-01   1.116325e-02   1.541705e-04   9.441582e-04   270
  3.937775e-01   1.119511e-02   1.957388e-04   1.007919e-03   240
  3.949323e-01   1.145298e-02   2.421536e-04   7.901412e-04   384
  3.956334e-01   8.727742e-03   7.947286e-09   6.316783e-04   192
  3.969952e-01   1.186865e-02   1.942960e-04   1.035704e-03   240
  3.977852e-01   1.175719e-02   2.397927e-04   7.733568e-04   336
  3.992708e-01   1.074157e-02   2.413972e-04   5.225412e-04   480
  4.004761e-01   1.116127e-02   5.298191e-09   1.307857e-03   72
  4.011493e-01   1.143011e-02   2.353842e-04   1.065614e-03   240
  4.020650e-01   9.095534e-03   2.212289e-04   5.262988e-04   312
  4.031147e-01   8.342590e-03   2.390954e-04   5.708809e-04   240
  4.047009e-01   1.028478e-02   1.816506e-04   6.046588e-04   408
  4.053288e-01   9.347900e-03   1.663482e-04   5.793360e-04   336
  4.065560e-01   1.003417e-02   2.112212e-04   8.069150e-04   264
  4.071591e-01   8.568137e-03   0.000000e+00   7.355663e-04   144
  4.088370e-01   9.918339e-03   2.927651e-04   6.101119e-04   464
  4.097211e-01   7.666401e-03   2.328083e-04   5.842043e-04   168
  4.105939e-01   1.037711e-02   2.120376e-04   7.206056e-04   336
  4.121713e-01   9.893255e-03   2.227870e-04   6.704997e-04   414
  4.130606e-01   1.466255e-02   2.319080e-04   1.326118e-03   216
  4.141998e-01   1.735911e-02   5.619580e-09   1.959907e-03   96
  4.146649e-01   9.813298e-03   1.376510e-08   7.063422e-04   384
  4.162944e-01   1.072363e-02   2.314600e-04   5.815681e-04   492
  4.171676e-01   1.035617e-02   2.263480e-04   7.017119e-04   240
  4.181546e-01   9.123511e-03   2.298225e-04   5.575337e-04   312
  4.195176e-01   7.004124e-03   2.297469e-04   5.323807e-04   192
  4.203810e-01   1.034232e-02   2.226525e-04   6.002914e-04   504
  4.215265e-01   1.056668e-02   1.473998e-04   7.876349e-04   408
  4.224284e-01   9.516899e-03   4.515774e-04   7.978692e-04   168
  4.235571e-01   1.159422e-02   2.145032e-04   8.168466e-04   288
  4.245041e-01   8.898156e-03   2.238525e-04   6.570949e-04   288
  4.254743e-01   8.309064e-03   2.251410e-04   4.702098e-04   432
  4.268815e-01   1.055218e-02   2.129084e-04   7.555545e-04   216
  4.276334e-01   9.315088e-03   2.124592e-04   5.937358e-04   360
  4.289721e-01   1.064892e-02   2.073582e-04   7.106691e-04   312
  4.301803e-01   1.409435e-02   0.000000e+00   2.330532e-03   48
  4.308767e-01   9.223850e-03   2.223178e-04   5.395046e-04   432
  4.321240e-01   8.657478e-03   3.708284e-04   5.334945e-04   414
  4.328606e-01   9.845106e-03   8.470833e-09   7.458714e-04   312
  4.342347e-01   1.083839e-02   3.253813e-04   7.165142e-04   528
  4.351620e-01   1.154097e-02   1.707976e-04   1.138100e-03   264
  4.362761e-01   1.049248e-02   2.025191e-04   7.356671e-04   480
  4.377318e-01   1.026490e-02   0.000000e+00   7.164016e-04   288
  4.383604e-01   1.009457e-02   2.176005e-04   9.924252e-04   168
  4.395105e-01   1.131055e-02   3.444610e-04   6.250599e-04   504
  4.408036e-01   1.538857e-02   5.298191e-09   1.493918e-03   144
  4.416171e-01   8.132685e-03   2.212265e-04   4.372395e-04   464
  4.428396e-01   8.129319e-03   3.246624e-04   4.820232e-04   432
  4.434197e-01   1.103764e-02   5.619580e-09   9.389563e-04   192
  4.449189e-01   8.200698e-03   2.406833e-04   4.587656e-04   396
  4.458042e-01   8.646081e-03   2.162000e-04   5.759296e-04   288
  4.466990e-01   8.570405e-03   2.135686e-04   5.952027e-04   336
  4.481283e-01   8.755581e-03   1.352359e-04   5.336996e-04   432
  4.490354e-01   9.802246e-03   3.505126e-04   6.650210e-04   360
  4.500539e-01   9.007942e-03   2.073334e-04   4.665845e-04   384
  4.515004e-01   8.197403e-03   1.830116e-04   6.853358e-04   198
  4.521974e-01   9.676699e-03   2.080246e-04   5.829828e-04   552
  4.534970e-01   1.093250e-02   2.912202e-04   9.637774e-04   432
  4.545821e-01   1.011238e-02   1.112388e-08   9.147594e-04   168
  4.554927e-01   1.180553e-02   3.610065e-04   7.859888e-04   480
  4.566974e-01   7.063409e-03   0.000000e+00   7.109395e-04   120
  4.572396e-01   1.006898e-02   2.948545e-04   7.963992e-04   336
  4.585628e-01   9.491946e-03   2.080152e-04   5.148660e-04   672
  4.598711e-01   1.090168e-02   3.025866e-04   5.720021e-04   528
  4.604805e-01   6.913823e-03   9.082613e-09   5.194687e-04   168
  4.618883e-01   1.027555e-02   3.375333e-04   6.227412e-04   456
  4.627474e-01   1.303811e-02   2.061344e-04   1.929882e-03   168
  4.636392e-01   9.800171e-03   2.057643e-04   6.042650e-04   504
  4.651216e-01   7.682174e-03   2.647872e-04   6.324842e-04   336
  4.660180e-01   1.074971e-02   1.908802e-04   7.516222e-04   312
  4.670124e-01   9.826192e-03   1.865029e-04   6.508329e-04   504
  4.683210e-01   8.539517e-03   1.294009e-04   4.475673e-04   432
  4.689362e-01   7.318855e-03   1.999672e-04   4.200551e-04   312
  4.702151e-01   8.054742e-03   2.049761e-04   4.704445e-04   384
  4.715504e-01   1.207676e-02   1.741510e-04   1.830629e-03   126
  4.723748e-01   9.743956e-03   3.057676e-04   6.108596e-04   492
  4.734278e-01   1.077397e-02   1.958445e-04   7.010138e-04   528
  4.747438e-01   9.106550e-03   1.989360e-04   6.052260e-04   480
  4.755596e-01   1.152609e-02   2.748289e-04   8.236640e-04   432
  4.767402e-01   1.066704e-02   2.161166e-04   7.404056e-04   440
  4.781114e-01   1.106226e-02   1.074739e-04   8.076775e-04   312
  4.786259e-01   9.468542e-03   1.610586e-04   8.596236e-04   480
  4.796813e-01   9.735121e-03   3.153497e-04   7.512132e-04   408
  4.812233e-01   1.158585e-02   1.888588e-04   8.008306e-04   360
  4.818747e-01   9.233310e-03   1.822418e-04   6.597221e-04   408
  4.830820e-01   7.371020e-03   1.854542e-04   4.977065e-04   456
  4.844414e-01   9.938398e-03   1.772485e-04   6.696380e-04   264
  4.851959e-01   9.400130e-03   1.923591e-04   7.012896e-04   384
  4.862943e-01   8.921624e-03   3.238501e-04   4.987961e-04   672
  4.875640e-01   1.115368e-02   1.937042e-04   1.127414e-03   240
  4.882967e-01   7.948374e-03   1.965613e-04   4.890841e-04   264
  4.893308e-01   6.099722e-03   2.424259e-04   3.259997e-04   624
  4.908739e-01   7.378782e-03   0.000000e+00   9.533540e-04   150
  4.914232e-01   1.174011e-02   2.716574e-04   7.406249e-04   600
  4.925819e-01   9.238150e-03   1.874909e-04   5.261853e-04   672
  4.938939e-01   8.750113e-03   1.763484e-04   8.661096e-04   336
  4.946248e-01   1.230754e-02   1.918157e-04   9.313928e-04   408
  4.957926e-01   1.008776e-02   1.913639e-04   8.874123e-04   408
  4.970915e-01   8.915787e-03   9.676385e-05   5.998241e-04   360
  4.978921e-01   1.071756e-02   3.552857e-04   8.080315e-04   456
  4.988592e-01   8.995503e-03   1.932065e-04   6.877879e-04   384
  5.000902e-01   7.292443e-03   1.783541e-04   4.437330e-04   348
  5.007554e-01   1.081881e-02   2.198754e-04   6.939789e-04   576
  5.020050e-01   8.136797e-03   1.810385e-04   4.760417e-04   504
  5.032833e-01   8.685386e-03   2.553443e-04   6.143112e-04   432
  5.043991e-01   7.841849e-03   3.473946e-04   3.983872e-04   576
  5.051948e-01   8.114395e-03   0.000000e+00   7.963212e-04   264
  5.064571e-01   8.484802e-03   2.764393e-04   4.091858e-04   768
  5.075549e-01   5.962082e-03   3.721752e-04   4.217848e-04   240
  5.084277e-01   7.990533e-03   3.282233e-04   9.927097e-04   192
  5.096990e-01   7.134772e-03   2.416124e-04   3.642176e-04   504
  5.106418e-01   9.632575e-03   3.255818e-04   8.119064e-04   590
  5.115460e-01   1.016360e-02   3.647966e-04   8.635662e-04   384
  5.126798e-01   8.663512e-03   3.048625e-04   6.187383e-04   504
  5.140486e-01   1.125351e-02   2.933830e-04   7.137339e-04   648
  5.153764e-01   8.182732e-03   7.967896e-05   6.029254e-04   504
  5.159117e-01   8.087844e-03   1.817627e-04   5.773170e-04   312
  5.168569e-01   9.889414e-03   2.618753e-04   6.106753e-04   576
  5.181545e-01   1.086026e-02   1.822405e-04   1.175868e-03   240
  5.189109e-01   7.390282e-03   1.841453e-04   4.234861e-04   552
  5.199816e-01   1.063643e-02   1.729082e-04   8.030570e-04   600
  5.215067e-01   8.693854e-03   2.111937e-04   5.523034e-04   600
  5.224237e-01   8.033572e-03   3.382099e-04   5.951877e-04   312
  5.233368e-01   1.000817e-02   2.945474e-04   6.545521e-04   480
  5.244775e-01   8.222340e-03   1.837693e-04   5.936848e-04   576
  5.254818e-01   1.123209e-02   2.959085e-04   9.345825e-04   408
  5.263729e-01   4.209600e-03   3.451909e-04   2.838849e-04   216
  5.275243e-01   7.473230e-03   2.643774e-04   4.858842e-04   516
  5.287578e-01   8.300031e-03   2.522429e-04   4.316155e-04   744
  5.300304e-01   8.935221e-03   1.684760e-04   5.919327e-04   462
  5.307494e-01   8.996200e-03   1.712315e-04   8.384886e-04   432
  5.318647e-01   1.049279e-02   1.588547e-04   6.357859e-04   648
  5.331761e-01   9.748594e-03   2.324340e-04   7.915388e-04   528
  5.342295e-01   8.498828e-03   2.799086e-04   5.228667e-04   600
  5.352820e-01   1.442668e-02   3.528915e-04   2.020633e-03   240
  5.363014e-01   8.425488e-03   2.703115e-04   5.297606e-04   720
  5.374863e-01   8.756987e-03   2.138653e-04   4.997316e-04   720
  5.387997e-01   3.725948e-03   0.000000e+00   3.000839e-04   144
  5.394909e-01   9.096169e-03   2.757364e-04   5.047305e-04   720
  5.404742e-01   9.946749e-03   1.653370e-04   6.781405e-04   384
  5.417051e-01   7.664810e-03   1.832848e-04   4.066763e-04   672
  5.428730e-01   1.090398e-02   3.209115e-04   9.883439e-04   336
  5.434308e-01   1.022912e-02   0.000000e+00   1.013924e-03   288
  5.447967e-01   7.236945e-03   2.539800e-04   3.895947e-04   776
  5.460612e-01   7.188983e-03   2.173184e-04   3.627652e-04   720
  5.471231e-01   6.487445e-03   1.750659e-04   4.244748e-04   432
  5.479725e-01   9.783752e-03   2.495786e-04   9.155247e-04   504
  5.489174e-01   7.203946e-03   1.748652e-04   4.701350e-04   528
  5.502396e-01   8.697258e-03   2.382437e-04   7.519858e-04   438
  5.513273e-01   9.732821e-03   2.772938e-04   7.792682e-04   624
  5.521470e-01   1.004777e-02   3.396475e-04   9.221557e-04   312
  5.532738e-01   1.111920e-02   1.829935e-04   6.138295e-04   696
  5.544390e-01   9.083641e-03   1.655760e-04   7.005645e-04   552
  5.556509e-01   8.420774e-03   1.281006e-04   6.174272e-04   516
  5.564006e-01   1.051034e-02   2.558713e-04   8.208946e-04   528
  5.573133e-01   4.964375e-03   1.664001e-04   2.697754e-04   528
  5.586097e-01   9.045791e-03   2.194479e-04   5.795320e-04   864
  5.594897e-01   8.564296e-03   3.005985e-04   7.116892e-04   408
  5.603706e-01   1.169098e-02   2.978186e-04   9.195616e-04   192
  5.616191e-01   7.093513e-03   2.464592e-04   4.439285e-04   720
  5.626731e-01   6.869650e-03   2.272475e-04   4.057297e-04   696
  5.639255e-01   7.920948e-03   2.454294e-04   4.306654e-04   720
  5.650713e-01   7.651158e-03   3.326501e-04   5.188091e-04   432
  5.657395e-01   5.736509e-03   1.958109e-04   4.768754e-04   264
  5.669418e-01   7.515308e-03   2.704061e-04   4.164653e-04   672
  5.680171e-01   8.214389e-03   2.768544e-04   5.104673e-04   600
  5.692933e-01   4.946881e-03   1.620980e-04   5.121503e-04   270
  5.699366e-01   8.722558e-03   2.440026e-04   7.629513e-04   528
  5.709591e-01   9.519473e-03   1.670843e-04   5.232661e-04   840
  5.723613e-01   1.045117e-02   3.194952e-04   6.196980e-04   888
  5.736568e-01   7.359097e-03   2.380474e-04   4.477416e-04   744
  5.747517e-01   8.883027e-03   1.223216e-04   6.130083e-04   456
  5.752963e-01   1.271959e-02   1.671601e-04   8.577849e-04   360
  5.762282e-01   7.667705e-03   1.448348e-04   8.274903e-04   384
  5.776580e-01   8.052220e-03   2.323137e-04   4.194742e-04   816
  5.787308e-01   8.413623e-03   3.370546e-04   4.550726e-04   824
  5.800348e-01   7.522034e-03   1.566791e-04   7.350129e-04   360
  5.807331e-01   9.209779e-03   2.311994e-04   5.051378e-04   624
  5.816941e-01   8.922810e-03   1.562320e-04   7.434106e-04   360
  5.829744e-01   7.505432e-03   2.125215e-04   4.471601e-04   876
  5.841306e-01   7.006181e-03   2.524119e-04   4.374612e-04   696
  5.852967e-01   6.009913e-03   1.629911e-04   4.786399e-04   336
  5.859080e-01   9.606262e-03   1.628079e-04   8.534787e-04   504
  5.869176e-01   7.388176e-03   1.642187e-04   5.772306e-04   672
  5.884155e-01   5.992534e-03   3.269213e-04   3.353036e-04   720
  5.894543e-01   8.105885e-03   2.469541e-04   5.677548e-04   774
  5.906010e-01   1.349227e-02   1.413501e-04   1.430189e-03   384
  5.912015e-01   1.085051e-02   2.720183e-04   8.792476e-04   528
  5.921335e-01   9.055183e-03   2.592486e-04   5.613301e-04   744
  5.936327e-01   1.031836e-02   2.138251e-04   6.387529e-04   768
  5.946281e-01   9.380551e-03   2.400348e-04   8.462411e-04   552
  5.958700e-01   7.263970e-03   2.616108e-04   4.543774e-04   696
  5.967938e-01   1.082708e-02   3.179026e-04   9.071136e-04   408
  5.975272e-01   9.447339e-03   1.373364e-04   6.695516e-04   504
  5.986899e-01   7.582361e-03   2.467198e-04   4.602022e-04   888
  5.998339e-01   7.153760e-03   2.564132e-04   5.461946e-04   648
  6.010230e-01   7.052909e-03   2.542153e-04   4.679367e-04   648
  6.021418e-01   7.365867e-03   2.741064e-04   4.707199e-04   792
  6.033268e-01   6.430536e-03   4.010364e-04   4.304269e-04   600
  6.042000e-01   5.049582e-03   2.717856e-04   3.114291e-04   456
  6.051191e-01   7.586613e-03   1.324567e-04   4.990442e-04   648
  6.062996e-01   6.350598e-03   2.583099e-04   3.381562e-04   936
  6.075741e-01   9.131103e-03   1.586356e-04   6.252189e-04   384
  6.086836e-01   2.405103e-04   0.000000e+00   1.814909e-05   198
  6.095398e-01   2.510953e-04   4.024720e-04   8.035255e-06   1224
  6.104634e-01   2.390872e-04   2.931235e-04   1.277778e-05   420
  6.115558e-01   2.315701e-04   2.836822e-04   9.334105e-06   792
  6.126238e-01   2.409737e-04   2.345810e-04   9.486501e-06   680
  6.138428e-01   2.456439e-04   2.154033e-04   1.138783e-05   600
  6.148235e-01   2.426066e-04   3.123938e-04   8.523367e-06   840
  6.161330e-01   2.796928e-04   1.474979e-04   1.451521e-05   432
  6.166334e-01   2.374515e-04   1.382250e-04   9.533786e-06   720
  6.177213e-01   2.541178e-04   2.768404e-04   8.371547e-06   960
  6.190745e-01   2.638426e-04   2.467829e-04   1.300238e-05   528
  6.200634e-01   2.316005e-04   2.522592e-04   9.313910e-06   624
  6.212404e-01   2.513165e-04   1.982740e-04   9.454642e-06   816
  6.224086e-01   2.143612e-04   3.260658e-04   8.343081e-06   696
  6.236996e-01   2.645965e-04   1.798266e-08   1.778951e-05   240
  6.241851e-01   2.579813e-04   1.922888e-04   1.024688e-05   672
  6.252686e-01   2.234280e-04   3.436476e-04   7.681981e-06   864
  6.264840e-01   2.384388e-04   2.636938e-04   8.715718e-06   816
  6.275795e-01   2.304769e-04   1.509292e-04   9.541873e-06   648
  6.287594e-01   2.395251e-04   1.542771e-04   7.894546e-06   843
  6.297611e-01   2.204165e-04   2.775825e-04   9.154653e-06   780
  6.309548e-01   2.248870e-04   1.489456e-04   1.468784e-05   216
  6.316911e-01   2.207315e-04   3.591661e-04   6.637551e-06   1056
  6.328235e-01   2.746187e-04   2.938382e-04   1.699268e-05   228
  6.338720e-01   2.316527e-04   3.658358e-04   7.905786e-06   924
  6.349484e-01   2.340736e-04   1.357046e-04   8.203596e-06   696
  6.360882e-01   2.097212e-04   2.415153e-04   7.010748e-06   996
  6.372543e-01   2.241046e-04   1.425858e-04   9.399767e-06   576
  6.384675e-01   2.296488e-04   2.200718e-04   1.045382e-05   552
  6.393519e-01   2.382293e-04   2.627580e-04   1.081684e-05   516
  6.402494e-01   2.241270e-04   3.821047e-04   7.763737e-06   744
  6.412749e-01   2.440252e-04   1.874451e-04   1.120090e-05   576
  6.421669e-01   2.043713e-04   1.929285e-04   7.004495e-06   792
  6.434346e-01   2.247212e-04   2.205530e-04   7.953770e-06   792
  6.443636e-01   2.211907e-04   2.378641e-04   8.102620e-06   720
  6.456200e-01   2.037392e-04   2.711104e-04   7.456746e-06   656
  6.467974e-01   2.122512e-04   2.960385e-04   7.478330e-06   816
  6.480043e-01   2.097579e-04   1.596190e-04   9.233406e-06   492
  6.486903e-01   2.222181e-04   2.296231e-04   9.136322e-06   552
  6.499778e-01   2.058110e-04   3.992867e-04   9.008192e-06   780
  6.508139e-01   2.138693e-04   2.452771e-04   1.002576e-05   528
  6.517148e-01   2.091954e-04   2.863130e-04   8.485711e-06   600
  6.530425e-01   2.214878e-04   2.379487e-04   6.792138e-06   900
  6.539577e-01   2.115316e-04   1.317325e-04   8.514380e-06   696
  6.552168e-01   2.100024e-04   3.330907e-04   7.638645e-06   696
  6.564349e-01   2.252236e-04   1.351317e-04   9.443687e-06   552
  6.574592e-01   1.747889e-04   1.571457e-04   6.894395e-06   708
  6.585322e-01   2.159439e-04   2.594565e-04   8.021485e-06   876
  6.596487e-01   2.150107e-04   1.377663e-04   1.690483e-05   216
  6.603980e-01   1.977173e-04   3.768094e-04   6.048373e-06   1032
  6.615201e-01   1.977571e-04   4.195357e-04   8.190490e-06   600
  6.626848e-01   1.977513e-04   2.001869e-04   7.497709e-06   600
  6.635732e-01   1.976977e-04   3.535112e-04   9.707622e-06   528
  6.646233e-01   1.982277e-04   1.940622e-04   7.209860e-06   732
  6.657296e-01   1.809802e-04   1.432973e-04   9.031643e-06   336
  6.670031e-01   1.993525e-04   2.042271e-04   6.514184e-06   912
  6.679548e-01   1.804996e-04   2.049821e-04   6.966049e-06   624
  6.689946e-01   1.947216e-04   1.727341e-04   7.376678e-06   768
  6.702082e-01   2.211102e-04   3.116463e-04   8.323903e-06   792
  6.713995e-01   1.897926e-04   1.545014e-04   8.017098e-06   660
  6.722471e-01   1.825217e-04   2.276826e-04   8.915050e-06   504
  6.731238e-01   1.950358e-04   3.719898e-04   9.486794e-06   480
  6.744376e-01   1.537780e-04   3.440421e-04   5.289986e-06   912
  6.754664e-01   2.168558e-04   3.831443e-04   1.211320e-05   432
  6.764380e-01   1.813579e-04   2.275021e-04   7.997662e-06   564
  6.773006e-01   1.893461e-04   2.177508e-04   8.098129e-06   600
  6.785149e-01   2.001106e-04   3.035240e-04   6.956918e-06   876
  6.794272e-01   2.009594e-04   1.364735e-04   1.161333e-05   264
  6.806846e-01   1.982790e-04   2.648123e-04   8.541398e-06   560
  6.816953e-01   1.784675e-04   1.799457e-04   6.020440e-06   840
  6.829222e-01   1.752876e-04   2.774244e-04   6.084079e-06   1008
  6.840568e-01   1.956519e-04   1.241010e-04   8.993778e-06   456
  6.850930e-01   2.078730e-04   1.607553e-04   8.791890e-06   576
  6.860509e-01   1.916872e-04   2.470177e-04   7.861008e-06   612
  6.873140e-01   1.809787e-04   2.206269e-04   6.970668e-06   780
  6.883444e-01   1.900586e-04   2.528284e-04   7.543100e-06   648
  6.893992e-01   2.105584e-04   1.178213e-04   1.423981e-05   312
  6.900734e-01   1.755119e-04   2.993645e-04   7.814075e-06   528
  6.912414e-01   1.657818e-04   3.909551e-04   6.791933e-06   720
  6.923583e-01   1.776114e-04   3.921794e-04   8.837874e-06   576
  6.937124e-01   1.760370e-04   3.383053e-04   8.021986e-06   444
  6.945549e-01   1.862037e-04   3.317685e-04   6.037709e-06   996
  6.955874e-01   1.638227e-04   2.771265e-04   8.737649e-06   432
  6.965633e-01   1.841776e-04   3.033990e-04   8.865408e-06   504
  6.974062e-01   1.795522e-04   1.367883e-04   8.603080e-06   504
  6.986065e-01   1.976276e-04   2.692009e-04   7.894438e-06   876
  6.996926e-01   1.734591e-04   3.098246e-04   8.287491e-06   504
  7.008236e-01   1.596898e-04   1.975899e-04   6.769120e-06   696
  7.017583e-01   2.002577e-04   1.689187e-04   9.600615e-06   492
  7.030300e-01   1.571210e-04   2.418152e-04   7.818292e-06   432
  7.039719e-01   1.831312e-04   2.264335e-04   6.658561e-06   768
  7.050885e-01   1.625236e-04   2.820533e-04   7.534408e-06   648
  7.061547e-01   1.509607e-04   1.840095e-04   7.107858e-06   456
  7.073798e-01   1.541112e-04   2.530430e-04   6.898871e-06   552
  7.082306e-01   1.608936e-04   1.734358e-04   7.631630e-06   648
  7.094016e-01   1.571531e-04   2.826907e-04   5.446351e-06   840
  7.105454e-01   1.832429e-04   1.348092e-04   9.376410e-06   432
  7.116906e-01   1.548809e-04   1.651183e-04   7.052713e-06   600
  7.124870e-01   1.774579e-04   1.759227e-04   9.991317e-06   432
  7.138248e-01   1.677733e-04   1.751482e-04   7.641137e-06   560
  7.147308e-01   1.557305e-04   2.772412e-04   6.250606e-06   840
  7.158652e-01   1.832611e-04   1.642140e-04   8.810945e-06   504
  7.167662e-01   1.504306e-04   3.351509e-04   6.457124e-06   696
  7.180362e-01   1.773808e-04   1.830475e-04   9.812528e-06   384
  7.190254e-01   1.424936e-04   2.681431e-04   6.578474e-06   576
  7.202219e-01   1.532247e-04   1.654845e-04   9.736166e-06   360
  7.211864e-01   1.504046e-04   2.464465e-04   6.604252e-06   828
  7.222268e-01   1.523462e-04   2.195064e-04   7.800101e-06   372
  7.231800e-01   1.551585e-04   3.352284e-04   6.742549e-06   576
  7.244428e-01   1.584494e-04   1.403933e-04   6.742074e-06   636
  7.253425e-01   1.500110e-04   2.706420e-04   6.497253e-06   648
  7.265596e-01   1.535258e-04   2.200024e-04   7.165650e-06   576
  7.274333e-01   1.498066e-04   3.548870e-04   7.421366e-06   528
  7.285953e-01   1.467965e-04   1.517289e-04   8.470647e-06   360
  7.295571e-01   1.351009e-04   3.490332e-04   5.520455e-06   672
  7.308130e-01   1.487802e-04   1.787806e-04   6.286718e-06   804
  7.318582e-01   1.568573e-04   1.972163e-04   7.958869e-06   408
  7.330145e-01   1.414499e-04   1.219011e-04   7.072392e-06   384
  7.337931e-01   1.254274e-04   2.789567e-04   7.020475e-06   480
  7.348913e-01   1.402013e-04   1.802469e-04   7.099138e-06   432
  7.359446e-01   1.659054e-04   3.321566e-04   7.101605e-06   648
  7.371913e-01   1.487231e-04   2.061016e-04   6.835658e-06   624
  7.381033e-01   1.535724e-04   1.874668e-04   8.843543e-06   456
  7.393486e-01   1.321337e-04   2.560963e-04   7.547470e-06   588
  7.401831e-01   1.264979e-04   1.633884e-04   5.928093e-06   600
  7.414016e-01   1.332177e-04   2.548458e-04   5.029790e-06   708
  7.423640e-01   1.243646e-04   1.605479e-04   6.437610e-06   360
  7.434275e-01   1.458303e-04   1.845541e-04   7.318771e-06   552
  7.444470e-01   1.376190e-04   1.294691e-04   1.066736e-05   288
  7.454820e-01   1.207585e-04   2.434372e-04   5.756265e-06   528
  7.464545e-01   1.321502e-04   1.642340e-04   6.155925e-06   456
  7.475410e-01   1.403010e-04   2.912225e-04   6.594767e-06   608
  7.486338e-01   1.180797e-04   1.408967e-04   5.322874e-06   504
  7.498278e-01   1.050813e-04   3.024972e-04   5.169571e-06   540
  7.507642e-01   1.505116e-04   3.247222e-04   9.164764e-06   360
  7.517735e-01   1.531428e-04   1.470509e-04   6.987557e-06   540
  7.526661e-01   1.312858e-04   1.262606e-04   6.230552e-06   576
  7.539642e-01   1.310035e-04   2.927555e-04   5.786369e-06   588
  7.551985e-01   1.352045e-04   4.039143e-04   6.141358e-06   672
  7.562588e-01   1.473547e-04   3.087151e-04   6.838763e-06   552
  7.571135e-01   9.809241e-05   3.088712e-04   7.646224e-06   144
  7.582042e-01   1.362498e-04   2.624178e-04   6.159825e-06   600
  7.592383e-01   1.128199e-04   3.288668e-04   5.568688e-06   504
  7.603860e-01   1.225875e-04   3.378126e-04   8.740666e-06   336
  7.615932e-01   1.253291e-04   3.797028e-04   5.541947e-06   600
  7.626744e-01   1.158571e-04   2.450478e-04   5.704040e-06   636
  7.638413e-01   1.314731e-04   1.970206e-04   1.003451e-05   384
  7.646595e-01   1.286145e-04   2.748205e-04   7.848135e-06   504
  7.658387e-01   1.125460e-04   1.153383e-04   7.360199e-06   240
  7.667694e-01   1.252250e-04   2.709461e-04   4.732646e-06   744
  7.678860e-01   1.144465e-04   1.850150e-04   5.355877e-06   648
  7.688783e-01   1.812123e-04   1.228185e-04   1.534957e-05   120
  7.700414e-01   1.055131e-04   1.929319e-04   4.345547e-06   564
  7.709202e-01   1.400397e-04   3.030111e-04   7.535584e-06   432
  7.720932e-01   1.091363e-04   2.351965e-04   6.602393e-06   480
  7.729764e-01   9.128369e-05   1.731106e-04   4.943618e-06   456
  7.740189e-01   1.178651e-04   2.864725e-04   6.798738e-06   444
  7.752020e-01   1.106622e-04   4.383180e-04   5.966021e-06   528
  7.762412e-01   1.254064e-04   3.255297e-04   1.017477e-05   264
  7.772498e-01   1.074631e-04   3.336195e-04   5.609460e-06   444
  7.786065e-01   1.144950e-04   3.654311e-04   4.815377e-06   696
  7.797327e-01   1.215237e-04   1.954448e-04   7.463835e-06   384
  7.805563e-01   1.075525e-04   2.469609e-04   5.452166e-06   432
  7.818373e-01   1.365999e-04   1.706384e-04   7.515901e-06   488
  7.826690e-01   1.249676e-04   2.571733e-04   5.978405e-06   480
  7.838749e-01   1.070942e-04   2.868014e-04   6.266704e-06   480
  7.848089e-01   9.932222e-05   1.203331e-04   6.446436e-06   240
  7.858692e-01   1.144849e-04   2.810886e-04   5.570165e-06   600
  7.868694e-01   9.517769e-05   2.449399e-04   6.074032e-06   288
  7.879343e-01   1.107719e-04   2.356143e-04   6.204152e-06   480
  7.890129e-01   9.513445e-05   4.191157e-04   5.305746e-06   504
  7.900748e-01   1.245257e-04   1.798267e-04   8.558717e-06   216
  7.914291e-01   1.117206e-04   2.944050e-04   6.315774e-06   504
  7.924838e-01   9.124572e-05   2.367912e-04   4.994790e-06   456
  7.936384e-01   1.352861e-04   1.358038e-04   7.910577e-06   384
  7.944031e-01   1.362548e-04   2.756326e-04   7.836585e-06   480
  7.954897e-01   8.945279e-05   2.420363e-04   5.241332e-06   504
  7.964966e-01   1.086145e-04   1.535327e-04   6.341122e-06   312
  7.975815e-01   1.094963e-04   2.474127e-04   6.421208e-06   492
  7.985417e-01   1.243732e-04   2.318919e-04   7.912758e-06   312
  7.997779e-01   1.005533e-04   3.766899e-04   4.455747e-06   576
  8.008661e-01   1.209685e-04   3.477153e-04   8.995649e-06   336
  8.017699e-01   7.432313e-05   2.677247e-04   5.436577e-06   240
  8.030228e-01   1.061145e-04   3.549351e-04   5.954761e-06   468
  8.041047e-01   9.888936e-05   2.222407e-04   8.591279e-06   192
  8.052370e-01   8.630709e-05   2.229031e-04   5.984938e-06   324
  8.060669e-01   9.998068e-05   1.617794e-04   4.937325e-06   600
  8.071978e-01   9.698640e-05   2.624704e-04   5.236046e-06   456
  8.080377e-01   1.048007e-04   1.180592e-04   7.097579e-06   336
  8.094297e-01   1.083029e-04   3.535027e-04   5.717107e-06   612
  8.104424e-01   8.119085e-05   2.966749e-04   1.236183e-05   144
  8.114002e-01   1.094007e-04   3.462957e-04   5.768352e-06   552
  8.127025e-01   6.782488e-05   1.363755e-04   4.143288e-06   264
  8.134384e-01   8.908794e-05   3.157441e-04   6.710146e-06   336
  8.145992e-01   8.508063e-05   2.086329e-04   4.631773e-06   384
  8.156059e-01   8.778932e-05   1.174397e-04   7.358025e-06   216
  8.167203e-01   7.303883e-05   2.489964e-04   4.643609e-06   344
  8.177364e-01   7.576334e-05   3.715143e-04   4.358363e-06   408
  8.189746e-01   8.635643e-05   2.854845e-04   7.398268e-06   264
  8.200718e-01   8.510010e-05   3.979796e-04   4.648704e-06   612
  8.211681e-01   1.136011e-04   2.048307e-04   7.335170e-06   408
  8.222956e-01   8.202497e-05   2.051251e-04   6.030014e-06   444
  8.231239e-01   1.433714e-04   1.147249e-04   1.210305e-05   120
  8.242338e-01   9.736803e-05   3.169640e-04   7.663951e-06   336
  8.250576e-01   8.029941e-05   1.101437e-04   5.341394e-06   288
  8.261708e-01   8.687615e-05   3.427692e-04   4.416449e-06   552
  8.277012e-01   1.063951e-04   0.000000e+00   1.438762e-05   72
  8.284882e-01   8.623447e-05   3.404572e-04   4.786299e-06   504
  8.294074e-01   5.055824e-05   1.095558e-04   4.048417e-06   216
  8.305983e-01   7.051485e-05   1.956043e-04   5.075690e-06   312
  8.316675e-01   6.118427e-05   2.227263e-04   4.178643e-06   336
  8.326865e-01   6.008270e-05   3.087236e-04   5.075192e-06   204
  8.337014e-01   1.184466e-04   3.587838e-04   8.389572e-06   504
  8.347777e-01   1.043371e-04   3.416652e-04   6.418813e-06   396
  8.358127e-01   8.029958e-05   3.133249e-04   6.235202e-06   312
  8.370674e-01   1.198211e-04   1.914750e-04   1.101011e-05   216
  8.379516e-01   8.142708e-05   1.039172e-04   7.903136e-06   168
  8.390260e-01   8.016213e-05   2.623966e-04   4.470019e-06   588
  8.402521e-01   6.148460e-05   3.561727e-04   5.981916e-06   240
  8.412047e-01   5.909072e-05   3.145601e-04   4.880819e-06   264
  8.423219e-01   7.260589e-05   3.890183e-04   5.719429e-06   288
  8.433131e-01   7.948271e-05   1.942596e-04   6.380981e-06   288
  8.445693e-01   6.244579e-05   1.824406e-04   4.581805e-06   288
  8.454153e-01   7.030238e-05   2.113423e-04   5.767438e-06   192
  8.464795e-01   4.930650e-05   2.248894e-04   3.881770e-06   264
  8.474933e-01   1.103629e-04   3.699119e-04   7.373763e-06   372
  8.485844e-01   1.184920e-04   3.995208e-04   9.840476e-06   360
  8.499161e-01   1.094818e-04   1.690810e-04   1.428294e-05   144
  8.506044e-01   6.530331e-05   2.348461e-04   5.541958e-06   296
  8.516909e-01   6.888925e-05   2.530345e-04   6.105002e-06   288
  8.529347e-01   7.540877e-05   3.781537e-04   4.789401e-06   480
  8.540076e-01   6.539037e-05   3.142096e-04   9.486380e-06   192
  8.550509e-01   8.927601e-05   3.370327e-04   7.935778e-06   192
  8.559992e-01   6.382786e-05   2.147949e-04   5.095218e-06   288
  8.573180e-01   3.495657e-05   1.869760e-04   4.072305e-06   108
  8.579823e-01   6.426845e-05   1.797545e-04   5.838521e-06   240
  8.591554e-01   5.269875e-05   3.353363e-04   4.558048e-06   384
  8.603605e-01   7.272573e-05   4.090722e-04   7.350332e-06   108
  8.614261e-01   8.973200e-05   2.398466e-04   5.910506e-06   348
  8.625466e-01   6.021079e-05   2.503134e-04   6.850583e-06   312
  8.635474e-01   6.139727e-05   2.432319e-04   1.217781e-05   96
  8.644677e-01   6.242330e-05   3.238194e-04   4.395189e-06   384
  8.654984e-01   6.870593e-05   2.227222e-04   5.981808e-06   144
  8.665066e-01   7.060812e-05   3.422225e-04   4.997813e-06   408
  8.677598e-01   3.709708e-05   1.526554e-04   5.445094e-06   144
  8.689437e-01   6.265350e-05   2.934816e-04   6.582015e-06   192
  8.696459e-01   7.978822e-05   3.303190e-04   7.542451e-06   144
  8.707904e-01   4.601704e-05   2.685615e-04   4.775378e-06   144
  8.718702e-01   6.865798e-05   3.282257e-04   5.981833e-06   336
  8.731927e-01   3.803161e-05   2.428454e-04   2.783459e-06   240
  8.740312e-01   4.823744e-05   1.102739e-04   6.240768e-06   96
  8.752007e-01   7.327294e-05   3.233803e-04   6.270540e-06   372
  8.763838e-01   5.546273e-05   3.846540e-04   7.537926e-06   132
  8.774230e-01   4.227772e-05   2.380193e-04   3.137774e-06   264
  8.783527e-01   8.668190e-05   1.827880e-04   9.962409e-06   168
  8.793449e-01   6.640846e-05   2.922429e-04   5.363528e-06   216
  8.802213e-01   5.207661e-05   1.787978e-04   5.883435e-06   216
  8.814979e-01   2.489205e-05   3.280196e-04   2.435594e-06   96
  8.826561e-01   7.076453e-05   2.140028e-04   9.603309e-06   120
  8.837183e-01   4.973799e-05   2.720578e-04   4.964150e-06   216
  8.845934e-01   4.016478e-05   1.188902e-04   3.767425e-06   200
  8.857519e-01   5.531090e-05   3.077557e-04   6.517767e-06   288
  8.872378e-01   2.199420e-05   8.097649e-05   1.595286e-06   144
  8.878635e-01   6.010590e-05   2.519939e-04   8.865384e-06   168
  8.891412e-01   5.714585e-05   2.835956e-04   9.408962e-06   159
  8.901386e-01   3.813271e-05   2.975600e-04   2.945084e-06   174
  8.911039e-01   3.574532e-05   2.698170e-04   3.128498e-06   144
  8.923678e-01   5.613776e-05   1.557998e-04   4.900851e-06   222
  8.932131e-01   4.060192e-05   1.572158e-04   4.074444e-06   168
  8.946732e-01   6.203382e-05   3.448346e-04   1.198143e-05   30
  8.952763e-01   1.637124e-05   3.044637e-04   2.093205e-06   72
  8.964123e-01   3.764737e-05   2.717302e-04   3.612118e-06   258
  8.976612e-01   3.601731e-05   1.701916e-04   3.186334e-06   264
  8.982857e-01   4.235624e-05   1.835347e-08   6.484133e-06   72
  8.995871e-01   2.298586e-05   3.373270e-04   2.018852e-06   174
  9.007654e-01   4.532744e-05   3.591909e-04   5.806556e-06   168
  9.017127e-01   1.542300e-05   1.123916e-08   2.137510e-06   48
  9.027297e-01   2.636076e-05   2.028435e-04   2.719697e-06   150
  9.039088e-01   5.059910e-05   3.731453e-04   4.401659e-06   168
  9.050911e-01   2.928256e-05   2.273028e-04   3.026539e-06   144
  9.061784e-01   5.064121e-05   2.123525e-04   7.427253e-06   102
  9.069882e-01   1.526884e-05   3.143182e-04   1.448989e-06   96
  9.082731e-01   1.234788e-05   3.119397e-04   1.048652e-06   120
  9.092246e-01   1.303767e-05   3.345635e-04   9.596475e-07   168
  9.102538e-01   4.962910e-05   2.470487e-04   4.401887e-06   126
  9.111308e-01   3.185416e-05   1.863241e-04   3.942027e-06   168
  9.123389e-01   2.174036e-05   2.987709e-04   2.629958e-06   72
  9.133947e-01   1.697956e-05   3.741278e-04   1.396997e-06   168
  9.143196e-01   4.380934e-05   1.025668e-04   9.230365e-06   78
  9.155870e-01   1.744148e-05   1.684070e-04   2.553140e-06   60
  9.166075e-01   4.997462e-05   2.731835e-04   8.380169e-06   96
  9.176659e-01   2.266942e-05   3.314854e-04   1.771216e-06   168
  9.186605e-01   1.770277e-05   2.097511e-04   2.460270e-06   86
  9.197042e-01   1.568648e-05   1.874678e-04   1.556612e-06   120
  9.212002e-01   1.349358e-05   1.336894e-04   1.182894e-06   168
  9.220069e-01   9.911750e-06   0.000000e+00   1.466212e-06   48
  9.230934e-01   3.159171e-05   2.435676e-04   3.187342e-06   120
  9.237177e-01   2.261293e-05   1.776924e-04   3.092454e-06   126
  9.252418e-01   1.882514e-05   3.125113e-04   2.310796e-06   96
  9.262310e-01   2.009603e-05   9.011285e-05   1.934924e-06   96
  9.270111e-01   1.415727e-05   1.059638e-08   1.276883e-06   72
  9.286731e-01   1.759897e-05   1.123916e-08   3.041165e-06   24
  9.297104e-01   2.136111e-05   1.854501e-04   2.012717e-06   120
  9.305196e-01   2.083027e-05   2.705147e-04   2.567143e-06   126
  9.314194e-01   1.622404e-05   2.255107e-04   1.672709e-06   96
  9.324708e-01   1.122502e-05   3.897482e-04   1.253770e-06   72
  9.336415e-01   1.468633e-05   1.685792e-04   1.270685e-06   144
  9.346046e-01   1.080460e-05   9.723254e-05   1.332859e-06   72
  9.355666e-01   2.161259e-05   1.942081e-04   3.649744e-06   54
  9.364132e-01   2.011655e-05   1.711436e-04   1.814849e-06   108
  9.381728e-01   2.325109e-05   1.677650e-04   2.345981e-06   72
  9.387206e-01   1.427752e-05   9.680617e-05   1.451410e-06   72
  9.400202e-01   8.278148e-06   1.946680e-08   1.683294e-06   24
  9.412498e-01   6.646426e-06   2.047976e-04   1.252922e-06   48
  9.419964e-01   1.758325e-05   1.560029e-04   2.053102e-06   102
  9.431203e-01   1.186222e-05   3.528137e-04   1.032925e-06   168
  9.445889e-01   1.090031e-05   1.924163e-04   1.292758e-06   72
  9.451330e-01   1.212030e-05   0.000000e+00   1.390805e-06   48
  9.462744e-01   1.363930e-05   3.309678e-04   1.760994e-06   120
  9.477807e-01   1.317967e-05   2.033864e-04   1.481498e-06   96
  9.492033e-01   3.299088e-05   1.798266e-08   9.445310e-06   30
  9.508942e-01   1.601268e-05   9.555995e-05   2.227964e-06   72
  9.516372e-01   1.273414e-05   1.123916e-08   2.091694e-06   24
  9.525916e-01   8.860755e-06   1.416435e-04   9.693656e-07   56
  9.536606e-01   8.973685e-06   2.021324e-04   8.314138e-07   96
  9.549399e-01   1.173668e-05   2.232036e-04   1.074358e-06   144
  9.559263e-01   1.606686e-05   1.267263e-04   2.288222e-06   54
  9.573592e-01   1.100560e-05   1.898493e-04   1.129159e-06   108
  9.588012e-01   2.527579e-05   1.005243e-04   4.361236e-06   48
  9.601739e-01   1.087859e-05   3.785063e-04   1.302749e-06   72
  9.634680e-01   2.198612e-05   2.500803e-04   2.330550e-06   78
  9.643808e-01   7.939628e-06   1.884669e-04   7.580743e-07   72
  9.654462e-01   1.012077e-05   1.882329e-04   1.336512e-06   72
  9.665603e-01   1.040558e-05   4.542266e-04   1.129649e-06   96
  9.674408e-01   1.161759e-05   1.878449e-04   1.034344e-06   72
  9.685029e-01   1.769863e-05   0.000000e+00   3.293498e-06   24
  9.695638e-01   1.010338e-05   3.748416e-04   1.097071e-06   72
  9.719599e-01   1.306626e-05   2.380359e-04   1.616371e-06   30
  9.724755e-01   1.525738e-05   0.000000e+00   3.197552e-06   24
  9.752466e-01   7.564223e-06   1.976584e-04   1.175462e-06   48
  9.761159e-01   9.443757e-06   4.253608e-04   7.287613e-07   120
  9.772870e-01   1.059500e-05   1.859776e-04   9.855541e-07   72
  9.784697e-01   9.339483e-06   1.857528e-04   1.529042e-06   36
  9.792826e-01   9.473215e-06   3.671339e-04   9.981172e-07   78
  9.815513e-01   1.179051e-05   1.963888e-04   1.624531e-06   48
  9.844928e-01   1.471892e-05   1.589457e-08   2.447110e-06   24
  9.865884e-01   6.125175e-06   1.367612e-04   7.272120e-07   56
  9.876436e-01   6.425329e-06   2.104496e-04   5.020954e-07   102
  9.889860e-01   9.911653e-06   1.498555e-08   1.186924e-06   72
  9.897653e-01   8.833257e-06   1.123916e-08   1.417516e-06   24
  9.911277e-01   7.559590e-06   1.944913e-04   1.086194e-06   48
  9.936528e-01   1.310238e-05   0.000000e+00   1.971545e-06   24
  9.967520e-01   4.691482e-06   0.000000e+00   7.790175e-07   6
  9.977185e-01   4.835797e-06   0.000000e+00   6.950881e-07   24
  9.983623e-01   6.627042e-06   1.820511e-04   8.745808e-07   72
  9.995384e-01   9.023399e-06   3.396336e-04   8.636923e-07   84
  1.000805e+00   7.287855e-06   0.000000e+00   1.118140e-06   24
  1.001190e+00   8.405944e-06   1.589457e-08   1.033972e-06   24
  1.003114e+00   7.696394e-06   1.946680e-08   1.288216e-06   24
  1.005800e+00   6.354913e-06   0.000000e+00   2.750488e-06   6
  1.009244e+00   6.702271e-06   1.910001e-04   1.076228e-06   48
  1.010072e+00   6.851163e-06   3.598129e-04   9.096979e-07   72
  1.011152e+00   7.086828e-06   1.906396e-04   9.965161e-07   48
  1.012867e+00   8.616480e-06   0.000000e+00   2.973944e-06   24
  1.015148e+00   2.395923e-06   0.000000e+00   3.510601e-07   6
  1.020262e+00   1.010844e-05   0.000000e+00   3.364173e-06   8
  1.020640e+00   7.858914e-06   1.123916e-08   1.046492e-06   48
  1.021546e+00   8.261421e-06   1.848806e-04   8.880787e-07   60
  1.022904e+00   1.084499e-05   0.000000e+00   2.103921e-06   24
  1.024787e+00   4.577061e-06   0.000000e+00   8.007701e-07   6
  1.031723e+00   9.891761e-06   0.000000e+00   2.222329e-06   24
  1.032283e+00   7.586772e-06   1.867372e-04   1.119127e-06   48
  1.033217e+00   5.349289e-06   0.000000e+00   1.447510e-06   24
  1.034708e+00   5.491710e-06   0.000000e+00   2.423630e-07   6
  1.043181e+00   7.758297e-06   1.742080e-04   1.127644e-06   36
  1.043797e+00   8.039361e-06   0.000000e+00   1.862125e-06   24
  1.044904e+00   7.760646e-06   0.000000e+00   2.555553e-06   6
  1.054545e+00   9.028641e-06   1.583190e-04   1.454374e-06   32
  1.055367e+00   1.160322e-05   0.000000e+00   5.202265e-06   6
  1.065728e+00   1.543708e-05   0.000000e+00   4.062601e-06   12
  1.066089e+00   1.044195e-05   0.000000e+00   2.129336e-06   6
  1.077063e+00   6.769044e-06   0.000000e+00   1.138384e-06   6
