# power spectrum of delta
# redshift z=3.000000
# k              Pk             sigma(k)       sigma(Pk)      count
  4.487990e-03   4.505849e-06   0.000000e+00   1.886806e-06   6
  6.346976e-03   1.045557e-05   0.000000e+00   2.164604e-06   12
  7.773426e-03   1.752416e-05   8.514949e-11   3.714058e-06   8
  8.975979e-03   1.062743e-04   0.000000e+00   1.185364e-05   6
  1.003545e-02   1.139327e-04   1.605594e-10   3.769472e-05   24
  1.099328e-02   2.314997e-04   1.605594e-10   4.058983e-05   24
  1.269395e-02   1.820469e-04   0.000000e+00   8.487251e-05   12
  1.346397e-02   2.647287e-04   1.816523e-10   4.993533e-05   30
  1.419227e-02   4.223664e-04   0.000000e+00   9.656947e-05   24
  1.488498e-02   4.560077e-04   2.780971e-10   1.177653e-04   24
  1.554685e-02   6.093601e-04   1.702990e-10   1.280718e-04   8
  1.618168e-02   6.183854e-04   2.270653e-10   8.040126e-05   24
  1.679252e-02   6.648768e-04   0.000000e+00   9.720902e-05   48
  1.795196e-02   1.092189e-03   0.000000e+00   4.994732e-04   6
  1.850445e-02   9.324847e-04   2.270653e-10   1.353483e-04   48
  1.904093e-02   9.786685e-04   2.140792e-10   1.071495e-04   36
  1.956269e-02   1.486084e-03   2.270653e-10   3.241189e-04   24
  2.007090e-02   1.000954e-03   3.211188e-10   1.766806e-04   24
  2.056655e-02   9.726947e-04   0.000000e+00   1.363407e-04   48
  2.105054e-02   1.545924e-03   3.211188e-10   2.282538e-04   24
  2.198657e-02   1.509215e-03   3.211188e-10   2.454283e-04   24
  2.243995e-02   1.107079e-03   0.000000e+00   1.884606e-04   30
  2.288435e-02   1.300513e-03   0.000000e+00   1.462203e-04   72
  2.332028e-02   1.436314e-03   3.405980e-10   3.082353e-04   32
  2.416856e-02   1.999938e-03   0.000000e+00   2.370921e-04   72
  2.458173e-02   1.381797e-03   0.000000e+00   2.105170e-04   48
  2.538790e-02   7.693426e-04   0.000000e+00   2.361837e-04   12
  2.578154e-02   1.629403e-03   0.000000e+00   2.525118e-04   48
  2.616925e-02   1.496083e-03   0.000000e+00   1.511720e-04   48
  2.655130e-02   2.134589e-03   3.211188e-10   2.813447e-04   48
  2.692794e-02   2.670581e-03   3.633045e-10   4.851292e-04   30
  2.729937e-02   2.892321e-03   0.000000e+00   6.734104e-04   24
  2.766583e-02   2.853495e-03   6.769780e-10   3.146685e-04   72
  2.838454e-02   1.914100e-03   0.000000e+00   3.786362e-04   24
  2.873715e-02   2.775183e-03   0.000000e+00   2.758115e-04   96
  2.908550e-02   2.183937e-03   0.000000e+00   3.055741e-04   48
  2.942972e-02   1.852086e-03   5.561942e-10   4.683415e-04   24
  2.976995e-02   1.533037e-03   5.561942e-10   3.284428e-04   24
  3.010635e-02   3.580588e-03   0.000000e+00   4.512664e-04   72
  3.043903e-02   2.946919e-03   0.000000e+00   4.707918e-04   48
  3.109370e-02   2.392316e-03   3.405980e-10   7.212823e-04   8
  3.141593e-02   4.169317e-03   4.036717e-10   5.444253e-04   54
  3.173488e-02   2.688950e-03   0.000000e+00   4.606496e-04   84
  3.205066e-02   3.392042e-03   0.000000e+00   5.158511e-04   48
  3.236335e-02   2.043877e-03   4.541306e-10   3.744078e-04   24
  3.267306e-02   2.902556e-03   6.055075e-10   3.503349e-04   72
  3.297985e-02   3.863519e-03   0.000000e+00   4.532552e-04   96
  3.358504e-02   5.163773e-03   0.000000e+00   5.864031e-04   48
  3.388358e-02   3.022918e-03   0.000000e+00   3.024876e-04   48
  3.417951e-02   2.935826e-03   0.000000e+00   5.953355e-04   24
  3.447290e-02   3.200169e-03   0.000000e+00   3.680720e-04   72
  3.505232e-02   3.205304e-03   0.000000e+00   3.897125e-04   72
  3.533846e-02   3.409323e-03   0.000000e+00   4.022699e-04   96
  3.590392e-02   6.425477e-03   0.000000e+00   2.907463e-03   6
  3.618333e-02   4.262887e-03   0.000000e+00   4.611331e-04   96
  3.646060e-02   4.485818e-03   4.541306e-10   4.954752e-04   96
  3.673578e-02   2.850228e-03   0.000000e+00   7.062133e-04   24
  3.700891e-02   3.466618e-03   4.541306e-10   4.015112e-04   48
  3.728004e-02   3.722332e-03   0.000000e+00   3.867500e-04   96
  3.754921e-02   3.612355e-03   0.000000e+00   5.141856e-04   48
  3.808185e-02   3.853625e-03   4.281585e-10   6.860200e-04   36
  3.834540e-02   3.962237e-03   7.865773e-10   5.070041e-04   48
  3.860715e-02   4.382320e-03   8.899106e-10   4.040187e-04   120
  3.886713e-02   3.764430e-03   0.000000e+00   5.125731e-04   56
  3.912539e-02   2.071064e-03   4.541306e-10   3.778578e-04   24
  3.938195e-02   3.232529e-03   0.000000e+00   3.019157e-04   96
  3.963685e-02   3.355772e-03   0.000000e+00   4.434249e-04   48
  4.014180e-02   4.922349e-03   6.422377e-10   9.495872e-04   24
  4.039191e-02   4.902580e-03   0.000000e+00   5.132043e-04   102
  4.064047e-02   6.166856e-03   4.541306e-10   9.902194e-04   48
  4.088753e-02   5.062195e-03   0.000000e+00   5.586781e-04   72
  4.113310e-02   4.580499e-03   0.000000e+00   4.749687e-04   48
  4.137722e-02   5.750778e-03   0.000000e+00   1.085302e-03   48
  4.161990e-02   4.567792e-03   1.027580e-09   4.640470e-04   120
  4.210107e-02   5.631425e-03   6.422377e-10   9.521679e-04   24
  4.233961e-02   4.017988e-03   6.055075e-10   3.541915e-04   144
  4.257681e-02   4.067105e-03   7.266090e-10   4.289688e-04   120
  4.281269e-02   4.047122e-03   6.422377e-10   5.921551e-04   48
  4.328060e-02   4.966435e-03   6.422377e-10   6.901821e-04   48
  4.351267e-02   4.214821e-03   6.422377e-10   4.273967e-04   96
  4.412543e-02   5.209008e-03   1.076845e-04   6.128918e-04   72
  4.442883e-02   4.402482e-03   5.708779e-10   3.416905e-04   108
  4.465493e-02   4.880328e-03   0.000000e+00   5.429677e-04   72
  4.487990e-02   3.577737e-03   0.000000e+00   8.505731e-04   30
  4.510374e-02   5.396911e-03   0.000000e+00   4.241700e-04   168
  4.532647e-02   6.710012e-03   0.000000e+00   8.854969e-04   48
  4.576869e-02   4.091908e-03   0.000000e+00   5.290524e-04   72
  4.598821e-02   5.852803e-03   0.000000e+00   5.979332e-04   96
  4.620668e-02   5.227908e-03   1.211015e-09   8.377920e-04   72
  4.642412e-02   5.869015e-03   0.000000e+00   6.658235e-04   72
  4.678970e-02   5.973274e-03   9.942967e-05   5.161061e-04   104
  4.707043e-02   5.429493e-03   8.563169e-10   4.326435e-04   144
  4.770798e-02   4.084141e-03   1.436087e-09   4.161189e-04   96
  4.791862e-02   3.649036e-03   0.000000e+00   3.935103e-04   96
  4.825361e-02   5.604590e-03   1.022910e-04   5.341245e-04   120
  4.854503e-02   4.951557e-03   0.000000e+00   4.542253e-04   120
  4.875204e-02   6.198370e-03   0.000000e+00   7.030333e-04   72
  4.916346e-02   7.078994e-03   0.000000e+00   9.813442e-04   48
  4.936788e-02   6.463907e-03   1.117860e-09   8.550468e-04   78
  4.962939e-02   7.161771e-03   9.159181e-05   6.133283e-04   168
  5.017725e-02   6.657401e-03   1.048770e-09   5.901740e-04   144
  5.037756e-02   8.085624e-03   8.563169e-10   6.242179e-04   144
  5.095853e-02   6.562962e-03   5.274950e-05   6.477837e-04   156
  5.117095e-02   5.845785e-03   1.112388e-09   1.266693e-03   48
  5.136739e-02   6.185554e-03   7.266090e-10   5.825003e-04   120
  5.156307e-02   4.020491e-03   0.000000e+00   4.296038e-04   48
  5.190908e-02   6.631400e-03   8.074274e-05   5.213185e-04   216
  5.233850e-02   4.649713e-03   0.000000e+00   5.466774e-04   48
  5.253057e-02   5.279743e-03   6.422377e-10   4.654141e-04   96
  5.280366e-02   6.151289e-03   9.436050e-05   5.801036e-04   168
  5.310261e-02   4.888138e-03   6.422377e-10   7.338267e-04   48
  5.329192e-02   7.436001e-03   0.000000e+00   7.880635e-04   96
  5.348057e-02   5.436204e-03   0.000000e+00   1.018554e-03   48
  5.385587e-02   7.827595e-03   7.266090e-10   1.012715e-03   30
  5.404255e-02   5.521119e-03   0.000000e+00   5.017877e-04   96
  5.426566e-02   6.780960e-03   7.415896e-05   5.163069e-04   240
  5.455256e-02   1.248617e-02   8.000683e-05   2.029365e-03   32
  5.478289e-02   5.078273e-03   0.000000e+00   4.067807e-04   168
  5.496642e-02   5.801711e-03   0.000000e+00   5.741191e-04   120
  5.533165e-02   5.632583e-03   1.353956e-09   7.815946e-04   72
  5.551336e-02   7.584016e-03   6.055075e-10   7.685330e-04   144
  5.569449e-02   6.040000e-03   0.000000e+00   6.002621e-04   96
  5.587502e-02   6.940256e-03   0.000000e+00   5.894907e-04   96
  5.623435e-02   1.057358e-02   0.000000e+00   1.390222e-03   72
  5.641315e-02   6.197996e-03   9.082613e-10   6.496460e-04   96
  5.676908e-02   9.112861e-03   0.000000e+00   1.727768e-03   24
  5.694620e-02   7.279453e-03   0.000000e+00   5.156543e-04   192
  5.715479e-02   6.898038e-03   6.789523e-05   5.793653e-04   132
  5.747431e-02   8.019353e-03   0.000000e+00   7.092931e-04   96
  5.764927e-02   4.720770e-03   0.000000e+00   4.985738e-04   96
  5.782370e-02   6.139240e-03   7.266090e-10   5.028982e-04   120
  5.817099e-02   6.808244e-03   0.000000e+00   9.439197e-04   48
  5.845566e-02   6.136762e-03   8.228355e-05   3.948225e-04   222
  5.868808e-02   7.571681e-03   0.000000e+00   7.383432e-04   120
  5.885943e-02   5.621688e-03   1.112388e-09   1.196062e-03   24
  5.910891e-02   9.268135e-03   8.492858e-05   6.116830e-04   312
  5.965251e-02   1.032294e-02   7.962394e-05   1.190220e-03   72
  5.987725e-02   6.834878e-03   1.112388e-09   7.868973e-04   96
  6.010802e-02   9.009961e-03   8.108596e-05   8.327465e-04   192
  6.037972e-02   7.180920e-03   1.027580e-09   8.473574e-04   120
  6.054629e-02   7.691025e-03   0.000000e+00   7.535337e-04   144
  6.087805e-02   7.518607e-03   0.000000e+00   1.102722e-03   48
  6.111387e-02   7.014029e-03   8.153477e-05   4.832633e-04   336
  6.137233e-02   7.872232e-03   0.000000e+00   1.015493e-03   48
  6.169965e-02   7.671750e-03   0.000000e+00   8.193664e-04   192
  6.186267e-02   6.005303e-03   0.000000e+00   7.405322e-04   48
  6.232604e-02   6.776644e-03   5.659583e-05   8.627653e-04   56
  6.255643e-02   7.736341e-03   7.268827e-05   4.543879e-04   336
  6.283185e-02   8.179805e-03   8.073433e-10   1.448137e-03   54
  6.307177e-02   7.905368e-03   7.983781e-05   5.759101e-04   240
  6.356985e-02   8.540408e-03   7.644534e-05   7.957476e-04   228
  6.378632e-02   8.072356e-03   8.563169e-10   1.086608e-03   72
  6.399644e-02   9.436260e-03   7.415385e-05   7.706652e-04   144
  6.425823e-02   8.733389e-03   0.000000e+00   8.813406e-04   96
  6.441477e-02   8.071852e-03   1.027580e-09   6.384654e-04   240
  6.472671e-02   6.110166e-03   9.082613e-10   1.107224e-03   24
  6.492641e-02   8.356037e-03   7.003773e-05   4.927225e-04   336
  6.519181e-02   5.612855e-03   0.000000e+00   6.710160e-04   72
  6.543408e-02   1.029535e-02   7.617900e-05   8.655263e-04   168
  6.565363e-02   8.230425e-03   0.000000e+00   9.117809e-04   72
  6.595971e-02   1.229943e-02   0.000000e+00   1.375359e-03   96
  6.619675e-02   6.700957e-03   7.560752e-05   4.983341e-04   216
  6.641618e-02   6.223068e-03   0.000000e+00   5.044548e-04   96
  6.671876e-02   8.051849e-03   9.082613e-10   5.393064e-04   192
  6.686954e-02   8.428953e-03   8.563169e-10   6.987492e-04   144
  6.717008e-02   6.389367e-03   0.000000e+00   8.334611e-04   48
  6.737816e-02   9.051190e-03   7.289453e-05   7.447011e-04   246
  6.766089e-02   1.100675e-02   6.720992e-05   1.004213e-03   168
  6.791561e-02   9.476281e-03   1.779821e-09   1.435774e-03   120
  6.806373e-02   7.767213e-03   0.000000e+00   6.625130e-04   240
  6.835902e-02   6.918282e-03   0.000000e+00   1.471384e-03   24
  6.859430e-02   8.361420e-03   7.194229e-05   5.211672e-04   360
  6.888731e-02   1.135954e-02   7.163615e-05   1.045421e-03   120
  6.909172e-02   8.775256e-03   0.000000e+00   7.974961e-04   144
  6.923733e-02   1.207746e-02   0.000000e+00   1.214860e-03   96
  6.967233e-02   9.432801e-03   0.000000e+00   7.521660e-04   144
  6.981673e-02   1.128719e-02   0.000000e+00   1.146261e-03   132
  7.001966e-02   8.007975e-03   7.070381e-05   6.838472e-04   176
  7.031425e-02   8.744108e-03   7.139661e-05   5.622057e-04   312
  7.067693e-02   1.062037e-02   0.000000e+00   1.494322e-03   96
  7.081928e-02   7.027467e-03   0.000000e+00   6.861973e-04   144
  7.103769e-02   9.585284e-03   7.068048e-05   6.739840e-04   312
  7.138584e-02   7.907976e-03   0.000000e+00   8.190880e-04   48
  7.152678e-02   7.986562e-03   9.082613e-10   5.955501e-04   192
  7.180783e-02   6.833259e-03   0.000000e+00   2.163188e-03   6
  7.199456e-02   8.103408e-03   6.592151e-05   5.329534e-04   288
  7.229701e-02   9.175679e-03   6.965036e-05   8.142680e-04   192
  7.250569e-02   8.397433e-03   2.136030e-09   6.207279e-04   216
  7.264446e-02   9.673157e-03   0.000000e+00   1.470396e-03   72
  7.299019e-02   1.001152e-02   6.898890e-05   1.052988e-03   192
  7.321980e-02   1.077381e-02   5.122797e-05   8.369731e-04   288
  7.347155e-02   7.730836e-03   0.000000e+00   1.605728e-03   24
  7.366606e-02   9.482291e-03   6.748859e-05   6.254691e-04   456
  7.401782e-02   7.492829e-03   0.000000e+00   1.442798e-03   48
  7.423517e-02   9.625832e-03   6.647357e-05   7.702836e-04   240
  7.448497e-02   1.159691e-02   6.717903e-05   8.645063e-04   216
  7.469503e-02   8.318356e-03   0.000000e+00   1.014419e-03   72
  7.482974e-02   7.244968e-03   2.321067e-09   6.615742e-04   168
  7.521008e-02   9.328693e-03   4.993319e-05   7.130378e-04   288
  7.542338e-02   1.033744e-02   6.607016e-05   8.878057e-04   168
  7.576598e-02   1.028323e-02   0.000000e+00   1.002060e-03   192
  7.589879e-02   7.468108e-03   8.563169e-10   5.676749e-04   144
  7.616371e-02   1.443890e-02   8.563169e-10   2.111655e-03   36
  7.638837e-02   7.866929e-03   6.033611e-05   5.259661e-04   342
  7.660318e-02   9.468058e-03   6.195787e-05   1.188086e-03   144
  7.687931e-02   1.013384e-02   6.497828e-05   7.504289e-04   384
  7.721429e-02   1.122400e-02   1.779821e-09   1.239497e-03   120
  7.738009e-02   1.108127e-02   5.794173e-05   7.127106e-04   264
  7.760459e-02   9.177190e-03   2.872174e-09   8.224283e-04   192
  7.781602e-02   8.436259e-03   6.244329e-05   7.250913e-04   152
  7.799294e-02   9.084665e-03   1.712634e-09   1.078985e-03   144
  7.836508e-02   6.815067e-03   4.041391e-05   5.888057e-04   216
  7.853733e-02   1.119947e-02   5.400376e-05   7.408473e-04   312
  7.884055e-02   9.436977e-03   6.258929e-05   6.841652e-04   240
  7.901921e-02   8.959360e-03   9.082613e-10   9.211196e-04   96
  7.935833e-02   6.147502e-03   5.983988e-05   5.277739e-04   144
  7.956734e-02   9.419753e-03   5.881734e-05   5.673713e-04   456
  7.990638e-02   6.072102e-03   0.000000e+00   4.438211e-04   120
  8.003232e-02   8.155478e-03   0.000000e+00   8.530572e-04   144
  8.028360e-02   7.040756e-03   1.284475e-09   1.183825e-03   24
  8.044470e-02   7.985873e-03   5.653709e-05   4.540338e-04   336
  8.072332e-02   8.334895e-03   6.235271e-05   6.954732e-04   198
  8.098439e-02   1.066180e-02   6.063443e-05   8.549652e-04   432
  8.128095e-02   1.681085e-02   1.816523e-09   2.211354e-03   48
  8.143566e-02   1.236687e-02   5.352971e-05   8.197953e-04   384
  8.171344e-02   9.540545e-03   6.162404e-05   1.125775e-03   144
  8.196515e-02   1.452674e-02   6.118458e-05   1.402869e-03   264
  8.226621e-02   7.716443e-03   0.000000e+00   7.756336e-04   48
  8.246820e-02   9.612242e-03   5.817654e-05   7.156573e-04   276
  8.266310e-02   9.548608e-03   5.273546e-05   9.657671e-04   192
  8.292356e-02   9.119632e-03   5.926306e-05   4.749979e-04   552
  8.323980e-02   7.105832e-03   1.453218e-09   9.264788e-04   120
  8.342777e-02   6.708946e-03   5.998883e-05   5.213288e-04   216
  8.360198e-02   7.806575e-03   1.453218e-09   6.758926e-04   120
  8.391317e-02   1.096847e-02   5.907428e-05   6.591977e-04   408
  8.420215e-02   3.751778e-03   1.284475e-09   4.890124e-04   24
  8.438134e-02   8.918500e-03   5.967566e-05   7.242822e-04   384
  8.463161e-02   6.252974e-03   5.830526e-05   4.254904e-04   240
  8.484893e-02   9.071721e-03   5.873223e-05   7.216106e-04   168
  8.515361e-02   6.090388e-03   0.000000e+00   6.800006e-04   120
  8.535003e-02   9.945083e-03   6.122527e-05   7.494295e-04   350
  8.566942e-02   1.125881e-02   1.007886e-04   8.992780e-04   384
  8.586029e-02   1.371636e-02   0.000000e+00   1.992844e-03   144
  8.621146e-02   8.754011e-03   1.211015e-09   8.153410e-04   288
  8.639482e-02   9.651017e-03   5.769264e-05   7.999851e-04   336
  8.664426e-02   7.711475e-03   5.252436e-05   7.246036e-04   168
  8.679359e-02   1.104829e-02   3.442699e-09   1.007386e-03   336
  8.710244e-02   7.341784e-03   5.451716e-05   5.155471e-04   288
  8.728795e-02   9.248462e-03   5.136910e-05   6.716670e-04   264
  8.760206e-02   8.544134e-03   0.000000e+00   7.503537e-04   240
  8.771695e-02   7.900835e-03   0.000000e+00   8.217160e-04   96
  8.812928e-02   1.039627e-02   6.985852e-05   8.235015e-04   360
  8.832172e-02   9.202186e-03   5.149772e-05   1.230368e-03   168
  8.856486e-02   8.608537e-03   5.613787e-05   5.313159e-04   456
  8.885766e-02   7.278902e-03   1.614687e-09   7.126775e-04   108
  8.902234e-02   5.473022e-03   5.632711e-05   3.696469e-04   264
  8.922780e-02   7.705342e-03   5.025296e-05   7.470498e-04   264
  8.950914e-02   9.047731e-03   4.742099e-05   5.239822e-04   312
  8.985946e-02   1.031446e-02   3.523897e-05   1.151073e-03   270
  9.000628e-02   1.049424e-02   4.474031e-05   1.220009e-03   240
  9.027023e-02   1.116498e-02   5.534940e-05   1.006914e-03   384
  9.043048e-02   7.154332e-03   1.816523e-09   5.912926e-04   192
  9.074177e-02   1.099969e-02   4.441052e-05   1.192219e-03   240
  9.092233e-02   1.097036e-02   5.480976e-05   8.896829e-04   336
  9.126190e-02   9.328437e-03   5.517650e-05   5.622398e-04   480
  9.153738e-02   1.062599e-02   1.211015e-09   1.573263e-03   72
  9.169127e-02   1.071031e-02   5.380211e-05   1.267651e-03   240
  9.190057e-02   7.634025e-03   5.056661e-05   5.212849e-04   312
  9.214050e-02   6.238997e-03   5.465037e-05   4.479363e-04   240
  9.250305e-02   8.801489e-03   4.152014e-05   6.356740e-04   408
  9.264658e-02   8.006013e-03   3.802244e-05   5.741291e-04   336
  9.292709e-02   8.528828e-03   4.827913e-05   8.114717e-04   264
  9.306493e-02   5.878229e-03   0.000000e+00   5.381179e-04   144
  9.344847e-02   8.282221e-03   6.691774e-05   6.240722e-04   464
  9.365053e-02   6.254423e-03   5.321333e-05   5.489682e-04   168
  9.385003e-02   8.015146e-03   4.846574e-05   7.091630e-04   336
  9.421059e-02   8.801668e-03   5.092274e-05   7.245420e-04   414
  9.441384e-02   1.500785e-02   5.300755e-05   1.734275e-03   216
  9.467424e-02   1.831646e-02   1.284475e-09   2.331413e-03   96
  9.478056e-02   9.007466e-03   3.146309e-09   8.908471e-04   384
  9.515300e-02   9.425459e-03   5.290514e-05   6.213693e-04   492
  9.535260e-02   9.911895e-03   5.173669e-05   8.152784e-04   240
  9.557820e-02   8.137458e-03   5.253086e-05   6.269676e-04   312
  9.588974e-02   5.185035e-03   5.251357e-05   5.361492e-04   192
  9.608709e-02   9.165155e-03   5.089201e-05   6.645997e-04   504
  9.634892e-02   9.109040e-03   3.369138e-05   8.770883e-04   408
  9.655507e-02   7.269821e-03   1.032177e-04   6.693402e-04   168
  9.681304e-02   1.079237e-02   4.902931e-05   8.588142e-04   288
  9.702952e-02   7.349517e-03   5.116628e-05   6.148686e-04   288
  9.725127e-02   6.319758e-03   5.146081e-05   4.574821e-04   432
  9.757291e-02   8.603216e-03   4.866478e-05   7.345209e-04   216
  9.774479e-02   7.555227e-03   4.856211e-05   6.288349e-04   360
  9.805077e-02   8.876069e-03   4.739615e-05   7.348050e-04   312
  9.832692e-02   1.208473e-02   0.000000e+00   2.012251e-03   48
  9.848611e-02   7.667865e-03   5.081550e-05   5.410543e-04   432
  9.877120e-02   7.187344e-03   8.476078e-05   6.156410e-04   414
  9.893956e-02   8.773095e-03   1.936190e-09   8.673986e-04   312
  9.925365e-02   9.761179e-03   7.437288e-05   8.997653e-04   528
  9.946561e-02   1.059930e-02   3.903945e-05   1.405362e-03   264
  9.972025e-02   9.808343e-03   4.629008e-05   8.928529e-04   480
  1.000530e-01   8.875789e-03   0.000000e+00   8.201825e-04   288
  1.001967e-01   8.345999e-03   4.973726e-05   9.418014e-04   168
  1.004595e-01   1.038268e-02   7.873394e-05   7.226385e-04   504
  1.007551e-01   1.538799e-02   1.211015e-09   1.822622e-03   144
  1.009411e-01   6.257897e-03   5.056606e-05   3.893322e-04   464
  1.012205e-01   6.855426e-03   7.420855e-05   5.182234e-04   432
  1.013531e-01   9.766307e-03   1.284475e-09   1.064605e-03   192
  1.016957e-01   6.817604e-03   5.501332e-05   4.973953e-04   396
  1.018981e-01   6.741195e-03   4.941713e-05   5.399298e-04   288
  1.021026e-01   6.754006e-03   4.881567e-05   6.028441e-04   336
  1.024293e-01   7.127788e-03   3.091107e-05   5.425358e-04   432
  1.026367e-01   8.096802e-03   8.011717e-05   6.913548e-04   360
  1.028695e-01   7.085367e-03   4.739049e-05   4.523006e-04   384
  1.032001e-01   6.858376e-03   4.183121e-05   7.342590e-04   198
  1.033594e-01   8.467890e-03   4.754848e-05   7.526524e-04   552
  1.036565e-01   1.153878e-02   6.656461e-05   1.285169e-03   432
  1.039045e-01   8.458951e-03   2.542602e-09   9.164624e-04   168
  1.041126e-01   1.133573e-02   8.251578e-05   9.985624e-04   480
  1.043880e-01   5.185081e-03   0.000000e+00   5.739397e-04   120
  1.045119e-01   9.201419e-03   6.739531e-05   8.764510e-04   336
  1.048143e-01   8.103619e-03   4.754634e-05   6.010584e-04   672
  1.051134e-01   9.649002e-03   6.916265e-05   6.158490e-04   528
  1.052527e-01   4.576096e-03   2.076026e-09   3.875597e-04   168
  1.055745e-01   9.131370e-03   7.715047e-05   7.163633e-04   456
  1.057708e-01   1.258730e-02   4.711644e-05   2.303176e-03   168
  1.059747e-01   8.278838e-03   4.703185e-05   6.435158e-04   504
  1.063135e-01   5.873493e-03   6.052278e-05   6.700457e-04   336
  1.065184e-01   9.419192e-03   4.362976e-05   8.337662e-04   312
  1.067457e-01   8.444315e-03   4.262923e-05   7.133099e-04   504
  1.070448e-01   6.768865e-03   2.957734e-05   4.190506e-04   432
  1.071854e-01   5.595519e-03   4.570679e-05   3.685066e-04   312
  1.074777e-01   6.371781e-03   4.685168e-05   4.502276e-04   384
  1.077830e-01   1.254202e-02   3.980594e-05   2.542522e-03   126
  1.079714e-01   9.070217e-03   6.988975e-05   7.899180e-04   492
  1.082121e-01   1.019221e-02   4.476446e-05   8.707838e-04   528
  1.085129e-01   8.111454e-03   4.547108e-05   7.780175e-04   480
  1.086993e-01   1.073490e-02   6.281804e-05   1.016002e-03   432
  1.089692e-01   9.568212e-03   4.939807e-05   9.242759e-04   440
  1.092826e-01   1.081724e-02   2.456546e-05   1.007910e-03   312
  1.094002e-01   8.116840e-03   3.681340e-05   9.937773e-04   480
  1.096414e-01   8.762353e-03   7.207992e-05   9.123882e-04   408
  1.099939e-01   1.090797e-02   4.316772e-05   9.711501e-04   360
  1.101428e-01   8.320599e-03   4.165528e-05   7.762251e-04   408
  1.104187e-01   5.890019e-03   4.238952e-05   5.688232e-04   456
  1.107295e-01   8.151025e-03   4.051394e-05   6.612567e-04   264
  1.109019e-01   8.207252e-03   4.396779e-05   7.816443e-04   384
  1.111530e-01   7.463836e-03   7.402287e-05   5.327245e-04   672
  1.114432e-01   1.112579e-02   4.427524e-05   1.343288e-03   240
  1.116107e-01   5.997559e-03   4.492830e-05   4.240539e-04   264
  1.118470e-01   4.336732e-03   5.541164e-05   3.177238e-04   624
  1.121997e-01   6.134653e-03   0.000000e+00   1.108406e-03   150
  1.123253e-01   1.169732e-02   6.209312e-05   9.593862e-04   600
  1.125901e-01   8.738871e-03   4.285507e-05   6.596313e-04   672
  1.128900e-01   7.608153e-03   4.030821e-05   1.156139e-03   336
  1.130571e-01   1.303228e-02   4.384359e-05   1.228869e-03   408
  1.133240e-01   9.932029e-03   4.374031e-05   1.188239e-03   408
  1.136209e-01   8.068414e-03   2.211745e-05   6.743887e-04   360
  1.138039e-01   1.037706e-02   8.120816e-05   1.022590e-03   456
  1.140250e-01   8.609728e-03   4.416149e-05   9.104520e-04   384
  1.143063e-01   5.402764e-03   4.076666e-05   4.240801e-04   348
  1.144584e-01   1.089099e-02   5.025723e-05   8.713891e-04   576
  1.147440e-01   6.761003e-03   4.138022e-05   5.401443e-04   504
  1.150362e-01   7.486144e-03   5.836440e-05   6.738245e-04   432
  1.152912e-01   6.813485e-03   7.940448e-05   4.490310e-04   576
  1.154731e-01   7.124336e-03   0.000000e+00   9.632498e-04   264
  1.157616e-01   7.257086e-03   6.318613e-05   4.597489e-04   768
  1.160125e-01   3.615077e-03   8.506861e-05   2.716052e-04   240
  1.162120e-01   7.088437e-03   7.502246e-05   1.148320e-03   192
  1.165026e-01   5.463835e-03   5.522570e-05   3.402893e-04   504
  1.167181e-01   9.551354e-03   7.441870e-05   1.181109e-03   590
  1.169248e-01   1.062597e-02   8.338208e-05   1.246299e-03   384
  1.171839e-01   8.227195e-03   6.968286e-05   7.873626e-04   504
  1.174968e-01   1.197974e-02   6.705897e-05   1.031227e-03   648
  1.178003e-01   7.473759e-03   1.821233e-05   7.894452e-04   504
  1.179227e-01   6.977522e-03   4.154576e-05   6.287708e-04   312
  1.181387e-01   1.010101e-02   5.985722e-05   8.380190e-04   576
  1.184353e-01   1.150331e-02   4.165498e-05   1.543680e-03   240
  1.186082e-01   5.942411e-03   4.209035e-05   4.313666e-04   552
  1.188529e-01   1.109329e-02   3.952187e-05   1.095911e-03   600
  1.192015e-01   8.053431e-03   4.827284e-05   6.952096e-04   600
  1.194111e-01   6.768402e-03   7.730513e-05   6.386776e-04   312
  1.196198e-01   9.532580e-03   6.732512e-05   7.955312e-04   480
  1.198806e-01   7.120038e-03   4.200441e-05   7.203490e-04   576
  1.201101e-01   1.145146e-02   6.763622e-05   1.147377e-03   408
  1.203138e-01   2.423625e-03   7.890077e-05   1.913007e-04   216
  1.205770e-01   6.377086e-03   6.042911e-05   5.247630e-04   516
  1.208589e-01   7.264356e-03   5.765552e-05   4.955334e-04   744
  1.211498e-01   8.256906e-03   3.850879e-05   7.099471e-04   462
  1.213141e-01   9.729508e-03   3.913862e-05   1.332617e-03   432
  1.215691e-01   1.124066e-02   3.630965e-05   9.401816e-04   648
  1.218688e-01   1.020308e-02   5.312777e-05   1.190058e-03   528
  1.221096e-01   8.708202e-03   6.397910e-05   7.305820e-04   600
  1.223502e-01   1.761926e-02   8.066092e-05   3.023327e-03   240
  1.225832e-01   8.429344e-03   6.178548e-05   7.716749e-04   720
  1.228540e-01   8.168824e-03   4.888350e-05   6.561988e-04   720
  1.231542e-01   2.265541e-03   0.000000e+00   2.274417e-04   144
  1.233122e-01   9.311284e-03   6.302546e-05   7.122378e-04   720
  1.235369e-01   9.646621e-03   3.779131e-05   8.591923e-04   384
  1.238183e-01   6.526250e-03   4.189367e-05   4.564302e-04   672
  1.240853e-01   1.178416e-02   7.335120e-05   1.356087e-03   336
  1.242128e-01   1.035009e-02   0.000000e+00   1.270962e-03   288
  1.245250e-01   6.661075e-03   5.805257e-05   5.032305e-04   776
  1.248140e-01   5.885058e-03   4.967278e-05   3.861800e-04   720
  1.250567e-01   5.030792e-03   4.001507e-05   4.200525e-04   432
  1.252509e-01   9.678573e-03   5.704653e-05   1.134566e-03   504
  1.254668e-01   6.538021e-03   3.996919e-05   5.806581e-04   528
  1.257690e-01   9.559323e-03   5.445569e-05   1.234203e-03   438
  1.260177e-01   1.157690e-02   6.338144e-05   1.275265e-03   624
  1.262050e-01   1.095468e-02   7.763371e-05   1.404490e-03   312
  1.264626e-01   1.219395e-02   4.182709e-05   8.958597e-04   696
  1.267289e-01   9.596644e-03   3.784594e-05   1.060026e-03   552
  1.270059e-01   9.036519e-03   2.928013e-05   9.134406e-04   516
  1.271773e-01   1.191594e-02   5.848486e-05   1.214863e-03   528
  1.273859e-01   3.316010e-03   3.803430e-05   2.143975e-04   528
  1.276822e-01   9.820156e-03   5.015953e-05   8.471319e-04   864
  1.278834e-01   9.247187e-03   6.870823e-05   9.906223e-04   408
  1.280847e-01   1.237324e-02   6.807282e-05   1.125382e-03   192
  1.283701e-01   6.549810e-03   5.633353e-05   5.887871e-04   720
  1.286110e-01   6.457771e-03   5.194228e-05   5.496026e-04   696
  1.288973e-01   7.425853e-03   5.609815e-05   5.517225e-04   720
  1.291592e-01   7.234166e-03   7.603431e-05   6.409149e-04   432
  1.293119e-01   4.527158e-03   4.475677e-05   4.744482e-04   264
  1.295867e-01   6.803845e-03   6.180712e-05   4.871112e-04   672
  1.298325e-01   8.005009e-03   6.328100e-05   6.447381e-04   600
  1.301242e-01   4.065387e-03   3.705096e-05   8.038867e-04   270
  1.302712e-01   1.049182e-02   5.577202e-05   1.284538e-03   528
  1.305049e-01   1.027442e-02   3.819070e-05   8.264595e-04   840
  1.308254e-01   1.227777e-02   7.302747e-05   9.882561e-04   888
  1.311216e-01   7.454081e-03   5.441084e-05   6.944570e-04   744
  1.313718e-01   8.864602e-03   2.795923e-05   7.810394e-04   456
  1.314963e-01   1.527496e-02   3.820801e-05   1.307806e-03   360
  1.317093e-01   8.480024e-03   3.310510e-05   1.285615e-03   384
  1.320361e-01   7.999122e-03   5.310026e-05   5.638302e-04   816
  1.322813e-01   8.754450e-03   7.704106e-05   6.594141e-04   824
  1.325794e-01   7.316045e-03   3.581235e-05   1.022622e-03   360
  1.327390e-01   8.804398e-03   5.284558e-05   6.623012e-04   624
  1.329587e-01   9.637479e-03   3.571018e-05   1.052959e-03   360
  1.332513e-01   7.362368e-03   4.857633e-05   6.068024e-04   876
  1.335156e-01   6.457325e-03   5.769416e-05   5.509546e-04   696
  1.337821e-01   4.635124e-03   3.725510e-05   4.787241e-04   336
  1.339218e-01   9.875612e-03   3.721324e-05   1.140349e-03   504
  1.341526e-01   7.234479e-03   3.753571e-05   7.559385e-04   672
  1.344950e-01   4.988381e-03   7.472486e-05   4.068667e-04   720
  1.347324e-01   9.503537e-03   5.644666e-05   9.759365e-04   774
  1.349945e-01   1.906497e-02   3.230860e-05   2.498554e-03   384
  1.351318e-01   1.262944e-02   6.217562e-05   1.345873e-03   528
  1.353448e-01   9.842224e-03   5.925683e-05   8.641721e-04   744
  1.356875e-01   1.121347e-02   4.887432e-05   9.286709e-04   768
  1.359150e-01   1.178591e-02   5.486510e-05   1.413674e-03   552
  1.361989e-01   7.438122e-03   5.979675e-05   6.626362e-04   696
  1.364100e-01   1.275345e-02   7.266345e-05   1.382032e-03   408
  1.365777e-01   1.016953e-02   3.139119e-05   9.738296e-04   504
  1.368434e-01   7.409091e-03   5.639309e-05   6.049348e-04   888
  1.371049e-01   7.107972e-03   5.860872e-05   7.808120e-04   648
  1.373767e-01   7.001697e-03   5.810635e-05   6.571404e-04   648
  1.376324e-01   7.317891e-03   6.265289e-05   6.372173e-04   792
  1.379033e-01   6.122852e-03   9.166547e-05   5.605939e-04   600
  1.381028e-01   3.767507e-03   6.212242e-05   2.937487e-04   456
  1.383129e-01   7.483559e-03   3.027582e-05   6.556821e-04   648
  1.385828e-01   5.802942e-03   5.904226e-05   4.325434e-04   936
  1.388741e-01   8.725389e-03   3.625955e-05   7.475402e-04   384
  1.391277e-01   1.152509e-04   0.000000e+00   9.228943e-06   198
  1.393234e-01   1.134900e-04   9.199360e-05   3.737979e-06   1224
  1.395345e-01   1.206847e-04   6.699966e-05   6.655444e-06   420
  1.397842e-01   1.061138e-04   6.484166e-05   4.812649e-06   792
  1.400283e-01   1.107010e-04   5.361851e-05   4.471380e-06   680
  1.403069e-01   1.124599e-04   4.923504e-05   5.628617e-06   600
  1.405311e-01   1.113975e-04   7.140431e-05   4.160945e-06   840
  1.408304e-01   1.421678e-04   3.371380e-05   8.612460e-06   432
  1.409448e-01   1.154204e-04   3.159427e-05   5.157637e-06   720
  1.411934e-01   1.262288e-04   6.327780e-05   4.444669e-06   960
  1.415027e-01   1.262994e-04   5.640753e-05   6.432820e-06   528
  1.417288e-01   1.137100e-04   5.765925e-05   5.208038e-06   624
  1.419978e-01   1.299147e-04   4.531978e-05   5.084087e-06   816
  1.422648e-01   1.086135e-04   7.452934e-05   4.980946e-06   696
  1.425599e-01   1.306391e-04   4.110321e-09   8.868791e-06   240
  1.426709e-01   1.330397e-04   4.395173e-05   6.002642e-06   672
  1.429185e-01   1.186865e-04   7.854802e-05   4.448422e-06   864
  1.431964e-01   1.116790e-04   6.027286e-05   4.573435e-06   816
  1.434467e-01   1.195435e-04   3.449810e-05   5.387028e-06   648
  1.437164e-01   1.232168e-04   3.526335e-05   4.364352e-06   843
  1.439454e-01   1.092555e-04   6.344743e-05   4.731891e-06   780
  1.442182e-01   1.021721e-04   3.404471e-05   7.655728e-06   216
  1.443865e-01   1.125026e-04   8.209510e-05   3.655096e-06   1056
  1.446454e-01   1.491141e-04   6.716301e-05   1.009843e-05   228
  1.448850e-01   1.240265e-04   8.361962e-05   4.601815e-06   924
  1.451311e-01   1.324330e-04   3.101819e-05   5.289536e-06   696
  1.453916e-01   1.097296e-04   5.520350e-05   3.988681e-06   996
  1.456581e-01   1.183327e-04   3.259105e-05   5.433315e-06   576
  1.459354e-01   1.160607e-04   5.030212e-05   6.051146e-06   552
  1.461376e-01   1.336355e-04   6.005898e-05   6.527042e-06   516
  1.463427e-01   1.161074e-04   8.733821e-05   4.322711e-06   744
  1.465771e-01   1.237486e-04   4.284460e-05   6.038202e-06   576
  1.467810e-01   1.121738e-04   4.409794e-05   4.615686e-06   792
  1.470708e-01   1.279315e-04   5.041212e-05   4.919094e-06   792
  1.472831e-01   1.212328e-04   5.436894e-05   5.002998e-06   720
  1.475703e-01   1.143436e-04   6.196809e-05   4.581044e-06   656
  1.478394e-01   1.174077e-04   6.766594e-05   4.576494e-06   816
  1.481153e-01   1.141507e-04   3.648433e-05   5.599303e-06   492
  1.482721e-01   1.207869e-04   5.248529e-05   5.410541e-06   552
  1.485663e-01   1.074514e-04   9.126553e-05   5.241511e-06   780
  1.487575e-01   1.219132e-04   5.606333e-05   6.475628e-06   528
  1.489634e-01   1.175115e-04   6.544296e-05   5.387231e-06   600
  1.492669e-01   1.325840e-04   5.438828e-05   4.676963e-06   900
  1.494760e-01   1.206657e-04   3.011028e-05   5.607056e-06   696
  1.497638e-01   1.174826e-04   7.613501e-05   4.830407e-06   696
  1.500423e-01   1.292596e-04   3.088725e-05   6.016098e-06   552
  1.502764e-01   1.003278e-04   3.591902e-05   4.345972e-06   708
  1.505217e-01   1.231368e-04   5.930435e-05   5.039144e-06   876
  1.507769e-01   1.378784e-04   3.148943e-05   1.319768e-05   216
  1.509481e-01   1.184325e-04   8.612787e-05   4.106847e-06   1032
  1.512046e-01   1.117906e-04   9.589387e-05   5.289656e-06   600
  1.514708e-01   1.067645e-04   4.575699e-05   4.854030e-06   600
  1.516739e-01   1.182854e-04   8.080257e-05   6.465299e-06   528
  1.519139e-01   1.177977e-04   4.435707e-05   5.121201e-06   732
  1.521668e-01   1.085329e-04   3.275367e-05   6.423849e-06   336
  1.524578e-01   1.141920e-04   4.668048e-05   4.190520e-06   912
  1.526754e-01   1.071942e-04   4.685305e-05   4.892489e-06   624
  1.529130e-01   1.185840e-04   3.948208e-05   5.012995e-06   768
  1.531905e-01   1.343016e-04   7.123345e-05   5.344131e-06   792
  1.534628e-01   1.139740e-04   3.531461e-05   5.476980e-06   660
  1.536565e-01   1.112217e-04   5.204174e-05   6.498927e-06   504
  1.538569e-01   1.150221e-04   8.502625e-05   6.273151e-06   480
  1.541572e-01   9.023497e-05   7.863820e-05   3.361911e-06   912
  1.543923e-01   1.315700e-04   8.757583e-05   8.352189e-06   432
  1.546144e-01   1.132559e-04   5.200047e-05   5.529452e-06   564
  1.548116e-01   1.137831e-04   4.977161e-05   5.724605e-06   600
  1.550891e-01   1.244312e-04   6.937691e-05   4.820367e-06   876
  1.552976e-01   1.210005e-04   3.119395e-05   8.223793e-06   264
  1.555851e-01   1.218524e-04   6.052853e-05   5.856542e-06   560
  1.558161e-01   1.071446e-04   4.113044e-05   4.202767e-06   840
  1.560965e-01   1.012623e-04   6.341128e-05   4.020023e-06   1008
  1.563558e-01   1.104678e-04   2.836595e-05   5.859846e-06   456
  1.565927e-01   1.253372e-04   3.674408e-05   6.328396e-06   576
  1.568116e-01   1.182839e-04   5.646120e-05   5.613708e-06   612
  1.571003e-01   1.104457e-04   5.042901e-05   4.858094e-06   780
  1.573359e-01   1.217094e-04   5.778934e-05   5.149932e-06   648
  1.575770e-01   1.318953e-04   2.693058e-05   1.024284e-05   312
  1.577311e-01   1.011350e-04   6.842617e-05   4.651754e-06   528
  1.579980e-01   1.030516e-04   8.936117e-05   4.926780e-06   720
  1.582533e-01   1.103050e-04   8.964102e-05   6.822270e-06   576
  1.585628e-01   1.050490e-04   7.732694e-05   5.716419e-06   444
  1.587554e-01   1.173021e-04   7.583279e-05   4.424322e-06   996
  1.589914e-01   1.040484e-04   6.334320e-05   6.637284e-06   432
  1.592145e-01   1.188920e-04   6.934834e-05   6.169394e-06   504
  1.594071e-01   1.050666e-04   3.126589e-05   6.218380e-06   504
  1.596815e-01   1.249555e-04   6.153164e-05   5.529101e-06   876
  1.599297e-01   1.085778e-04   7.081706e-05   5.965867e-06   504
  1.601882e-01   9.717907e-05   4.516342e-05   5.085733e-06   696
  1.604019e-01   1.254664e-04   3.860998e-05   6.509765e-06   492
  1.606926e-01   9.819309e-05   5.527206e-05   5.648823e-06   432
  1.609079e-01   1.166895e-04   5.175622e-05   5.097222e-06   768
  1.611631e-01   9.892458e-05   6.446933e-05   5.142872e-06   648
  1.614068e-01   8.793695e-05   4.205932e-05   4.945244e-06   456
  1.616868e-01   9.492092e-05   5.783839e-05   5.140513e-06   552
  1.618813e-01   1.017664e-04   3.964248e-05   5.914263e-06   648
  1.621489e-01   1.015906e-04   6.461501e-05   4.109103e-06   840
  1.624104e-01   1.166369e-04   3.081354e-05   6.794117e-06   432
  1.626721e-01   9.678500e-05   3.774132e-05   5.421974e-06   600
  1.628542e-01   1.186367e-04   4.021090e-05   7.438638e-06   432
  1.631600e-01   1.089046e-04   4.003387e-05   5.459056e-06   560
  1.633670e-01   9.317433e-05   6.336941e-05   4.317641e-06   840
  1.636263e-01   1.108539e-04   3.753463e-05   6.242696e-06   504
  1.638323e-01   9.180850e-05   7.660593e-05   4.501149e-06   696
  1.641226e-01   1.123414e-04   4.183943e-05   7.074392e-06   384
  1.643487e-01   8.787478e-05   6.128984e-05   4.580124e-06   576
  1.646222e-01   9.190123e-05   3.782503e-05   6.458387e-06   360
  1.648426e-01   9.404771e-05   5.633064e-05   4.678801e-06   828
  1.650804e-01   9.386545e-05   5.017290e-05   5.764865e-06   372
  1.652983e-01   9.409857e-05   7.662364e-05   4.482906e-06   576
  1.655869e-01   1.008020e-04   3.208989e-05   4.850877e-06   636
  1.657926e-01   9.646841e-05   6.186102e-05   4.740652e-06   648
  1.660708e-01   9.483115e-05   5.028625e-05   5.162011e-06   576
  1.662705e-01   9.476172e-05   8.111703e-05   5.313538e-06   528
  1.665361e-01   9.627906e-05   3.468088e-05   6.690219e-06   360
  1.667559e-01   8.265366e-05   7.977902e-05   3.719124e-06   672
  1.670430e-01   9.713408e-05   4.086413e-05   4.701908e-06   804
  1.672819e-01   9.642160e-05   4.507802e-05   5.418084e-06   408
  1.675462e-01   9.076602e-05   2.786312e-05   5.289280e-06   384
  1.677241e-01   7.224937e-05   6.376152e-05   4.666457e-06   480
  1.679752e-01   8.061413e-05   4.119929e-05   4.644934e-06   432
  1.682159e-01   1.100095e-04   7.592150e-05   5.469457e-06   648
  1.685009e-01   9.560498e-05   4.710893e-05   4.866281e-06   624
  1.687093e-01   9.138455e-05   4.284955e-05   5.940833e-06   456
  1.689940e-01   8.578669e-05   5.853629e-05   5.551533e-06   588
  1.691847e-01   8.117653e-05   3.734591e-05   4.204661e-06   600
  1.694632e-01   8.096789e-05   5.825046e-05   3.538844e-06   708
  1.696832e-01   7.738525e-05   3.669667e-05   4.531210e-06   360
  1.699263e-01   9.789450e-05   4.218379e-05   5.508480e-06   552
  1.701593e-01   8.487731e-05   2.959293e-05   7.836432e-06   288
  1.703959e-01   7.407044e-05   5.564280e-05   4.265879e-06   528
  1.706182e-01   8.577883e-05   3.753920e-05   4.458640e-06   456
  1.708665e-01   8.591251e-05   6.656515e-05   4.719955e-06   608
  1.711163e-01   7.651548e-05   3.220496e-05   3.925611e-06   504
  1.713892e-01   6.140997e-05   6.914223e-05   3.450416e-06   540
  1.716032e-01   1.028412e-04   7.422222e-05   6.982682e-06   360
  1.718339e-01   1.033831e-04   3.361162e-05   5.437373e-06   540
  1.720380e-01   8.202825e-05   2.885957e-05   4.624266e-06   576
  1.723347e-01   8.734670e-05   6.691555e-05   4.651320e-06   588
  1.726168e-01   8.623273e-05   9.232326e-05   4.842751e-06   672
  1.728592e-01   9.957195e-05   7.056345e-05   5.014527e-06   552
  1.730545e-01   6.331800e-05   7.059913e-05   5.746181e-06   144
  1.733038e-01   9.180845e-05   5.998121e-05   4.880955e-06   600
  1.735402e-01   6.762044e-05   7.516955e-05   3.853895e-06   504
  1.738025e-01   7.602432e-05   7.721430e-05   5.827020e-06   336
  1.740784e-01   7.686991e-05   8.678922e-05   3.829946e-06   600
  1.743256e-01   7.203181e-05   5.601092e-05   4.199887e-06   636
  1.745923e-01   8.648299e-05   4.503329e-05   7.675969e-06   384
  1.747793e-01   8.630664e-05   6.281612e-05   5.611260e-06   504
  1.750488e-01   7.323964e-05   2.636304e-05   6.037182e-06   240
  1.752616e-01   7.831408e-05   6.193054e-05   3.523266e-06   744
  1.755168e-01   7.140656e-05   4.228914e-05   3.777021e-06   648
  1.757436e-01   1.292074e-04   2.807279e-05   1.150819e-05   120
  1.760095e-01   6.276815e-05   4.409871e-05   2.965679e-06   564
  1.762103e-01   9.241089e-05   6.925969e-05   5.953975e-06   432
  1.764784e-01   6.511571e-05   5.375921e-05   4.359411e-06   480
  1.766803e-01   5.548132e-05   3.956814e-05   3.534300e-06   456
  1.769186e-01   7.636602e-05   6.547942e-05   4.851316e-06   444
  1.771890e-01   6.735295e-05   1.001870e-04   4.677938e-06   528
  1.774266e-01   8.529045e-05   7.440679e-05   7.930928e-06   264
  1.776571e-01   6.750158e-05   7.625589e-05   4.334075e-06   444
  1.779672e-01   7.662899e-05   8.352712e-05   3.730536e-06   696
  1.782246e-01   8.428484e-05   4.467309e-05   6.629127e-06   384
  1.784129e-01   6.527542e-05   5.644820e-05   3.875448e-06   432
  1.787057e-01   8.851593e-05   3.900306e-05   5.178256e-06   488
  1.788958e-01   8.086300e-05   5.878247e-05   4.717270e-06   480
  1.791714e-01   6.842043e-05   6.555462e-05   4.675139e-06   480
  1.793849e-01   5.857633e-05   2.750471e-05   4.257926e-06   240
  1.796272e-01   7.456629e-05   6.424882e-05   4.398094e-06   600
  1.798559e-01   5.519400e-05   5.598627e-05   4.362053e-06   288
  1.800993e-01   6.801386e-05   5.385469e-05   4.379305e-06   480
  1.803458e-01   5.803101e-05   9.579788e-05   3.809701e-06   504
  1.805885e-01   7.303839e-05   4.110325e-05   5.641126e-06   216
  1.808981e-01   6.753197e-05   6.729256e-05   4.483803e-06   504
  1.811392e-01   5.434452e-05   5.412370e-05   3.565753e-06   456
  1.814031e-01   8.916175e-05   3.104087e-05   5.749974e-06   384
  1.815779e-01   9.132564e-05   6.300174e-05   6.317526e-06   480
  1.818262e-01   5.472668e-05   5.532259e-05   3.999615e-06   504
  1.820564e-01   6.588015e-05   3.509319e-05   4.591125e-06   312
  1.823043e-01   7.011027e-05   5.655148e-05   4.807945e-06   492
  1.825238e-01   8.430662e-05   5.300385e-05   6.457994e-06   312
  1.828064e-01   6.105607e-05   8.610055e-05   3.326055e-06   576
  1.830551e-01   7.733490e-05   7.947777e-05   6.592637e-06   336
  1.832617e-01   4.373696e-05   6.119421e-05   3.928559e-06   240
  1.835481e-01   6.913139e-05   8.112802e-05   4.510021e-06   468
  1.837954e-01   6.548282e-05   5.079787e-05   6.254512e-06   192
  1.840542e-01   5.444360e-05   5.094927e-05   4.953093e-06   324
  1.842439e-01   6.422793e-05   3.697814e-05   3.541853e-06   600
  1.845024e-01   6.533623e-05   5.999324e-05   4.070263e-06   456
  1.846943e-01   6.852316e-05   2.698496e-05   5.708499e-06   336
  1.850125e-01   7.316120e-05   8.080061e-05   4.856170e-06   612
  1.852440e-01   5.681227e-05   6.781139e-05   1.052127e-05   144
  1.854629e-01   7.181721e-05   7.915330e-05   4.183559e-06   552
  1.857606e-01   3.735858e-05   3.117154e-05   2.570928e-06   264
  1.859288e-01   5.864856e-05   7.217008e-05   5.535443e-06   336
  1.861941e-01   4.824692e-05   4.768752e-05   3.280443e-06   384
  1.864242e-01   5.845193e-05   2.684336e-05   5.445210e-06   216
  1.866789e-01   4.153695e-05   5.691346e-05   3.110744e-06   344
  1.869112e-01   4.626863e-05   8.491756e-05   3.250015e-06   408
  1.871942e-01   5.248980e-05   6.525361e-05   5.220016e-06   264
  1.874450e-01   5.911497e-05   9.096676e-05   4.183573e-06   612
  1.876956e-01   8.219359e-05   4.681845e-05   6.248303e-06   408
  1.879533e-01   5.368364e-05   4.688574e-05   5.002744e-06   444
  1.881426e-01   1.077256e-04   2.622284e-05   1.017912e-05   120
  1.883963e-01   6.359769e-05   7.244892e-05   6.174745e-06   336
  1.885846e-01   5.153772e-05   2.517571e-05   4.490837e-06   288
  1.888390e-01   5.361255e-05   7.834725e-05   3.417113e-06   552
  1.891889e-01   7.425325e-05   0.000000e+00   1.105184e-05   72
  1.893687e-01   5.403334e-05   7.781878e-05   3.802378e-06   504
  1.895788e-01   2.644063e-05   2.504133e-05   2.362078e-06   216
  1.898511e-01   4.090658e-05   4.470956e-05   3.424429e-06   312
  1.900954e-01   3.804289e-05   5.090887e-05   3.311917e-06   336
  1.903283e-01   3.255539e-05   7.056539e-05   3.426549e-06   204
  1.905603e-01   8.088758e-05   8.200772e-05   6.800904e-06   504
  1.908063e-01   6.779822e-05   7.809491e-05   5.227217e-06   396
  1.910429e-01   5.167444e-05   7.161711e-05   5.119051e-06   312
  1.913297e-01   8.231407e-05   4.376572e-05   9.018518e-06   216
  1.915318e-01   4.875359e-05   2.375249e-05   5.423751e-06   168
  1.917774e-01   4.892507e-05   5.997637e-05   3.270199e-06   588
  1.920576e-01   3.499005e-05   8.141090e-05   4.759341e-06   240
  1.922754e-01   3.333570e-05   7.189946e-05   3.010669e-06   264
  1.925307e-01   4.354265e-05   8.891848e-05   3.945759e-06   288
  1.927573e-01   4.453323e-05   4.440219e-05   4.606294e-06   288
  1.930444e-01   3.568849e-05   4.170072e-05   3.228328e-06   288
  1.932378e-01   3.668116e-05   4.830681e-05   3.785469e-06   192
  1.934810e-01   2.430282e-05   5.140329e-05   2.243728e-06   264
  1.937128e-01   7.715104e-05   8.455129e-05   5.926193e-06   372
  1.939621e-01   8.354153e-05   9.131904e-05   7.519616e-06   360
  1.942665e-01   7.193566e-05   3.864708e-05   1.093251e-05   144
  1.944239e-01   4.252296e-05   5.367910e-05   4.797628e-06   296
  1.946722e-01   4.394005e-05   5.783646e-05   4.284450e-06   288
  1.949565e-01   4.706746e-05   8.643513e-05   3.677620e-06   480
  1.952017e-01   3.523893e-05   7.181934e-05   6.017005e-06   192
  1.954402e-01   5.674276e-05   7.703604e-05   6.756403e-06   192
  1.956569e-01   3.875044e-05   4.909597e-05   3.936336e-06   288
  1.959584e-01   1.730506e-05   4.273737e-05   2.209758e-06   108
  1.961102e-01   3.902510e-05   4.108675e-05   4.290461e-06   240
  1.963784e-01   2.881787e-05   7.664829e-05   3.237557e-06   384
  1.966538e-01   4.376699e-05   9.350223e-05   5.634005e-06   108
  1.968974e-01   5.871542e-05   5.482209e-05   4.337932e-06   348
  1.971535e-01   3.851280e-05   5.721449e-05   4.704033e-06   312
  1.973823e-01   4.138062e-05   5.559587e-05   9.249917e-06   96
  1.975926e-01   3.614689e-05   7.401586e-05   3.358081e-06   384
  1.978282e-01   4.104351e-05   5.090793e-05   4.429022e-06   144
  1.980586e-01   4.104764e-05   7.822228e-05   3.600766e-06   408
  1.983451e-01   1.698091e-05   3.489266e-05   2.681599e-06   144
  1.986157e-01   3.888531e-05   6.708152e-05   5.193574e-06   192
  1.987762e-01   4.792055e-05   7.550148e-05   4.765094e-06   144
  1.990378e-01   2.214289e-05   6.138549e-05   2.671868e-06   144
  1.992846e-01   3.777756e-05   7.502301e-05   3.780219e-06   336
  1.995869e-01   1.837506e-05   5.550751e-05   1.657400e-06   240
  1.997786e-01   2.404029e-05   2.520547e-05   3.982566e-06   96
  2.000459e-01   4.793780e-05   7.391551e-05   5.089701e-06   372
  2.003163e-01   3.486059e-05   8.792091e-05   6.234176e-06   132
  2.005538e-01   2.017243e-05   5.440441e-05   1.691901e-06   264
  2.007663e-01   4.812341e-05   4.178011e-05   6.624672e-06   168
  2.009931e-01   3.800062e-05   6.679837e-05   3.645528e-06   216
  2.011935e-01   3.254190e-05   4.086808e-05   5.600088e-06   216
  2.014852e-01   1.134669e-05   7.497591e-05   1.120385e-06   96
  2.017500e-01   4.816502e-05   4.891494e-05   8.114854e-06   120
  2.019928e-01   2.498985e-05   6.218465e-05   2.948031e-06   216
  2.021928e-01   2.021577e-05   2.717490e-05   2.227135e-06   200
  2.024576e-01   3.045982e-05   7.034415e-05   4.262404e-06   288
  2.027972e-01   8.839115e-06   1.850891e-05   7.722873e-07   144
  2.029402e-01   3.484195e-05   5.759860e-05   5.534671e-06   168
  2.032323e-01   4.130798e-05   6.482186e-05   7.899425e-06   159
  2.034603e-01   1.807079e-05   6.801371e-05   1.816110e-06   174
  2.036809e-01   1.798556e-05   6.167246e-05   1.866118e-06   144
  2.039698e-01   3.311723e-05   3.561139e-05   3.709961e-06   222
  2.041630e-01   1.766110e-05   3.593504e-05   1.953506e-06   168
  2.044967e-01   3.783494e-05   7.881934e-05   7.710523e-06   30
  2.046346e-01   6.605093e-06   6.959169e-05   9.051328e-07   72
  2.048942e-01   1.790904e-05   6.210975e-05   2.389040e-06   258
  2.051797e-01   1.545037e-05   3.890094e-05   1.613893e-06   264
  2.053225e-01   2.261953e-05   4.195079e-09   4.060302e-06   72
  2.056199e-01   1.011692e-05   7.710330e-05   1.179911e-06   174
  2.058892e-01   2.122859e-05   8.210077e-05   3.131888e-06   168
  2.061058e-01   5.707173e-06   2.568951e-09   8.454635e-07   48
  2.063382e-01   1.217059e-05   4.636424e-05   1.748681e-06   150
  2.066077e-01   2.403685e-05   8.529035e-05   2.213320e-06   168
  2.068780e-01   1.150229e-05   5.195492e-05   1.272540e-06   144
  2.071265e-01   2.914946e-05   4.853772e-05   4.840383e-06   102
  2.073116e-01   5.898385e-06   7.184416e-05   5.934938e-07   96
  2.076053e-01   4.382813e-06   7.130050e-05   4.016460e-07   120
  2.078228e-01   4.734965e-06   7.647166e-05   3.627163e-07   168
  2.080580e-01   2.453017e-05   5.646827e-05   2.205057e-06   126
  2.082585e-01   1.519698e-05   4.258836e-05   2.302220e-06   168
  2.085346e-01   9.522197e-06   6.829049e-05   1.295781e-06   72
  2.087759e-01   6.442793e-06   8.551492e-05   5.531428e-07   168
  2.089873e-01   2.279008e-05   2.344384e-05   6.050899e-06   78
  2.092770e-01   6.379557e-06   3.849304e-05   1.046685e-06   60
  2.095103e-01   2.406671e-05   6.244194e-05   4.442924e-06   96
  2.097522e-01   8.892293e-06   7.576810e-05   7.875184e-07   168
  2.099796e-01   8.359548e-06   4.794311e-05   1.675365e-06   86
  2.102181e-01   5.137852e-06   4.284977e-05   5.765602e-07   120
  2.105600e-01   5.181320e-06   3.055758e-05   5.103877e-07   168
  2.107444e-01   3.037061e-06   0.000000e+00   5.025604e-07   48
  2.109928e-01   1.340179e-05   5.567259e-05   1.524819e-06   120
  2.111355e-01   9.510882e-06   4.061540e-05   1.588837e-06   126
  2.114838e-01   7.162866e-06   7.143116e-05   1.034920e-06   96
  2.117099e-01   7.547027e-06   2.059722e-05   7.877297e-07   96
  2.118882e-01   5.388703e-06   2.422030e-09   5.898014e-07   72
  2.122681e-01   6.069905e-06   2.568951e-09   9.645395e-07   24
  2.125052e-01   9.101876e-06   4.238860e-05   1.179460e-06   120
  2.126902e-01   8.566708e-06   6.183193e-05   1.251865e-06   126
  2.128959e-01   5.697064e-06   5.154529e-05   6.493432e-07   96
  2.131362e-01   3.129339e-06   8.908530e-05   3.894489e-07   72
  2.134038e-01   4.991156e-06   3.853239e-05   4.689791e-07   144
  2.136239e-01   4.290112e-06   2.222458e-05   6.227140e-07   72
  2.138438e-01   7.898627e-06   4.439042e-05   1.706362e-06   54
  2.140373e-01   7.991677e-06   3.911854e-05   9.822219e-07   108
  2.144395e-01   8.889990e-06   3.834628e-05   9.737480e-07   72
  2.145647e-01   4.868591e-06   2.212712e-05   4.736023e-07   72
  2.148618e-01   3.339302e-06   4.449553e-09   7.261723e-07   24
  2.151428e-01   1.999247e-06   4.681088e-05   3.960107e-07   48
  2.153135e-01   7.244703e-06   3.565781e-05   1.043122e-06   102
  2.155704e-01   4.366864e-06   8.064314e-05   4.643915e-07   168
  2.159060e-01   3.694810e-06   4.398088e-05   4.724773e-07   72
  2.160304e-01   4.213093e-06   0.000000e+00   5.428507e-07   48
  2.162913e-01   5.415886e-06   7.564979e-05   7.258208e-07   120
  2.166356e-01   4.355122e-06   4.648832e-05   5.362516e-07   96
  2.169608e-01   1.420552e-05   4.110321e-09   4.791766e-06   30
  2.173472e-01   6.596951e-06   2.184227e-05   9.924954e-07   72
  2.175171e-01   3.473966e-06   2.568951e-09   5.822198e-07   24
  2.177352e-01   2.716927e-06   3.237565e-05   3.515437e-07   56
  2.179796e-01   3.135291e-06   4.620169e-05   3.437109e-07   96
  2.182720e-01   4.001703e-06   5.101796e-05   3.852008e-07   144
  2.184974e-01   6.252949e-06   2.896600e-05   1.413796e-06   54
  2.188250e-01   3.679173e-06   4.339413e-05   3.803913e-07   108
  2.191546e-01   8.730623e-06   2.297699e-05   1.552912e-06   48
  2.194683e-01   3.288320e-06   8.651572e-05   3.497028e-07   72
  2.202213e-01   6.958005e-06   5.716121e-05   7.261338e-07   78
  2.204299e-01   2.388274e-06   4.307814e-05   2.821009e-07   72
  2.206734e-01   3.231392e-06   4.302466e-05   3.892518e-07   72
  2.209281e-01   3.828098e-06   1.038232e-04   4.608725e-07   96
  2.211293e-01   3.584699e-06   4.293597e-05   3.725950e-07   72
  2.213721e-01   5.689096e-06   0.000000e+00   1.255293e-06   24
  2.216146e-01   3.397157e-06   8.567808e-05   3.934005e-07   72
  2.221623e-01   3.857595e-06   5.440820e-05   5.246283e-07   30
  2.222801e-01   4.811839e-06   0.000000e+00   1.168994e-06   24
  2.229135e-01   2.356496e-06   4.517907e-05   3.802726e-07   48
  2.231122e-01   3.028156e-06   9.722532e-05   2.804643e-07   120
  2.233799e-01   3.489325e-06   4.250917e-05   3.402862e-07   72
  2.236502e-01   3.029740e-06   4.245777e-05   6.275725e-07   36
  2.238360e-01   3.116083e-06   8.391632e-05   4.005268e-07   78
  2.243546e-01   3.667124e-06   4.488887e-05   5.724252e-07   48
  2.250269e-01   5.621705e-06   3.633045e-09   1.062899e-06   24
  2.255059e-01   1.538529e-06   3.125970e-05   2.011815e-07   56
  2.257471e-01   1.922193e-06   4.810277e-05   1.994327e-07   102
  2.260539e-01   3.135113e-06   3.425268e-09   4.525373e-07   72
  2.262321e-01   2.784854e-06   2.568951e-09   5.829631e-07   24
  2.265435e-01   2.337353e-06   4.445516e-05   4.098108e-07   48
  2.271206e-01   4.171236e-06   0.000000e+00   7.749175e-07   24
  2.278290e-01   1.374275e-06   0.000000e+00   3.978166e-07   6
  2.280499e-01   1.220883e-06   0.000000e+00   2.114025e-07   24
  2.281971e-01   1.938839e-06   4.161169e-05   2.946104e-07   72
  2.284659e-01   3.029156e-06   7.763053e-05   3.134522e-07   84
  2.287554e-01   1.962935e-06   0.000000e+00   3.936981e-07   24
  2.288435e-01   2.030146e-06   3.633045e-09   3.546376e-07   24
  2.292831e-01   2.393795e-06   4.449553e-09   4.306715e-07   24
  2.298972e-01   1.733769e-06   0.000000e+00   6.614778e-07   6
  2.306844e-01   2.098825e-06   4.365716e-05   3.616460e-07   48
  2.308735e-01   2.037342e-06   8.224294e-05   2.997292e-07   72
  2.311206e-01   2.158929e-06   4.357477e-05   3.181808e-07   48
  2.315124e-01   2.362658e-06   0.000000e+00   1.037470e-06   24
  2.320338e-01   5.882486e-07   0.000000e+00   1.818528e-07   6
  2.332028e-01   3.355745e-06   0.000000e+00   1.111949e-06   8
  2.332891e-01   2.412433e-06   2.568951e-09   3.175086e-07   48
  2.334962e-01   2.540428e-06   4.225843e-05   3.456179e-07   60
  2.338066e-01   3.828314e-06   0.000000e+00   5.661481e-07   24
  2.342369e-01   1.031635e-06   0.000000e+00   2.559277e-07   6
  2.358224e-01   2.601511e-06   0.000000e+00   6.946949e-07   24
  2.359505e-01   2.305508e-06   4.268279e-05   4.000665e-07   48
  2.361638e-01   1.651881e-06   0.000000e+00   4.130535e-07   24
  2.365047e-01   1.486865e-06   0.000000e+00   2.236473e-07   6
  2.384414e-01   2.509575e-06   3.981898e-05   4.177448e-07   36
  2.385821e-01   2.589806e-06   0.000000e+00   6.523589e-07   24
  2.388353e-01   2.339755e-06   0.000000e+00   8.049915e-07   6
  2.410389e-01   2.751795e-06   3.618719e-05   5.571980e-07   32
  2.412268e-01   2.559168e-06   0.000000e+00   9.710137e-07   6
  2.435949e-01   3.775804e-06   0.000000e+00   1.299161e-06   12
  2.436776e-01   2.295534e-06   0.000000e+00   2.909074e-07   6
  2.461858e-01   1.954175e-06   0.000000e+00   4.546074e-07   6
