# power spectrum of phi
# redshift z=10.000000
# k              Pk             sigma(k)       sigma(Pk)      count
  1.570796e-02   1.808139e-10   0.000000e+00   7.290462e-11   6
  2.221441e-02   8.100730e-11   0.000000e+00   1.617217e-11   12
  2.720699e-02   4.915241e-11   2.980232e-10   1.006892e-11   8
  3.141593e-02   1.407372e-10   0.000000e+00   1.514847e-11   6
  3.512407e-02   8.380311e-11   5.619580e-10   2.671581e-11   24
  3.847649e-02   1.053352e-10   5.619580e-10   1.786753e-11   24
  4.442883e-02   3.885042e-11   0.000000e+00   1.743662e-11   12
  4.712389e-02   4.210946e-11   6.357829e-10   7.624200e-12   30
  4.967294e-02   5.158017e-11   0.000000e+00   1.132983e-11   24
  5.209742e-02   4.426549e-11   9.733398e-10   1.101237e-11   24
  5.441398e-02   4.818939e-11   5.960464e-10   9.690593e-12   8
  5.663587e-02   4.040189e-11   7.947286e-10   5.089631e-12   24
  5.877382e-02   3.672466e-11   0.000000e+00   5.192208e-12   48
  6.283185e-02   4.389804e-11   0.000000e+00   1.931364e-11   6
  6.476559e-02   3.294285e-11   7.947286e-10   4.624568e-12   48
  6.664324e-02   3.030396e-11   7.492773e-10   3.203020e-12   36
  6.846942e-02   4.105655e-11   7.947286e-10   8.651699e-12   24
  7.024815e-02   2.435903e-11   1.123916e-09   4.111690e-12   24
  7.198293e-02   2.108250e-11   0.000000e+00   2.835372e-12   48
  7.367688e-02   3.007198e-11   1.123916e-09   4.274953e-12   24
  7.695299e-02   2.397036e-11   1.123916e-09   3.729234e-12   24
  7.853982e-02   1.568274e-11   0.000000e+00   2.586410e-12   30
  8.009521e-02   1.676695e-11   0.000000e+00   1.818420e-12   72
  8.162097e-02   1.665201e-11   1.192093e-09   3.446593e-12   32
  8.458997e-02   1.960883e-11   0.000000e+00   2.251015e-12   72
  8.603606e-02   1.223662e-11   0.000000e+00   1.793506e-12   48
  8.885766e-02   5.804981e-12   0.000000e+00   1.713300e-12   12
  9.023538e-02   1.136986e-11   0.000000e+00   1.689794e-12   48
  9.159238e-02   9.668841e-12   0.000000e+00   9.323160e-13   48
  9.292956e-02   1.261531e-11   1.123916e-09   1.610842e-12   48
  9.424778e-02   1.486411e-11   1.271566e-09   2.605355e-12   30
  9.554781e-02   1.464362e-11   0.000000e+00   3.272960e-12   24
  9.683039e-02   1.377601e-11   2.369423e-09   1.445945e-12   72
  9.934588e-02   7.929973e-12   0.000000e+00   1.523557e-12   24
  1.005800e-01   1.108658e-11   0.000000e+00   1.067532e-12   96
  1.017992e-01   8.278438e-12   0.000000e+00   1.132608e-12   48
  1.030040e-01   6.661191e-12   1.946680e-09   1.610463e-12   24
  1.041948e-01   5.080641e-12   1.946680e-09   1.059124e-12   24
  1.053722e-01   1.151884e-11   0.000000e+00   1.390033e-12   72
  1.065366e-01   8.991344e-12   0.000000e+00   1.377834e-12   48
  1.088280e-01   6.723617e-12   1.192093e-09   1.937743e-12   8
  1.099557e-01   1.109882e-11   1.412851e-09   1.389737e-12   54
  1.110721e-01   6.912269e-12   0.000000e+00   1.144820e-12   84
  1.121773e-01   8.362476e-12   0.000000e+00   1.217862e-12   48
  1.132717e-01   4.871995e-12   1.589457e-09   8.510826e-13   24
  1.143557e-01   6.573229e-12   2.119276e-09   7.602437e-13   72
  1.154295e-01   8.476840e-12   0.000000e+00   9.676825e-13   96
  1.175476e-01   1.061743e-11   0.000000e+00   1.161951e-12   48
  1.185925e-01   6.028409e-12   0.000000e+00   5.864884e-13   48
  1.196283e-01   5.575134e-12   0.000000e+00   1.092193e-12   24
  1.206552e-01   5.935333e-12   0.000000e+00   6.559533e-13   72
  1.226831e-01   5.683523e-12   0.000000e+00   6.716468e-13   72
  1.236846e-01   5.757298e-12   0.000000e+00   6.553119e-13   96
  1.256637e-01   9.864611e-12   0.000000e+00   4.292984e-12   6
  1.266416e-01   6.534339e-12   0.000000e+00   6.768085e-13   96
  1.276121e-01   6.705007e-12   1.589457e-09   7.180915e-13   96
  1.285752e-01   4.041724e-12   0.000000e+00   9.709387e-13   24
  1.295312e-01   4.850953e-12   1.589457e-09   5.485733e-13   48
  1.304801e-01   5.019661e-12   0.000000e+00   5.051123e-13   96
  1.314222e-01   4.882591e-12   0.000000e+00   6.801235e-13   48
  1.332865e-01   4.789679e-12   1.498555e-09   8.162718e-13   36
  1.342089e-01   4.780272e-12   2.753021e-09   5.946207e-13   48
  1.351250e-01   5.153269e-12   3.114687e-09   4.579590e-13   120
  1.360350e-01   4.383399e-12   0.000000e+00   5.810913e-13   56
  1.369388e-01   2.327544e-12   1.589457e-09   4.170970e-13   24
  1.378368e-01   3.484103e-12   0.000000e+00   3.137804e-13   96
  1.387290e-01   3.577810e-12   0.000000e+00   4.535658e-13   48
  1.404963e-01   4.839278e-12   2.247832e-09   8.937751e-13   24
  1.413717e-01   4.731321e-12   0.000000e+00   4.817672e-13   102
  1.422417e-01   5.619405e-12   1.589457e-09   8.679939e-13   48
  1.431064e-01   4.563903e-12   0.000000e+00   4.733520e-13   72
  1.439659e-01   4.040941e-12   0.000000e+00   4.029850e-13   48
  1.448203e-01   4.795633e-12   0.000000e+00   8.740606e-13   48
  1.456697e-01   3.768675e-12   3.596531e-09   3.618810e-13   120
  1.473538e-01   4.550737e-12   2.247832e-09   7.312081e-13   24
  1.481886e-01   3.062797e-12   2.119276e-09   2.598648e-13   144
  1.490188e-01   3.025883e-12   2.543132e-09   3.088340e-13   120
  1.498444e-01   2.841066e-12   2.247832e-09   4.038557e-13   48
  1.514821e-01   3.423054e-12   2.247832e-09   4.631118e-13   48
  1.522944e-01   2.772817e-12   2.247832e-09   2.704875e-13   96
  1.544390e-01   3.233992e-12   3.768959e-04   3.726404e-13   72
  1.555009e-01   2.630606e-12   1.998073e-09   1.993551e-13   108
  1.562923e-01   2.859386e-12   0.000000e+00   3.017187e-13   72
  1.570796e-01   1.973653e-12   0.000000e+00   4.392710e-13   30
  1.578631e-01   2.991672e-12   0.000000e+00   2.265786e-13   168
  1.586427e-01   3.520524e-12   0.000000e+00   4.323859e-13   48
  1.601904e-01   2.080811e-12   0.000000e+00   2.568717e-13   72
  1.609587e-01   2.872237e-12   0.000000e+00   2.842155e-13   96
  1.617234e-01   2.544776e-12   4.238553e-09   3.934889e-13   72
  1.624844e-01   2.816624e-12   0.000000e+00   3.045260e-13   72
  1.637639e-01   2.744761e-12   3.480039e-04   2.218791e-13   104
  1.647465e-01   2.425018e-12   2.997109e-09   1.836491e-13   144
  1.669779e-01   1.699351e-12   5.026305e-09   1.663194e-13   96
  1.677152e-01   1.551666e-12   0.000000e+00   1.631907e-13   96
  1.688876e-01   2.266653e-12   3.580185e-04   2.090052e-13   120
  1.699076e-01   1.931352e-12   0.000000e+00   1.692640e-13   120
  1.706322e-01   2.387014e-12   0.000000e+00   2.630231e-13   72
  1.720721e-01   2.569354e-12   0.000000e+00   3.412710e-13   48
  1.727876e-01   2.361981e-12   3.912510e-09   2.973278e-13   78
  1.737029e-01   2.504773e-12   3.205713e-04   2.027436e-13   168
  1.756204e-01   2.241783e-12   3.670694e-09   1.911444e-13   144
  1.763215e-01   2.641348e-12   2.997109e-09   1.941506e-13   144
  1.783549e-01   2.077534e-12   1.846233e-04   1.941675e-13   156
  1.790983e-01   1.768382e-12   3.893359e-09   3.652605e-13   48
  1.797859e-01   1.893561e-12   2.543132e-09   1.725875e-13   120
  1.804708e-01   1.245709e-12   0.000000e+00   1.316629e-13   48
  1.816818e-01   1.956467e-12   2.825996e-04   1.447378e-13   216
  1.831848e-01   1.346749e-12   0.000000e+00   1.568035e-13   48
  1.838570e-01   1.487208e-12   2.247832e-09   1.251814e-13   96
  1.848128e-01   1.697886e-12   3.302618e-04   1.544261e-13   168
  1.858591e-01   1.317509e-12   2.247832e-09   1.906203e-13   48
  1.865217e-01   1.951232e-12   0.000000e+00   1.985400e-13   96
  1.871820e-01   1.485297e-12   0.000000e+00   2.688603e-13   48
  1.884956e-01   1.986363e-12   2.543132e-09   2.345478e-13   30
  1.891489e-01   1.380137e-12   0.000000e+00   1.172979e-13   96
  1.899298e-01   1.649356e-12   2.595564e-04   1.199605e-13   240
  1.909339e-01   2.860408e-12   2.800239e-04   4.359536e-13   32
  1.917401e-01   1.197738e-12   0.000000e+00   8.982662e-14   168
  1.923825e-01   1.349783e-12   0.000000e+00   1.308394e-13   120
  1.936608e-01   1.248187e-12   4.738846e-09   1.606272e-13   72
  1.942968e-01   1.715815e-12   2.119276e-09   1.641529e-13   144
  1.949307e-01   1.324288e-12   0.000000e+00   1.272470e-13   96
  1.955626e-01   1.549278e-12   0.000000e+00   1.257265e-13   96
  1.968202e-01   2.139960e-12   0.000000e+00   2.697325e-13   72
  1.974460e-01   1.294929e-12   3.178914e-09   1.316232e-13   96
  1.986918e-01   1.772290e-12   0.000000e+00   3.214720e-13   24
  1.993117e-01   1.463724e-12   0.000000e+00   1.007861e-13   192
  2.000418e-01   1.353381e-12   2.376333e-04   1.076995e-13   132
  2.011601e-01   1.505347e-12   0.000000e+00   1.260350e-13   96
  2.017724e-01   9.092222e-13   0.000000e+00   9.224401e-14   96
  2.023829e-01   1.181138e-12   2.543132e-09   9.274788e-14   120
  2.035985e-01   1.262800e-12   0.000000e+00   1.655911e-13   48
  2.045948e-01   1.053501e-12   2.879924e-04   6.448046e-14   222
  2.054083e-01   1.287272e-12   0.000000e+00   1.178744e-13   120
  2.060080e-01   9.889473e-13   3.893359e-09   2.066904e-13   24
  2.068812e-01   1.508717e-12   2.972500e-04   9.283641e-14   312
  2.087838e-01   1.593100e-12   2.786838e-04   1.723142e-13   72
  2.095704e-01   1.064313e-12   3.893359e-09   1.184369e-13   96
  2.103781e-01   1.340098e-12   2.838009e-04   1.154771e-13   192
  2.113290e-01   1.086505e-12   3.596531e-09   1.216192e-13   120
  2.119120e-01   1.116791e-12   0.000000e+00   1.050309e-13   144
  2.130732e-01   1.072095e-12   0.000000e+00   1.500118e-13   48
  2.138985e-01   9.740349e-13   2.853717e-04   6.319308e-14   336
  2.148032e-01   1.060329e-12   0.000000e+00   1.268662e-13   48
  2.159488e-01   1.012110e-12   0.000000e+00   1.006320e-13   192
  2.165193e-01   8.125477e-13   0.000000e+00   9.601419e-14   48
  2.181411e-01   8.620209e-13   1.980854e-04   1.049453e-13   56
  2.189475e-01   9.513997e-13   2.544090e-04   5.385329e-14   336
  2.199115e-01   9.635056e-13   2.825702e-09   1.601547e-13   54
  2.207512e-01   9.176526e-13   2.794324e-04   6.187124e-14   240
  2.224945e-01   9.417848e-13   2.675587e-04   8.159501e-14   228
  2.232521e-01   9.212488e-13   2.997109e-09   1.190977e-13   72
  2.239875e-01   1.011421e-12   2.595385e-04   7.745732e-14   144
  2.249038e-01   9.133710e-13   0.000000e+00   8.759693e-14   96
  2.254517e-01   8.501485e-13   3.596531e-09   6.211082e-14   240
  2.265435e-01   6.326872e-13   3.178914e-09   1.071450e-13   24
  2.272424e-01   8.588674e-13   2.451321e-04   4.867518e-14   336
  2.281713e-01   5.870053e-13   0.000000e+00   6.743210e-14   72
  2.290193e-01   9.979594e-13   2.666265e-04   7.851788e-14   168
  2.297877e-01   7.692403e-13   0.000000e+00   8.121051e-14   72
  2.308590e-01   1.131509e-12   0.000000e+00   1.191076e-13   96
  2.316886e-01   6.552556e-13   2.646263e-04   4.684364e-14   216
  2.324566e-01   5.791604e-13   0.000000e+00   4.526733e-14   96
  2.335157e-01   7.271913e-13   3.178914e-09   4.740840e-14   192
  2.340434e-01   7.430666e-13   2.997109e-09   5.798977e-14   144
  2.350953e-01   5.738855e-13   0.000000e+00   7.140730e-14   48
  2.358236e-01   7.762171e-13   2.551309e-04   5.940419e-14   246
  2.368131e-01   9.286724e-13   2.352347e-04   7.756188e-14   168
  2.377046e-01   7.718467e-13   6.229375e-09   1.065198e-13   120
  2.382231e-01   6.330612e-13   0.000000e+00   4.964743e-14   240
  2.392566e-01   5.565573e-13   0.000000e+00   1.153149e-13   24
  2.400800e-01   6.716870e-13   2.517980e-04   4.002265e-14   360
  2.411056e-01   8.576992e-13   2.507265e-04   7.457570e-14   120
  2.418210e-01   6.955100e-13   0.000000e+00   5.989333e-14   144
  2.423307e-01   8.961792e-13   0.000000e+00   8.292279e-14   96
  2.438532e-01   7.034006e-13   0.000000e+00   5.322947e-14   144
  2.443586e-01   8.290452e-13   0.000000e+00   7.821419e-14   132
  2.450688e-01   6.012041e-13   2.474633e-04   4.762495e-14   176
  2.460999e-01   6.402067e-13   2.498881e-04   3.831584e-14   312
  2.473693e-01   7.686556e-13   0.000000e+00   1.063187e-13   96
  2.478675e-01   5.105095e-13   0.000000e+00   4.772041e-14   144
  2.486319e-01   6.591521e-13   2.473817e-04   4.355687e-14   312
  2.498505e-01   5.801971e-13   0.000000e+00   6.004167e-14   48
  2.503437e-01   5.507620e-13   3.178914e-09   3.974696e-14   192
  2.513274e-01   4.042428e-13   0.000000e+00   1.222276e-13   6
  2.519810e-01   5.324057e-13   2.307253e-04   3.194666e-14   288
  2.530395e-01   5.828071e-13   2.437763e-04   4.781955e-14   192
  2.537699e-01   5.328783e-13   7.476104e-09   3.706820e-14   216
  2.542556e-01   6.176664e-13   0.000000e+00   8.924908e-14   72
  2.554657e-01   6.083453e-13   2.414611e-04   5.931226e-14   192
  2.562693e-01   6.613907e-13   1.792979e-04   4.720828e-14   288
  2.571504e-01   4.892165e-13   0.000000e+00   9.945576e-14   24
  2.578312e-01   5.746755e-13   2.362101e-04   3.437881e-14   456
  2.590624e-01   4.413410e-13   0.000000e+00   7.862725e-14   48
  2.598231e-01   5.620314e-13   2.326575e-04   4.205234e-14   240
  2.606974e-01   6.650558e-13   2.351266e-04   4.714714e-14   216
  2.614326e-01   4.808551e-13   0.000000e+00   5.734785e-14   72
  2.619041e-01   4.252625e-13   8.123736e-09   3.728919e-14   168
  2.632353e-01   5.242464e-13   1.747662e-04   3.719001e-14   288
  2.639818e-01   5.652101e-13   2.312456e-04   4.494454e-14   168
  2.651809e-01   5.623397e-13   0.000000e+00   5.047342e-14   192
  2.656458e-01   4.140827e-13   2.997109e-09   3.007946e-14   144
  2.665730e-01   7.372570e-13   2.997109e-09   9.955800e-14   36
  2.673593e-01   4.085572e-13   2.111764e-04   2.468843e-14   342
  2.681111e-01   4.799234e-13   2.168525e-04   5.337907e-14   144
  2.690776e-01   5.008928e-13   2.274240e-04   3.358428e-14   384
  2.702500e-01   5.609546e-13   6.229375e-09   5.836733e-14   120
  2.708303e-01   5.484055e-13   2.027960e-04   3.330138e-14   264
  2.716161e-01   4.479211e-13   1.005261e-08   3.653637e-14   192
  2.723561e-01   4.208550e-13   2.185515e-04   3.442831e-14   152
  2.729753e-01   4.332475e-13   5.994218e-09   4.633127e-14   144
  2.742778e-01   3.259801e-13   1.414487e-04   2.614523e-14   216
  2.748807e-01   5.114834e-13   1.890132e-04   3.132272e-14   312
  2.759419e-01   4.240564e-13   2.190625e-04   2.840323e-14   240
  2.765672e-01   4.241241e-13   3.178914e-09   4.174434e-14   96
  2.777541e-01   2.986395e-13   2.094396e-04   2.474857e-14   144
  2.784857e-01   4.150135e-13   2.058607e-04   2.310391e-14   456
  2.796723e-01   2.702839e-13   0.000000e+00   1.904910e-14   120
  2.801131e-01   3.545499e-13   0.000000e+00   3.510406e-14   144
  2.809926e-01   2.988873e-13   4.495664e-09   4.692986e-14   24
  2.815564e-01   3.503235e-13   1.978798e-04   1.891812e-14   336
  2.825316e-01   3.540831e-13   2.182345e-04   2.790483e-14   198
  2.834454e-01   4.266289e-13   2.122205e-04   3.083789e-14   432
  2.844833e-01   6.310854e-13   6.357829e-09   7.703568e-14   48
  2.850248e-01   4.860536e-13   1.873540e-04   2.967621e-14   384
  2.859970e-01   3.748609e-13   2.156842e-04   3.934838e-14   144
  2.868780e-01   5.419168e-13   2.141460e-04   4.782958e-14   264
  2.879317e-01   3.105324e-13   0.000000e+00   3.037846e-14   48
  2.886387e-01   3.639705e-13   2.036179e-04   2.521873e-14   276
  2.893208e-01   3.592430e-13   1.845741e-04   3.414699e-14   192
  2.902325e-01   3.410879e-13   2.074207e-04   1.638715e-14   552
  2.913393e-01   2.543645e-13   5.086263e-09   3.023410e-14   120
  2.919972e-01   2.622866e-13   2.099609e-04   1.957439e-14   216
  2.926069e-01   2.916829e-13   5.086263e-09   2.422918e-14   120
  2.936961e-01   3.890574e-13   2.067600e-04   2.160657e-14   408
  2.947075e-01   1.435285e-13   4.495664e-09   1.802081e-14   24
  2.953347e-01   3.140454e-13   2.088648e-04   2.356099e-14   384
  2.962106e-01   2.307594e-13   2.040684e-04   1.487965e-14   240
  2.969712e-01   3.145899e-13   2.055628e-04   2.335612e-14   168
  2.980376e-01   2.120805e-13   0.000000e+00   2.249860e-14   120
  2.987251e-01   3.341779e-13   2.142884e-04   2.279099e-14   350
  2.998430e-01   3.640392e-13   3.527601e-04   2.622633e-14   384
  3.005110e-01   4.281632e-13   0.000000e+00   5.609313e-14   144
  3.017401e-01   2.827316e-13   4.238553e-09   2.347270e-14   288
  3.023819e-01   3.036740e-13   2.019242e-04   2.250007e-14   336
  3.032549e-01   2.588496e-13   1.838353e-04   2.277614e-14   168
  3.037776e-01   3.459949e-13   1.204945e-08   2.853142e-14   336
  3.048586e-01   2.350377e-13   1.908100e-04   1.507051e-14   288
  3.055078e-01   2.863052e-13   1.797918e-04   1.909687e-14   264
  3.066072e-01   2.657379e-13   0.000000e+00   2.100056e-14   240
  3.070093e-01   2.499735e-13   0.000000e+00   2.417892e-14   96
  3.084525e-01   3.124545e-13   2.445048e-04   2.245572e-14   360
  3.091260e-01   2.751165e-13   1.802420e-04   3.397072e-14   168
  3.099770e-01   2.637120e-13   1.964825e-04   1.481614e-14   456
  3.110018e-01   2.271402e-13   5.651403e-09   2.128756e-14   108
  3.115782e-01   1.753425e-13   1.971449e-04   1.135848e-14   264
  3.122973e-01   2.304481e-13   1.758853e-04   2.055535e-14   264
  3.132820e-01   2.695544e-13   1.659735e-04   1.493633e-14   312
  3.145081e-01   2.903418e-13   1.233364e-04   2.846179e-14   270
  3.150220e-01   2.924698e-13   1.565911e-04   3.010663e-14   240
  3.159458e-01   3.025609e-13   1.937229e-04   2.410002e-14   384
  3.165067e-01   2.077516e-13   6.357829e-09   1.594412e-14   192
  3.175962e-01   3.008253e-13   1.554368e-04   2.930805e-14   240
  3.182281e-01   2.973287e-13   1.918342e-04   2.176316e-14   336
  3.194167e-01   2.563512e-13   1.931178e-04   1.386367e-14   480
  3.203808e-01   2.780966e-13   4.238553e-09   3.661588e-14   72
  3.209194e-01   2.800143e-13   1.883074e-04   2.986391e-14   240
  3.216520e-01   2.073473e-13   1.769831e-04   1.296011e-14   312
  3.224917e-01   1.777895e-13   1.912763e-04   1.222639e-14   240
  3.237607e-01   2.340240e-13   1.453205e-04   1.521434e-14   408
  3.242630e-01   2.109474e-13   1.330785e-04   1.400752e-14   336
  3.252448e-01   2.234870e-13   1.689770e-04   1.943404e-14   264
  3.257273e-01   1.672313e-13   0.000000e+00   1.468960e-14   144
  3.270696e-01   2.151154e-13   2.342121e-04   1.465158e-14   464
  3.277768e-01   1.620928e-13   1.862466e-04   1.320924e-14   168
  3.284751e-01   2.106847e-13   1.696301e-04   1.666036e-14   336
  3.297371e-01   2.159880e-13   1.782296e-04   1.616050e-14   414
  3.304484e-01   3.468161e-13   1.855264e-04   3.583451e-14   216
  3.313598e-01   4.184251e-13   4.495664e-09   4.956558e-14   96
  3.317320e-01   2.132397e-13   1.101208e-08   1.840496e-14   384
  3.330355e-01   2.251038e-13   1.851680e-04   1.344907e-14   492
  3.337341e-01   2.278084e-13   1.810784e-04   1.693916e-14   240
  3.345237e-01   1.905135e-13   1.838580e-04   1.306924e-14   312
  3.356141e-01   1.276499e-13   1.837975e-04   1.130254e-14   192
  3.363048e-01   2.106062e-13   1.781220e-04   1.379411e-14   504
  3.372212e-01   2.102624e-13   1.179198e-04   1.801752e-14   408
  3.379427e-01   1.750017e-13   3.612619e-04   1.537987e-14   168
  3.388456e-01   2.386049e-13   1.716026e-04   1.770491e-14   288
  3.396033e-01   1.687031e-13   1.790820e-04   1.311466e-14   288
  3.403794e-01   1.477001e-13   1.801128e-04   9.488438e-15   432
  3.415052e-01   1.941636e-13   1.703267e-04   1.511326e-14   216
  3.421068e-01   1.688500e-13   1.699674e-04   1.242733e-14   360
  3.431777e-01   1.948658e-13   1.658865e-04   1.450660e-14   312
  3.441442e-01   2.605428e-13   0.000000e+00   4.272059e-14   48
  3.447014e-01   1.660165e-13   1.778543e-04   1.066719e-14   432
  3.456992e-01   1.537474e-13   2.966627e-04   1.129971e-14   414
  3.462885e-01   1.812459e-13   6.776666e-09   1.593936e-14   312
  3.473878e-01   1.983420e-13   2.603051e-04   1.587425e-14   528
  3.481296e-01   2.118324e-13   1.366381e-04   2.471915e-14   264
  3.490209e-01   1.935368e-13   1.620153e-04   1.572423e-14   480
  3.501854e-01   1.785561e-13   0.000000e+00   1.457116e-14   288
  3.506883e-01   1.697305e-13   1.740804e-04   1.788831e-14   168
  3.516084e-01   2.007509e-13   2.755688e-04   1.258541e-14   504
  3.526429e-01   2.867625e-13   4.238553e-09   3.086726e-14   144
  3.532937e-01   1.275423e-13   1.769812e-04   7.417677e-15   464
  3.542716e-01   1.330223e-13   2.597299e-04   9.028343e-15   432
  3.547358e-01   1.851117e-13   4.495664e-09   1.803068e-14   192
  3.559351e-01   1.309138e-13   1.925466e-04   8.437969e-15   396
  3.566434e-01   1.322962e-13   1.729600e-04   9.676920e-15   288
  3.573592e-01   1.302436e-13   1.708549e-04   1.035978e-14   336
  3.585027e-01   1.353500e-13   1.081887e-04   9.323574e-15   432
  3.592283e-01   1.516826e-13   2.804101e-04   1.162661e-14   360
  3.600431e-01   1.339813e-13   1.658667e-04   7.718772e-15   384
  3.612003e-01   1.253893e-13   1.464092e-04   1.192461e-14   198
  3.617579e-01   1.509187e-13   1.664197e-04   1.137909e-14   552
  3.627976e-01   1.894472e-13   2.329761e-04   1.914966e-14   432
  3.636656e-01   1.501794e-13   8.899106e-09   1.496603e-14   168
  3.643942e-01   1.908275e-13   2.888052e-04   1.491329e-14   480
  3.653579e-01   9.607890e-14   0.000000e+00   1.010077e-14   120
  3.657917e-01   1.554248e-13   2.358836e-04   1.360455e-14   336
  3.668502e-01   1.387199e-13   1.664122e-04   9.012874e-15   672
  3.678969e-01   1.619974e-13   2.420693e-04   9.433632e-15   528
  3.683844e-01   8.583872e-14   7.266090e-09   6.862213e-15   168
  3.695106e-01   1.503404e-13   2.700266e-04   1.057656e-14   456
  3.701979e-01   2.003343e-13   1.649075e-04   3.345464e-14   168
  3.709113e-01   1.370775e-13   1.646115e-04   9.565401e-15   504
  3.720973e-01   9.972528e-14   2.118297e-04   9.917488e-15   336
  3.728144e-01   1.508927e-13   1.527042e-04   1.203408e-14   312
  3.736099e-01   1.356469e-13   1.492023e-04   1.030835e-14   504
  3.746568e-01   1.109623e-13   1.035207e-04   6.360517e-15   432
  3.751490e-01   9.243530e-14   1.599738e-04   5.659437e-15   312
  3.761721e-01   1.033333e-13   1.639809e-04   6.701246e-15   384
  3.772403e-01   1.812798e-13   1.393208e-04   3.282925e-14   126
  3.778999e-01   1.354294e-13   2.446141e-04   1.031009e-14   492
  3.787423e-01   1.509843e-13   1.566756e-04   1.151465e-14   528
  3.797950e-01   1.212028e-13   1.591488e-04   1.000324e-14   480
  3.804477e-01   1.580250e-13   2.198632e-04   1.324384e-14   432
  3.813922e-01   1.409236e-13   1.728933e-04   1.187973e-14   440
  3.824891e-01   1.530634e-13   8.597912e-05   1.288635e-14   312
  3.829007e-01   1.199296e-13   1.288469e-04   1.299251e-14   480
  3.837450e-01   1.264888e-13   2.522797e-04   1.164631e-14   408
  3.849786e-01   1.535090e-13   1.510870e-04   1.228331e-14   360
  3.854998e-01   1.179906e-13   1.457935e-04   9.885178e-15   408
  3.864656e-01   8.633039e-14   1.483633e-04   7.253057e-15   456
  3.875531e-01   1.177219e-13   1.417988e-04   8.754058e-15   264
  3.881567e-01   1.154921e-13   1.538873e-04   9.878606e-15   384
  3.890354e-01   1.054452e-13   2.590801e-04   6.821612e-15   672
  3.900512e-01   1.464779e-13   1.549634e-04   1.639414e-14   240
  3.906373e-01   8.688096e-14   1.572490e-04   5.743308e-15   264
  3.914646e-01   6.328132e-14   1.939407e-04   4.040976e-15   624
  3.926991e-01   8.312110e-14   0.000000e+00   1.333531e-14   150
  3.931386e-01   1.494134e-13   2.173259e-04   1.098147e-14   600
  3.940655e-01   1.122476e-13   1.499928e-04   7.504198e-15   672
  3.951151e-01   1.001208e-13   1.410788e-04   1.288025e-14   336
  3.956998e-01   1.592342e-13   1.534526e-04   1.368811e-14   408
  3.966340e-01   1.234097e-13   1.530911e-04   1.306635e-14   408
  3.976732e-01   1.023192e-13   7.741108e-05   7.785003e-15   360
  3.983137e-01   1.275742e-13   2.842286e-04   1.132829e-14   456
  3.990874e-01   1.051346e-13   1.545652e-04   9.787115e-15   384
  4.000722e-01   7.155542e-14   1.426833e-04   5.085336e-15   348
  4.006044e-01   1.296464e-13   1.759003e-04   9.469200e-15   576
  4.016040e-01   8.512860e-14   1.448308e-04   5.960435e-15   504
  4.026266e-01   9.267540e-14   2.042754e-04   7.574095e-15   432
  4.035193e-01   8.293282e-14   2.779157e-04   4.908486e-15   576
  4.041559e-01   8.576769e-14   0.000000e+00   1.033216e-14   264
  4.051657e-01   8.739555e-14   2.211515e-04   4.944580e-15   768
  4.060439e-01   4.904655e-14   2.977401e-04   3.589483e-15   240
  4.067421e-01   8.334351e-14   2.625786e-04   1.214748e-14   192
  4.077592e-01   6.709764e-14   1.932899e-04   3.847777e-15   504
  4.085134e-01   1.060165e-13   2.604655e-04   1.136182e-14   590
  4.092368e-01   1.149043e-13   2.918373e-04   1.193942e-14   384
  4.101438e-01   9.104992e-14   2.438900e-04   7.762626e-15   504
  4.112389e-01   1.264420e-13   2.347064e-04   9.705965e-15   648
  4.123011e-01   8.198881e-14   6.374317e-05   7.572739e-15   504
  4.127294e-01   7.818856e-14   1.454101e-04   6.437001e-15   312
  4.134855e-01   1.059108e-13   2.095003e-04   7.840960e-15   576
  4.145236e-01   1.184384e-13   1.457924e-04   1.455047e-14   240
  4.151287e-01   6.691383e-14   1.473162e-04   4.378180e-15   552
  4.159853e-01   1.129652e-13   1.383265e-04   1.008655e-14   600
  4.172054e-01   8.429655e-14   1.689549e-04   6.484233e-15   600
  4.179389e-01   7.306285e-14   2.705679e-04   6.266609e-15   312
  4.186695e-01   9.787826e-14   2.356379e-04   7.417758e-15   480
  4.195820e-01   7.461830e-14   1.470154e-04   6.669332e-15   576
  4.203854e-01   1.132796e-13   2.367268e-04   1.050118e-14   408
  4.210983e-01   2.882517e-14   2.761527e-04   2.136851e-15   216
  4.220194e-01   6.624605e-14   2.115019e-04   4.923880e-15   516
  4.230063e-01   7.376512e-14   2.017943e-04   4.516152e-15   744
  4.240243e-01   8.205890e-14   1.347808e-04   6.375221e-15   462
  4.245995e-01   9.011497e-14   1.369852e-04   1.083888e-14   432
  4.254918e-01   1.042939e-13   1.270838e-04   7.735963e-15   648
  4.265409e-01   9.409557e-14   1.859472e-04   9.675821e-15   528
  4.273836e-01   8.072521e-14   2.239269e-04   6.040284e-15   600
  4.282256e-01   1.542417e-13   2.823132e-04   2.451699e-14   240
  4.290411e-01   7.756845e-14   2.162492e-04   6.189907e-15   720
  4.299890e-01   7.629334e-14   1.710922e-04   5.388812e-15   720
  4.310398e-01   2.406539e-14   0.000000e+00   2.240928e-15   144
  4.315927e-01   8.330169e-14   2.205891e-04   5.669387e-15   720
  4.323793e-01   8.758274e-14   1.322696e-04   7.040617e-15   384
  4.333641e-01   6.127150e-14   1.466278e-04   3.833671e-15   672
  4.342984e-01   1.019384e-13   2.567292e-04   1.068823e-14   336
  4.347447e-01   9.119422e-14   0.000000e+00   1.033288e-14   288
  4.358374e-01   5.931225e-14   2.031840e-04   3.977496e-15   776
  4.368489e-01   5.439003e-14   1.738547e-04   3.235313e-15   720
  4.376985e-01   4.727238e-14   1.400528e-04   3.581636e-15   432
  4.383780e-01   8.340508e-14   1.996629e-04   8.981484e-15   504
  4.391339e-01   5.732396e-14   1.398922e-04   4.525976e-15   528
  4.401917e-01   7.779768e-14   1.905949e-04   8.784137e-15   438
  4.410618e-01   9.172952e-14   2.218350e-04   9.036521e-15   624
  4.417176e-01   8.822285e-14   2.717180e-04   1.011034e-14   312
  4.426191e-01   9.833638e-14   1.463948e-04   6.508618e-15   696
  4.435512e-01   7.745808e-14   1.324608e-04   7.562555e-15   552
  4.445207e-01   7.185149e-14   1.024805e-04   6.513960e-15   516
  4.451205e-01   9.332896e-14   2.046970e-04   8.631308e-15   528
  4.458506e-01   3.060841e-14   1.331200e-04   1.857808e-15   528
  4.468878e-01   7.672531e-14   1.755583e-04   5.972630e-15   864
  4.475918e-01   7.189745e-14   2.404788e-04   7.030607e-15   408
  4.482965e-01   9.770705e-14   2.382549e-04   8.300988e-15   192
  4.492953e-01   5.269418e-14   1.971674e-04   4.191591e-15   720
  4.501385e-01   5.138240e-14   1.817980e-04   3.848265e-15   696
  4.511404e-01   5.886745e-14   1.963435e-04   3.925252e-15   720
  4.520570e-01   5.683169e-14   2.661201e-04   4.567057e-15   432
  4.525916e-01   3.768860e-14   1.566487e-04   3.628750e-15   264
  4.535534e-01   5.345415e-14   2.163249e-04   3.484354e-15   672
  4.544137e-01   6.121872e-14   2.214835e-04   4.496520e-15   600
  4.554346e-01   3.194640e-14   1.296784e-04   5.181304e-15   270
  4.559493e-01   7.416829e-14   1.952021e-04   8.137127e-15   528
  4.567673e-01   7.466767e-14   1.336675e-04   5.276916e-15   840
  4.578890e-01   8.689874e-14   2.555961e-04   6.279884e-15   888
  4.589254e-01   5.440483e-14   1.904380e-04   4.406937e-15   744
  4.598014e-01   6.471850e-14   9.785730e-05   5.183741e-15   456
  4.602370e-01   1.055515e-13   1.337280e-04   8.261024e-15   360
  4.609825e-01   5.945196e-14   1.158678e-04   8.173249e-15   384
  4.621264e-01   5.760269e-14   1.858509e-04   3.663286e-15   816
  4.629847e-01   6.150272e-14   2.696437e-04   4.163540e-15   824
  4.640279e-01   5.218062e-14   1.253432e-04   6.475504e-15   360
  4.645865e-01   6.323629e-14   1.849595e-04   4.245164e-15   624
  4.653553e-01   6.660087e-14   1.249856e-04   6.631333e-15   360
  4.663795e-01   5.171138e-14   1.700172e-04   3.835618e-15   876
  4.673045e-01   4.574014e-14   2.019296e-04   3.488099e-15   696
  4.682373e-01   3.479840e-14   1.303928e-04   3.278402e-15   336
  4.687264e-01   6.767580e-14   1.302463e-04   7.138764e-15   504
  4.695341e-01   4.984637e-14   1.313750e-04   4.750977e-15   672
  4.707324e-01   3.551526e-14   2.615370e-04   2.551620e-15   720
  4.715635e-01   6.104802e-14   1.975633e-04   5.565569e-15   774
  4.724808e-01   1.167504e-13   1.130801e-04   1.419417e-14   384
  4.729612e-01   8.115343e-14   2.176147e-04   7.864926e-15   528
  4.737068e-01   6.403559e-14   2.073989e-04   5.015053e-15   744
  4.749062e-01   7.232162e-14   1.710601e-04   5.429587e-15   768
  4.757025e-01   7.252642e-14   1.920278e-04   7.968757e-15   552
  4.766960e-01   4.801891e-14   2.092886e-04   3.840553e-15   696
  4.774351e-01   7.954191e-14   2.543221e-04   7.858763e-15   408
  4.780218e-01   6.511354e-14   1.098692e-04   5.635177e-15   504
  4.789519e-01   4.812949e-14   1.973758e-04   3.556236e-15   888
  4.798671e-01   4.566775e-14   2.051305e-04   4.481020e-15   648
  4.808184e-01   4.495636e-14   2.033722e-04   3.785478e-15   648
  4.817134e-01   4.646240e-14   2.192851e-04   3.678527e-15   792
  4.826614e-01   3.882744e-14   3.208291e-04   3.236780e-15   600
  4.833600e-01   2.561750e-14   2.174285e-04   1.828487e-15   456
  4.840953e-01   4.687994e-14   1.059654e-04   3.742993e-15   648
  4.850397e-01   3.710174e-14   2.066479e-04   2.484040e-15   936
  4.860593e-01   5.523728e-14   1.269084e-04   4.361246e-15   384
  4.869469e-01   8.044019e-16   0.000000e+00   5.667351e-17   198
  4.876318e-01   8.268744e-16   3.219776e-04   2.644122e-17   1224
  4.883707e-01   8.725118e-16   2.344988e-04   4.546338e-17   420
  4.892446e-01   7.481876e-16   2.269458e-04   3.019038e-17   792
  4.900991e-01   7.787590e-16   1.876648e-04   2.965004e-17   680
  4.910742e-01   7.889986e-16   1.723226e-04   3.770366e-17   600
  4.918588e-01   7.789978e-16   2.499151e-04   2.656417e-17   840
  4.929064e-01   9.218569e-16   1.179983e-04   4.965136e-17   432
  4.933067e-01   7.812971e-16   1.105800e-04   3.142870e-17   720
  4.941771e-01   8.417678e-16   2.214723e-04   2.878198e-17   960
  4.952596e-01   8.044777e-16   1.974263e-04   3.768003e-17   528
  4.960507e-01   7.369761e-16   2.018074e-04   3.177102e-17   624
  4.969923e-01   8.280442e-16   1.586192e-04   3.076297e-17   816
  4.979269e-01   6.804022e-16   2.608527e-04   2.668061e-17   696
  4.989597e-01   8.386519e-16   1.438612e-08   5.610087e-17   240
  4.993481e-01   8.329515e-16   1.538310e-04   3.543402e-17   672
  5.002149e-01   7.158406e-16   2.749181e-04   2.697024e-17   864
  5.011872e-01   7.030938e-16   2.109550e-04   2.671409e-17   816
  5.020636e-01   6.972032e-16   1.207434e-04   3.046587e-17   648
  5.030076e-01   7.540782e-16   1.234217e-04   2.521339e-17   843
  5.038089e-01   6.315589e-16   2.220660e-04   2.529633e-17   780
  5.047639e-01   6.013325e-16   1.191565e-04   3.907051e-17   216
  5.053529e-01   6.662688e-16   2.873328e-04   2.073271e-17   1056
  5.062588e-01   7.824304e-16   2.350705e-04   4.715195e-17   228
  5.070976e-01   7.132041e-16   2.926687e-04   2.513053e-17   924
  5.079587e-01   7.391121e-16   1.085637e-04   2.791594e-17   696
  5.088706e-01   5.986955e-16   1.932122e-04   2.064343e-17   996
  5.098035e-01   6.333386e-16   1.140687e-04   2.726747e-17   576
  5.107740e-01   6.506884e-16   1.760574e-04   3.269569e-17   552
  5.114815e-01   7.378173e-16   2.102064e-04   3.549046e-17   516
  5.121995e-01   6.574245e-16   3.056837e-04   2.314205e-17   744
  5.130199e-01   6.410428e-16   1.499561e-04   3.076649e-17   576
  5.137336e-01   5.760136e-16   1.543428e-04   2.173664e-17   792
  5.147477e-01   6.329562e-16   1.764424e-04   2.314360e-17   792
  5.154909e-01   6.149773e-16   1.902913e-04   2.393000e-17   720
  5.164960e-01   5.592746e-16   2.168883e-04   2.042511e-17   656
  5.174379e-01   5.972380e-16   2.368308e-04   2.268836e-17   816
  5.184034e-01   5.629878e-16   1.276952e-04   2.566407e-17   492
  5.189522e-01   6.126376e-16   1.836985e-04   2.575788e-17   552
  5.199822e-01   5.290975e-16   3.194294e-04   2.432055e-17   780
  5.206511e-01   5.836874e-16   1.962217e-04   3.003628e-17   528
  5.213718e-01   5.393190e-16   2.290504e-04   2.279636e-17   600
  5.224340e-01   6.178752e-16   1.903590e-04   2.057202e-17   900
  5.231662e-01   5.600679e-16   1.053860e-04   2.596034e-17   696
  5.241734e-01   5.308195e-16   2.664725e-04   2.076385e-17   696
  5.251479e-01   5.408689e-16   1.081054e-04   2.234463e-17   552
  5.259673e-01   4.404795e-16   1.257166e-04   1.893092e-17   708
  5.268258e-01   5.333397e-16   2.075652e-04   2.049956e-17   876
  5.277190e-01   6.015067e-16   1.102130e-04   5.724228e-17   216
  5.283184e-01   5.209391e-16   3.014475e-04   1.729435e-17   1032
  5.292161e-01   4.791636e-16   3.356286e-04   2.153987e-17   600
  5.301478e-01   4.397526e-16   1.601495e-04   1.786151e-17   600
  5.308585e-01   5.003785e-16   2.828090e-04   2.602951e-17   528
  5.316987e-01   4.873309e-16   1.552497e-04   1.958420e-17   732
  5.325837e-01   4.703757e-16   1.146378e-04   2.687875e-17   336
  5.336024e-01   4.674318e-16   1.633817e-04   1.649536e-17   912
  5.343638e-01   4.102706e-16   1.639857e-04   1.723537e-17   624
  5.351957e-01   4.642161e-16   1.381873e-04   1.918158e-17   768
  5.361666e-01   5.196409e-16   2.493171e-04   2.055129e-17   792
  5.371196e-01   4.384013e-16   1.236011e-04   2.010588e-17   660
  5.377977e-01   4.182289e-16   1.821461e-04   2.356785e-17   504
  5.384990e-01   4.327205e-16   2.975919e-04   2.206105e-17   480
  5.395501e-01   3.276314e-16   2.752337e-04   1.199064e-17   912
  5.403731e-01   4.950945e-16   3.065154e-04   2.954328e-17   432
  5.411504e-01   4.192083e-16   1.820016e-04   2.079176e-17   564
  5.418405e-01   4.271167e-16   1.742006e-04   1.990968e-17   600
  5.428119e-01   4.659724e-16   2.428192e-04   1.789678e-17   876
  5.435417e-01   4.366909e-16   1.091788e-04   2.765010e-17   264
  5.445477e-01   4.261296e-16   2.118499e-04   1.925039e-17   560
  5.453563e-01   3.778366e-16   1.439565e-04   1.353164e-17   840
  5.463378e-01   3.550543e-16   2.219395e-04   1.392749e-17   1008
  5.472454e-01   3.794685e-16   9.928084e-05   1.890644e-17   456
  5.480744e-01   4.470489e-16   1.286043e-04   2.142955e-17   576
  5.488407e-01   4.061914e-16   1.976142e-04   1.865993e-17   612
  5.498512e-01   3.812397e-16   1.765015e-04   1.634096e-17   780
  5.506755e-01   3.939602e-16   2.022627e-04   1.717239e-17   648
  5.515194e-01   4.464387e-16   9.425702e-05   3.380630e-17   312
  5.520587e-01   3.302116e-16   2.394916e-04   1.449389e-17   528
  5.529931e-01   3.230969e-16   3.127641e-04   1.421083e-17   720
  5.538866e-01   3.632476e-16   3.137436e-04   2.124492e-17   576
  5.549699e-01   3.362265e-16   2.706443e-04   1.752104e-17   444
  5.556439e-01   3.684476e-16   2.654148e-04   1.305602e-17   996
  5.564699e-01   3.064582e-16   2.217012e-04   1.844357e-17   432
  5.572506e-01   3.691543e-16   2.427192e-04   1.938794e-17   504
  5.579250e-01   3.196179e-16   1.094306e-04   1.693299e-17   504
  5.588852e-01   3.878155e-16   2.153608e-04   1.719256e-17   876
  5.597541e-01   3.163337e-16   2.478597e-04   1.611776e-17   504
  5.606589e-01   2.872535e-16   1.580720e-04   1.391452e-17   696
  5.614066e-01   3.686715e-16   1.351349e-04   1.874264e-17   492
  5.624240e-01   2.842087e-16   1.934522e-04   1.581881e-17   432
  5.631776e-01   3.429408e-16   1.811468e-04   1.419261e-17   768
  5.640708e-01   2.921473e-16   2.256427e-04   1.543300e-17   648
  5.649237e-01   2.611849e-16   1.472076e-04   1.394877e-17   456
  5.659038e-01   2.754025e-16   2.024344e-04   1.381864e-17   552
  5.665845e-01   2.805478e-16   1.387487e-04   1.491154e-17   648
  5.675213e-01   2.648644e-16   2.261525e-04   9.684891e-18   840
  5.684363e-01   3.210439e-16   1.078474e-04   1.745385e-17   432
  5.693524e-01   2.697843e-16   1.320946e-04   1.406221e-17   600
  5.699896e-01   3.123999e-16   1.407382e-04   1.860988e-17   432
  5.710598e-01   2.921941e-16   1.401185e-04   1.404775e-17   560
  5.717846e-01   2.527352e-16   2.217929e-04   1.084522e-17   840
  5.726922e-01   3.080264e-16   1.313712e-04   1.704067e-17   504
  5.734129e-01   2.426277e-16   2.681208e-04   1.145700e-17   696
  5.744289e-01   3.033192e-16   1.464380e-04   1.797441e-17   384
  5.752203e-01   2.230324e-16   2.145144e-04   1.144879e-17   576
  5.761776e-01   2.411893e-16   1.323876e-04   1.632837e-17   360
  5.769491e-01   2.418303e-16   1.971572e-04   1.134319e-17   828
  5.777814e-01   2.316491e-16   1.756051e-04   1.273767e-17   372
  5.785440e-01   2.426182e-16   2.681827e-04   1.138262e-17   576
  5.795542e-01   2.554112e-16   1.123146e-04   1.170408e-17   636
  5.802740e-01   2.341700e-16   2.165136e-04   1.088598e-17   648
  5.812477e-01   2.273913e-16   1.760019e-04   1.119872e-17   576
  5.819467e-01   2.284131e-16   2.839096e-04   1.227313e-17   528
  5.828762e-01   2.274158e-16   1.213831e-04   1.440204e-17   360
  5.836457e-01   1.922049e-16   2.792266e-04   8.305579e-18   672
  5.846504e-01   2.287569e-16   1.430245e-04   1.046186e-17   804
  5.854866e-01   2.366891e-16   1.577731e-04   1.280452e-17   408
  5.864116e-01   2.124469e-16   9.752092e-05   1.187670e-17   384
  5.870345e-01   1.736601e-16   2.231653e-04   1.098556e-17   480
  5.879130e-01   1.993989e-16   1.441975e-04   1.132276e-17   432
  5.887557e-01   2.472078e-16   2.657252e-04   1.128032e-17   648
  5.897530e-01   2.158377e-16   1.648813e-04   1.062821e-17   624
  5.904826e-01   2.128674e-16   1.499734e-04   1.288040e-17   456
  5.914788e-01   1.855673e-16   2.048770e-04   1.162945e-17   588
  5.921465e-01   1.758840e-16   1.307107e-04   8.820422e-18   600
  5.931212e-01   1.815485e-16   2.038766e-04   7.481336e-18   708
  5.938912e-01   1.749381e-16   1.284383e-04   9.823431e-18   360
  5.947420e-01   2.050588e-16   1.476433e-04   1.110037e-17   552
  5.955576e-01   1.840671e-16   1.035752e-04   1.588517e-17   288
  5.963856e-01   1.587786e-16   1.947498e-04   7.943962e-18   528
  5.971636e-01   1.771207e-16   1.313872e-04   8.556748e-18   456
  5.980328e-01   1.898159e-16   2.329780e-04   9.844494e-18   608
  5.989070e-01   1.501961e-16   1.127174e-04   7.100605e-18   504
  5.998623e-01   1.276071e-16   2.419978e-04   6.840611e-18   540
  6.006113e-01   2.040911e-16   2.597778e-04   1.300186e-17   360
  6.014188e-01   2.063191e-16   1.176407e-04   1.004953e-17   540
  6.021329e-01   1.678083e-16   1.010085e-04   8.754100e-18   576
  6.031714e-01   1.664189e-16   2.342044e-04   8.002755e-18   588
  6.041588e-01   1.701823e-16   3.231314e-04   8.501299e-18   672
  6.050070e-01   1.871047e-16   2.469721e-04   9.013815e-18   552
  6.056908e-01   1.171876e-16   2.470970e-04   9.369153e-18   144
  6.065633e-01   1.736794e-16   2.099342e-04   8.619279e-18   600
  6.073906e-01   1.350884e-16   2.630934e-04   7.596720e-18   504
  6.083088e-01   1.530282e-16   2.702501e-04   1.175666e-17   336
  6.092745e-01   1.494218e-16   3.037623e-04   7.142087e-18   600
  6.101395e-01   1.355215e-16   1.960382e-04   7.573794e-18   636
  6.110731e-01   1.640826e-16   1.576165e-04   1.348636e-17   384
  6.117276e-01   1.598287e-16   2.198564e-04   1.040747e-17   504
  6.126710e-01   1.325954e-16   9.227064e-05   9.503650e-18   240
  6.134155e-01   1.472190e-16   2.167569e-04   6.047999e-18   744
  6.143088e-01   1.281044e-16   1.480120e-04   6.506034e-18   648
  6.151027e-01   2.343076e-16   9.825476e-05   2.003033e-17   120
  6.160331e-01   1.190949e-16   1.543455e-04   5.411734e-18   564
  6.167362e-01   1.650547e-16   2.424089e-04   9.538727e-18   432
  6.176746e-01   1.211459e-16   1.881572e-04   8.215580e-18   480
  6.183811e-01   9.545439e-17   1.384885e-04   5.734069e-18   456
  6.192152e-01   1.315957e-16   2.291780e-04   8.214936e-18   444
  6.201616e-01   1.188341e-16   3.506544e-04   7.430818e-18   528
  6.209930e-01   1.446945e-16   2.604238e-04   1.290948e-17   264
  6.217998e-01   1.154516e-16   2.668956e-04   6.648759e-18   444
  6.228852e-01   1.255648e-16   2.923449e-04   5.706961e-18   696
  6.237861e-01   1.356636e-16   1.563558e-04   9.104899e-18   384
  6.244450e-01   1.114171e-16   1.975687e-04   6.109473e-18   432
  6.254698e-01   1.487095e-16   1.365107e-04   8.835916e-18   488
  6.261352e-01   1.364644e-16   2.057386e-04   6.986068e-18   480
  6.270999e-01   1.134335e-16   2.294412e-04   7.305471e-18   480
  6.278471e-01   9.606538e-17   9.626648e-05   6.426495e-18   240
  6.286954e-01   1.219289e-16   2.248709e-04   6.501330e-18   600
  6.294955e-01   9.239420e-17   1.959519e-04   6.438988e-18   288
  6.303474e-01   1.122069e-16   1.884914e-04   6.879175e-18   480
  6.312103e-01   9.143459e-17   3.352926e-04   5.649790e-18   504
  6.320598e-01   1.229204e-16   1.438614e-04   8.775247e-18   216
  6.331433e-01   1.133414e-16   2.355240e-04   7.173514e-18   504
  6.339871e-01   9.007566e-17   1.894329e-04   5.548277e-18   456
  6.349107e-01   1.397789e-16   1.086430e-04   8.806454e-18   384
  6.355225e-01   1.415456e-16   2.205061e-04   8.860714e-18   480
  6.363918e-01   8.582290e-17   1.936290e-04   5.607045e-18   504
  6.371972e-01   1.060147e-16   1.228262e-04   6.807000e-18   312
  6.380652e-01   1.071967e-16   1.979302e-04   6.862301e-18   492
  6.388334e-01   1.247339e-16   1.855135e-04   8.627091e-18   312
  6.398223e-01   9.117934e-17   3.013519e-04   4.619661e-18   576
  6.406929e-01   1.203560e-16   2.781722e-04   9.850052e-18   336
  6.414159e-01   6.321465e-17   2.141797e-04   5.022596e-18   240
  6.424183e-01   9.748707e-17   2.839481e-04   5.822695e-18   468
  6.432837e-01   9.019596e-17   1.777925e-04   8.423860e-18   192
  6.441896e-01   7.649591e-17   1.783224e-04   5.933111e-18   324
  6.448535e-01   9.084033e-17   1.294235e-04   4.976412e-18   600
  6.457583e-01   9.227794e-17   2.099764e-04   5.478875e-18   456
  6.464302e-01   9.835661e-17   9.444737e-05   7.434276e-18   336
  6.475438e-01   1.022626e-16   2.828021e-04   6.081487e-18   612
  6.483539e-01   7.567024e-17   2.373399e-04   1.336829e-17   144
  6.491201e-01   1.002605e-16   2.770366e-04   5.766876e-18   552
  6.501620e-01   5.243696e-17   1.091004e-04   3.334111e-18   264
  6.507507e-01   7.993168e-17   2.525953e-04   6.713516e-18   336
  6.516793e-01   6.791084e-17   1.669063e-04   4.055579e-18   384
  6.524847e-01   7.754225e-17   9.395175e-05   7.077294e-18   216
  6.533762e-01   5.785647e-17   1.991971e-04   4.013123e-18   344
  6.541891e-01   6.067097e-17   2.972114e-04   3.918115e-18   408
  6.551797e-01   7.353281e-17   2.283876e-04   7.129221e-18   264
  6.560575e-01   7.513708e-17   3.183837e-04   4.601988e-18   612
  6.569345e-01   1.006391e-16   1.638646e-04   7.044667e-18   408
  6.578364e-01   7.115915e-17   1.641001e-04   5.965877e-18   444
  6.584991e-01   1.349183e-16   9.177996e-05   1.196663e-17   120
  6.593870e-01   8.248417e-17   2.535712e-04   7.190450e-18   336
  6.600460e-01   6.361495e-17   8.811499e-05   4.843200e-18   288
  6.609366e-01   6.907223e-17   2.742154e-04   3.983220e-18   552
  6.621610e-01   9.244614e-17   0.000000e+00   1.306488e-17   72
  6.627906e-01   6.664202e-17   2.723657e-04   4.096282e-18   504
  6.635259e-01   3.483423e-17   8.764464e-05   3.166196e-18   216
  6.644787e-01   5.296118e-17   1.564835e-04   4.129959e-18   312
  6.653340e-01   4.415081e-17   1.781811e-04   3.326915e-18   336
  6.661492e-01   4.385395e-17   2.469789e-04   3.992606e-18   204
  6.669611e-01   9.975584e-17   2.870270e-04   7.766639e-18   504
  6.678221e-01   8.569744e-17   2.733322e-04   5.799139e-18   396
  6.686501e-01   6.251439e-17   2.506599e-04   5.391985e-18   312
  6.696540e-01   1.008691e-16   1.531800e-04   9.907697e-18   216
  6.703613e-01   5.867335e-17   8.313373e-05   6.064109e-18   168
  6.712208e-01   5.996563e-17   2.099173e-04   3.835085e-18   588
  6.722017e-01   4.237745e-17   2.849381e-04   5.072579e-18   240
  6.729637e-01   4.129770e-17   2.516481e-04   3.835812e-18   264
  6.738575e-01   5.210384e-17   3.112147e-04   4.566188e-18   288
  6.746505e-01   5.587487e-17   1.554077e-04   5.076290e-18   288
  6.756555e-01   4.279193e-17   1.459525e-04   3.614499e-18   288
  6.763322e-01   4.560596e-17   1.690738e-04   4.121581e-18   192
  6.771836e-01   3.119976e-17   1.799115e-04   2.844536e-18   264
  6.779946e-01   8.815015e-17   2.959295e-04   6.415834e-18   372
  6.788675e-01   9.307131e-17   3.196167e-04   8.396750e-18   360
  6.799329e-01   8.195234e-17   1.352648e-04   1.153627e-17   144
  6.804835e-01   4.602734e-17   1.878769e-04   4.666347e-18   296
  6.813527e-01   4.792387e-17   2.024276e-04   4.569774e-18   288
  6.823478e-01   5.099906e-17   3.025230e-04   3.667202e-18   480
  6.832061e-01   4.468335e-17   2.513677e-04   7.655330e-18   192
  6.840407e-01   6.144142e-17   2.696262e-04   6.173634e-18   192
  6.847993e-01   4.206479e-17   1.718359e-04   3.901343e-18   288
  6.858544e-01   1.897126e-17   1.495808e-04   2.356849e-18   108
  6.863859e-01   4.301188e-17   1.438036e-04   4.383801e-18   240
  6.873243e-01   3.209520e-17   2.682690e-04   3.356785e-18   384
  6.882884e-01   4.746763e-17   3.272578e-04   5.324338e-18   108
  6.891409e-01   6.415702e-17   1.918773e-04   4.686234e-18   348
  6.900373e-01   4.128561e-17   2.002507e-04   5.427847e-18   312
  6.908379e-01   4.437093e-17   1.945855e-04   9.900089e-18   96
  6.915741e-01   3.932837e-17   2.590555e-04   3.318324e-18   384
  6.923987e-01   4.329228e-17   1.781778e-04   4.173396e-18   144
  6.932053e-01   4.443871e-17   2.737780e-04   3.645704e-18   408
  6.942079e-01   1.996509e-17   1.221243e-04   3.323719e-18   144
  6.951550e-01   4.088136e-17   2.347853e-04   4.950395e-18   192
  6.957167e-01   4.860630e-17   2.642552e-04   4.971488e-18   144
  6.966323e-01   2.406903e-17   2.148492e-04   2.607699e-18   144
  6.974962e-01   4.147301e-17   2.625805e-04   4.083827e-18   336
  6.985541e-01   1.899642e-17   1.942763e-04   1.501156e-18   240
  6.992249e-01   2.685990e-17   8.821915e-05   3.811010e-18   96
  7.001605e-01   4.834983e-17   2.587043e-04   4.579894e-18   372
  7.011070e-01   3.442697e-17   3.077232e-04   5.736015e-18   132
  7.019384e-01   2.099340e-17   1.904154e-04   1.656666e-18   264
  7.026821e-01   5.533591e-17   1.462304e-04   7.332417e-18   168
  7.034759e-01   3.692554e-17   2.337943e-04   3.282061e-18   216
  7.041771e-01   3.035377e-17   1.430383e-04   4.106026e-18   216
  7.051983e-01   1.110975e-17   2.624157e-04   1.083270e-18   96
  7.061249e-01   4.448562e-17   1.712023e-04   6.602681e-18   120
  7.069747e-01   2.570926e-17   2.176463e-04   2.936367e-18   216
  7.076747e-01   1.981831e-17   9.511215e-05   2.039111e-18   200
  7.086015e-01   3.061011e-17   2.462045e-04   4.294438e-18   288
  7.097902e-01   8.996015e-18   6.478119e-05   6.930249e-19   144
  7.102908e-01   3.226351e-17   2.015951e-04   5.181329e-18   168
  7.113130e-01   3.467737e-17   2.268765e-04   6.197064e-18   159
  7.121109e-01   1.821978e-17   2.380480e-04   1.657186e-18   174
  7.128831e-01   1.654381e-17   2.158536e-04   1.551008e-18   144
  7.138943e-01   3.007195e-17   1.246398e-04   3.074572e-18   222
  7.145705e-01   1.866552e-17   1.257726e-04   2.135447e-18   168
  7.157386e-01   3.165196e-17   2.758677e-04   7.313531e-18   30
  7.162211e-01   6.372882e-18   2.435709e-04   8.394968e-19   72
  7.171298e-01   1.763101e-17   2.173841e-04   2.050721e-18   258
  7.181290e-01   1.566888e-17   1.361533e-04   1.500554e-18   264
  7.186286e-01   2.022717e-17   1.468278e-08   3.384860e-18   72
  7.196697e-01   9.725922e-18   2.698616e-04   1.052658e-18   174
  7.206123e-01   2.080129e-17   2.873527e-04   3.033481e-18   168
  7.213701e-01   5.376753e-18   8.991328e-09   7.433123e-19   48
  7.221837e-01   1.109753e-17   1.622748e-04   1.493212e-18   150
  7.231270e-01   2.276228e-17   2.985162e-04   2.068626e-18   168
  7.240729e-01   1.125467e-17   1.818422e-04   1.197646e-18   144
  7.249427e-01   2.431284e-17   1.698820e-04   4.183995e-18   102
  7.255906e-01   5.468680e-18   2.514545e-04   5.304610e-19   96
  7.266185e-01   4.212058e-18   2.495518e-04   3.660873e-19   120
  7.273797e-01   4.392952e-18   2.676508e-04   3.340885e-19   168
  7.282031e-01   2.122442e-17   1.976389e-04   1.942418e-18   126
  7.289046e-01   1.321876e-17   1.490593e-04   1.883933e-18   168
  7.298711e-01   7.651486e-18   2.390167e-04   9.841342e-19   72
  7.307158e-01   5.915782e-18   2.993022e-04   5.001393e-19   168
  7.314557e-01   1.923509e-17   8.205344e-05   4.684732e-18   78
  7.324696e-01   5.854997e-18   1.347256e-04   8.525150e-19   60
  7.332860e-01   2.106939e-17   2.185468e-04   3.772731e-18   96
  7.341327e-01   7.909201e-18   2.651884e-04   6.259368e-19   168
  7.349284e-01   6.720575e-18   1.678009e-04   1.150207e-18   86
  7.357634e-01   4.901705e-18   1.499742e-04   5.142569e-19   120
  7.369601e-01   4.529692e-18   1.069515e-04   4.144816e-19   168
  7.376055e-01   2.878325e-18   0.000000e+00   4.037309e-19   48
  7.384747e-01   1.182720e-17   1.948541e-04   1.280157e-18   120
  7.389742e-01   8.203539e-18   1.421539e-04   1.225234e-18   126
  7.401935e-01   6.326097e-18   2.500091e-04   8.094715e-19   96
  7.409848e-01   6.408791e-18   7.209028e-05   6.204729e-19   96
  7.416089e-01   4.451417e-18   8.477105e-09   4.146030e-19   72
  7.429385e-01   5.431861e-18   8.991328e-09   9.408875e-19   24
  7.437683e-01   7.216564e-18   1.483601e-04   7.258768e-19   120
  7.444157e-01   7.040805e-18   2.164118e-04   1.002754e-18   126
  7.451355e-01   4.756360e-18   1.804085e-04   5.209771e-19   96
  7.459766e-01   3.016762e-18   3.117986e-04   3.426113e-19   72
  7.469132e-01   4.328676e-18   1.348634e-04   3.799427e-19   144
  7.476836e-01   3.339710e-18   7.778603e-05   4.373045e-19   72
  7.484533e-01   6.741127e-18   1.553665e-04   1.313699e-18   54
  7.491306e-01   6.420262e-18   1.369149e-04   6.488784e-19   108
  7.505382e-01   7.153038e-18   1.342120e-04   7.523392e-19   72
  7.509765e-01   4.277789e-18   7.744493e-05   4.125365e-19   72
  7.520162e-01   2.415719e-18   1.557344e-08   4.815732e-19   24
  7.529998e-01   1.647537e-18   1.638381e-04   3.136670e-19   48
  7.535971e-01   5.291934e-18   1.248023e-04   6.846119e-19   102
  7.544963e-01   3.414229e-18   2.822510e-04   3.206831e-19   168
  7.556711e-01   2.815883e-18   1.539331e-04   3.344229e-19   72
  7.561064e-01   3.167923e-18   0.000000e+00   3.765609e-19   48
  7.570195e-01   3.866150e-18   2.647743e-04   5.001946e-19   120
  7.582245e-01   3.460970e-18   1.627091e-04   3.803922e-19   96
  7.593627e-01   1.027192e-17   1.438612e-08   3.310469e-18   30
  7.607153e-01   4.647547e-18   7.644796e-05   6.660335e-19   72
  7.613097e-01   3.225899e-18   8.991328e-09   5.260553e-19   24
  7.620733e-01   2.042020e-18   1.133148e-04   2.353464e-19   56
  7.629285e-01   2.080918e-18   1.617059e-04   1.956363e-19   96
  7.639519e-01   2.955681e-18   1.785629e-04   2.771993e-19   144
  7.647411e-01   4.313133e-18   1.013810e-04   7.528525e-19   54
  7.658874e-01   2.667784e-18   1.518795e-04   2.759266e-19   108
  7.670409e-01   6.816439e-18   8.041947e-05   1.216022e-18   48
  7.681392e-01   2.647955e-18   3.028050e-04   3.146357e-19   72
  7.707744e-01   5.439292e-18   2.000642e-04   5.811225e-19   78
  7.715046e-01   1.721883e-18   1.507735e-04   1.642167e-19   72
  7.723570e-01   2.204134e-18   1.505863e-04   2.872580e-19   72
  7.732482e-01   2.484046e-18   3.633813e-04   2.703166e-19   96
  7.739527e-01   2.536887e-18   1.502759e-04   2.205014e-19   72
  7.748024e-01   3.925318e-18   0.000000e+00   7.400540e-19   24
  7.756510e-01   2.316296e-18   2.998733e-04   2.481005e-19   72
  7.775680e-01   2.963442e-18   1.904287e-04   3.758525e-19   30
  7.779804e-01   3.557775e-18   0.000000e+00   7.668223e-19   24
  7.801973e-01   1.540069e-18   1.581267e-04   2.356186e-19   48
  7.808927e-01   1.995784e-18   3.402886e-04   1.631061e-19   120
  7.818296e-01   2.117319e-18   1.487821e-04   1.982015e-19   72
  7.827758e-01   1.985632e-18   1.486022e-04   3.302455e-19   36
  7.834261e-01   1.979950e-18   2.937071e-04   2.173805e-19   78
  7.852411e-01   2.466412e-18   1.571111e-04   3.292266e-19   48
  7.875942e-01   3.233851e-18   1.271566e-08   5.305266e-19   24
  7.892707e-01   1.109741e-18   1.094089e-04   1.341735e-19   56
  7.901149e-01   1.205851e-18   1.683597e-04   9.562382e-20   102
  7.911888e-01   1.838246e-18   1.198844e-08   2.227745e-19   72
  7.918122e-01   1.697412e-18   8.991328e-09   2.766366e-19   24
  7.929021e-01   1.435778e-18   1.555930e-04   2.121282e-19   48
  7.949223e-01   2.469115e-18   0.000000e+00   3.812862e-19   24
  7.974016e-01   8.652769e-19   0.000000e+00   9.551402e-20   6
  7.981748e-01   8.235851e-19   0.000000e+00   1.094456e-19   24
  7.986898e-01   1.146386e-18   1.456409e-04   1.522612e-19   72
  7.996307e-01   1.561871e-18   2.717068e-04   1.509243e-19   84
  8.006440e-01   1.207110e-18   0.000000e+00   1.945105e-19   24
  8.009521e-01   1.464037e-18   1.271566e-08   1.867274e-19   24
  8.024909e-01   1.361569e-18   1.557344e-08   2.295693e-19   24
  8.046403e-01   1.224604e-18   0.000000e+00   5.115414e-19   6
  8.073954e-01   1.059596e-18   1.528000e-04   1.711052e-19   48
  8.080572e-01   1.085875e-18   2.878503e-04   1.427243e-19   72
  8.089220e-01   1.153190e-18   1.525117e-04   1.583242e-19   48
  8.102934e-01   1.424837e-18   0.000000e+00   4.977558e-19   24
  8.121184e-01   4.737612e-19   0.000000e+00   8.593277e-20   6
  8.162097e-01   1.534883e-18   0.000000e+00   4.999069e-19   8
  8.165120e-01   1.168649e-18   8.991328e-09   1.532958e-19   48
  8.172369e-01   1.242021e-18   1.479045e-04   1.363006e-19   60
  8.183231e-01   1.699076e-18   0.000000e+00   3.048501e-19   24
  8.198293e-01   6.541961e-19   0.000000e+00   1.170783e-19   6
  8.253784e-01   1.326528e-18   0.000000e+00   2.986839e-19   24
  8.258266e-01   1.057866e-18   1.493898e-04   1.584286e-19   48
  8.265733e-01   7.472400e-19   0.000000e+00   1.942979e-19   24
  8.277664e-01   6.962854e-19   0.000000e+00   1.803423e-20   6
  8.345448e-01   1.009479e-18   1.393664e-04   1.501826e-19   36
  8.350375e-01   1.020894e-18   0.000000e+00   2.434993e-19   24
  8.359234e-01   1.026984e-18   0.000000e+00   3.527303e-19   6
  8.436361e-01   1.100526e-18   1.266552e-04   1.774182e-19   32
  8.442939e-01   1.350476e-18   0.000000e+00   5.922315e-19   6
  8.525822e-01   1.698203e-18   0.000000e+00   4.598497e-19   12
  8.528715e-01   1.202761e-18   0.000000e+00   1.949846e-19   6
  8.616502e-01   7.119179e-19   0.000000e+00   1.349675e-19   6
