# power spectrum of phi
# redshift z=3.000000
# k              Pk             sigma(k)       sigma(Pk)      count
  4.487990e-03   4.350119e-10   0.000000e+00   1.761864e-10   6
  6.346976e-03   2.521575e-10   0.000000e+00   5.044072e-11   12
  7.773426e-03   1.880558e-10   8.514949e-11   3.855747e-11   8
  8.975979e-03   6.427709e-10   0.000000e+00   6.932611e-11   6
  1.003545e-02   4.400588e-10   1.605594e-10   1.407475e-10   24
  1.099328e-02   6.200220e-10   1.605594e-10   1.050979e-10   24
  1.269395e-02   2.742198e-10   0.000000e+00   1.236718e-10   12
  1.346397e-02   3.151826e-10   1.816523e-10   5.738867e-11   30
  1.419227e-02   4.094226e-10   0.000000e+00   9.048020e-11   24
  1.488498e-02   3.646726e-10   2.780971e-10   9.100684e-11   24
  1.554685e-02   4.068370e-10   1.702990e-10   8.266352e-11   8
  1.618168e-02   3.534825e-10   2.270653e-10   4.441744e-11   24
  1.679252e-02   3.272063e-10   0.000000e+00   4.623315e-11   48
  1.795196e-02   4.170901e-10   0.000000e+00   1.843184e-10   6
  1.850445e-02   3.124535e-10   2.270653e-10   4.379250e-11   48
  1.904093e-02   2.932073e-10   2.140792e-10   3.109253e-11   36
  1.956269e-02   3.964169e-10   2.270653e-10   8.357245e-11   24
  2.007090e-02   2.426921e-10   3.211188e-10   4.143658e-11   24
  2.056655e-02   2.135901e-10   0.000000e+00   2.893884e-11   48
  2.105054e-02   3.066331e-10   3.211188e-10   4.377081e-11   24
  2.198657e-02   2.526241e-10   3.211188e-10   3.970674e-11   24
  2.243995e-02   1.712043e-10   0.000000e+00   2.815260e-11   30
  2.288435e-02   1.863492e-10   0.000000e+00   2.019956e-11   72
  2.332028e-02   1.926934e-10   3.405980e-10   4.004693e-11   32
  2.416856e-02   2.292823e-10   0.000000e+00   2.619264e-11   72
  2.458173e-02   1.495930e-10   0.000000e+00   2.202525e-11   48
  2.538790e-02   7.243179e-11   0.000000e+00   2.150797e-11   12
  2.578154e-02   1.445601e-10   0.000000e+00   2.165192e-11   48
  2.616925e-02   1.247311e-10   0.000000e+00   1.217198e-11   48
  2.655130e-02   1.687904e-10   3.211188e-10   2.150611e-11   48
  2.692794e-02   1.992149e-10   3.633045e-10   3.504304e-11   30
  2.729937e-02   2.092651e-10   0.000000e+00   4.710666e-11   24
  2.766583e-02   1.927584e-10   6.769780e-10   2.075967e-11   72
  2.838454e-02   1.178176e-10   0.000000e+00   2.252727e-11   24
  2.873715e-02   1.599223e-10   0.000000e+00   1.529552e-11   96
  2.908550e-02   1.194122e-10   0.000000e+00   1.614991e-11   48
  2.942972e-02   9.603209e-11   5.561942e-10   2.347347e-11   24
  2.976995e-02   7.735021e-11   5.561942e-10   1.601785e-11   24
  3.010635e-02   1.709494e-10   0.000000e+00   2.085675e-11   72
  3.043903e-02   1.357951e-10   0.000000e+00   2.097428e-11   48
  3.109370e-02   9.885737e-11   3.405980e-10   2.881963e-11   8
  3.141593e-02   1.696642e-10   4.036717e-10   2.164190e-11   54
  3.173488e-02   1.039821e-10   0.000000e+00   1.710013e-11   84
  3.205066e-02   1.278462e-10   0.000000e+00   1.889413e-11   48
  3.236335e-02   7.335486e-11   4.541306e-10   1.298782e-11   24
  3.267306e-02   1.010988e-10   6.055075e-10   1.179482e-11   72
  3.297985e-02   1.292254e-10   0.000000e+00   1.462259e-11   96
  3.358504e-02   1.588166e-10   0.000000e+00   1.743545e-11   48
  3.388358e-02   9.036786e-11   0.000000e+00   8.785255e-12   48
  3.417951e-02   8.609009e-11   0.000000e+00   1.686677e-11   24
  3.447290e-02   8.967940e-11   0.000000e+00   1.001888e-11   72
  3.505232e-02   8.274606e-11   0.000000e+00   9.707686e-12   72
  3.533846e-02   8.618042e-11   0.000000e+00   9.840667e-12   96
  3.590392e-02   1.593007e-10   0.000000e+00   6.971109e-11   6
  3.618333e-02   9.882845e-11   0.000000e+00   1.048354e-11   96
  3.646060e-02   1.007753e-10   4.541306e-10   1.075246e-11   96
  3.673578e-02   6.171921e-11   0.000000e+00   1.478013e-11   24
  3.700891e-02   7.356583e-11   4.541306e-10   8.132420e-12   48
  3.728004e-02   7.718588e-11   0.000000e+00   7.753585e-12   96
  3.754921e-02   7.036714e-11   0.000000e+00   9.678985e-12   48
  3.808185e-02   7.282836e-11   4.281585e-10   1.244110e-11   36
  3.834540e-02   7.293076e-11   7.865773e-10   8.983048e-12   48
  3.860715e-02   7.818259e-11   8.899106e-10   6.972703e-12   120
  3.886713e-02   6.456692e-11   0.000000e+00   8.480939e-12   56
  3.912539e-02   3.436318e-11   4.541306e-10   6.063696e-12   24
  3.938195e-02   5.298354e-11   0.000000e+00   4.814644e-12   96
  3.963685e-02   5.319785e-11   0.000000e+00   6.793847e-12   48
  4.014180e-02   7.589598e-11   6.422377e-10   1.414884e-11   24
  4.039191e-02   7.277821e-11   0.000000e+00   7.368215e-12   102
  4.064047e-02   9.219344e-11   4.541306e-10   1.440259e-11   48
  4.088753e-02   7.253584e-11   0.000000e+00   7.902512e-12   72
  4.113310e-02   6.361305e-11   0.000000e+00   6.379009e-12   48
  4.137722e-02   8.006319e-11   0.000000e+00   1.461455e-11   48
  4.161990e-02   6.118061e-11   1.027580e-09   6.131570e-12   120
  4.210107e-02   6.885422e-11   6.422377e-10   1.125480e-11   24
  4.233961e-02   4.957804e-11   6.055075e-10   4.250371e-12   144
  4.257681e-02   4.888131e-11   7.266090e-10   5.033445e-12   120
  4.281269e-02   4.925878e-11   6.422377e-10   6.967405e-12   48
  4.328060e-02   5.576748e-11   6.422377e-10   7.490470e-12   48
  4.351267e-02   4.674047e-11   6.422377e-10   4.560786e-12   96
  4.412543e-02   5.369168e-11   1.076845e-04   6.044066e-12   72
  4.442883e-02   4.486433e-11   5.708779e-10   3.357321e-12   108
  4.465493e-02   4.822228e-11   0.000000e+00   5.218471e-12   72
  4.487990e-02   3.595872e-11   0.000000e+00   8.572788e-12   30
  4.510374e-02   5.182577e-11   0.000000e+00   3.947148e-12   168
  4.532647e-02   6.551399e-11   0.000000e+00   8.607427e-12   48
  4.576869e-02   3.755577e-11   0.000000e+00   4.778360e-12   72
  4.598821e-02   5.343695e-11   0.000000e+00   5.324110e-12   96
  4.620668e-02   4.581298e-11   1.211015e-09   7.091648e-12   72
  4.642412e-02   5.014000e-11   0.000000e+00   5.528075e-12   72
  4.678970e-02   5.046004e-11   9.942967e-05   4.335844e-12   104
  4.707043e-02   4.431500e-11   8.563169e-10   3.462552e-12   144
  4.770798e-02   3.178700e-11   1.436087e-09   3.165199e-12   96
  4.791862e-02   2.686054e-11   0.000000e+00   2.802276e-12   96
  4.825361e-02   4.090980e-11   1.022910e-04   3.788045e-12   120
  4.854503e-02   3.560447e-11   0.000000e+00   3.160509e-12   120
  4.875204e-02   4.388333e-11   0.000000e+00   4.819718e-12   72
  4.916346e-02   4.938769e-11   0.000000e+00   6.616815e-12   48
  4.936788e-02   4.331992e-11   1.117860e-09   5.692177e-12   78
  4.962939e-02   4.769941e-11   9.159181e-05   4.049264e-12   168
  5.017725e-02   4.215695e-11   1.048770e-09   3.629769e-12   144
  5.037756e-02   5.158653e-11   8.563169e-10   3.914564e-12   144
  5.095853e-02   3.923793e-11   5.274950e-05   3.839123e-12   156
  5.117095e-02   3.538041e-11   1.112388e-09   7.537655e-12   48
  5.136739e-02   3.594726e-11   7.266090e-10   3.266731e-12   120
  5.156307e-02   2.238528e-11   0.000000e+00   2.300893e-12   48
  5.190908e-02   3.670770e-11   8.074274e-05   2.856911e-12   216
  5.233850e-02   2.401289e-11   0.000000e+00   2.691268e-12   48
  5.253057e-02   2.773351e-11   6.422377e-10   2.368131e-12   96
  5.280366e-02   3.172525e-11   9.436050e-05   2.939131e-12   168
  5.310261e-02   2.447268e-11   6.422377e-10   3.549467e-12   48
  5.329192e-02   3.752032e-11   0.000000e+00   3.871070e-12   96
  5.348057e-02   2.550524e-11   0.000000e+00   4.620945e-12   48
  5.385587e-02   3.767328e-11   7.266090e-10   5.102097e-12   30
  5.404255e-02   2.645221e-11   0.000000e+00   2.410834e-12   96
  5.426566e-02   3.195907e-11   7.415896e-05   2.386191e-12   240
  5.455256e-02   6.027119e-11   8.000683e-05   9.694234e-12   32
  5.478289e-02   2.288082e-11   0.000000e+00   1.835306e-12   168
  5.496642e-02   2.543270e-11   0.000000e+00   2.425018e-12   120
  5.533165e-02   2.491425e-11   1.353956e-09   3.471950e-12   72
  5.551336e-02   3.200881e-11   6.055075e-10   3.226611e-12   144
  5.569449e-02   2.563360e-11   0.000000e+00   2.489307e-12   96
  5.587502e-02   2.805260e-11   0.000000e+00   2.334012e-12   96
  5.623435e-02   4.483263e-11   0.000000e+00   5.748768e-12   72
  5.641315e-02   2.445580e-11   9.082613e-10   2.496088e-12   96
  5.676908e-02   3.725853e-11   0.000000e+00   6.829888e-12   24
  5.694620e-02   2.782221e-11   0.000000e+00   1.898513e-12   192
  5.715479e-02   2.592532e-11   6.789523e-05   2.164111e-12   132
  5.747431e-02   2.998884e-11   0.000000e+00   2.588026e-12   96
  5.764927e-02   1.670449e-11   0.000000e+00   1.709074e-12   96
  5.782370e-02   2.127940e-11   7.266090e-10   1.679628e-12   120
  5.817099e-02   2.326108e-11   0.000000e+00   3.117067e-12   48
  5.845566e-02   2.190536e-11   8.228355e-05   1.383685e-12   222
  5.868808e-02   2.629557e-11   0.000000e+00   2.535843e-12   120
  5.885943e-02   1.795812e-11   1.112388e-09   3.692945e-12   24
  5.910891e-02   3.153213e-11   8.492858e-05   2.115461e-12   312
  5.965251e-02   3.390611e-11   7.962394e-05   3.906280e-12   72
  5.987725e-02   2.168554e-11   1.112388e-09   2.363193e-12   96
  6.010802e-02   2.877235e-11   8.108596e-05   2.687510e-12   192
  6.037972e-02   2.158206e-11   1.027580e-09   2.522969e-12   120
  6.054629e-02   2.335218e-11   0.000000e+00   2.212258e-12   144
  6.087805e-02   2.238333e-11   0.000000e+00   3.173899e-12   48
  6.111387e-02   2.049213e-11   8.153477e-05   1.409088e-12   336
  6.137233e-02   2.269723e-11   0.000000e+00   2.903501e-12   48
  6.169965e-02   2.171845e-11   0.000000e+00   2.323793e-12   192
  6.186267e-02   1.585192e-11   0.000000e+00   1.889002e-12   48
  6.232604e-02   1.776933e-11   5.659583e-05   2.204729e-12   56
  6.255643e-02   2.050660e-11   7.268827e-05   1.180379e-12   336
  6.283185e-02   2.169376e-11   8.073433e-10   3.920981e-12   54
  6.307177e-02   2.089142e-11   7.983781e-05   1.541302e-12   240
  6.356985e-02   2.210138e-11   7.644534e-05   2.075911e-12   228
  6.378632e-02   1.943140e-11   8.563169e-10   2.537411e-12   72
  6.399644e-02   2.333021e-11   7.415385e-05   1.902629e-12   144
  6.425823e-02   2.160477e-11   0.000000e+00   2.150178e-12   96
  6.441477e-02   1.947823e-11   1.027580e-09   1.565108e-12   240
  6.472671e-02   1.396711e-11   9.082613e-10   2.449870e-12   24
  6.492641e-02   1.926021e-11   7.003773e-05   1.105648e-12   336
  6.519181e-02   1.194128e-11   0.000000e+00   1.384955e-12   72
  6.543408e-02   2.354441e-11   7.617900e-05   1.988486e-12   168
  6.565363e-02   1.898342e-11   0.000000e+00   2.095324e-12   72
  6.595971e-02   2.772363e-11   0.000000e+00   3.091475e-12   96
  6.619675e-02   1.361248e-11   7.560752e-05   9.822303e-13   216
  6.641618e-02   1.299402e-11   0.000000e+00   1.031265e-12   96
  6.671876e-02   1.673103e-11   9.082613e-10   1.091963e-12   192
  6.686954e-02   1.751728e-11   8.563169e-10   1.430603e-12   144
  6.717008e-02   1.227155e-11   0.000000e+00   1.547633e-12   48
  6.737816e-02   1.834187e-11   7.289453e-05   1.534763e-12   246
  6.766089e-02   2.199769e-11   6.720992e-05   2.086863e-12   168
  6.791561e-02   1.902065e-11   1.779821e-09   3.010609e-12   120
  6.806373e-02   1.532427e-11   0.000000e+00   1.353113e-12   240
  6.835902e-02   1.352987e-11   0.000000e+00   2.780613e-12   24
  6.859430e-02   1.564261e-11   7.194229e-05   9.622818e-13   360
  6.888731e-02   2.221728e-11   7.163615e-05   2.063184e-12   120
  6.909172e-02   1.566169e-11   0.000000e+00   1.402928e-12   144
  6.923733e-02   2.303808e-11   0.000000e+00   2.343978e-12   96
  6.967233e-02   1.675448e-11   0.000000e+00   1.315031e-12   144
  6.981673e-02   2.023709e-11   0.000000e+00   2.081683e-12   132
  7.001966e-02   1.364727e-11   7.070381e-05   1.187343e-12   176
  7.031425e-02   1.487758e-11   7.139661e-05   9.785520e-13   312
  7.067693e-02   1.707566e-11   0.000000e+00   2.289188e-12   96
  7.081928e-02   1.114532e-11   0.000000e+00   1.072262e-12   144
  7.103769e-02   1.590821e-11   7.068048e-05   1.132577e-12   312
  7.138584e-02   1.181586e-11   0.000000e+00   1.183011e-12   48
  7.152678e-02   1.260324e-11   9.082613e-10   9.138172e-13   192
  7.180783e-02   1.241575e-11   0.000000e+00   3.801643e-12   6
  7.199456e-02   1.283074e-11   6.592151e-05   8.824216e-13   288
  7.229701e-02   1.453163e-11   6.965036e-05   1.318794e-12   192
  7.250569e-02   1.306807e-11   2.136030e-09   9.795458e-13   216
  7.264446e-02   1.463502e-11   0.000000e+00   2.206660e-12   72
  7.299019e-02   1.546757e-11   6.898890e-05   1.654259e-12   192
  7.321980e-02   1.603091e-11   5.122797e-05   1.293292e-12   288
  7.347155e-02   1.067784e-11   0.000000e+00   2.142465e-12   24
  7.366606e-02   1.359292e-11   6.748859e-05   9.477088e-13   456
  7.401782e-02   1.100488e-11   0.000000e+00   2.163537e-12   48
  7.423517e-02   1.366843e-11   6.647357e-05   1.107354e-12   240
  7.448497e-02   1.615683e-11   6.717903e-05   1.197219e-12   216
  7.469503e-02   1.114574e-11   0.000000e+00   1.311950e-12   72
  7.482974e-02   9.411606e-12   2.321067e-09   8.510195e-13   168
  7.521008e-02   1.222653e-11   4.993319e-05   9.574081e-13   288
  7.542338e-02   1.367762e-11   6.607016e-05   1.198900e-12   168
  7.576598e-02   1.306536e-11   0.000000e+00   1.316340e-12   192
  7.589879e-02   9.078646e-12   8.563169e-10   6.775571e-13   144
  7.616371e-02   1.883888e-11   8.563169e-10   2.743721e-12   36
  7.638837e-02   9.955293e-12   6.033611e-05   7.019412e-13   342
  7.660318e-02   1.212987e-11   6.195787e-05   1.645198e-12   144
  7.687931e-02   1.289106e-11   6.497828e-05   1.007034e-12   384
  7.721429e-02   1.352711e-11   1.779821e-09   1.491691e-12   120
  7.738009e-02   1.328699e-11   5.794173e-05   8.560870e-13   264
  7.760459e-02   1.095717e-11   2.872174e-09   1.029032e-12   192
  7.781602e-02   9.466714e-12   6.244329e-05   8.112930e-13   152
  7.799294e-02   1.073385e-11   1.712634e-09   1.339454e-12   144
  7.836508e-02   7.560170e-12   4.041391e-05   6.734229e-13   216
  7.853733e-02   1.292866e-11   5.400376e-05   8.778954e-13   312
  7.884055e-02   1.063818e-11   6.258929e-05   7.972146e-13   240
  7.901921e-02   9.319098e-12   9.082613e-10   9.250490e-13   96
  7.935833e-02   6.009683e-12   5.983988e-05   5.007266e-13   144
  7.956734e-02   1.013334e-11   5.881734e-05   6.264742e-13   456
  7.990638e-02   6.099539e-12   0.000000e+00   4.446499e-13   120
  8.003232e-02   8.549972e-12   0.000000e+00   9.034452e-13   144
  8.028360e-02   7.260629e-12   1.284475e-09   1.179672e-12   24
  8.044470e-02   7.846033e-12   5.653709e-05   4.434584e-13   336
  8.072332e-02   8.326298e-12   6.235271e-05   7.038433e-13   198
  8.098439e-02   1.124241e-11   6.063443e-05   9.573391e-13   432
  8.128095e-02   1.843923e-11   1.816523e-09   2.506313e-12   48
  8.143566e-02   1.258828e-11   5.352971e-05   8.671678e-13   384
  8.171344e-02   9.347512e-12   6.162404e-05   1.197365e-12   144
  8.196515e-02   1.503057e-11   6.118458e-05   1.501242e-12   264
  8.226621e-02   7.007663e-12   0.000000e+00   6.805804e-13   48
  8.246820e-02   9.128522e-12   5.817654e-05   7.021433e-13   276
  8.266310e-02   9.052068e-12   5.273546e-05   9.166691e-13   192
  8.292356e-02   8.427722e-12   5.926306e-05   4.558725e-13   552
  8.323980e-02   6.723772e-12   1.453218e-09   9.121692e-13   120
  8.342777e-02   5.498923e-12   5.998883e-05   4.247340e-13   216
  8.360198e-02   6.707163e-12   1.453218e-09   5.764716e-13   120
  8.391317e-02   9.840239e-12   5.907428e-05   6.081929e-13   408
  8.420215e-02   2.708162e-12   1.284475e-09   3.412452e-13   24
  8.438134e-02   7.730898e-12   5.967566e-05   6.473687e-13   384
  8.463161e-02   4.941928e-12   5.830526e-05   3.327352e-13   240
  8.484893e-02   7.706181e-12   5.873223e-05   6.207202e-13   168
  8.515361e-02   4.908010e-12   0.000000e+00   5.521284e-13   120
  8.535003e-02   8.438147e-12   6.122527e-05   6.756164e-13   350
  8.566942e-02   9.698349e-12   1.007886e-04   8.224114e-13   384
  8.586029e-02   1.227301e-11   0.000000e+00   1.857194e-12   144
  8.621146e-02   7.185613e-12   1.211015e-09   7.237440e-13   288
  8.639482e-02   8.096457e-12   5.769264e-05   7.164928e-13   336
  8.664426e-02   5.702019e-12   5.252436e-05   5.520602e-13   168
  8.679359e-02   8.987201e-12   3.442699e-09   8.640151e-13   336
  8.710244e-02   5.599485e-12   5.451716e-05   4.096877e-13   288
  8.728795e-02   7.255257e-12   5.136910e-05   5.503383e-13   264
  8.760206e-02   6.510672e-12   0.000000e+00   6.106426e-13   240
  8.771695e-02   5.741750e-12   0.000000e+00   6.086764e-13   96
  8.812928e-02   7.792045e-12   6.985852e-05   6.486001e-13   360
  8.832172e-02   6.805797e-12   5.149772e-05   9.575098e-13   168
  8.856486e-02   6.137521e-12   5.613787e-05   3.968734e-13   456
  8.885766e-02   4.963120e-12   1.614687e-09   4.859583e-13   108
  8.902234e-02   3.534093e-12   5.632711e-05   2.377247e-13   264
  8.922780e-02   5.335626e-12   5.025296e-05   5.449248e-13   264
  8.950914e-02   6.165249e-12   4.742099e-05   3.547449e-13   312
  8.985946e-02   7.453724e-12   3.523897e-05   9.126217e-13   270
  9.000628e-02   7.640121e-12   4.474031e-05   9.578640e-13   240
  9.027023e-02   8.171578e-12   5.534940e-05   7.923597e-13   384
  9.043048e-02   4.677715e-12   1.816523e-09   3.985710e-13   192
  9.074177e-02   7.676445e-12   4.441052e-05   8.924243e-13   240
  9.092233e-02   7.629976e-12   5.480976e-05   6.560824e-13   336
  9.126190e-02   6.120203e-12   5.517650e-05   3.990920e-13   480
  9.153738e-02   7.257057e-12   1.211015e-09   1.140759e-12   72
  9.169127e-02   7.274105e-12   5.380211e-05   9.104123e-13   240
  9.190057e-02   4.790389e-12   5.056661e-05   3.454198e-13   312
  9.214050e-02   3.642067e-12   5.465037e-05   2.583324e-13   240
  9.250305e-02   5.470631e-12   4.152014e-05   4.212138e-13   408
  9.264658e-02   4.909177e-12   3.802244e-05   3.653014e-13   336
  9.292709e-02   5.182379e-12   4.827913e-05   5.083655e-13   264
  9.306493e-02   3.100940e-12   0.000000e+00   2.825595e-13   144
  9.344847e-02   4.904598e-12   6.691774e-05   3.896980e-13   464
  9.365053e-02   3.599390e-12   5.321333e-05   3.295882e-13   168
  9.385003e-02   4.469064e-12   4.846574e-05   4.339811e-13   336
  9.421059e-02   5.183833e-12   5.092274e-05   4.513995e-13   414
  9.441384e-02   9.704576e-12   5.300755e-05   1.193267e-12   216
  9.467424e-02   1.172201e-11   1.284475e-09   1.516375e-12   96
  9.478056e-02   5.402399e-12   3.146309e-09   5.946674e-13   384
  9.515300e-02   5.392798e-12   5.290514e-05   3.808478e-13   492
  9.535260e-02   5.924714e-12   5.173669e-05   5.157335e-13   240
  9.557820e-02   4.672625e-12   5.253086e-05   3.884130e-13   312
  9.588974e-02   2.665670e-12   5.251357e-05   3.213685e-13   192
  9.608709e-02   5.111818e-12   5.089201e-05   4.001277e-13   504
  9.634892e-02   4.977596e-12   3.369138e-05   5.190068e-13   408
  9.655507e-02   3.595661e-12   1.032177e-04   3.326491e-13   168
  9.681304e-02   6.006815e-12   4.902931e-05   4.817077e-13   288
  9.702952e-02   3.787587e-12   5.116628e-05   3.229790e-13   288
  9.725127e-02   3.100619e-12   5.146081e-05   2.472147e-13   432
  9.757291e-02   4.308029e-12   4.866478e-05   3.895108e-13   216
  9.774479e-02   3.787045e-12   4.856211e-05   3.422178e-13   360
  9.805077e-02   4.451095e-12   4.739615e-05   3.916624e-13   312
  9.832692e-02   5.931416e-12   0.000000e+00   9.545720e-13   48
  9.848611e-02   3.768633e-12   5.081550e-05   2.795465e-13   432
  9.877120e-02   3.567319e-12   8.476078e-05   3.523576e-13   414
  9.893956e-02   4.478670e-12   1.936190e-09   4.856145e-13   312
  9.925365e-02   5.034222e-12   7.437288e-05   5.165321e-13   528
  9.946561e-02   5.368260e-12   3.903945e-05   7.843720e-13   264
  9.972025e-02   5.014177e-12   4.629008e-05   4.929929e-13   480
  1.000530e-01   4.329484e-12   0.000000e+00   4.443744e-13   288
  1.001967e-01   3.791984e-12   4.973726e-05   4.404134e-13   168
  1.004595e-01   5.097925e-12   7.873394e-05   3.786180e-13   504
  1.007551e-01   7.786972e-12   1.211015e-09   9.588580e-13   144
  1.009411e-01   2.675503e-12   5.056606e-05   1.744972e-13   464
  1.012205e-01   3.117668e-12   7.420855e-05   2.557244e-13   432
  1.013531e-01   4.577619e-12   1.284475e-09   5.367305e-13   192
  1.016957e-01   3.001581e-12   5.501332e-05   2.386094e-13   396
  1.018981e-01   2.864948e-12   4.941713e-05   2.431598e-13   288
  1.021026e-01   2.854671e-12   4.881567e-05   2.814776e-13   336
  1.024293e-01   3.074253e-12   3.091107e-05   2.493852e-13   432
  1.026367e-01   3.459504e-12   8.011717e-05   3.156506e-13   360
  1.028695e-01   2.895452e-12   4.739049e-05   1.996010e-13   384
  1.032001e-01   2.951851e-12   4.183121e-05   3.458817e-13   198
  1.033594e-01   3.769327e-12   4.754848e-05   3.856031e-13   552
  1.036565e-01   5.560685e-12   6.656461e-05   6.483837e-13   432
  1.039045e-01   3.450922e-12   2.542602e-09   3.915692e-13   168
  1.041126e-01   5.142246e-12   8.251578e-05   4.886875e-13   480
  1.043880e-01   1.928865e-12   0.000000e+00   2.143998e-13   120
  1.045119e-01   3.954739e-12   6.739531e-05   3.957858e-13   336
  1.048143e-01   3.330156e-12   4.754634e-05   2.758100e-13   672
  1.051134e-01   3.965140e-12   6.916265e-05   2.680951e-13   528
  1.052527e-01   1.573984e-12   2.076026e-09   1.377288e-13   168
  1.055745e-01   3.726073e-12   7.715047e-05   3.159237e-13   456
  1.057708e-01   5.312505e-12   4.711644e-05   1.017092e-12   168
  1.059747e-01   3.184215e-12   4.703185e-05   2.656414e-13   504
  1.063135e-01   2.158249e-12   6.052278e-05   2.797298e-13   336
  1.065184e-01   3.638440e-12   4.362976e-05   3.462161e-13   312
  1.067457e-01   3.210177e-12   4.262923e-05   2.903868e-13   504
  1.070448e-01   2.423725e-12   2.957734e-05   1.588992e-13   432
  1.071854e-01   1.952172e-12   4.570679e-05   1.378201e-13   312
  1.074777e-01   2.252920e-12   4.685168e-05   1.684891e-13   384
  1.077830e-01   5.331975e-12   3.980594e-05   1.161619e-12   126
  1.079714e-01   3.575536e-12   6.988975e-05   3.479131e-13   492
  1.082121e-01   3.976184e-12   4.476446e-05   3.711191e-13   528
  1.085129e-01   3.042489e-12   4.547108e-05   3.338186e-13   480
  1.086993e-01   4.095084e-12   6.281804e-05   4.245609e-13   432
  1.089692e-01   3.542576e-12   4.939807e-05   3.819743e-13   440
  1.092826e-01   4.154138e-12   2.456546e-05   4.149727e-13   312
  1.094002e-01   2.886515e-12   3.681340e-05   3.897801e-13   480
  1.096414e-01   3.178507e-12   7.207992e-05   3.648791e-13   408
  1.099939e-01   3.977695e-12   4.316772e-05   3.807734e-13   360
  1.101428e-01   2.956699e-12   4.165528e-05   2.983714e-13   408
  1.104187e-01   1.950383e-12   4.238952e-05   2.166549e-13   456
  1.107295e-01   2.643907e-12   4.051394e-05   2.313333e-13   264
  1.109019e-01   2.756882e-12   4.396779e-05   2.828420e-13   384
  1.111530e-01   2.438100e-12   7.402287e-05   1.892445e-13   672
  1.114432e-01   3.965511e-12   4.427524e-05   4.859891e-13   240
  1.116107e-01   1.774720e-12   4.492830e-05   1.299838e-13   264
  1.118470e-01   1.262996e-12   5.541164e-05   1.069083e-13   624
  1.121997e-01   1.977980e-12   0.000000e+00   4.018472e-13   150
  1.123253e-01   4.120292e-12   6.209312e-05   3.683052e-13   600
  1.125901e-01   2.964189e-12   4.285507e-05   2.479361e-13   672
  1.128900e-01   2.484218e-12   4.030821e-05   4.438409e-13   336
  1.130571e-01   4.631267e-12   4.384359e-05   4.599795e-13   408
  1.133240e-01   3.377754e-12   4.374031e-05   4.421943e-13   408
  1.136209e-01   2.534935e-12   2.211745e-05   2.268331e-13   360
  1.138039e-01   3.444510e-12   8.120816e-05   3.673186e-13   456
  1.140250e-01   2.805471e-12   4.416149e-05   3.277373e-13   384
  1.143063e-01   1.474082e-12   4.076666e-05   1.279380e-13   348
  1.144584e-01   3.600695e-12   5.025723e-05   3.017933e-13   576
  1.147440e-01   1.975335e-12   4.138022e-05   1.800363e-13   504
  1.150362e-01   2.194030e-12   5.836440e-05   2.152851e-13   432
  1.152912e-01   1.998977e-12   7.940448e-05   1.450075e-13   576
  1.154731e-01   2.131865e-12   0.000000e+00   3.173010e-13   264
  1.157616e-01   2.072711e-12   6.318613e-05   1.430440e-13   768
  1.160125e-01   8.043849e-13   8.506861e-05   6.045673e-14   240
  1.162120e-01   2.081672e-12   7.502246e-05   3.602077e-13   192
  1.165026e-01   1.407860e-12   5.522570e-05   9.492746e-14   504
  1.167181e-01   2.928124e-12   7.441870e-05   4.207476e-13   590
  1.169248e-01   3.386503e-12   8.338208e-05   4.380439e-13   384
  1.171839e-01   2.452696e-12   6.968286e-05   2.591167e-13   504
  1.174968e-01   3.795328e-12   6.705897e-05   3.538719e-13   648
  1.178003e-01   2.156276e-12   1.821233e-05   2.574480e-13   504
  1.179227e-01   1.866247e-12   4.154576e-05   1.787360e-13   312
  1.181387e-01   3.033844e-12   5.985722e-05   2.735633e-13   576
  1.184353e-01   3.473260e-12   4.165498e-05   4.872760e-13   240
  1.186082e-01   1.480314e-12   4.209035e-05   1.148276e-13   552
  1.188529e-01   3.291832e-12   3.952187e-05   3.453366e-13   600
  1.192015e-01   2.182453e-12   4.827284e-05   2.092530e-13   600
  1.194111e-01   1.724948e-12   7.730513e-05   1.777979e-13   312
  1.196198e-01   2.592354e-12   6.732512e-05   2.317831e-13   480
  1.198806e-01   1.830664e-12   4.200441e-05   2.079860e-13   576
  1.201101e-01   3.174933e-12   6.763622e-05   3.269406e-13   408
  1.203138e-01   4.599993e-13   7.890077e-05   3.961414e-14   216
  1.205770e-01   1.561106e-12   6.042911e-05   1.393495e-13   516
  1.208589e-01   1.801345e-12   5.765552e-05   1.345262e-13   744
  1.211498e-01   2.118968e-12   3.850879e-05   1.999617e-13   462
  1.213141e-01   2.864754e-12   3.913862e-05   4.337474e-13   432
  1.215691e-01   3.193856e-12   3.630965e-05   2.945016e-13   648
  1.218688e-01   2.829501e-12   5.312777e-05   3.691734e-13   528
  1.221096e-01   2.334912e-12   6.397910e-05   2.178713e-13   600
  1.223502e-01   5.109502e-12   8.066092e-05   9.205924e-13   240
  1.225832e-01   2.252090e-12   6.178548e-05   2.293121e-13   720
  1.228540e-01   2.007494e-12   4.888350e-05   1.837898e-13   720
  1.231542e-01   4.091674e-13   0.000000e+00   4.594082e-14   144
  1.233122e-01   2.407238e-12   6.302546e-05   2.026058e-13   720
  1.235369e-01   2.402055e-12   3.779131e-05   2.317489e-13   384
  1.238183e-01   1.457904e-12   4.189367e-05   1.127767e-13   672
  1.240853e-01   3.047790e-12   7.335120e-05   3.667810e-13   336
  1.242128e-01   2.582306e-12   0.000000e+00   3.313150e-13   288
  1.245250e-01   1.556066e-12   5.805257e-05   1.315550e-13   776
  1.248140e-01   1.255427e-12   4.967278e-05   9.187984e-14   720
  1.250567e-01   1.023594e-12   4.001507e-05   9.090529e-14   432
  1.252509e-01   2.290310e-12   5.704653e-05   2.822722e-13   504
  1.254668e-01   1.460204e-12   3.996919e-05   1.419651e-13   528
  1.257690e-01   2.518170e-12   5.445569e-05   3.647938e-13   438
  1.260177e-01   3.100924e-12   6.338144e-05   3.696101e-13   624
  1.262050e-01   2.746615e-12   7.763371e-05   3.920753e-13   312
  1.264626e-01   3.020007e-12   4.182709e-05   2.442788e-13   696
  1.267289e-01   2.335553e-12   3.784594e-05   2.912896e-13   552
  1.270059e-01   2.206819e-12   2.928013e-05   2.454811e-13   516
  1.271773e-01   2.929578e-12   5.848486e-05   3.213574e-13   528
  1.273859e-01   5.685072e-13   3.803430e-05   3.913743e-14   528
  1.276822e-01   2.356004e-12   5.015953e-05   2.189807e-13   864
  1.278834e-01   2.151712e-12   6.870823e-05   2.478946e-13   408
  1.280847e-01   2.810468e-12   6.807282e-05   2.635000e-13   192
  1.283701e-01   1.393632e-12   5.633353e-05   1.421185e-13   720
  1.286110e-01   1.378848e-12   5.194228e-05   1.330790e-13   696
  1.288973e-01   1.571135e-12   5.609815e-05   1.300661e-13   720
  1.291592e-01   1.498902e-12   7.603431e-05   1.456241e-13   432
  1.293119e-01   8.209003e-13   4.475677e-05   9.305949e-14   264
  1.295867e-01   1.361375e-12   6.180712e-05   1.066694e-13   672
  1.298325e-01   1.660963e-12   6.328100e-05   1.441621e-13   600
  1.301242e-01   8.109079e-13   3.705096e-05   2.174547e-13   270
  1.302712e-01   2.572213e-12   5.577202e-05   3.435491e-13   528
  1.305049e-01   2.338578e-12   3.819070e-05   2.169437e-13   840
  1.308254e-01   2.888342e-12   7.302747e-05   2.528877e-13   888
  1.311216e-01   1.621086e-12   5.441084e-05   1.745153e-13   744
  1.313718e-01   1.807791e-12   2.795923e-05   1.717053e-13   456
  1.314963e-01   3.481318e-12   3.820801e-05   3.196732e-13   360
  1.317093e-01   1.934522e-12   3.310510e-05   3.160824e-13   384
  1.320361e-01   1.639396e-12   5.310026e-05   1.276948e-13   816
  1.322813e-01   1.835870e-12   7.704106e-05   1.529439e-13   824
  1.325794e-01   1.454404e-12   3.581235e-05   2.289004e-13   360
  1.327390e-01   1.707846e-12   5.284558e-05   1.456650e-13   624
  1.329587e-01   2.011036e-12   3.571018e-05   2.366077e-13   360
  1.332513e-01   1.447722e-12   4.857633e-05   1.322027e-13   876
  1.335156e-01   1.192608e-12   5.769416e-05   1.134291e-13   696
  1.337821e-01   7.455282e-13   3.725510e-05   8.417871e-14   336
  1.339218e-01   1.952143e-12   3.721324e-05   2.392300e-13   504
  1.341526e-01   1.386248e-12   3.753571e-05   1.561975e-13   672
  1.344950e-01   8.387254e-13   7.472486e-05   8.029785e-14   720
  1.347324e-01   2.084687e-12   5.644666e-05   2.424354e-13   774
  1.349945e-01   4.550309e-12   3.230860e-05   6.124841e-13   384
  1.351318e-01   2.640936e-12   6.217562e-05   3.083202e-13   528
  1.353448e-01   2.016133e-12   5.925683e-05   2.011644e-13   744
  1.356875e-01   2.206195e-12   4.887432e-05   2.053209e-13   768
  1.359150e-01   2.612375e-12   5.486510e-05   3.264491e-13   552
  1.361989e-01   1.412855e-12   5.979675e-05   1.446218e-13   696
  1.364100e-01   2.617775e-12   7.266345e-05   3.011696e-13   408
  1.365777e-01   1.969148e-12   3.139119e-05   2.082721e-13   504
  1.368434e-01   1.327589e-12   5.639309e-05   1.217975e-13   888
  1.371049e-01   1.317620e-12   5.860872e-05   1.637075e-13   648
  1.373767e-01   1.295413e-12   5.810635e-05   1.354585e-13   648
  1.376324e-01   1.317610e-12   6.265289e-05   1.268379e-13   792
  1.379033e-01   1.057554e-12   9.166547e-05   1.078893e-13   600
  1.381028e-01   5.336574e-13   6.212242e-05   4.487459e-14   456
  1.383129e-01   1.321193e-12   3.027582e-05   1.256809e-13   648
  1.385828e-01   9.754397e-13   5.904226e-05   8.172382e-14   936
  1.388741e-01   1.454559e-12   3.625955e-05   1.352379e-13   384
  1.391277e-01   1.380709e-14   0.000000e+00   1.020671e-15   198
  1.393234e-01   1.352370e-14   9.199360e-05   4.638465e-16   1224
  1.395345e-01   1.567490e-14   6.699966e-05   8.524559e-16   420
  1.397842e-01   1.236054e-14   6.484166e-05   5.469702e-16   792
  1.400283e-01   1.286651e-14   5.361851e-05   5.094872e-16   680
  1.403069e-01   1.293329e-14   4.923504e-05   6.560492e-16   600
  1.405311e-01   1.295456e-14   7.140431e-05   4.812824e-16   840
  1.408304e-01   1.668994e-14   3.371380e-05   1.033665e-15   432
  1.409448e-01   1.357551e-14   3.159427e-05   6.057034e-16   720
  1.411934e-01   1.474194e-14   6.327780e-05   5.425398e-16   960
  1.415027e-01   1.359893e-14   5.640753e-05   6.586056e-16   528
  1.417288e-01   1.307300e-14   5.765925e-05   6.601728e-16   624
  1.419978e-01   1.519301e-14   4.531978e-05   6.164452e-16   816
  1.422648e-01   1.220751e-14   7.452934e-05   5.588411e-16   696
  1.425599e-01   1.461813e-14   4.110321e-09   1.036404e-15   240
  1.426709e-01   1.541014e-14   4.395173e-05   7.327332e-16   672
  1.429185e-01   1.339227e-14   7.854802e-05   5.606089e-16   864
  1.431964e-01   1.167462e-14   6.027286e-05   4.917105e-16   816
  1.434467e-01   1.269201e-14   3.449810e-05   6.094339e-16   648
  1.437164e-01   1.380081e-14   3.526335e-05   5.221519e-16   843
  1.439454e-01   1.117079e-14   6.344743e-05   4.746396e-16   780
  1.442182e-01   9.943644e-15   3.404471e-05   7.852597e-16   216
  1.443865e-01   1.197379e-14   8.209510e-05   4.064948e-16   1056
  1.446454e-01   1.472341e-14   6.716301e-05   9.771569e-16   228
  1.448850e-01   1.334410e-14   8.361962e-05   5.130696e-16   924
  1.451311e-01   1.456778e-14   3.101819e-05   6.102991e-16   696
  1.453916e-01   1.107042e-14   5.520350e-05   4.295202e-16   996
  1.456581e-01   1.155418e-14   3.259105e-05   5.472942e-16   576
  1.459354e-01   1.181011e-14   5.030212e-05   6.934739e-16   552
  1.461376e-01   1.444143e-14   6.005898e-05   7.771098e-16   516
  1.463427e-01   1.201609e-14   8.733821e-05   4.711148e-16   744
  1.465771e-01   1.130152e-14   4.284460e-05   5.927744e-16   576
  1.467810e-01   1.109521e-14   4.409794e-05   4.985365e-16   792
  1.470708e-01   1.234622e-14   5.041212e-05   4.830169e-16   792
  1.472831e-01   1.185976e-14   5.436894e-05   5.331564e-16   720
  1.475703e-01   1.087768e-14   6.196809e-05   4.448449e-16   656
  1.478394e-01   1.150369e-14   6.766594e-05   4.944991e-16   816
  1.481153e-01   1.064719e-14   3.648433e-05   5.574557e-16   492
  1.482721e-01   1.148526e-14   5.248529e-05   5.231652e-16   552
  1.485663e-01   9.759251e-15   9.126553e-05   5.049393e-16   780
  1.487575e-01   1.146234e-14   5.606333e-05   6.630779e-16   528
  1.489634e-01   1.019543e-14   6.544296e-05   4.705291e-16   600
  1.492669e-01   1.267233e-14   5.438828e-05   4.790770e-16   900
  1.494760e-01   1.098127e-14   3.011028e-05   5.819494e-16   696
  1.497638e-01   1.022268e-14   7.613501e-05   4.569255e-16   696
  1.500423e-01   1.036119e-14   3.088725e-05   4.602958e-16   552
  1.502764e-01   8.627868e-15   3.591902e-05   4.137954e-16   708
  1.505217e-01   1.047930e-14   5.930435e-05   4.506646e-16   876
  1.507769e-01   1.320568e-14   3.148943e-05   1.501818e-15   216
  1.509481e-01   1.059361e-14   8.612787e-05   4.025617e-16   1032
  1.512046e-01   9.291660e-15   9.589387e-05   4.923568e-16   600
  1.514708e-01   8.158273e-15   4.575699e-05   4.074819e-16   600
  1.516739e-01   1.009794e-14   8.080257e-05   5.859794e-16   528
  1.519139e-01   9.791944e-15   4.435707e-05   4.590093e-16   732
  1.521668e-01   9.532107e-15   3.275367e-05   6.314984e-16   336
  1.524578e-01   9.064594e-15   4.668048e-05   3.615856e-16   912
  1.526754e-01   8.223481e-15   4.685305e-05   3.979895e-16   624
  1.529130e-01   9.529838e-15   3.948208e-05   4.394342e-16   768
  1.531905e-01   1.053510e-14   7.123345e-05   4.386327e-16   792
  1.534628e-01   8.860671e-15   3.531461e-05   4.630181e-16   660
  1.536565e-01   8.741666e-15   5.204174e-05   6.021129e-16   504
  1.538569e-01   8.442126e-15   8.502625e-05   4.704425e-16   480
  1.541572e-01   6.368628e-15   7.863820e-05   2.528977e-16   912
  1.543923e-01   1.005295e-14   8.757583e-05   6.535530e-16   432
  1.546144e-01   8.724576e-15   5.200047e-05   4.690042e-16   564
  1.548116e-01   8.559874e-15   4.977161e-05   4.578206e-16   600
  1.550891e-01   9.675469e-15   6.937691e-05   4.049559e-16   876
  1.552976e-01   8.800901e-15   3.119395e-05   6.589786e-16   264
  1.555851e-01   8.701142e-15   6.052853e-05   4.337846e-16   560
  1.558161e-01   7.553360e-15   4.113044e-05   3.066418e-16   840
  1.560965e-01   6.824032e-15   6.341128e-05   3.064412e-16   1008
  1.563558e-01   7.119914e-15   2.836595e-05   3.930884e-16   456
  1.565927e-01   9.008656e-15   3.674408e-05   5.087629e-16   576
  1.568116e-01   8.365960e-15   5.646120e-05   4.478814e-16   612
  1.571003e-01   7.773054e-15   5.042901e-05   3.764049e-16   780
  1.573359e-01   8.213988e-15   5.778934e-05   3.784747e-16   648
  1.575770e-01   9.237156e-15   2.693058e-05   7.693470e-16   312
  1.577311e-01   6.271138e-15   6.842617e-05   2.841682e-16   528
  1.579980e-01   6.543111e-15   8.936117e-05   3.212107e-16   720
  1.582533e-01   7.576796e-15   8.964102e-05   5.129281e-16   576
  1.585628e-01   6.656604e-15   7.732694e-05   4.044097e-16   444
  1.587554e-01   7.674518e-15   7.583279e-05   3.078960e-16   996
  1.589914e-01   6.418203e-15   6.334320e-05   4.543643e-16   432
  1.592145e-01   7.808928e-15   6.934834e-05   4.263444e-16   504
  1.594071e-01   6.198679e-15   3.126589e-05   3.968090e-16   504
  1.596815e-01   7.981522e-15   6.153164e-05   3.785322e-16   876
  1.599297e-01   6.526964e-15   7.081706e-05   3.759751e-16   504
  1.601882e-01   5.777318e-15   4.516342e-05   3.309337e-16   696
  1.604019e-01   7.520811e-15   3.860998e-05   4.063035e-16   492
  1.606926e-01   5.821360e-15   5.527206e-05   3.662811e-16   432
  1.609079e-01   7.256526e-15   5.175622e-05   3.479032e-16   768
  1.611631e-01   5.811977e-15   6.446933e-05   3.316039e-16   648
  1.614068e-01   5.019328e-15   4.205932e-05   3.067447e-16   456
  1.616868e-01   5.603165e-15   5.783839e-05   3.336347e-16   552
  1.618813e-01   5.815387e-15   3.964248e-05   3.572189e-16   648
  1.621489e-01   5.564747e-15   6.461501e-05   2.299637e-16   840
  1.624104e-01   6.631977e-15   3.081354e-05   3.952645e-16   432
  1.626721e-01   5.555435e-15   3.774132e-05   3.386033e-16   600
  1.628542e-01   6.787964e-15   4.021090e-05   4.334059e-16   432
  1.631600e-01   6.191579e-15   4.003387e-05   3.207797e-16   560
  1.633670e-01   4.958076e-15   6.336941e-05   2.389117e-16   840
  1.636263e-01   6.122214e-15   3.753463e-05   3.762585e-16   504
  1.638323e-01   4.837503e-15   7.660593e-05   2.524420e-16   696
  1.641226e-01   6.253230e-15   4.183943e-05   4.021833e-16   384
  1.643487e-01   4.496577e-15   6.128984e-05   2.499195e-16   576
  1.646222e-01   4.719796e-15   3.782503e-05   3.431969e-16   360
  1.648426e-01   4.947257e-15   5.633064e-05   2.516526e-16   828
  1.650804e-01   4.645271e-15   5.017290e-05   3.035559e-16   372
  1.652983e-01   4.764150e-15   7.662364e-05   2.338578e-16   576
  1.655869e-01   5.278915e-15   3.208989e-05   2.638260e-16   636
  1.657926e-01   4.903094e-15   6.186102e-05   2.488367e-16   648
  1.660708e-01   4.544606e-15   5.028625e-05   2.519575e-16   576
  1.662705e-01   4.699515e-15   8.111703e-05   2.761696e-16   528
  1.665361e-01   4.854684e-15   3.468088e-05   3.491954e-16   360
  1.667559e-01   3.787184e-15   7.977902e-05   1.750590e-16   672
  1.670430e-01   4.846305e-15   4.086413e-05   2.443090e-16   804
  1.672819e-01   4.694778e-15   4.507802e-05   2.720332e-16   408
  1.675462e-01   4.429496e-15   2.786312e-05   2.828924e-16   384
  1.677241e-01   3.285321e-15   6.376152e-05   2.330866e-16   480
  1.679752e-01   3.726117e-15   4.119929e-05   2.323942e-16   432
  1.682159e-01   5.258685e-15   7.592150e-05   2.690357e-16   648
  1.685009e-01   4.470761e-15   4.710893e-05   2.323398e-16   624
  1.687093e-01   4.109477e-15   4.284955e-05   2.702300e-16   456
  1.689940e-01   3.893116e-15   5.853629e-05   2.621321e-16   588
  1.691847e-01   3.618466e-15   3.734591e-05   1.956771e-16   600
  1.694632e-01   3.599363e-15   5.825046e-05   1.686258e-16   708
  1.696832e-01   3.521096e-15   3.669667e-05   2.156613e-16   360
  1.699263e-01   4.429294e-15   4.218379e-05   2.588961e-16   552
  1.701593e-01   3.697088e-15   2.959293e-05   3.618784e-16   288
  1.703959e-01   3.140672e-15   5.564280e-05   1.817687e-16   528
  1.706182e-01   3.709896e-15   3.753920e-05   1.957450e-16   456
  1.708665e-01   3.746622e-15   6.656515e-05   2.176058e-16   608
  1.711163e-01   3.140999e-15   3.220496e-05   1.664654e-16   504
  1.713892e-01   2.435593e-15   6.914223e-05   1.443557e-16   540
  1.716032e-01   4.439602e-15   7.422222e-05   3.020463e-16   360
  1.718339e-01   4.483026e-15   3.361162e-05   2.416524e-16   540
  1.720380e-01   3.382796e-15   2.885957e-05   2.006993e-16   576
  1.723347e-01   3.593213e-15   6.691555e-05   1.995838e-16   588
  1.726168e-01   3.533466e-15   9.232326e-05   2.079635e-16   672
  1.728592e-01   4.041123e-15   7.056345e-05   2.039192e-16   552
  1.730545e-01   2.420608e-15   7.059913e-05   2.199254e-16   144
  1.733038e-01   3.778058e-15   5.998121e-05   2.114704e-16   600
  1.735402e-01   2.637220e-15   7.516955e-05   1.639861e-16   504
  1.738025e-01   3.056468e-15   7.721430e-05   2.426227e-16   336
  1.740784e-01   2.946767e-15   8.678922e-05   1.532528e-16   600
  1.743256e-01   2.739399e-15   5.601092e-05   1.784373e-16   636
  1.745923e-01   3.462404e-15   4.503329e-05   3.154514e-16   384
  1.747793e-01   3.421823e-15   6.281612e-05   2.285882e-16   504
  1.750488e-01   2.797481e-15   2.636304e-05   2.387035e-16   240
  1.752616e-01   2.965558e-15   6.193054e-05   1.373909e-16   744
  1.755168e-01   2.573610e-15   4.228914e-05   1.435719e-16   648
  1.757436e-01   5.252411e-15   2.807279e-05   4.565215e-16   120
  1.760095e-01   2.296451e-15   4.409871e-05   1.160939e-16   564
  1.762103e-01   3.483236e-15   6.925969e-05   2.298618e-16   432
  1.764784e-01   2.341912e-15   5.375921e-05   1.676862e-16   480
  1.766803e-01   1.886542e-15   3.956814e-05   1.276444e-16   456
  1.769186e-01   2.769626e-15   6.547942e-05   1.856266e-16   444
  1.771890e-01   2.363921e-15   1.001870e-04   1.817907e-16   528
  1.774266e-01   3.162811e-15   7.440679e-05   3.071194e-16   264
  1.776571e-01   2.342953e-15   7.625589e-05   1.590412e-16   444
  1.779672e-01   2.693932e-15   8.352712e-05   1.361821e-16   696
  1.782246e-01   3.012335e-15   4.467309e-05   2.442937e-16   384
  1.784129e-01   2.177842e-15   5.644820e-05   1.368533e-16   432
  1.787057e-01   3.082264e-15   3.900306e-05   1.862203e-16   488
  1.788958e-01   2.835430e-15   5.878247e-05   1.702911e-16   480
  1.791714e-01   2.335645e-15   6.555462e-05   1.658495e-16   480
  1.793849e-01   1.806906e-15   2.750471e-05   1.315727e-16   240
  1.796272e-01   2.557283e-15   6.424882e-05   1.569381e-16   600
  1.798559e-01   1.731770e-15   5.598627e-05   1.426579e-16   288
  1.800993e-01   2.212733e-15   5.385469e-05   1.502994e-16   480
  1.803458e-01   1.809176e-15   9.579788e-05   1.253328e-16   504
  1.805885e-01   2.299910e-15   4.110325e-05   1.779624e-16   216
  1.808981e-01   2.223211e-15   6.729256e-05   1.562529e-16   504
  1.811392e-01   1.730835e-15   5.412370e-05   1.219698e-16   456
  1.814031e-01   2.902982e-15   3.104087e-05   1.931918e-16   384
  1.815779e-01   3.034413e-15   6.300174e-05   2.167858e-16   480
  1.818262e-01   1.704859e-15   5.532259e-05   1.326946e-16   504
  1.820564e-01   2.063607e-15   3.509319e-05   1.512151e-16   312
  1.823043e-01   2.199736e-15   5.655148e-05   1.570309e-16   492
  1.825238e-01   2.718749e-15   5.300385e-05   2.160675e-16   312
  1.828064e-01   1.790864e-15   8.610055e-05   1.075264e-16   576
  1.830551e-01   2.461652e-15   7.947777e-05   2.172809e-16   336
  1.832617e-01   1.200678e-15   6.119421e-05   1.110419e-16   240
  1.835481e-01   2.031704e-15   8.112802e-05   1.354535e-16   468
  1.837954e-01   1.891606e-15   5.079787e-05   1.849329e-16   192
  1.840542e-01   1.580158e-15   5.094927e-05   1.545853e-16   324
  1.842439e-01   1.885830e-15   3.697814e-05   1.100489e-16   600
  1.845024e-01   1.986348e-15   5.999324e-05   1.286692e-16   456
  1.846943e-01   2.067840e-15   2.698496e-05   1.798462e-16   336
  1.850125e-01   2.212998e-15   8.080061e-05   1.546553e-16   612
  1.852440e-01   1.745989e-15   6.781139e-05   3.450695e-16   144
  1.854629e-01   2.097750e-15   7.915330e-05   1.276893e-16   552
  1.857606e-01   9.416435e-16   3.117154e-05   6.694824e-17   264
  1.859288e-01   1.691275e-15   7.217008e-05   1.678911e-16   336
  1.861941e-01   1.248347e-15   4.768752e-05   9.087921e-17   384
  1.864242e-01   1.656112e-15   2.684336e-05   1.609728e-16   216
  1.866789e-01   1.060667e-15   5.691346e-05   8.232085e-17   344
  1.869112e-01   1.207715e-15   8.491756e-05   9.039602e-17   408
  1.871942e-01   1.440497e-15   6.525361e-05   1.516431e-16   264
  1.874450e-01   1.684774e-15   9.096676e-05   1.256918e-16   612
  1.876956e-01   2.317647e-15   4.681845e-05   1.809445e-16   408
  1.879533e-01   1.503821e-15   4.688574e-05   1.505346e-16   444
  1.881426e-01   3.163806e-15   2.622284e-05   3.031489e-16   120
  1.883963e-01   1.736614e-15   7.244892e-05   1.787271e-16   336
  1.885846e-01   1.324024e-15   2.517571e-05   1.225910e-16   288
  1.888390e-01   1.373867e-15   7.834725e-05   9.441180e-17   552
  1.891889e-01   2.040807e-15   0.000000e+00   3.005982e-16   72
  1.893687e-01   1.352524e-15   7.781878e-05   1.012933e-16   504
  1.895788e-01   5.915129e-16   2.504133e-05   5.679619e-17   216
  1.898511e-01   9.965090e-16   4.470956e-05   8.569005e-17   312
  1.900954e-01   8.888054e-16   5.090887e-05   8.274255e-17   336
  1.903283e-01   7.676243e-16   7.056539e-05   8.866981e-17   204
  1.905603e-01   2.177645e-15   8.200772e-05   1.893843e-16   504
  1.908063e-01   1.784223e-15   7.809491e-05   1.431880e-16   396
  1.910429e-01   1.317329e-15   7.161711e-05   1.387943e-16   312
  1.913297e-01   2.206543e-15   4.376572e-05   2.447363e-16   216
  1.915318e-01   1.125105e-15   2.375249e-05   1.261659e-16   168
  1.917774e-01   1.181159e-15   5.997637e-05   8.560823e-17   588
  1.920576e-01   7.950329e-16   8.141090e-05   1.244967e-16   240
  1.922754e-01   7.541842e-16   7.189946e-05   7.083490e-17   264
  1.925307e-01   1.013028e-15   8.891848e-05   9.713953e-17   288
  1.927573e-01   1.013192e-15   4.440219e-05   1.117853e-16   288
  1.930444e-01   8.049234e-16   4.170072e-05   7.874143e-17   288
  1.932378e-01   7.683610e-16   4.830681e-05   8.308698e-17   192
  1.934810e-01   4.988654e-16   5.140329e-05   5.057185e-17   264
  1.937128e-01   1.955323e-15   8.455129e-05   1.546753e-16   372
  1.939621e-01   2.088902e-15   9.131904e-05   1.932448e-16   360
  1.942665e-01   1.723762e-15   3.864708e-05   2.713949e-16   144
  1.944239e-01   9.962846e-16   5.367910e-05   1.210639e-16   296
  1.946722e-01   9.783538e-16   5.783646e-05   9.801249e-17   288
  1.949565e-01   1.025028e-15   8.643513e-05   8.543229e-17   480
  1.952017e-01   7.865641e-16   7.181934e-05   1.474860e-16   192
  1.954402e-01   1.265587e-15   7.703604e-05   1.590514e-16   192
  1.956569e-01   8.356371e-16   4.909597e-05   9.121026e-17   288
  1.959584e-01   3.037729e-16   4.273737e-05   3.925154e-17   108
  1.961102e-01   8.408486e-16   4.108675e-05   9.759283e-17   240
  1.963784e-01   5.742895e-16   7.664829e-05   7.225101e-17   384
  1.966538e-01   9.232956e-16   9.350223e-05   1.255212e-16   108
  1.968974e-01   1.353350e-15   5.482209e-05   1.047593e-16   348
  1.971535e-01   8.650273e-16   5.721449e-05   1.130285e-16   312
  1.973823e-01   9.801216e-16   5.559587e-05   2.245520e-16   96
  1.975926e-01   7.433329e-16   7.401586e-05   7.769051e-17   384
  1.978282e-01   8.270872e-16   5.090793e-05   9.285901e-17   144
  1.980586e-01   8.389665e-16   7.822228e-05   8.005664e-17   408
  1.983451e-01   2.949763e-16   3.489266e-05   5.016563e-17   144
  1.986157e-01   8.270579e-16   6.708152e-05   1.160938e-16   192
  1.987762e-01   9.296877e-16   7.550148e-05   9.492497e-17   144
  1.990378e-01   3.724578e-16   6.138549e-05   4.474383e-17   144
  1.992846e-01   7.400477e-16   7.502301e-05   7.883332e-17   336
  1.995869e-01   2.998882e-16   5.550751e-05   2.797148e-17   240
  1.997786e-01   4.387409e-16   2.520547e-05   7.463743e-17   96
  2.000459e-01   1.022904e-15   7.391551e-05   1.113525e-16   372
  2.003163e-01   7.291405e-16   8.792091e-05   1.415156e-16   132
  2.005538e-01   3.259561e-16   5.440441e-05   2.765634e-17   264
  2.007663e-01   9.867043e-16   4.178011e-05   1.463968e-16   168
  2.009931e-01   6.837488e-16   6.679837e-05   6.898853e-17   216
  2.011935e-01   6.393865e-16   4.086808e-05   1.200865e-16   216
  2.014852e-01   1.640290e-16   7.497591e-05   1.589180e-17   96
  2.017500e-01   9.568548e-16   4.891494e-05   1.641052e-16   120
  2.019928e-01   4.193134e-16   6.218465e-05   5.335542e-17   216
  2.021928e-01   3.236269e-16   2.717490e-05   3.657542e-17   200
  2.024576e-01   5.490771e-16   7.034415e-05   8.441439e-17   288
  2.027972e-01   1.217226e-16   1.850891e-05   1.070789e-17   144
  2.029402e-01   6.011558e-16   5.759860e-05   9.693458e-17   168
  2.032323e-01   8.234594e-16   6.482186e-05   1.595239e-16   159
  2.034603e-01   2.855163e-16   6.801371e-05   3.216295e-17   174
  2.036809e-01   2.696576e-16   6.167246e-05   2.815590e-17   144
  2.039698e-01   5.790449e-16   3.561139e-05   7.110342e-17   222
  2.041630e-01   2.636112e-16   3.593504e-05   3.138506e-17   168
  2.044967e-01   6.304375e-16   7.881934e-05   1.472992e-16   30
  2.046346e-01   8.411794e-17   6.959169e-05   1.134152e-17   72
  2.048942e-01   2.779922e-16   6.210975e-05   4.137190e-17   258
  2.051797e-01   2.230939e-16   3.890094e-05   2.407673e-17   264
  2.053225e-01   3.481096e-16   4.195079e-09   6.358144e-17   72
  2.056199e-01   1.442104e-16   7.710330e-05   2.002661e-17   174
  2.058892e-01   3.235326e-16   8.210077e-05   5.095450e-17   168
  2.061058e-01   6.823092e-17   2.568951e-09   9.756155e-18   48
  2.063382e-01   1.736335e-16   4.636424e-05   3.076994e-17   150
  2.066077e-01   3.450501e-16   8.529035e-05   3.175801e-17   168
  2.068780e-01   1.475129e-16   5.195492e-05   1.608403e-17   144
  2.071265e-01   4.596162e-16   4.853772e-05   8.119019e-17   102
  2.073116e-01   7.122513e-17   7.184416e-05   7.080515e-18   96
  2.076053e-01   5.183414e-17   7.130050e-05   4.674856e-18   120
  2.078228e-01   5.471954e-17   7.647166e-05   4.126664e-18   168
  2.080580e-01   3.411072e-16   5.646827e-05   3.109361e-17   126
  2.082585e-01   2.091737e-16   4.258836e-05   3.324901e-17   168
  2.085346e-01   1.126886e-16   6.829049e-05   1.528509e-17   72
  2.087759e-01   7.504954e-17   8.551492e-05   6.423327e-18   168
  2.089873e-01   3.302201e-16   2.344384e-05   9.342629e-17   78
  2.092770e-01   7.180931e-17   3.849304e-05   1.137732e-17   60
  2.095103e-01   3.250695e-16   6.244194e-05   6.048997e-17   96
  2.097522e-01   1.038877e-16   7.576810e-05   9.023103e-18   168
  2.099796e-01   1.060259e-16   4.794311e-05   2.382360e-17   86
  2.102181e-01   5.540120e-17   4.284977e-05   6.139717e-18   120
  2.105600e-01   5.755408e-17   3.055758e-05   5.607291e-18   168
  2.107444e-01   3.161365e-17   0.000000e+00   5.057482e-18   48
  2.109928e-01   1.635315e-16   5.567259e-05   1.885136e-17   120
  2.111355e-01   1.154504e-16   4.061540e-05   2.029988e-17   126
  2.114838e-01   8.022983e-17   7.143116e-05   1.143449e-17   96
  2.117099e-01   8.164300e-17   2.059722e-05   8.250202e-18   96
  2.118882e-01   5.676555e-17   2.422030e-09   6.014674e-18   72
  2.122681e-01   6.416611e-17   2.568951e-09   9.903301e-18   24
  2.125052e-01   1.030295e-16   4.238860e-05   1.364468e-17   120
  2.126902e-01   9.776338e-17   6.183193e-05   1.524870e-17   126
  2.128959e-01   5.782841e-17   5.154529e-05   6.607870e-18   96
  2.131362e-01   3.058582e-17   8.908530e-05   3.696235e-18   72
  2.134038e-01   5.056633e-17   3.853239e-05   4.624468e-18   144
  2.136239e-01   4.407627e-17   2.222458e-05   6.394842e-18   72
  2.138438e-01   8.630949e-17   4.439042e-05   2.027243e-17   54
  2.140373e-01   8.520669e-17   3.911854e-05   1.088990e-17   108
  2.144395e-01   9.192851e-17   3.834628e-05   1.009504e-17   72
  2.145647e-01   4.980923e-17   2.212712e-05   4.735580e-18   72
  2.148618e-01   3.290300e-17   4.449553e-09   6.907189e-18   24
  2.151428e-01   1.811709e-17   4.681088e-05   3.477831e-18   48
  2.153135e-01   7.366916e-17   3.565781e-05   1.121907e-17   102
  2.155704e-01   4.333177e-17   8.064314e-05   4.752979e-18   168
  2.159060e-01   3.374682e-17   4.398088e-05   4.172558e-18   72
  2.160304e-01   3.847378e-17   0.000000e+00   4.801100e-18   48
  2.162913e-01   5.187048e-17   7.564979e-05   6.714412e-18   120
  2.166356e-01   3.999528e-17   4.648832e-05   4.759021e-18   96
  2.169608e-01   1.468399e-16   4.110321e-09   5.047220e-17   30
  2.173472e-01   6.417831e-17   2.184227e-05   9.571749e-18   72
  2.175171e-01   3.213754e-17   2.568951e-09   5.200505e-18   24
  2.177352e-01   2.310056e-17   3.237565e-05   2.886522e-18   56
  2.179796e-01   2.666165e-17   4.620169e-05   2.830137e-18   96
  2.182720e-01   3.555047e-17   5.101796e-05   3.337901e-18   144
  2.184974e-01   5.765635e-17   2.896600e-05   1.379241e-17   54
  2.188250e-01   3.153730e-17   4.339413e-05   3.157224e-18   108
  2.191546e-01   7.982829e-17   2.297699e-05   1.405941e-17   48
  2.194683e-01   2.834528e-17   8.651572e-05   2.928603e-18   72
  2.202213e-01   6.014554e-17   5.716121e-05   6.218200e-18   78
  2.204299e-01   1.898541e-17   4.307814e-05   2.167196e-18   72
  2.206734e-01   2.581157e-17   4.302466e-05   3.008071e-18   72
  2.209281e-01   3.170732e-17   1.038232e-04   3.823538e-18   96
  2.211293e-01   2.872684e-17   4.293597e-05   2.888397e-18   72
  2.213721e-01   4.568498e-17   0.000000e+00   9.741619e-18   24
  2.216146e-01   2.727847e-17   8.567808e-05   3.049620e-18   72
  2.221623e-01   3.176631e-17   5.440820e-05   4.137658e-18   30
  2.222801e-01   3.903661e-17   0.000000e+00   9.183295e-18   24
  2.229135e-01   1.756771e-17   4.517907e-05   2.743911e-18   48
  2.231122e-01   2.340353e-17   9.722532e-05   2.161312e-18   120
  2.233799e-01   2.605007e-17   4.250917e-05   2.462900e-18   72
  2.236502e-01   2.269644e-17   4.245777e-05   4.542153e-18   36
  2.238360e-01   2.364991e-17   8.391632e-05   2.930375e-18   78
  2.243546e-01   2.766828e-17   4.488887e-05   4.179088e-18   48
  2.250269e-01   4.271824e-17   3.633045e-09   7.810628e-18   24
  2.255059e-01   1.077693e-17   3.125970e-05   1.368906e-18   56
  2.257471e-01   1.363212e-17   4.810277e-05   1.370199e-18   102
  2.260539e-01   2.199649e-17   3.425268e-09   3.069302e-18   72
  2.262321e-01   1.951869e-17   2.568951e-09   3.945981e-18   24
  2.265435e-01   1.648654e-17   4.445516e-05   2.794456e-18   48
  2.271206e-01   2.946420e-17   0.000000e+00   5.286676e-18   24
  2.278290e-01   9.771262e-18   0.000000e+00   2.722067e-18   6
  2.280499e-01   7.983224e-18   0.000000e+00   1.342188e-18   24
  2.281971e-01   1.277727e-17   4.161169e-05   1.877629e-18   72
  2.284659e-01   1.991670e-17   7.763053e-05   1.988574e-18   84
  2.287554e-01   1.299389e-17   0.000000e+00   2.507152e-18   24
  2.288435e-01   1.348506e-17   3.633045e-09   2.274079e-18   24
  2.292831e-01   1.579783e-17   4.449553e-09   2.760553e-18   24
  2.298972e-01   1.149901e-17   0.000000e+00   4.210773e-18   6
  2.306844e-01   1.290127e-17   4.365716e-05   2.151949e-18   48
  2.308735e-01   1.254940e-17   8.224294e-05   1.797253e-18   72
  2.311206e-01   1.329878e-17   4.357477e-05   1.894249e-18   48
  2.315124e-01   1.456757e-17   0.000000e+00   6.172062e-18   24
  2.320338e-01   3.611145e-18   0.000000e+00   1.094157e-18   6
  2.332028e-01   1.936357e-17   0.000000e+00   6.187776e-18   8
  2.332891e-01   1.394452e-17   2.568951e-09   1.777844e-18   48
  2.334962e-01   1.472755e-17   4.225843e-05   1.948093e-18   60
  2.338066e-01   2.216567e-17   0.000000e+00   3.189567e-18   24
  2.342369e-01   6.062903e-18   0.000000e+00   1.437328e-18   6
  2.358224e-01   1.427675e-17   0.000000e+00   3.684941e-18   24
  2.359505e-01   1.250138e-17   4.268279e-05   2.103860e-18   48
  2.361638e-01   9.025622e-18   0.000000e+00   2.181914e-18   24
  2.365047e-01   7.969103e-18   0.000000e+00   1.140263e-18   6
  2.384414e-01   1.280644e-17   3.981898e-05   2.069393e-18   36
  2.385821e-01   1.313793e-17   0.000000e+00   3.217529e-18   24
  2.388353e-01   1.193600e-17   0.000000e+00   4.060598e-18   6
  2.410389e-01   1.321527e-17   3.618719e-05   2.594858e-18   32
  2.412268e-01   1.240210e-17   0.000000e+00   4.555464e-18   6
  2.435949e-01   1.714706e-17   0.000000e+00   5.716351e-18   12
  2.436776e-01   1.028836e-17   0.000000e+00   1.201958e-18   6
  2.461858e-01   8.256119e-18   0.000000e+00   1.834911e-18   6
