# power spectrum of delta
# redshift z=100.000000
# k              Pk             sigma(k)       sigma(Pk)      count
  1.570796e-02   4.854863e-07   0.000000e+00   2.122165e-07   6
  2.221441e-02   8.757817e-07   0.000000e+00   1.895878e-07   12
  2.720699e-02   1.204606e-06   2.980232e-10   2.660091e-07   8
  3.141593e-02   5.998055e-06   0.000000e+00   7.002062e-07   6
  3.512407e-02   5.652732e-06   5.619580e-10   1.954553e-06   24
  3.847649e-02   1.033687e-05   5.619580e-10   1.889241e-06   24
  4.442883e-02   6.851822e-06   0.000000e+00   3.343658e-06   12
  4.712389e-02   9.439299e-06   6.357829e-10   1.882973e-06   30
  4.967294e-02   1.382740e-05   0.000000e+00   3.304784e-06   24
  5.209742e-02   1.462513e-05   9.733398e-10   3.932277e-06   24
  5.441398e-02   1.962398e-05   5.960464e-10   4.307103e-06   8
  5.663587e-02   1.892748e-05   7.947286e-10   2.551266e-06   24
  5.877382e-02   2.013095e-05   0.000000e+00   3.067400e-06   48
  6.283185e-02   2.974415e-05   0.000000e+00   1.419232e-05   6
  6.476559e-02   2.635284e-05   7.947286e-10   4.013316e-06   48
  6.664324e-02   2.686361e-05   7.492773e-10   3.030799e-06   36
  6.846942e-02   4.223552e-05   7.947286e-10   9.571045e-06   24
  7.024815e-02   2.689171e-05   1.123916e-09   5.013044e-06   24
  7.198293e-02   2.599608e-05   0.000000e+00   3.828013e-06   48
  7.367688e-02   4.330196e-05   1.123916e-09   6.673144e-06   24
  7.695299e-02   3.926720e-05   1.123916e-09   6.683969e-06   24
  7.853982e-02   2.837658e-05   0.000000e+00   5.033492e-06   30
  8.009521e-02   3.202875e-05   0.000000e+00   3.831200e-06   72
  8.162097e-02   3.281761e-05   1.192093e-09   7.253855e-06   32
  8.458997e-02   4.818470e-05   0.000000e+00   6.051566e-06   72
  8.603606e-02   3.060080e-05   0.000000e+00   4.850495e-06   48
  8.885766e-02   1.764737e-05   0.000000e+00   5.681958e-06   12
  9.023538e-02   3.629345e-05   0.000000e+00   5.887274e-06   48
  9.159238e-02   3.328528e-05   0.000000e+00   3.576549e-06   48
  9.292956e-02   4.570579e-05   1.123916e-09   6.252050e-06   48
  9.424778e-02   5.703418e-05   1.271566e-09   1.082151e-05   30
  9.554781e-02   5.214402e-05   0.000000e+00   1.273220e-05   24
  9.683039e-02   5.582863e-05   2.369423e-09   6.085348e-06   72
  9.934588e-02   3.519955e-05   0.000000e+00   7.250830e-06   24
  1.005800e-01   5.588053e-05   0.000000e+00   5.987750e-06   96
  1.017992e-01   4.455813e-05   0.000000e+00   6.420099e-06   48
  1.030040e-01   3.853102e-05   1.946680e-09   1.021802e-05   24
  1.041948e-01   2.874839e-05   1.946680e-09   6.406743e-06   24
  1.053722e-01   7.141381e-05   0.000000e+00   9.420794e-06   72
  1.065366e-01   5.521582e-05   0.000000e+00   9.199554e-06   48
  1.088280e-01   5.148037e-05   1.192093e-09   1.655634e-05   8
  1.099557e-01   7.796597e-05   1.412851e-09   1.009071e-05   54
  1.110721e-01   5.436906e-05   0.000000e+00   1.026542e-05   84
  1.121773e-01   6.183367e-05   0.000000e+00   9.614348e-06   48
  1.132717e-01   3.969389e-05   1.589457e-09   7.645754e-06   24
  1.143557e-01   5.440990e-05   2.119276e-09   6.976400e-06   72
  1.154295e-01   7.394229e-05   0.000000e+00   9.125257e-06   96
  1.175476e-01   1.070025e-04   0.000000e+00   1.261467e-05   48
  1.185925e-01   6.040522e-05   0.000000e+00   6.139520e-06   48
  1.196283e-01   5.390980e-05   0.000000e+00   1.136614e-05   24
  1.206552e-01   6.310661e-05   0.000000e+00   7.358707e-06   72
  1.226831e-01   6.940895e-05   0.000000e+00   8.880989e-06   72
  1.236846e-01   6.934725e-05   0.000000e+00   8.549193e-06   96
  1.256637e-01   1.000545e-04   0.000000e+00   4.779164e-05   6
  1.266416e-01   8.456427e-05   0.000000e+00   8.872771e-06   96
  1.276121e-01   8.895930e-05   1.589457e-09   1.029239e-05   96
  1.285752e-01   6.082039e-05   0.000000e+00   1.564804e-05   24
  1.295312e-01   6.931296e-05   1.589457e-09   9.314250e-06   48
  1.304801e-01   7.132150e-05   0.000000e+00   7.810509e-06   96
  1.314222e-01   8.497758e-05   0.000000e+00   1.238018e-05   48
  1.332865e-01   7.805963e-05   1.498555e-09   1.575368e-05   36
  1.342089e-01   7.991174e-05   2.753021e-09   1.091699e-05   48
  1.351250e-01   8.998005e-05   3.114687e-09   8.725650e-06   120
  1.360350e-01   8.217861e-05   0.000000e+00   1.173802e-05   56
  1.369388e-01   4.679913e-05   1.589457e-09   8.864479e-06   24
  1.378368e-01   6.871658e-05   0.000000e+00   6.601991e-06   96
  1.387290e-01   7.401733e-05   0.000000e+00   1.029259e-05   48
  1.404963e-01   9.232867e-05   2.247832e-09   1.851581e-05   24
  1.413717e-01   1.018617e-04   0.000000e+00   1.102701e-05   102
  1.422417e-01   1.062945e-04   1.589457e-09   1.738003e-05   48
  1.431064e-01   9.881393e-05   0.000000e+00   1.062418e-05   72
  1.439659e-01   9.117210e-05   0.000000e+00   9.947097e-06   48
  1.448203e-01   9.874880e-05   0.000000e+00   1.982808e-05   48
  1.456697e-01   8.544971e-05   3.596531e-09   8.135503e-06   120
  1.473538e-01   1.383502e-04   2.247832e-09   2.482312e-05   24
  1.481886e-01   8.088942e-05   2.119276e-09   7.349893e-06   144
  1.490188e-01   8.392055e-05   2.543132e-09   8.733504e-06   120
  1.498444e-01   6.592883e-05   2.247832e-09   1.003364e-05   48
  1.514821e-01   1.011466e-04   2.247832e-09   1.458167e-05   48
  1.522944e-01   8.309722e-05   2.247832e-09   9.329142e-06   96
  1.544390e-01   1.130824e-04   3.768959e-04   1.494091e-05   72
  1.555009e-01   8.442896e-05   1.998073e-09   6.967520e-06   108
  1.562923e-01   1.009901e-04   0.000000e+00   1.162462e-05   72
  1.570796e-01   6.165542e-05   0.000000e+00   1.246515e-05   30
  1.578631e-01   1.050378e-04   0.000000e+00   8.993683e-06   168
  1.586427e-01   1.045886e-04   0.000000e+00   1.237149e-05   48
  1.601904e-01   7.339995e-05   0.000000e+00   9.290558e-06   72
  1.609587e-01   9.706697e-05   0.000000e+00   1.014599e-05   96
  1.617234e-01   9.616659e-05   4.238553e-09   1.595634e-05   72
  1.624844e-01   1.140169e-04   0.000000e+00   1.303617e-05   72
  1.637639e-01   1.038906e-04   3.480039e-04   8.248637e-06   104
  1.647465e-01   1.001768e-04   2.997109e-09   7.887479e-06   144
  1.669779e-01   7.196869e-05   5.026305e-09   7.313980e-06   96
  1.677152e-01   8.041488e-05   0.000000e+00   8.957394e-06   96
  1.688876e-01   1.111715e-04   3.580185e-04   1.110409e-05   120
  1.699076e-01   9.394971e-05   0.000000e+00   9.195028e-06   120
  1.706322e-01   1.141570e-04   0.000000e+00   1.337730e-05   72
  1.720721e-01   1.160076e-04   0.000000e+00   1.662775e-05   48
  1.727876e-01   1.257261e-04   3.912510e-09   1.550428e-05   78
  1.737029e-01   1.320350e-04   3.205713e-04   1.125991e-05   168
  1.756204e-01   1.255637e-04   3.670694e-09   1.167673e-05   144
  1.763215e-01   1.311654e-04   2.997109e-09   1.011549e-05   144
  1.783549e-01   1.223619e-04   1.846233e-04   1.125461e-05   156
  1.790983e-01   9.013293e-05   3.893359e-09   1.823003e-05   48
  1.797859e-01   1.132808e-04   2.543132e-09   1.195969e-05   120
  1.804708e-01   8.245249e-05   0.000000e+00   9.365701e-06   48
  1.816818e-01   1.249642e-04   2.825996e-04   9.160033e-06   216
  1.831848e-01   1.134297e-04   0.000000e+00   1.505179e-05   48
  1.838570e-01   1.057462e-04   2.247832e-09   9.994875e-06   96
  1.848128e-01   1.228410e-04   3.302618e-04   1.160984e-05   168
  1.858591e-01   1.000804e-04   2.247832e-09   1.542658e-05   48
  1.865217e-01   1.333878e-04   0.000000e+00   1.436555e-05   96
  1.871820e-01   1.309192e-04   0.000000e+00   2.559157e-05   48
  1.884956e-01   1.546821e-04   2.543132e-09   1.664154e-05   30
  1.891489e-01   9.924804e-05   0.000000e+00   8.689687e-06   96
  1.899298e-01   1.236443e-04   2.595564e-04   9.087443e-06   240
  1.909339e-01   1.732735e-04   2.800239e-04   2.589572e-05   32
  1.917401e-01   9.954994e-05   0.000000e+00   7.906519e-06   168
  1.923825e-01   1.190904e-04   0.000000e+00   1.258974e-05   120
  1.936608e-01   9.613222e-05   4.738846e-09   1.164411e-05   72
  1.942968e-01   1.586937e-04   2.119276e-09   1.565964e-05   144
  1.949307e-01   1.147131e-04   0.000000e+00   1.260986e-05   96
  1.955626e-01   1.533057e-04   0.000000e+00   1.318556e-05   96
  1.968202e-01   1.520307e-04   0.000000e+00   1.989241e-05   72
  1.974460e-01   1.288421e-04   3.178914e-09   1.347607e-05   96
  1.986918e-01   1.268770e-04   0.000000e+00   2.531944e-05   24
  1.993117e-01   1.488503e-04   0.000000e+00   1.180575e-05   192
  2.000418e-01   1.421919e-04   2.376333e-04   1.129628e-05   132
  2.011601e-01   1.538812e-04   0.000000e+00   1.488256e-05   96
  2.017724e-01   1.134776e-04   0.000000e+00   1.228785e-05   96
  2.023829e-01   1.503942e-04   2.543132e-09   1.368213e-05   120
  2.035985e-01   1.606232e-04   0.000000e+00   2.359478e-05   48
  2.045948e-01   1.046492e-04   2.879924e-04   7.353081e-06   222
  2.054083e-01   1.373151e-04   0.000000e+00   1.392564e-05   120
  2.060080e-01   1.542816e-04   3.893359e-09   3.345854e-05   24
  2.068812e-01   1.630749e-04   2.972500e-04   9.306296e-06   312
  2.087838e-01   1.830914e-04   2.786838e-04   2.190704e-05   72
  2.095704e-01   1.288287e-04   3.893359e-09   1.855258e-05   96
  2.103781e-01   1.574582e-04   2.838009e-04   1.283431e-05   192
  2.113290e-01   1.494348e-04   3.596531e-09   1.630542e-05   120
  2.119120e-01   1.491128e-04   0.000000e+00   1.641774e-05   144
  2.130732e-01   1.348334e-04   0.000000e+00   2.078745e-05   48
  2.138985e-01   1.344793e-04   2.853717e-04   8.454171e-06   336
  2.148032e-01   1.533169e-04   0.000000e+00   2.231708e-05   48
  2.159488e-01   1.404031e-04   0.000000e+00   1.322597e-05   192
  2.165193e-01   1.524710e-04   0.000000e+00   1.987901e-05   48
  2.181411e-01   1.543278e-04   1.980854e-04   2.004327e-05   56
  2.189475e-01   1.515970e-04   2.544090e-04   9.011426e-06   336
  2.199115e-01   1.514338e-04   2.825702e-09   2.328930e-05   54
  2.207512e-01   1.393572e-04   2.794324e-04   9.191720e-06   240
  2.224945e-01   1.425187e-04   2.675587e-04   1.139805e-05   228
  2.232521e-01   1.714183e-04   2.997109e-09   2.350561e-05   72
  2.239875e-01   1.702576e-04   2.595385e-04   1.357059e-05   144
  2.249038e-01   1.397720e-04   0.000000e+00   1.468269e-05   96
  2.254517e-01   1.454216e-04   3.596531e-09   9.814117e-06   240
  2.265435e-01   1.322591e-04   3.178914e-09   2.701621e-05   24
  2.272424e-01   1.575486e-04   2.451321e-04   1.005714e-05   336
  2.281713e-01   1.498389e-04   0.000000e+00   1.879686e-05   72
  2.290193e-01   1.800354e-04   2.666265e-04   1.395949e-05   168
  2.297877e-01   1.191276e-04   0.000000e+00   1.145420e-05   72
  2.308590e-01   1.865347e-04   0.000000e+00   1.846136e-05   96
  2.316886e-01   1.616182e-04   2.646263e-04   1.229927e-05   216
  2.324566e-01   1.227510e-04   0.000000e+00   9.827048e-06   96
  2.335157e-01   1.514928e-04   3.178914e-09   1.095706e-05   192
  2.340434e-01   1.492121e-04   2.997109e-09   1.248580e-05   144
  2.350953e-01   1.600951e-04   0.000000e+00   2.212473e-05   48
  2.358236e-01   1.674396e-04   2.551309e-04   1.220336e-05   246
  2.368131e-01   2.078010e-04   2.352347e-04   1.718897e-05   168
  2.377046e-01   1.641483e-04   6.229375e-09   1.766408e-05   120
  2.382231e-01   1.381972e-04   0.000000e+00   1.013378e-05   240
  2.392566e-01   9.962924e-05   0.000000e+00   2.187501e-05   24
  2.400800e-01   1.617366e-04   2.517980e-04   1.081333e-05   360
  2.411056e-01   1.526140e-04   2.507265e-04   1.227562e-05   120
  2.418210e-01   1.815723e-04   0.000000e+00   1.563818e-05   144
  2.423307e-01   1.792414e-04   0.000000e+00   1.688289e-05   96
  2.438532e-01   1.750375e-04   0.000000e+00   1.503782e-05   144
  2.443586e-01   1.894295e-04   0.000000e+00   1.735590e-05   132
  2.450688e-01   1.734774e-04   2.474633e-04   1.360522e-05   176
  2.460999e-01   1.741460e-04   2.498881e-04   9.493051e-06   312
  2.473693e-01   2.498323e-04   0.000000e+00   4.063104e-05   96
  2.478675e-01   1.703084e-04   0.000000e+00   1.591994e-05   144
  2.486319e-01   1.806681e-04   2.473817e-04   1.078768e-05   312
  2.498505e-01   2.167327e-04   0.000000e+00   2.303468e-05   48
  2.503437e-01   1.623941e-04   3.178914e-09   1.300678e-05   192
  2.513274e-01   5.465151e-05   0.000000e+00   1.841434e-05   6
  2.519810e-01   1.592554e-04   2.307253e-04   9.376416e-06   288
  2.530395e-01   1.560990e-04   2.437763e-04   1.191801e-05   192
  2.537699e-01   1.506410e-04   7.476104e-09   1.036962e-05   216
  2.542556e-01   1.905755e-04   0.000000e+00   2.770234e-05   72
  2.554657e-01   1.585228e-04   2.414611e-04   1.323929e-05   192
  2.562693e-01   2.093006e-04   1.792979e-04   1.326569e-05   288
  2.571504e-01   1.818379e-04   0.000000e+00   3.776188e-05   24
  2.578312e-01   1.971771e-04   2.362101e-04   9.168370e-06   456
  2.590624e-01   1.282556e-04   0.000000e+00   2.016589e-05   48
  2.598231e-01   1.841956e-04   2.326575e-04   1.443830e-05   240
  2.606974e-01   2.091547e-04   2.351266e-04   1.435854e-05   216
  2.614326e-01   1.662910e-04   0.000000e+00   2.191028e-05   72
  2.619041e-01   1.735571e-04   8.123736e-09   1.467393e-05   168
  2.632353e-01   2.053785e-04   1.747662e-04   1.330542e-05   288
  2.639818e-01   2.024462e-04   2.312456e-04   1.486615e-05   168
  2.651809e-01   2.329977e-04   0.000000e+00   1.730269e-05   192
  2.656458e-01   1.877754e-04   2.997109e-09   1.424345e-05   144
  2.665730e-01   2.336917e-04   2.997109e-09   3.108815e-05   36
  2.673593e-01   1.596431e-04   2.111764e-04   8.736345e-06   342
  2.681111e-01   1.907051e-04   2.168525e-04   1.548792e-05   144
  2.690776e-01   1.838904e-04   2.274240e-04   1.012624e-05   384
  2.702500e-01   2.190054e-04   6.229375e-09   2.144287e-05   120
  2.708303e-01   2.214929e-04   2.027960e-04   1.466722e-05   264
  2.716161e-01   1.911753e-04   1.005261e-08   1.490687e-05   192
  2.723561e-01   2.122031e-04   2.185515e-04   1.736950e-05   152
  2.729753e-01   1.949924e-04   5.994218e-09   1.882071e-05   144
  2.742778e-01   1.654316e-04   1.414487e-04   1.286755e-05   216
  2.748807e-01   2.150792e-04   1.890132e-04   1.256023e-05   312
  2.759419e-01   1.872631e-04   2.190625e-04   1.115253e-05   240
  2.765672e-01   2.283593e-04   3.178914e-09   2.514033e-05   96
  2.777541e-01   2.093125e-04   2.094396e-04   1.792270e-05   144
  2.784857e-01   2.013827e-04   2.058607e-04   1.037266e-05   456
  2.796723e-01   1.629154e-04   0.000000e+00   1.134909e-05   120
  2.801131e-01   1.790698e-04   0.000000e+00   1.766671e-05   144
  2.809926e-01   1.350715e-04   4.495664e-09   2.383165e-05   24
  2.815564e-01   2.099709e-04   1.978798e-04   1.132034e-05   336
  2.825316e-01   1.986434e-04   2.182345e-04   1.663900e-05   198
  2.834454e-01   1.977999e-04   2.122205e-04   1.110855e-05   432
  2.844833e-01   2.074283e-04   6.357829e-09   2.270323e-05   48
  2.850248e-01   2.334212e-04   1.873540e-04   1.290025e-05   384
  2.859970e-01   2.260646e-04   2.156842e-04   1.976478e-05   144
  2.868780e-01   2.225168e-04   2.141460e-04   1.382548e-05   264
  2.879317e-01   1.812894e-04   0.000000e+00   1.861627e-05   48
  2.886387e-01   2.122748e-04   2.036179e-04   1.369391e-05   276
  2.893208e-01   1.903485e-04   1.845741e-04   1.676457e-05   192
  2.902325e-01   2.029394e-04   2.074207e-04   9.094182e-06   552
  2.913393e-01   1.439415e-04   5.086263e-09   1.347873e-05   120
  2.919972e-01   2.272448e-04   2.099609e-04   1.628647e-05   216
  2.926069e-01   2.013290e-04   5.086263e-09   1.687988e-05   120
  2.936961e-01   2.350411e-04   2.067600e-04   1.280252e-05   408
  2.947075e-01   2.177685e-04   4.495664e-09   3.062911e-05   24
  2.953347e-01   1.939304e-04   2.088648e-04   1.170952e-05   384
  2.962106e-01   1.947016e-04   2.040684e-04   1.425462e-05   240
  2.969712e-01   1.912336e-04   2.055628e-04   1.390432e-05   168
  2.980376e-01   1.728546e-04   0.000000e+00   1.786904e-05   120
  2.987251e-01   2.119535e-04   2.142884e-04   1.148193e-05   350
  2.998430e-01   2.120480e-04   3.527601e-04   1.187309e-05   384
  3.005110e-01   2.302654e-04   0.000000e+00   2.213073e-05   144
  3.017401e-01   1.858652e-04   4.238553e-09   1.153519e-05   288
  3.023819e-01   1.941806e-04   2.019242e-04   9.950445e-06   336
  3.032549e-01   2.378174e-04   1.838353e-04   1.861544e-05   168
  3.037776e-01   2.115947e-04   1.204945e-08   1.342511e-05   336
  3.048586e-01   1.922004e-04   1.908100e-04   1.248900e-05   288
  3.055078e-01   1.967017e-04   1.797918e-04   1.282660e-05   264
  3.066072e-01   2.171557e-04   0.000000e+00   1.436110e-05   240
  3.070093e-01   2.141973e-04   0.000000e+00   1.902337e-05   96
  3.084525e-01   2.359311e-04   2.445048e-04   1.279670e-05   360
  3.091260e-01   2.309701e-04   1.802420e-04   2.077460e-05   168
  3.099770e-01   2.276818e-04   1.964825e-04   1.069255e-05   456
  3.110018e-01   2.112582e-04   5.651403e-09   2.027469e-05   108
  3.115782e-01   2.231865e-04   1.971449e-04   1.695133e-05   264
  3.122973e-01   2.108260e-04   1.758853e-04   1.433929e-05   264
  3.132820e-01   2.426460e-04   1.659735e-04   1.562578e-05   312
  3.145081e-01   2.403358e-04   1.233364e-04   1.630456e-05   270
  3.150220e-01   2.215666e-04   1.565911e-04   1.619421e-05   240
  3.159458e-01   2.279977e-04   1.937229e-04   1.182937e-05   384
  3.165067e-01   1.980891e-04   6.357829e-09   1.405141e-05   192
  3.175962e-01   2.424593e-04   1.554368e-04   1.830718e-05   240
  3.182281e-01   2.283874e-04   1.918342e-04   1.305138e-05   336
  3.194167e-01   2.401356e-04   1.931178e-04   1.135964e-05   480
  3.203808e-01   2.417995e-04   4.238553e-09   2.988032e-05   72
  3.209194e-01   2.488149e-04   1.883074e-04   1.664725e-05   240
  3.216520e-01   2.228779e-04   1.769831e-04   1.375087e-05   312
  3.224917e-01   2.150711e-04   1.912763e-04   1.585988e-05   240
  3.237607e-01   2.375996e-04   1.453205e-04   1.230545e-05   408
  3.242630e-01   2.243342e-04   1.330785e-04   1.369247e-05   336
  3.252448e-01   2.392521e-04   1.689770e-04   1.814607e-05   264
  3.257273e-01   2.908562e-04   0.000000e+00   2.558429e-05   144
  3.270696e-01   2.399985e-04   2.342121e-04   1.213714e-05   464
  3.277768e-01   1.869140e-04   1.862466e-04   1.421464e-05   168
  3.284751e-01   3.009347e-04   1.696301e-04   1.692661e-05   336
  3.297371e-01   2.358340e-04   1.782296e-04   1.275265e-05   414
  3.304484e-01   2.659676e-04   1.855264e-04   1.790623e-05   216
  3.313598e-01   2.390685e-04   4.495664e-09   2.579588e-05   96
  3.317320e-01   2.371952e-04   1.101208e-08   1.141367e-05   384
  3.330355e-01   2.551070e-04   1.851680e-04   1.341533e-05   492
  3.337341e-01   2.011767e-04   1.810784e-04   1.304679e-05   240
  3.345237e-01   2.056549e-04   1.838580e-04   1.244329e-05   312
  3.356141e-01   2.550165e-04   1.837975e-04   2.102283e-05   192
  3.363048e-01   2.523416e-04   1.781220e-04   1.219672e-05   504
  3.372212e-01   2.436108e-04   1.179198e-04   1.314990e-05   408
  3.379427e-01   2.805015e-04   3.612619e-04   2.322833e-05   168
  3.388456e-01   2.249683e-04   1.716026e-04   1.539268e-05   288
  3.396033e-01   2.332709e-04   1.790820e-04   1.659375e-05   288
  3.403794e-01   2.565222e-04   1.801128e-04   1.323358e-05   432
  3.415052e-01   2.716349e-04   1.703267e-04   1.927033e-05   216
  3.421068e-01   2.530243e-04   1.699674e-04   1.276094e-05   360
  3.431777e-01   2.716062e-04   1.658865e-04   1.624416e-05   312
  3.441442e-01   2.901427e-04   0.000000e+00   4.939930e-05   48
  3.447014e-01   2.517075e-04   1.778543e-04   1.323458e-05   432
  3.456992e-01   2.385527e-04   2.966627e-04   1.178498e-05   414
  3.462885e-01   2.435868e-04   6.776666e-09   1.436870e-05   312
  3.473878e-01   2.679029e-04   2.603051e-04   1.201798e-05   528
  3.481296e-01   2.682837e-04   1.366381e-04   1.786012e-05   264
  3.490209e-01   2.448910e-04   1.620153e-04   1.287632e-05   480
  3.501854e-01   2.549307e-04   0.000000e+00   1.437512e-05   288
  3.506883e-01   2.659331e-04   1.740804e-04   2.319638e-05   168
  3.516084e-01   2.612175e-04   2.755688e-04   1.162700e-05   504
  3.526429e-01   2.841642e-04   4.238553e-09   2.176824e-05   144
  3.532937e-01   2.485125e-04   1.769812e-04   1.210256e-05   464
  3.542716e-01   2.257423e-04   2.597299e-04   1.119704e-05   432
  3.547358e-01   2.960545e-04   4.495664e-09   2.186498e-05   192
  3.559351e-01   2.426317e-04   1.925466e-04   1.142503e-05   396
  3.566434e-01   2.606330e-04   1.729600e-04   1.650786e-05   288
  3.573592e-01   2.661667e-04   1.708549e-04   1.539445e-05   336
  3.585027e-01   2.495554e-04   1.081887e-04   1.149983e-05   432
  3.592283e-01   2.691152e-04   2.804101e-04   1.406454e-05   360
  3.600431e-01   2.676466e-04   1.658667e-04   1.355946e-05   384
  3.612003e-01   2.263144e-04   1.464092e-04   1.838724e-05   198
  3.617579e-01   2.635666e-04   1.664197e-04   1.070336e-05   552
  3.627976e-01   2.193729e-04   2.329761e-04   1.235633e-05   432
  3.636656e-01   2.892434e-04   8.899106e-09   2.306487e-05   168
  3.643942e-01   2.682708e-04   2.888052e-04   1.272395e-05   480
  3.653579e-01   2.022659e-04   0.000000e+00   1.956271e-05   120
  3.657917e-01   2.493333e-04   2.358836e-04   1.595344e-05   336
  3.668502e-01   2.741751e-04   1.664122e-04   1.019378e-05   672
  3.678969e-01   2.726693e-04   2.420693e-04   1.306565e-05   528
  3.683844e-01   2.595471e-04   7.266090e-09   1.743323e-05   168
  3.695106e-01   2.711439e-04   2.700266e-04   1.256869e-05   456
  3.701979e-01   3.019307e-04   1.649075e-04   2.896195e-05   168
  3.709113e-01   2.781608e-04   1.646115e-04   1.434636e-05   504
  3.720973e-01   2.660546e-04   2.118297e-04   1.562804e-05   336
  3.728144e-01   3.013792e-04   1.527042e-04   1.761223e-05   312
  3.736099e-01   2.859000e-04   1.492023e-04   1.333996e-05   504
  3.746568e-01   2.745064e-04   1.035207e-04   1.235150e-05   432
  3.751490e-01   2.511104e-04   1.599738e-04   1.526177e-05   312
  3.761721e-01   2.648311e-04   1.639809e-04   1.284978e-05   384
  3.772403e-01   3.036251e-04   1.393208e-04   2.969054e-05   126
  3.778999e-01   2.789701e-04   2.446141e-04   1.465334e-05   492
  3.787423e-01   2.853712e-04   1.566756e-04   1.249275e-05   528
  3.797950e-01   2.713600e-04   1.591488e-04   1.243150e-05   480
  3.804477e-01   2.885313e-04   2.198632e-04   1.430645e-05   432
  3.813922e-01   3.050866e-04   1.728933e-04   1.460661e-05   440
  3.824891e-01   2.714886e-04   8.597912e-05   1.659182e-05   312
  3.829007e-01   2.986593e-04   1.288469e-04   1.731887e-05   480
  3.837450e-01   2.742217e-04   2.522797e-04   1.504909e-05   408
  3.849786e-01   2.775262e-04   1.510870e-04   1.469571e-05   360
  3.854998e-01   2.714901e-04   1.457935e-04   1.428369e-05   408
  3.864656e-01   2.756321e-04   1.483633e-04   1.313946e-05   456
  3.875531e-01   2.951785e-04   1.417988e-04   1.848736e-05   264
  3.881567e-01   2.702650e-04   1.538873e-04   1.542015e-05   384
  3.890354e-01   2.878077e-04   2.590801e-04   1.199664e-05   672
  3.900512e-01   2.779925e-04   1.549634e-04   1.936147e-05   240
  3.906373e-01   2.934926e-04   1.572490e-04   1.791116e-05   264
  3.914646e-01   2.582249e-04   1.939407e-04   1.170328e-05   624
  3.926991e-01   3.194263e-04   0.000000e+00   2.581932e-05   150
  3.931386e-01   3.034653e-04   2.173259e-04   1.415676e-05   600
  3.940655e-01   2.624088e-04   1.499928e-04   1.161831e-05   672
  3.951151e-01   2.901345e-04   1.410788e-04   1.783370e-05   336
  3.956998e-01   2.934675e-04   1.534526e-04   1.567378e-05   408
  3.966340e-01   2.756054e-04   1.530911e-04   1.446441e-05   408
  3.976732e-01   2.636541e-04   7.741108e-05   1.431623e-05   360
  3.983137e-01   2.984494e-04   2.842286e-04   1.475542e-05   456
  3.990874e-01   2.755498e-04   1.545652e-04   1.321477e-05   384
  4.000722e-01   3.335795e-04   1.426833e-04   1.748323e-05   348
  4.006044e-01   2.861841e-04   1.759003e-04   1.267770e-05   576
  4.016040e-01   2.971224e-04   1.448308e-04   1.443305e-05   504
  4.026266e-01   2.900623e-04   2.042754e-04   1.406942e-05   432
  4.035193e-01   2.684538e-04   2.779157e-04   1.127514e-05   576
  4.041559e-01   2.896169e-04   0.000000e+00   1.751798e-05   264
  4.051657e-01   2.944119e-04   2.211515e-04   1.074864e-05   768
  4.060439e-01   3.490959e-04   2.977401e-04   2.449208e-05   240
  4.067421e-01   2.817928e-04   2.625786e-04   2.271084e-05   192
  4.077592e-01   2.834483e-04   1.932899e-04   1.244302e-05   504
  4.085134e-01   2.681123e-04   2.604655e-04   1.180600e-05   590
  4.092368e-01   2.785010e-04   2.918373e-04   1.457095e-05   384
  4.101438e-01   2.942669e-04   2.438900e-04   1.396101e-05   504
  4.112389e-01   3.119020e-04   2.347064e-04   1.212386e-05   648
  4.123011e-01   2.997092e-04   6.374317e-05   1.373817e-05   504
  4.127294e-01   3.090143e-04   1.454101e-04   1.670945e-05   312
  4.134855e-01   2.707274e-04   2.095003e-04   1.092342e-05   576
  4.145236e-01   2.874090e-04   1.457924e-04   1.930100e-05   240
  4.151287e-01   2.827191e-04   1.473162e-04   1.215968e-05   552
  4.159853e-01   3.098195e-04   1.383265e-04   1.310256e-05   600
  4.172054e-01   2.902669e-04   1.689549e-04   1.125008e-05   600
  4.179389e-01   3.203552e-04   2.705679e-04   1.987351e-05   312
  4.186695e-01   3.149926e-04   2.356379e-04   1.465377e-05   480
  4.195820e-01   3.257735e-04   1.470154e-04   1.398619e-05   576
  4.203854e-01   3.124995e-04   2.367268e-04   1.696620e-05   408
  4.210983e-01   3.165308e-04   2.761527e-04   2.031938e-05   216
  4.220194e-01   2.650724e-04   2.115019e-04   1.260188e-05   516
  4.230063e-01   3.202517e-04   2.017943e-04   1.319861e-05   744
  4.240243e-01   2.995933e-04   1.347808e-04   1.459724e-05   462
  4.245995e-01   3.231425e-04   1.369852e-04   1.650549e-05   432
  4.254918e-01   3.252763e-04   1.270838e-04   1.217117e-05   648
  4.265409e-01   3.316028e-04   1.859472e-04   1.446902e-05   528
  4.273836e-01   2.827682e-04   2.239269e-04   1.239247e-05   600
  4.282256e-01   2.836480e-04   2.823132e-04   2.338318e-05   240
  4.290411e-01   2.941279e-04   2.162492e-04   1.124060e-05   720
  4.299890e-01   3.341595e-04   1.710922e-04   1.240286e-05   720
  4.310398e-01   2.749297e-04   0.000000e+00   2.090086e-05   144
  4.315927e-01   2.907123e-04   2.205891e-04   1.099621e-05   720
  4.323793e-01   3.567797e-04   1.322696e-04   2.040028e-05   384
  4.333641e-01   3.086225e-04   1.466278e-04   1.252338e-05   672
  4.342984e-01   3.129710e-04   2.567292e-04   1.746457e-05   336
  4.347447e-01   3.521964e-04   0.000000e+00   2.281634e-05   288
  4.358374e-01   3.057899e-04   2.031840e-04   1.116633e-05   776
  4.368489e-01   3.381423e-04   1.738547e-04   1.342860e-05   720
  4.376985e-01   3.269983e-04   1.400528e-04   1.768305e-05   432
  4.383780e-01   3.167568e-04   1.996629e-04   1.804433e-05   504
  4.391339e-01   3.005740e-04   1.398922e-04   1.399117e-05   528
  4.401917e-01   3.217576e-04   1.905949e-04   1.569062e-05   438
  4.410618e-01   2.920038e-04   2.218350e-04   1.245249e-05   624
  4.417176e-01   3.442069e-04   2.717180e-04   1.958095e-05   312
  4.426191e-01   3.235110e-04   1.463948e-04   1.226995e-05   696
  4.435512e-01   3.137375e-04   1.324608e-04   1.407040e-05   552
  4.445207e-01   2.943881e-04   1.024805e-04   1.268920e-05   516
  4.451205e-01   3.080367e-04   2.046970e-04   1.340750e-05   528
  4.458506e-01   3.125428e-04   1.331200e-04   1.512329e-05   528
  4.468878e-01   3.159000e-04   1.755583e-04   1.174318e-05   864
  4.475918e-01   2.832447e-04   2.404788e-04   1.395859e-05   408
  4.482965e-01   3.128981e-04   2.382549e-04   2.211962e-05   192
  4.492953e-01   3.272705e-04   1.971674e-04   1.257900e-05   720
  4.501385e-01   2.887614e-04   1.817980e-04   1.074703e-05   696
  4.511404e-01   3.282076e-04   1.963435e-04   1.240382e-05   720
  4.520570e-01   3.095393e-04   2.661201e-04   1.551109e-05   432
  4.525916e-01   2.917992e-04   1.566487e-04   1.862045e-05   264
  4.535534e-01   3.298428e-04   2.163249e-04   1.274102e-05   672
  4.544137e-01   3.250124e-04   2.214835e-04   1.360621e-05   600
  4.554346e-01   3.212404e-04   1.296784e-04   2.139964e-05   270
  4.559493e-01   3.211142e-04   1.952021e-04   1.486164e-05   528
  4.567673e-01   3.552389e-04   1.336675e-04   1.410947e-05   840
  4.578890e-01   3.342693e-04   2.555961e-04   1.220544e-05   888
  4.589254e-01   3.276320e-04   1.904380e-04   1.329648e-05   744
  4.598014e-01   3.593927e-04   9.785730e-05   1.866003e-05   456
  4.602370e-01   3.119161e-04   1.337280e-04   1.571062e-05   360
  4.609825e-01   3.256393e-04   1.158678e-04   1.594983e-05   384
  4.621264e-01   3.466937e-04   1.858509e-04   1.287528e-05   816
  4.629847e-01   3.468892e-04   2.696437e-04   1.214668e-05   824
  4.640279e-01   3.394765e-04   1.253432e-04   1.932637e-05   360
  4.645865e-01   3.855456e-04   1.849595e-04   1.654726e-05   624
  4.653553e-01   3.005779e-04   1.249856e-04   1.552849e-05   360
  4.663795e-01   3.436032e-04   1.700172e-04   1.190795e-05   876
  4.673045e-01   3.240123e-04   2.019296e-04   1.400979e-05   696
  4.682373e-01   3.666109e-04   1.303928e-04   2.058008e-05   336
  4.687264e-01   3.664468e-04   1.302463e-04   1.799286e-05   504
  4.695341e-01   3.410660e-04   1.313750e-04   1.309865e-05   672
  4.707324e-01   3.220063e-04   2.615370e-04   1.245012e-05   720
  4.715635e-01   3.153272e-04   1.975633e-04   1.308631e-05   774
  4.724808e-01   3.454074e-04   1.130801e-04   1.753713e-05   384
  4.729612e-01   3.422830e-04   2.176147e-04   1.606627e-05   528
  4.737068e-01   3.506212e-04   2.073989e-04   1.322474e-05   744
  4.749062e-01   3.566146e-04   1.710601e-04   1.345190e-05   768
  4.757025e-01   3.488959e-04   1.920278e-04   1.510027e-05   552
  4.766960e-01   3.272425e-04   2.092886e-04   1.302080e-05   696
  4.774351e-01   3.649400e-04   2.543221e-04   2.017916e-05   408
  4.780218e-01   3.404021e-04   1.098692e-04   1.610653e-05   504
  4.789519e-01   3.320951e-04   1.973758e-04   1.246330e-05   888
  4.798671e-01   3.246301e-04   2.051305e-04   1.341819e-05   648
  4.808184e-01   3.348065e-04   2.033722e-04   1.439552e-05   648
  4.817134e-01   3.478848e-04   2.192851e-04   1.282244e-05   792
  4.826614e-01   3.377563e-04   3.208291e-04   1.430083e-05   600
  4.833600e-01   3.293278e-04   2.174285e-04   1.633564e-05   456
  4.840953e-01   3.572232e-04   1.059654e-04   1.441039e-05   648
  4.850397e-01   3.321546e-04   2.066479e-04   1.104862e-05   936
  4.860593e-01   3.390973e-04   1.269084e-04   1.700930e-05   384
  4.869469e-01   1.276206e-07   0.000000e+00   1.330435e-08   198
  4.876318e-01   1.176969e-07   3.219776e-04   5.075388e-09   1224
  4.883707e-01   8.575992e-08   2.344988e-04   6.603852e-09   420
  4.892446e-01   1.120925e-07   2.269458e-04   6.041771e-09   792
  4.900991e-01   1.197919e-07   1.876648e-04   6.267990e-09   680
  4.910742e-01   1.220699e-07   1.723226e-04   7.363657e-09   600
  4.918588e-01   1.195143e-07   2.499151e-04   5.905021e-09   840
  4.929064e-01   1.291859e-07   1.179983e-04   8.850567e-09   432
  4.933067e-01   1.163670e-07   1.105800e-04   5.914533e-09   720
  4.941771e-01   1.087715e-07   2.214723e-04   4.922246e-09   960
  4.952596e-01   1.322533e-07   1.974263e-04   8.569612e-09   528
  4.960507e-01   1.198883e-07   2.018074e-04   6.918482e-09   624
  4.969923e-01   1.105196e-07   1.586192e-04   5.730154e-09   816
  4.979269e-01   1.036414e-07   2.608527e-04   5.750618e-09   696
  4.989597e-01   1.146799e-07   1.438612e-08   1.157628e-08   240
  4.993481e-01   1.306326e-07   1.538310e-04   6.939727e-09   672
  5.002149e-01   1.079007e-07   2.749181e-04   4.996312e-09   864
  5.011872e-01   1.291781e-07   2.109550e-04   5.913266e-09   816
  5.020636e-01   1.190627e-07   1.207434e-04   6.348570e-09   648
  5.030076e-01   1.134184e-07   1.234217e-04   5.548950e-09   843
  5.038089e-01   1.273221e-07   2.220660e-04   6.907666e-09   780
  5.047639e-01   1.531837e-07   1.191565e-04   1.256690e-08   216
  5.053529e-01   1.079287e-07   2.873328e-04   4.623841e-09   1056
  5.062588e-01   1.461693e-07   2.350705e-04   1.199703e-08   228
  5.070976e-01   1.076852e-07   2.926687e-04   4.793010e-09   924
  5.079587e-01   9.835885e-08   1.085637e-04   5.137329e-09   696
  5.088706e-01   1.205907e-07   1.932122e-04   5.321374e-09   996
  5.098035e-01   1.208225e-07   1.140687e-04   6.646644e-09   576
  5.107740e-01   1.318749e-07   1.760574e-04   8.107228e-09   552
  5.114815e-01   1.130318e-07   2.102064e-04   7.374287e-09   516
  5.121995e-01   1.155970e-07   3.056837e-04   5.674375e-09   744
  5.130199e-01   1.504932e-07   1.499561e-04   9.687321e-09   576
  5.137336e-01   1.121794e-07   1.543428e-04   4.967076e-09   792
  5.147477e-01   1.056565e-07   1.764424e-04   4.911980e-09   792
  5.154909e-01   1.223077e-07   1.902913e-04   6.109929e-09   720
  5.164960e-01   1.063534e-07   2.168883e-04   5.297256e-09   656
  5.174379e-01   1.117217e-07   2.368308e-04   5.628762e-09   816
  5.184034e-01   1.178778e-07   1.276952e-04   6.744988e-09   492
  5.189522e-01   1.189991e-07   1.836985e-04   6.510120e-09   552
  5.199822e-01   1.285618e-07   3.194294e-04   7.063777e-09   780
  5.206511e-01   1.111345e-07   1.962217e-04   6.573477e-09   528
  5.213718e-01   1.123940e-07   2.290504e-04   5.408129e-09   600
  5.224340e-01   1.091295e-07   1.903590e-04   4.594911e-09   900
  5.231662e-01   1.223802e-07   1.053860e-04   5.743394e-09   696
  5.241734e-01   1.323463e-07   2.664725e-04   6.122131e-09   696
  5.251479e-01   1.334130e-07   1.081054e-04   6.780744e-09   552
  5.259673e-01   1.026630e-07   1.257166e-04   5.169652e-09   708
  5.268258e-01   1.301843e-07   2.075652e-04   6.089285e-09   876
  5.277190e-01   9.279218e-08   1.102130e-04   7.973701e-09   216
  5.283184e-01   1.023618e-07   3.014475e-04   4.229491e-09   1032
  5.292161e-01   1.269707e-07   3.356286e-04   6.842981e-09   600
  5.301478e-01   1.412032e-07   1.601495e-04   6.689801e-09   600
  5.308585e-01   1.110035e-07   2.828090e-04   7.186235e-09   528
  5.316987e-01   1.170459e-07   1.552497e-04   4.989053e-09   732
  5.325837e-01   9.093050e-08   1.146378e-04   5.583149e-09   336
  5.336024e-01   1.207203e-07   1.633817e-04   4.752754e-09   912
  5.343638e-01   1.183497e-07   1.639857e-04   5.391596e-09   624
  5.351957e-01   1.150309e-07   1.381873e-04   5.605174e-09   768
  5.361666e-01   1.276676e-07   2.493171e-04   5.902871e-09   792
  5.371196e-01   1.176371e-07   1.236011e-04   5.994958e-09   660
  5.377977e-01   1.157847e-07   1.821461e-04   6.348543e-09   504
  5.384990e-01   1.281494e-07   2.975919e-04   7.291743e-09   480
  5.395501e-01   1.061222e-07   2.752337e-04   4.466280e-09   912
  5.403731e-01   1.317046e-07   3.065154e-04   8.200445e-09   432
  5.411504e-01   1.045281e-07   1.820016e-04   5.798164e-09   564
  5.418405e-01   1.147596e-07   1.742006e-04   5.246231e-09   600
  5.428119e-01   1.079592e-07   2.428192e-04   4.262837e-09   876
  5.435417e-01   1.279279e-07   1.091788e-04   9.209759e-09   264
  5.445477e-01   1.371507e-07   2.118499e-04   7.293169e-09   560
  5.453563e-01   1.163892e-07   1.439565e-04   4.702702e-09   840
  5.463378e-01   1.283448e-07   2.219395e-04   5.264039e-09   1008
  5.472454e-01   1.541653e-07   9.928084e-05   7.611563e-09   456
  5.480744e-01   1.323684e-07   1.286043e-04   6.558192e-09   576
  5.488407e-01   1.271033e-07   1.976142e-04   6.426333e-09   612
  5.498512e-01   1.193476e-07   1.765015e-04   5.497254e-09   780
  5.506755e-01   1.206312e-07   2.022627e-04   5.635100e-09   648
  5.515194e-01   1.358140e-07   9.425702e-05   9.698204e-09   312
  5.520587e-01   1.347037e-07   2.394916e-04   7.493595e-09   528
  5.529931e-01   1.195271e-07   3.127641e-04   5.208520e-09   720
  5.538866e-01   1.175776e-07   3.137436e-04   5.248501e-09   576
  5.549699e-01   1.246864e-07   2.706443e-04   6.258017e-09   444
  5.556439e-01   1.270020e-07   2.654148e-04   4.670388e-09   996
  5.564699e-01   1.207051e-07   2.217012e-04   6.746740e-09   432
  5.572506e-01   1.225195e-07   2.427192e-04   6.439073e-09   504
  5.579250e-01   1.578037e-07   1.094306e-04   7.309859e-09   504
  5.588852e-01   1.296497e-07   2.153608e-04   5.520935e-09   876
  5.597541e-01   1.282849e-07   2.478597e-04   6.829297e-09   504
  5.606589e-01   1.199931e-07   1.580720e-04   4.882507e-09   696
  5.614066e-01   1.405028e-07   1.351349e-04   7.296664e-09   492
  5.624240e-01   1.254797e-07   1.934522e-04   6.797881e-09   432
  5.631776e-01   1.268702e-07   1.811468e-04   5.140618e-09   768
  5.640708e-01   1.207668e-07   2.256427e-04   5.852413e-09   648
  5.649237e-01   1.223148e-07   1.472076e-04   6.246353e-09   456
  5.659038e-01   1.194241e-07   2.024344e-04   5.836972e-09   552
  5.665845e-01   1.311218e-07   1.387487e-04   6.434626e-09   648
  5.675213e-01   1.253866e-07   2.261525e-04   4.832410e-09   840
  5.684363e-01   1.414832e-07   1.078474e-04   7.945814e-09   432
  5.693524e-01   1.197530e-07   1.320946e-04   5.229336e-09   600
  5.699896e-01   1.352061e-07   1.407382e-04   8.409668e-09   432
  5.710598e-01   1.240769e-07   1.401185e-04   6.563365e-09   560
  5.717846e-01   1.363968e-07   2.217929e-04   5.494989e-09   840
  5.726922e-01   1.439676e-07   1.313712e-04   6.646719e-09   504
  5.734129e-01   1.253883e-07   2.681208e-04   5.553165e-09   696
  5.744289e-01   1.377448e-07   1.464380e-04   7.836359e-09   384
  5.752203e-01   1.246359e-07   2.145144e-04   5.544658e-09   576
  5.761776e-01   1.219803e-07   1.323876e-04   8.091579e-09   360
  5.769491e-01   1.274685e-07   1.971572e-04   5.701287e-09   828
  5.777814e-01   1.328693e-07   1.756051e-04   7.448494e-09   372
  5.785440e-01   1.395247e-07   2.681827e-04   6.635756e-09   576
  5.795542e-01   1.359506e-07   1.123146e-04   6.104577e-09   636
  5.802740e-01   1.280170e-07   2.165136e-04   5.737264e-09   648
  5.812477e-01   1.526125e-07   1.760019e-04   7.531185e-09   576
  5.819467e-01   1.319885e-07   2.839096e-04   6.734065e-09   528
  5.828762e-01   1.245342e-07   1.213831e-04   7.100701e-09   360
  5.836457e-01   1.286576e-07   2.792266e-04   5.473066e-09   672
  5.846504e-01   1.245675e-07   1.430245e-04   4.853861e-09   804
  5.854866e-01   1.472521e-07   1.577731e-04   8.676890e-09   408
  5.864116e-01   1.162116e-07   9.752092e-05   5.834867e-09   384
  5.870345e-01   1.335022e-07   2.231653e-04   7.374484e-09   480
  5.879130e-01   1.390474e-07   1.441975e-04   6.898137e-09   432
  5.887557e-01   1.479824e-07   2.657252e-04   6.430728e-09   648
  5.897530e-01   1.393984e-07   1.648813e-04   6.700039e-09   624
  5.904826e-01   1.447808e-07   1.499734e-04   8.493666e-09   456
  5.914788e-01   1.296303e-07   2.048770e-04   6.861803e-09   588
  5.921465e-01   1.229720e-07   1.307107e-04   5.729139e-09   600
  5.931212e-01   1.314198e-07   2.038766e-04   5.448531e-09   708
  5.938912e-01   1.198466e-07   1.284383e-04   7.306712e-09   360
  5.947420e-01   1.397522e-07   1.476433e-04   7.056267e-09   552
  5.955576e-01   1.310489e-07   1.035752e-04   9.224883e-09   288
  5.963856e-01   1.210809e-07   1.947498e-04   5.605059e-09   528
  5.971636e-01   1.229016e-07   1.313872e-04   6.204863e-09   456
  5.980328e-01   1.323871e-07   2.329780e-04   5.788350e-09   608
  5.989070e-01   1.276625e-07   1.127174e-04   6.774460e-09   504
  5.998623e-01   1.338043e-07   2.419978e-04   7.347790e-09   540
  6.006113e-01   1.440874e-07   2.597778e-04   9.247648e-09   360
  6.014188e-01   1.488306e-07   1.176407e-04   7.067182e-09   540
  6.021329e-01   1.406104e-07   1.010085e-04   7.023294e-09   576
  6.031714e-01   1.327079e-07   2.342044e-04   5.829383e-09   588
  6.041588e-01   1.396627e-07   3.231314e-04   6.291448e-09   672
  6.050070e-01   1.469212e-07   2.469721e-04   7.814992e-09   552
  6.056908e-01   1.063797e-07   2.470970e-04   1.019003e-08   144
  6.065633e-01   1.374808e-07   2.099342e-04   6.438369e-09   600
  6.073906e-01   1.275014e-07   2.630934e-04   6.604201e-09   504
  6.083088e-01   1.409287e-07   2.702501e-04   9.595659e-09   336
  6.092745e-01   1.306577e-07   3.037623e-04   5.766637e-09   600
  6.101395e-01   1.351221e-07   1.960382e-04   6.305106e-09   636
  6.110731e-01   1.384970e-07   1.576165e-04   9.979016e-09   384
  6.117276e-01   1.391280e-07   2.198564e-04   8.436851e-09   504
  6.126710e-01   1.510685e-07   9.227064e-05   1.081703e-08   240
  6.134155e-01   1.448344e-07   2.167569e-04   5.738694e-09   744
  6.143088e-01   1.315035e-07   1.480120e-04   6.362885e-09   648
  6.151027e-01   1.859642e-07   9.825476e-05   1.734227e-08   120
  6.160331e-01   1.293783e-07   1.543455e-04   5.774099e-09   564
  6.167362e-01   1.533894e-07   2.424089e-04   8.597542e-09   432
  6.176746e-01   1.225786e-07   1.881572e-04   7.649400e-09   480
  6.183811e-01   1.197200e-07   1.384885e-04   7.016581e-09   456
  6.192152e-01   1.355462e-07   2.291780e-04   7.905320e-09   444
  6.201616e-01   1.377295e-07   3.506544e-04   6.599526e-09   528
  6.209930e-01   1.377487e-07   2.604238e-04   1.124413e-08   264
  6.217998e-01   1.341606e-07   2.668956e-04   7.509408e-09   444
  6.228852e-01   1.415528e-07   2.923449e-04   6.301463e-09   696
  6.237861e-01   1.409408e-07   1.563558e-04   7.963539e-09   384
  6.244450e-01   1.546088e-07   1.975687e-04   8.655727e-09   432
  6.254698e-01   1.768168e-07   1.365107e-04   1.191607e-08   488
  6.261352e-01   1.562795e-07   2.057386e-04   7.678633e-09   480
  6.270999e-01   1.358133e-07   2.294412e-04   7.691402e-09   480
  6.278471e-01   1.321084e-07   9.626648e-05   8.638193e-09   240
  6.286954e-01   1.436099e-07   2.248709e-04   7.113507e-09   600
  6.294955e-01   1.417674e-07   1.959519e-04   9.720997e-09   288
  6.303474e-01   1.450617e-07   1.884914e-04   8.567101e-09   480
  6.312103e-01   1.233770e-07   3.352926e-04   6.813536e-09   504
  6.320598e-01   1.720793e-07   1.438614e-04   1.226241e-08   216
  6.331433e-01   1.536959e-07   2.355240e-04   9.132811e-09   504
  6.339871e-01   1.384794e-07   1.894329e-04   8.105180e-09   456
  6.349107e-01   1.851219e-07   1.086430e-04   1.189629e-08   384
  6.355225e-01   1.716733e-07   2.205061e-04   9.855059e-09   480
  6.363918e-01   1.325169e-07   1.936290e-04   7.703906e-09   504
  6.371972e-01   1.553096e-07   1.228262e-04   1.128148e-08   312
  6.380652e-01   1.498037e-07   1.979302e-04   9.103739e-09   492
  6.388334e-01   1.520298e-07   1.855135e-04   8.909055e-09   312
  6.398223e-01   1.336768e-07   3.013519e-04   5.771038e-09   576
  6.406929e-01   1.642724e-07   2.781722e-04   1.244508e-08   336
  6.414159e-01   1.194058e-07   2.141797e-04   8.585584e-09   240
  6.424183e-01   1.425486e-07   2.839481e-04   8.110476e-09   468
  6.432837e-01   1.395501e-07   1.777925e-04   1.505624e-08   192
  6.441896e-01   1.204177e-07   1.783224e-04   8.710852e-09   324
  6.448535e-01   1.403991e-07   1.294235e-04   7.438883e-09   600
  6.457583e-01   1.388012e-07   2.099764e-04   7.586933e-09   456
  6.464302e-01   1.564676e-07   9.444737e-05   1.023817e-08   336
  6.475438e-01   1.397905e-07   2.828021e-04   6.872637e-09   612
  6.483539e-01   9.843179e-08   2.373399e-04   1.183362e-08   144
  6.491201e-01   1.542293e-07   2.770366e-04   8.495496e-09   552
  6.501620e-01   1.169770e-07   1.091004e-04   7.234685e-09   264
  6.507507e-01   1.345880e-07   2.525953e-04   9.292287e-09   336
  6.516793e-01   1.336970e-07   1.669063e-04   7.846737e-09   384
  6.524847e-01   1.249842e-07   9.395175e-05   1.157325e-08   216
  6.533762e-01   1.224430e-07   1.991971e-04   8.556771e-09   344
  6.541891e-01   1.138734e-07   2.972114e-04   7.052705e-09   408
  6.551797e-01   1.351492e-07   2.283876e-04   1.186702e-08   264
  6.560575e-01   1.318377e-07   3.183837e-04   6.685170e-09   612
  6.569345e-01   1.544397e-07   1.638646e-04   9.995825e-09   408
  6.578364e-01   1.262072e-07   1.641001e-04   9.200258e-09   444
  6.584991e-01   2.086738e-07   9.177996e-05   2.106341e-08   120
  6.593870e-01   1.500044e-07   2.535712e-04   1.085623e-08   336
  6.600460e-01   1.311039e-07   8.811499e-05   9.556339e-09   288
  6.609366e-01   1.320309e-07   2.742154e-04   6.863057e-09   552
  6.621610e-01   1.378888e-07   0.000000e+00   1.938314e-08   72
  6.627906e-01   1.341620e-07   2.723657e-04   7.741546e-09   504
  6.635259e-01   9.711877e-08   8.764464e-05   8.964761e-09   216
  6.644787e-01   1.272354e-07   1.564835e-04   9.358515e-09   312
  6.653340e-01   1.033846e-07   1.781811e-04   6.884034e-09   336
  6.661492e-01   1.274262e-07   2.469789e-04   1.138760e-08   204
  6.669611e-01   1.825144e-07   2.870270e-04   1.177193e-08   504
  6.678221e-01   1.687986e-07   2.733322e-04   1.085643e-08   396
  6.686501e-01   1.411254e-07   2.506599e-04   1.029047e-08   312
  6.696540e-01   1.777599e-07   1.531800e-04   1.587284e-08   216
  6.703613e-01   1.365078e-07   8.313373e-05   1.433998e-08   168
  6.712208e-01   1.406089e-07   2.099173e-04   7.121831e-09   588
  6.722017e-01   1.105718e-07   2.849381e-04   8.809547e-09   240
  6.729637e-01   1.122998e-07   2.516481e-04   1.007045e-08   264
  6.738575e-01   1.412629e-07   3.112147e-04   1.264735e-08   288
  6.746505e-01   1.506007e-07   1.554077e-04   1.298359e-08   288
  6.756555e-01   1.078692e-07   1.459525e-04   8.168002e-09   288
  6.763322e-01   1.331841e-07   1.690738e-04   1.050919e-08   192
  6.771836e-01   1.062632e-07   1.799115e-04   7.697665e-09   264
  6.779946e-01   1.995779e-07   2.959295e-04   1.428999e-08   372
  6.788675e-01   1.852828e-07   3.196167e-04   1.813768e-08   360
  6.799329e-01   1.722437e-07   1.352648e-04   2.535010e-08   144
  6.804835e-01   1.062436e-07   1.878769e-04   1.035613e-08   296
  6.813527e-01   1.269127e-07   2.024276e-04   1.190928e-08   288
  6.823478e-01   1.343508e-07   3.025230e-04   8.269307e-09   480
  6.832061e-01   1.236843e-07   2.513677e-04   2.022690e-08   192
  6.840407e-01   1.529763e-07   2.696262e-04   1.294805e-08   192
  6.847993e-01   1.117083e-07   1.718359e-04   8.546426e-09   288
  6.858544e-01   7.208987e-08   1.495808e-04   9.095652e-09   108
  6.863859e-01   1.193802e-07   1.438036e-04   1.057230e-08   240
  6.873243e-01   1.073702e-07   2.682690e-04   7.866770e-09   384
  6.882884e-01   1.477957e-07   3.272578e-04   1.600800e-08   108
  6.891409e-01   1.637226e-07   1.918773e-04   1.286840e-08   348
  6.900373e-01   1.071845e-07   2.002507e-04   1.052977e-08   312
  6.908379e-01   1.106699e-07   1.945855e-04   2.208127e-08   96
  6.915741e-01   1.371836e-07   2.590555e-04   1.031830e-08   384
  6.923987e-01   1.364538e-07   1.781778e-04   1.258150e-08   144
  6.932053e-01   1.391696e-07   2.737780e-04   9.965850e-09   408
  6.942079e-01   9.434165e-08   1.221243e-04   1.275526e-08   144
  6.951550e-01   1.332528e-07   2.347853e-04   1.541211e-08   192
  6.957167e-01   1.686992e-07   2.642552e-04   1.842884e-08   144
  6.966323e-01   1.079604e-07   2.148492e-04   1.066334e-08   144
  6.974962e-01   1.435433e-07   2.625805e-04   1.279399e-08   336
  6.985541e-01   8.388380e-08   1.942763e-04   6.385615e-09   240
  6.992249e-01   1.181179e-07   8.821915e-05   1.703945e-08   96
  7.001605e-01   1.397895e-07   2.587043e-04   1.128934e-08   372
  7.011070e-01   1.192371e-07   3.077232e-04   1.790462e-08   132
  7.019384e-01   9.283511e-08   1.904154e-04   7.167976e-09   264
  7.026821e-01   1.849456e-07   1.462304e-04   2.152397e-08   168
  7.034759e-01   1.404663e-07   2.337943e-04   1.175199e-08   216
  7.041771e-01   9.739680e-08   1.430383e-04   1.310961e-08   216
  7.051983e-01   7.245016e-08   2.624157e-04   8.758246e-09   96
  7.061249e-01   1.431921e-07   1.712023e-04   1.759003e-08   120
  7.069747e-01   1.100515e-07   2.176463e-04   1.109193e-08   216
  7.076747e-01   9.631032e-08   9.511215e-05   9.813646e-09   200
  7.086015e-01   1.240392e-07   2.462045e-04   1.598507e-08   288
  7.097902e-01   5.177414e-08   6.478119e-05   4.327530e-09   144
  7.102908e-01   1.283401e-07   2.015951e-04   2.270443e-08   168
  7.113130e-01   1.041745e-07   2.268765e-04   1.451861e-08   159
  7.121109e-01   9.272048e-08   2.380480e-04   7.086291e-09   174
  7.128831e-01   8.117932e-08   2.158536e-04   8.103557e-09   144
  7.138943e-01   1.203158e-07   1.246398e-04   1.086115e-08   222
  7.145705e-01   1.025366e-07   1.257726e-04   1.191723e-08   168
  7.157386e-01   1.374558e-07   2.758677e-04   2.948411e-08   30
  7.162211e-01   4.955029e-08   2.435709e-04   7.042249e-09   72
  7.171298e-01   1.047787e-07   2.173841e-04   1.053429e-08   258
  7.181290e-01   8.687557e-08   1.361533e-04   6.905009e-09   264
  7.186286e-01   1.007499e-07   1.468278e-08   1.619981e-08   72
  7.196697e-01   6.201536e-08   2.698616e-04   6.705631e-09   174
  7.206123e-01   1.125627e-07   2.873527e-04   1.600823e-08   168
  7.213701e-01   3.698801e-08   8.991328e-09   5.691322e-09   48
  7.221837e-01   6.385039e-08   1.622748e-04   7.124981e-09   150
  7.231270e-01   1.436582e-07   2.985162e-04   1.361180e-08   168
  7.240729e-01   7.185566e-08   1.818422e-04   8.052586e-09   144
  7.249427e-01   8.680124e-08   1.698820e-04   1.612809e-08   102
  7.255906e-01   4.354910e-08   2.514545e-04   3.803337e-09   96
  7.266185e-01   3.366064e-08   2.495518e-04   2.764845e-09   120
  7.273797e-01   3.445930e-08   2.676508e-04   2.737950e-09   168
  7.282031e-01   1.172055e-07   1.976389e-04   1.288332e-08   126
  7.289046e-01   7.219886e-08   1.490593e-04   9.732274e-09   168
  7.298711e-01   4.144429e-08   2.390167e-04   5.968645e-09   72
  7.307158e-01   4.897959e-08   2.993022e-04   4.456847e-09   168
  7.314557e-01   8.687510e-08   8.205344e-05   1.621811e-08   78
  7.324696e-01   4.773104e-08   1.347256e-04   6.462679e-09   60
  7.332860e-01   1.403485e-07   2.185468e-04   2.695761e-08   96
  7.341327e-01   5.639383e-08   2.651884e-04   4.870088e-09   168
  7.349284e-01   4.641870e-08   1.678009e-04   8.447858e-09   86
  7.357634e-01   4.133040e-08   1.499742e-04   6.028182e-09   120
  7.369601e-01   4.653145e-08   1.069515e-04   4.516634e-09   168
  7.376055e-01   3.097283e-08   0.000000e+00   3.792194e-09   48
  7.384747e-01   9.530230e-08   1.948541e-04   1.139947e-08   120
  7.389742e-01   6.262600e-08   1.421539e-04   8.795199e-09   126
  7.401935e-01   5.820330e-08   2.500091e-04   7.211887e-09   96
  7.409848e-01   5.643525e-08   7.209028e-05   6.037235e-09   96
  7.416089e-01   4.000124e-08   8.477105e-09   5.348558e-09   72
  7.429385e-01   4.810408e-08   8.991328e-09   9.167319e-09   24
  7.437683e-01   6.417006e-08   1.483601e-04   6.126546e-09   120
  7.444157e-01   4.748578e-08   2.164118e-04   6.334566e-09   126
  7.451355e-01   3.965625e-08   1.804085e-04   4.911580e-09   96
  7.459766e-01   2.563261e-08   3.117986e-04   3.085626e-09   72
  7.469132e-01   4.177425e-08   1.348634e-04   3.696948e-09   144
  7.476836e-01   4.573745e-08   7.778603e-05   6.306446e-09   72
  7.484533e-01   6.333666e-08   1.553665e-04   1.163491e-08   54
  7.491306e-01   5.668962e-08   1.369149e-04   6.501935e-09   108
  7.505382e-01   6.691427e-08   1.342120e-04   7.896998e-09   72
  7.509765e-01   5.101673e-08   7.744493e-05   6.074413e-09   72
  7.520162e-01   3.278202e-08   1.557344e-08   4.364632e-09   24
  7.529998e-01   2.071997e-08   1.638381e-04   3.251842e-09   48
  7.535971e-01   4.848371e-08   1.248023e-04   6.853548e-09   102
  7.544963e-01   3.457170e-08   2.822510e-04   2.728029e-09   168
  7.556711e-01   2.840620e-08   1.539331e-04   4.115594e-09   72
  7.561064e-01   3.235688e-08   0.000000e+00   5.684518e-09   48
  7.570195e-01   4.177030e-08   2.647743e-04   4.609703e-09   120
  7.582245e-01   4.233517e-08   1.627091e-04   3.736765e-09   96
  7.593627e-01   7.436028e-08   1.438612e-08   2.498948e-08   30
  7.607153e-01   5.444329e-08   7.644796e-05   8.088758e-09   72
  7.613097e-01   2.861194e-08   8.991328e-09   6.760279e-09   24
  7.620733e-01   1.561831e-08   1.133148e-04   2.868226e-09   56
  7.629285e-01   1.517134e-08   1.617059e-04   1.427712e-09   96
  7.639519e-01   3.225452e-08   1.785629e-04   3.036244e-09   144
  7.647411e-01   4.424227e-08   1.013810e-04   9.122359e-09   54
  7.658874e-01   3.221340e-08   1.518795e-04   3.454971e-09   108
  7.670409e-01   7.440634e-08   8.041947e-05   1.392098e-08   48
  7.681392e-01   3.515129e-08   3.028050e-04   3.548091e-09   72
  7.707744e-01   6.265706e-08   2.000642e-04   8.680187e-09   78
  7.715046e-01   1.660891e-08   1.507735e-04   2.095057e-09   72
  7.723570e-01   1.831531e-08   1.505863e-04   2.134608e-09   72
  7.732482e-01   3.373849e-08   3.633813e-04   3.230481e-09   96
  7.739527e-01   1.873885e-08   1.502759e-04   1.333538e-09   72
  7.748024e-01   2.507992e-08   0.000000e+00   4.338985e-09   24
  7.756510e-01   3.203027e-08   2.998733e-04   3.925871e-09   72
  7.775680e-01   3.833143e-08   1.904287e-04   8.653411e-09   30
  7.779804e-01   5.332119e-08   0.000000e+00   1.220845e-08   24
  7.801973e-01   1.496282e-08   1.581267e-04   2.267630e-09   48
  7.808927e-01   2.277964e-08   3.402886e-04   3.516254e-09   120
  7.818296e-01   1.415222e-08   1.487821e-04   2.088037e-09   72
  7.827758e-01   2.175161e-08   1.486022e-04   3.929562e-09   36
  7.834261e-01   2.358507e-08   2.937071e-04   2.861379e-09   78
  7.852411e-01   2.939778e-08   1.571111e-04   3.649402e-09   48
  7.875942e-01   3.764198e-08   1.271566e-08   5.444750e-09   24
  7.892707e-01   8.337625e-09   1.094089e-04   1.418857e-09   56
  7.901149e-01   1.043851e-08   1.683597e-04   1.145154e-09   102
  7.911888e-01   1.713825e-08   1.198844e-08   2.076727e-09   72
  7.918122e-01   2.037004e-08   8.991328e-09   3.722346e-09   24
  7.929021e-01   1.670964e-08   1.555930e-04   2.046224e-09   48
  7.949223e-01   1.914380e-08   0.000000e+00   4.774324e-09   24
  7.974016e-01   1.978187e-08   0.000000e+00   1.051316e-08   6
  7.981748e-01   5.549700e-09   0.000000e+00   1.229698e-09   24
  7.986898e-01   1.008584e-08   1.456409e-04   1.121007e-09   72
  7.996307e-01   8.664148e-09   2.717068e-04   8.481224e-10   84
  8.006440e-01   1.652178e-08   0.000000e+00   3.369560e-09   24
  8.009521e-01   1.644161e-08   1.271566e-08   2.294771e-09   24
  8.024909e-01   1.580373e-08   1.557344e-08   3.562152e-09   24
  8.046403e-01   1.556618e-08   0.000000e+00   4.378410e-09   6
  8.073954e-01   5.026368e-09   1.528000e-04   6.636861e-10   48
  8.080572e-01   7.909595e-09   2.878503e-04   8.844183e-10   72
  8.089220e-01   1.060581e-08   1.525117e-04   1.682575e-09   48
  8.102934e-01   2.175159e-08   0.000000e+00   3.451367e-09   24
  8.121184e-01   4.076105e-08   0.000000e+00   6.185644e-09   6
  8.162097e-01   2.645988e-09   0.000000e+00   6.729889e-10   8
  8.165120e-01   6.072770e-09   8.991328e-09   1.666343e-09   48
  8.172369e-01   7.841096e-09   1.479045e-04   1.283999e-09   60
  8.183231e-01   1.072267e-08   0.000000e+00   2.714582e-09   24
  8.198293e-01   1.256553e-08   0.000000e+00   4.047574e-09   6
  8.253784e-01   4.631888e-09   0.000000e+00   9.346589e-10   24
  8.258266e-01   4.799769e-09   1.493898e-04   5.492700e-10   48
  8.265733e-01   7.600638e-09   0.000000e+00   2.104653e-09   24
  8.277664e-01   1.638300e-09   0.000000e+00   5.561579e-10   6
  8.345448e-01   2.427649e-09   1.393664e-04   3.194737e-10   36
  8.350375e-01   4.917179e-09   0.000000e+00   1.220338e-09   24
  8.359234e-01   4.646136e-09   0.000000e+00   2.727906e-09   6
  8.436361e-01   3.047755e-09   1.266552e-04   5.420780e-10   32
  8.442939e-01   1.663590e-09   0.000000e+00   4.727252e-10   6
  8.525822e-01   9.745328e-10   0.000000e+00   2.696104e-10   12
  8.528715e-01   3.503466e-09   0.000000e+00   8.116615e-10   6
  8.616502e-01   6.880289e-10   0.000000e+00   1.058213e-10   6
