# power spectrum of phi
# redshift z=100.000000
# k              Pk             sigma(k)       sigma(Pk)      count
  1.570796e-02   1.668700e-10   0.000000e+00   6.739567e-11   6
  2.221441e-02   7.519487e-11   0.000000e+00   1.504020e-11   12
  2.720699e-02   4.593115e-11   2.980232e-10   9.371537e-12   8
  3.141593e-02   1.291631e-10   0.000000e+00   1.393174e-11   6
  3.512407e-02   7.776745e-11   5.619580e-10   2.484495e-11   24
  3.847649e-02   9.861384e-11   5.619580e-10   1.665280e-11   24
  4.442883e-02   3.676865e-11   0.000000e+00   1.657851e-11   12
  4.712389e-02   4.000422e-11   6.357829e-10   7.364460e-12   30
  4.967294e-02   4.773369e-11   0.000000e+00   1.054092e-11   24
  5.209742e-02   4.164781e-11   9.733398e-10   1.034635e-11   24
  5.441398e-02   4.665315e-11   5.960464e-10   9.460857e-12   8
  5.663587e-02   3.852372e-11   7.947286e-10   4.797797e-12   24
  5.877382e-02   3.527431e-11   0.000000e+00   4.966101e-12   48
  6.283185e-02   4.042059e-11   0.000000e+00   1.781991e-11   6
  6.476559e-02   3.144301e-11   7.947286e-10   4.417603e-12   48
  6.664324e-02   2.865396e-11   7.492773e-10   2.992448e-12   36
  6.846942e-02   4.012164e-11   7.947286e-10   8.400618e-12   24
  7.024815e-02   2.322305e-11   1.123916e-09   3.999949e-12   24
  7.198293e-02   2.032641e-11   0.000000e+00   2.765525e-12   48
  7.367688e-02   3.058318e-11   1.123916e-09   4.354688e-12   24
  7.695299e-02   2.341271e-11   1.123916e-09   3.682200e-12   24
  7.853982e-02   1.562161e-11   0.000000e+00   2.558891e-12   30
  8.009521e-02   1.633748e-11   0.000000e+00   1.800353e-12   72
  8.162097e-02   1.567526e-11   1.192093e-09   3.208056e-12   32
  8.458997e-02   1.966605e-11   0.000000e+00   2.275068e-12   72
  8.603606e-02   1.179778e-11   0.000000e+00   1.727843e-12   48
  8.885766e-02   5.918772e-12   0.000000e+00   1.760767e-12   12
  9.023538e-02   1.146372e-11   0.000000e+00   1.717831e-12   48
  9.159238e-02   9.878698e-12   0.000000e+00   9.790234e-13   48
  9.292956e-02   1.286947e-11   1.123916e-09   1.626534e-12   48
  9.424778e-02   1.513061e-11   1.271566e-09   2.650298e-12   30
  9.554781e-02   1.343468e-11   0.000000e+00   3.030941e-12   24
  9.683039e-02   1.341958e-11   2.369423e-09   1.363375e-12   72
  9.934588e-02   7.712625e-12   0.000000e+00   1.467925e-12   24
  1.005800e-01   1.145462e-11   0.000000e+00   1.127254e-12   96
  1.017992e-01   8.675090e-12   0.000000e+00   1.154888e-12   48
  1.030040e-01   7.119941e-12   1.946680e-09   1.744552e-12   24
  1.041948e-01   5.167100e-12   1.946680e-09   1.063951e-12   24
  1.053722e-01   1.213458e-11   0.000000e+00   1.479363e-12   72
  1.065366e-01   9.062215e-12   0.000000e+00   1.395047e-12   48
  1.088280e-01   7.575699e-12   1.192093e-09   2.251112e-12   8
  1.099557e-01   1.128588e-11   1.412851e-09   1.359071e-12   54
  1.110721e-01   7.468957e-12   0.000000e+00   1.293243e-12   84
  1.121773e-01   8.284651e-12   0.000000e+00   1.192327e-12   48
  1.132717e-01   5.072704e-12   1.589457e-09   9.027908e-13   24
  1.143557e-01   6.741627e-12   2.119276e-09   7.968843e-13   72
  1.154295e-01   8.795698e-12   0.000000e+00   9.989084e-13   96
  1.175476e-01   1.171769e-11   0.000000e+00   1.276366e-12   48
  1.185925e-01   6.417330e-12   0.000000e+00   6.020074e-13   48
  1.196283e-01   5.626940e-12   0.000000e+00   1.096146e-12   24
  1.206552e-01   6.288220e-12   0.000000e+00   6.794779e-13   72
  1.226831e-01   6.379625e-12   0.000000e+00   7.527518e-13   72
  1.236846e-01   6.241065e-12   0.000000e+00   7.111218e-13   96
  1.256637e-01   8.834236e-12   0.000000e+00   3.898849e-12   6
  1.266416e-01   6.960163e-12   0.000000e+00   6.800105e-13   96
  1.276121e-01   7.103036e-12   1.589457e-09   7.584532e-13   96
  1.285752e-01   4.688209e-12   0.000000e+00   1.114472e-12   24
  1.295312e-01   5.213716e-12   1.589457e-09   6.341608e-13   48
  1.304801e-01   5.256982e-12   0.000000e+00   5.302281e-13   96
  1.314222e-01   5.894764e-12   0.000000e+00   7.934868e-13   48
  1.332865e-01   5.242797e-12   1.498555e-09   9.679512e-13   36
  1.342089e-01   5.225799e-12   2.753021e-09   6.546572e-13   48
  1.351250e-01   5.708473e-12   3.114687e-09   5.103854e-13   120
  1.360350e-01   5.017157e-12   0.000000e+00   6.599270e-13   56
  1.369388e-01   2.766132e-12   1.589457e-09   4.841057e-13   24
  1.378368e-01   3.999558e-12   0.000000e+00   3.551772e-13   96
  1.387290e-01   4.177855e-12   0.000000e+00   5.367791e-13   48
  1.404963e-01   5.070073e-12   2.247832e-09   9.394443e-13   24
  1.413717e-01   5.373193e-12   0.000000e+00   5.362778e-13   102
  1.422417e-01   5.641230e-12   1.589457e-09   8.528540e-13   48
  1.431064e-01   5.007285e-12   0.000000e+00   5.000755e-13   72
  1.439659e-01   4.508731e-12   0.000000e+00   4.545071e-13   48
  1.448203e-01   4.876067e-12   0.000000e+00   8.993300e-13   48
  1.456697e-01   4.050986e-12   3.596531e-09   3.614403e-13   120
  1.473538e-01   6.021630e-12   2.247832e-09   9.982562e-13   24
  1.481886e-01   3.545571e-12   2.119276e-09   2.975110e-13   144
  1.490188e-01   3.581015e-12   2.543132e-09   3.457151e-13   120
  1.498444e-01   2.857741e-12   2.247832e-09   4.018439e-13   48
  1.514821e-01   4.044403e-12   2.247832e-09   5.387180e-13   48
  1.522944e-01   3.268755e-12   2.247832e-09   3.352404e-13   96
  1.544390e-01   4.134038e-12   3.768959e-04   4.973868e-13   72
  1.555009e-01   3.059509e-12   1.998073e-09   2.319175e-13   108
  1.562923e-01   3.544032e-12   0.000000e+00   3.770946e-13   72
  1.570796e-01   2.186892e-12   0.000000e+00   4.212218e-13   30
  1.578631e-01   3.568157e-12   0.000000e+00   2.788865e-13   168
  1.586427e-01   3.604776e-12   0.000000e+00   4.039906e-13   48
  1.601904e-01   2.381819e-12   0.000000e+00   2.795631e-13   72
  1.609587e-01   3.128749e-12   0.000000e+00   3.002305e-13   96
  1.617234e-01   3.000492e-12   4.238553e-09   4.598672e-13   72
  1.624844e-01   3.463287e-12   0.000000e+00   3.673178e-13   72
  1.637639e-01   3.099032e-12   3.480039e-04   2.314908e-13   104
  1.647465e-01   2.891283e-12   2.997109e-09   2.116046e-13   144
  1.669779e-01   1.987984e-12   5.026305e-09   1.874993e-13   96
  1.677152e-01   2.106920e-12   0.000000e+00   2.169241e-13   96
  1.688876e-01   2.881551e-12   3.580185e-04   2.664364e-13   120
  1.699076e-01   2.396732e-12   0.000000e+00   2.157566e-13   120
  1.706322e-01   2.874237e-12   0.000000e+00   3.109008e-13   72
  1.720721e-01   2.882157e-12   0.000000e+00   3.816944e-13   48
  1.727876e-01   2.974511e-12   3.912510e-09   3.426768e-13   78
  1.737029e-01   3.084784e-12   3.205713e-04   2.417438e-13   168
  1.756204e-01   2.807970e-12   3.670694e-09   2.402389e-13   144
  1.763215e-01   2.956728e-12   2.997109e-09   2.109331e-13   144
  1.783549e-01   2.580890e-12   1.846233e-04   2.222730e-13   156
  1.790983e-01   1.929057e-12   3.893359e-09   3.661719e-13   48
  1.797859e-01   2.323422e-12   2.543132e-09   2.230522e-13   120
  1.804708e-01   1.634026e-12   0.000000e+00   1.702563e-13   48
  1.816818e-01   2.446027e-12   2.825996e-04   1.678548e-13   216
  1.831848e-01   2.077248e-12   0.000000e+00   2.502842e-13   48
  1.838570e-01   1.969265e-12   2.247832e-09   1.706953e-13   96
  1.848128e-01   2.233675e-12   3.302618e-04   1.949373e-13   168
  1.858591e-01   1.783652e-12   2.247832e-09   2.540281e-13   48
  1.865217e-01   2.388520e-12   0.000000e+00   2.380471e-13   96
  1.871820e-01   2.188965e-12   0.000000e+00   3.953520e-13   48
  1.884956e-01   2.588467e-12   2.543132e-09   2.570081e-13   30
  1.891489e-01   1.671448e-12   0.000000e+00   1.355381e-13   96
  1.899298e-01   2.054888e-12   2.595564e-04   1.401589e-13   240
  1.909339e-01   2.930700e-12   2.800239e-04   4.112087e-13   32
  1.917401e-01   1.565540e-12   0.000000e+00   1.139912e-13   168
  1.923825e-01   1.855395e-12   0.000000e+00   1.802791e-13   120
  1.936608e-01   1.492261e-12   4.738846e-09   1.711022e-13   72
  1.942968e-01   2.353340e-12   2.119276e-09   2.147505e-13   144
  1.949307e-01   1.705134e-12   0.000000e+00   1.696104e-13   96
  1.955626e-01   2.195840e-12   0.000000e+00   1.748490e-13   96
  1.968202e-01   2.291150e-12   0.000000e+00   2.796121e-13   72
  1.974460e-01   1.806809e-12   3.178914e-09   1.753870e-13   96
  1.986918e-01   1.848191e-12   0.000000e+00   3.407764e-13   24
  1.993117e-01   2.006733e-12   0.000000e+00   1.442890e-13   192
  2.000418e-01   1.885359e-12   2.376333e-04   1.394818e-13   132
  2.011601e-01   2.023768e-12   0.000000e+00   1.779688e-13   96
  2.017724e-01   1.429458e-12   0.000000e+00   1.432453e-13   96
  2.023829e-01   1.849817e-12   2.543132e-09   1.537406e-13   120
  2.035985e-01   1.954051e-12   0.000000e+00   2.652130e-13   48
  2.045948e-01   1.309433e-12   2.879924e-04   8.332097e-14   222
  2.054083e-01   1.669563e-12   0.000000e+00   1.556209e-13   120
  2.060080e-01   1.753494e-12   3.893359e-09   3.513571e-13   24
  2.068812e-01   1.937204e-12   2.972500e-04   1.038615e-13   312
  2.087838e-01   2.081313e-12   2.786838e-04   2.234244e-13   72
  2.095704e-01   1.437993e-12   3.893359e-09   1.855229e-13   96
  2.103781e-01   1.749614e-12   2.838009e-04   1.338164e-13   192
  2.113290e-01   1.585773e-12   3.596531e-09   1.626225e-13   120
  2.119120e-01   1.587380e-12   0.000000e+00   1.586148e-13   144
  2.130732e-01   1.429279e-12   0.000000e+00   2.035974e-13   48
  2.138985e-01   1.380828e-12   2.853717e-04   8.087151e-14   336
  2.148032e-01   1.535616e-12   0.000000e+00   2.011470e-13   48
  2.159488e-01   1.398310e-12   0.000000e+00   1.244550e-13   192
  2.165193e-01   1.432960e-12   0.000000e+00   1.726206e-13   48
  2.181411e-01   1.434065e-12   1.980854e-04   1.721857e-13   56
  2.189475e-01   1.412142e-12   2.544090e-04   7.719436e-14   336
  2.199115e-01   1.407346e-12   2.825702e-09   2.018554e-13   54
  2.207512e-01   1.270008e-12   2.794324e-04   7.758911e-14   240
  2.224945e-01   1.268690e-12   2.675587e-04   9.563637e-14   228
  2.232521e-01   1.468251e-12   2.997109e-09   1.866756e-13   72
  2.239875e-01   1.473720e-12   2.595385e-04   1.080504e-13   144
  2.249038e-01   1.210050e-12   0.000000e+00   1.163979e-13   96
  2.254517e-01   1.217643e-12   3.596531e-09   7.719921e-14   240
  2.265435e-01   1.075648e-12   3.178914e-09   2.030125e-13   24
  2.272424e-01   1.272485e-12   2.451321e-04   7.403180e-14   336
  2.281713e-01   1.133254e-12   0.000000e+00   1.314716e-13   72
  2.290193e-01   1.425467e-12   2.666265e-04   1.020659e-13   168
  2.297877e-01   9.708840e-13   0.000000e+00   8.840941e-14   72
  2.308590e-01   1.469587e-12   0.000000e+00   1.375341e-13   96
  2.316886e-01   1.164754e-12   2.646263e-04   8.184121e-14   216
  2.324566e-01   9.079995e-13   0.000000e+00   6.775069e-14   96
  2.335157e-01   1.101432e-12   3.178914e-09   7.205731e-14   192
  2.340434e-01   1.093148e-12   2.997109e-09   8.483612e-14   144
  2.350953e-01   1.094641e-12   0.000000e+00   1.397731e-13   48
  2.358236e-01   1.170546e-12   2.551309e-04   7.952125e-14   246
  2.368131e-01   1.418618e-12   2.352347e-04   1.071179e-13   168
  2.377046e-01   1.123082e-12   6.229375e-09   1.158688e-13   120
  2.382231e-01   9.315856e-13   0.000000e+00   6.280951e-14   240
  2.392566e-01   6.942029e-13   0.000000e+00   1.408309e-13   24
  2.400800e-01   1.051947e-12   2.517980e-04   6.369115e-14   360
  2.411056e-01   1.036553e-12   2.507265e-04   7.811455e-14   120
  2.418210e-01   1.144432e-12   0.000000e+00   9.216230e-14   144
  2.423307e-01   1.163476e-12   0.000000e+00   9.943971e-14   96
  2.438532e-01   1.085171e-12   0.000000e+00   8.425989e-14   144
  2.443586e-01   1.174833e-12   0.000000e+00   9.978305e-14   132
  2.450688e-01   1.027663e-12   2.474633e-04   7.447866e-14   176
  2.460999e-01   1.026421e-12   2.498881e-04   5.236463e-14   312
  2.473693e-01   1.422003e-12   0.000000e+00   2.102032e-13   96
  2.478675e-01   9.505542e-13   0.000000e+00   8.265816e-14   144
  2.486319e-01   1.034408e-12   2.473817e-04   5.810118e-14   312
  2.498505e-01   1.153482e-12   0.000000e+00   1.132713e-13   48
  2.503437e-01   9.004488e-13   3.178914e-09   6.551781e-14   192
  2.513274e-01   3.533347e-13   0.000000e+00   1.100000e-13   6
  2.519810e-01   8.517757e-13   2.307253e-04   4.561174e-14   288
  2.530395e-01   8.488212e-13   2.437763e-04   6.047681e-14   192
  2.537699e-01   8.048001e-13   7.476104e-09   5.093473e-14   216
  2.542556e-01   9.908018e-13   0.000000e+00   1.311594e-13   72
  2.554657e-01   8.409483e-13   2.414611e-04   6.689737e-14   192
  2.562693e-01   1.056730e-12   1.792979e-04   6.242890e-14   288
  2.571504e-01   8.943335e-13   0.000000e+00   1.716006e-13   24
  2.578312e-01   9.699469e-13   2.362101e-04   4.328784e-14   456
  2.590624e-01   6.298269e-13   0.000000e+00   9.148478e-14   48
  2.598231e-01   8.880835e-13   2.326575e-04   6.317967e-14   240
  2.606974e-01   1.015790e-12   2.351266e-04   6.522564e-14   216
  2.614326e-01   7.913667e-13   0.000000e+00   9.570644e-14   72
  2.619041e-01   7.945278e-13   8.123736e-09   6.297428e-14   168
  2.632353e-01   9.239040e-13   1.747662e-04   5.615687e-14   288
  2.639818e-01   9.178099e-13   2.312456e-04   6.303501e-14   168
  2.651809e-01   1.014477e-12   0.000000e+00   7.176621e-14   192
  2.656458e-01   8.073521e-13   2.997109e-09   5.685856e-14   144
  2.665730e-01   1.065333e-12   2.997109e-09   1.326694e-13   36
  2.673593e-01   6.864201e-13   2.111764e-04   3.472622e-14   342
  2.681111e-01   8.080908e-13   2.168525e-04   6.215087e-14   144
  2.690776e-01   7.793355e-13   2.274240e-04   3.994453e-14   384
  2.702500e-01   9.211348e-13   6.229375e-09   8.473248e-14   120
  2.708303e-01   9.142461e-13   2.027960e-04   5.512044e-14   264
  2.716161e-01   7.667559e-13   1.005261e-08   5.450686e-14   192
  2.723561e-01   8.246925e-13   2.185515e-04   6.179969e-14   152
  2.729753e-01   7.534070e-13   5.994218e-09   6.652903e-14   144
  2.742778e-01   6.322116e-13   1.414487e-04   4.534939e-14   216
  2.748807e-01   8.400923e-13   1.890132e-04   4.461465e-14   312
  2.759419e-01   7.171342e-13   2.190625e-04   3.932303e-14   240
  2.765672e-01   8.455161e-13   3.178914e-09   8.584182e-14   96
  2.777541e-01   7.274824e-13   2.094396e-04   5.770479e-14   144
  2.784857e-01   7.364001e-13   2.058607e-04   3.527997e-14   456
  2.796723e-01   5.761092e-13   0.000000e+00   3.703632e-14   120
  2.801131e-01   6.373609e-13   0.000000e+00   5.768661e-14   144
  2.809926e-01   4.961121e-13   4.495664e-09   8.087636e-14   24
  2.815564e-01   7.205613e-13   1.978798e-04   3.593618e-14   336
  2.825316e-01   6.736902e-13   2.182345e-04   5.070534e-14   198
  2.834454e-01   6.850917e-13   2.122205e-04   3.650002e-14   432
  2.844833e-01   7.704935e-13   6.357829e-09   7.703759e-14   48
  2.850248e-01   7.985636e-13   1.873540e-04   4.081954e-14   384
  2.859970e-01   7.273373e-13   2.156842e-04   5.883103e-14   144
  2.868780e-01   7.641426e-13   2.141460e-04   4.729836e-14   264
  2.879317e-01   5.862861e-13   0.000000e+00   5.562641e-14   48
  2.886387e-01   6.782963e-13   2.036179e-04   4.046643e-14   276
  2.893208e-01   6.143480e-13   1.845741e-04   5.103834e-14   192
  2.902325e-01   6.349876e-13   2.074207e-04   2.623179e-14   552
  2.913393e-01   4.467583e-13   5.086263e-09   3.945047e-14   120
  2.919972e-01   6.520628e-13   2.099609e-04   4.340999e-14   216
  2.926069e-01   6.059119e-13   5.086263e-09   4.685618e-14   120
  2.936961e-01   7.040110e-13   2.067600e-04   3.475662e-14   408
  2.947075e-01   5.593975e-13   4.495664e-09   7.269619e-14   24
  2.953347e-01   5.717629e-13   2.088648e-04   3.332920e-14   384
  2.962106e-01   5.378327e-13   2.040684e-04   3.592780e-14   240
  2.969712e-01   5.609070e-13   2.055628e-04   3.803162e-14   168
  2.980376e-01   4.743596e-13   0.000000e+00   4.588317e-14   120
  2.987251e-01   5.961930e-13   2.142884e-04   3.075902e-14   350
  2.998430e-01   5.991588e-13   3.527601e-04   3.181982e-14   384
  3.005110e-01   6.445378e-13   0.000000e+00   5.899586e-14   144
  3.017401e-01   5.040396e-13   4.238553e-09   2.977738e-14   288
  3.023819e-01   5.219664e-13   2.019242e-04   2.556751e-14   336
  3.032549e-01   6.118284e-13   1.838353e-04   4.486884e-14   168
  3.037776e-01   5.730956e-13   1.204945e-08   3.483759e-14   336
  3.048586e-01   4.836614e-13   1.908100e-04   2.817640e-14   288
  3.055078e-01   5.180224e-13   1.797918e-04   3.070544e-14   264
  3.066072e-01   5.402555e-13   0.000000e+00   3.313248e-14   240
  3.070093e-01   5.333549e-13   0.000000e+00   4.395497e-14   96
  3.084525e-01   5.909367e-13   2.445048e-04   3.100497e-14   360
  3.091260e-01   5.607080e-13   1.802420e-04   4.890123e-14   168
  3.099770e-01   5.455907e-13   1.964825e-04   2.415700e-14   456
  3.110018e-01   5.001172e-13   5.651403e-09   4.383988e-14   108
  3.115782e-01   4.929742e-13   1.971449e-04   3.359305e-14   264
  3.122973e-01   4.889288e-13   1.758853e-04   3.180921e-14   264
  3.132820e-01   5.628555e-13   1.659735e-04   3.195528e-14   312
  3.145081e-01   5.516357e-13   1.233364e-04   3.542108e-14   270
  3.150220e-01   5.108584e-13   1.565911e-04   3.558348e-14   240
  3.159458e-01   5.222121e-13   1.937229e-04   2.615624e-14   384
  3.165067e-01   4.378161e-13   6.357829e-09   2.855497e-14   192
  3.175962e-01   5.464547e-13   1.554368e-04   3.896715e-14   240
  3.182281e-01   5.134864e-13   1.918342e-04   2.757897e-14   336
  3.194167e-01   5.169374e-13   1.931178e-04   2.220946e-14   480
  3.203808e-01   5.236267e-13   4.238553e-09   5.760655e-14   72
  3.209194e-01   5.219352e-13   1.883074e-04   3.467310e-14   240
  3.216520e-01   4.577211e-13   1.769831e-04   2.532431e-14   312
  3.224917e-01   4.326588e-13   1.912763e-04   2.876054e-14   240
  3.237607e-01   4.889381e-13   1.453205e-04   2.380244e-14   408
  3.242630e-01   4.564923e-13   1.330785e-04   2.578214e-14   336
  3.252448e-01   4.796496e-13   1.689770e-04   3.426820e-14   264
  3.257273e-01   5.383399e-13   0.000000e+00   4.364287e-14   144
  3.270696e-01   4.690134e-13   2.342121e-04   2.290347e-14   464
  3.277768e-01   3.624733e-13   1.862466e-04   2.527094e-14   168
  3.284751e-01   5.530143e-13   1.696301e-04   2.949076e-14   336
  3.297371e-01   4.544194e-13   1.782296e-04   2.396121e-14   414
  3.304484e-01   5.326530e-13   1.855264e-04   3.441549e-14   216
  3.313598e-01   5.253158e-13   4.495664e-09   5.352807e-14   96
  3.317320e-01   4.397752e-13   1.101208e-08   2.074327e-14   384
  3.330355e-01   4.724157e-13   1.851680e-04   2.283081e-14   492
  3.337341e-01   3.893597e-13   1.810784e-04   2.328368e-14   240
  3.345237e-01   3.774195e-13   1.838580e-04   2.059328e-14   312
  3.356141e-01   4.096257e-13   1.837975e-04   3.009806e-14   192
  3.363048e-01   4.465284e-13   1.781220e-04   2.027581e-14   504
  3.372212e-01   4.314280e-13   1.179198e-04   2.325478e-14   408
  3.379427e-01   4.756282e-13   3.612619e-04   3.727185e-14   168
  3.388456e-01   4.106496e-13   1.716026e-04   2.633948e-14   288
  3.396033e-01   3.978678e-13   1.790820e-04   2.631720e-14   288
  3.403794e-01   4.121641e-13   1.801128e-04   2.008097e-14   432
  3.415052e-01   4.530138e-13   1.703267e-04   2.948122e-14   216
  3.421068e-01   4.076195e-13   1.699674e-04   1.976275e-14   360
  3.431777e-01   4.440913e-13   1.658865e-04   2.503734e-14   312
  3.441442e-01   5.071650e-13   0.000000e+00   7.978282e-14   48
  3.447014e-01   4.001474e-13   1.778543e-04   1.959201e-14   432
  3.456992e-01   3.720570e-13   2.966627e-04   1.729679e-14   414
  3.462885e-01   3.850185e-13   6.776666e-09   2.178403e-14   312
  3.473878e-01   4.141636e-13   2.603051e-04   1.834054e-14   528
  3.481296e-01   4.230427e-13   1.366381e-04   2.804805e-14   264
  3.490209e-01   3.826554e-13   1.620153e-04   1.908037e-14   480
  3.501854e-01   3.869621e-13   0.000000e+00   2.044401e-14   288
  3.506883e-01   4.052444e-13   1.740804e-04   3.352838e-14   168
  3.516084e-01   3.969295e-13   2.755688e-04   1.665513e-14   504
  3.526429e-01   4.624591e-13   4.238553e-09   3.473858e-14   144
  3.532937e-01   3.561094e-13   1.769812e-04   1.618612e-14   464
  3.542716e-01   3.215418e-13   2.597299e-04   1.501196e-14   432
  3.547358e-01   4.205543e-13   4.495664e-09   2.834100e-14   192
  3.559351e-01   3.390686e-13   1.925466e-04   1.489677e-14   396
  3.566434e-01   3.577345e-13   1.729600e-04   2.129376e-14   288
  3.573592e-01   3.617057e-13   1.708549e-04   1.974089e-14   336
  3.585027e-01   3.389689e-13   1.081887e-04   1.517237e-14   432
  3.592283e-01   3.713082e-13   2.804101e-04   1.871129e-14   360
  3.600431e-01   3.591001e-13   1.658667e-04   1.643842e-14   384
  3.612003e-01   3.031386e-13   1.464092e-04   2.208310e-14   198
  3.617579e-01   3.505735e-13   1.664197e-04   1.375739e-14   552
  3.627976e-01   3.032359e-13   2.329761e-04   1.747383e-14   432
  3.636656e-01   3.780624e-13   8.899106e-09   2.805643e-14   168
  3.643942e-01   3.596042e-13   2.888052e-04   1.656920e-14   480
  3.653579e-01   2.623404e-13   0.000000e+00   2.395967e-14   120
  3.657917e-01   3.261062e-13   2.358836e-04   2.027294e-14   336
  3.668502e-01   3.431696e-13   1.664122e-04   1.241398e-14   672
  3.678969e-01   3.529786e-13   2.420693e-04   1.579283e-14   528
  3.683844e-01   3.029520e-13   7.266090e-09   1.898378e-14   168
  3.695106e-01   3.362436e-13   2.700266e-04   1.473932e-14   456
  3.701979e-01   3.879552e-13   1.649075e-04   3.867144e-14   168
  3.709113e-01   3.428579e-13   1.646115e-04   1.714141e-14   504
  3.720973e-01   3.030713e-13   2.118297e-04   1.741491e-14   336
  3.728144e-01   3.642383e-13   1.527042e-04   1.993409e-14   312
  3.736099e-01   3.383876e-13   1.492023e-04   1.570586e-14   504
  3.746568e-01   3.150322e-13   1.035207e-04   1.327727e-14   432
  3.751490e-01   2.840280e-13   1.599738e-04   1.549234e-14   312
  3.761721e-01   2.988203e-13   1.639809e-04   1.384235e-14   384
  3.772403e-01   3.462552e-13   1.393208e-04   3.306907e-14   126
  3.778999e-01   3.128103e-13   2.446141e-04   1.469588e-14   492
  3.787423e-01   3.275389e-13   1.566756e-04   1.432075e-14   528
  3.797950e-01   3.011907e-13   1.591488e-04   1.348591e-14   480
  3.804477e-01   3.351879e-13   2.198632e-04   1.640470e-14   432
  3.813922e-01   3.349047e-13   1.728933e-04   1.574004e-14   440
  3.824891e-01   3.052973e-13   8.597912e-05   1.701915e-14   312
  3.829007e-01   3.128012e-13   1.288469e-04   1.832887e-14   480
  3.837450e-01   2.983517e-13   2.522797e-04   1.613013e-14   408
  3.849786e-01   3.114912e-13   1.510870e-04   1.596274e-14   360
  3.854998e-01   2.832735e-13   1.457935e-04   1.403640e-14   408
  3.864656e-01   2.721802e-13   1.483633e-04   1.230503e-14   456
  3.875531e-01   3.096566e-13   1.417988e-04   1.777185e-14   264
  3.881567e-01   2.874130e-13   1.538873e-04   1.617440e-14   384
  3.890354e-01   2.898193e-13   2.590801e-04   1.186604e-14   672
  3.900512e-01   2.939525e-13   1.549634e-04   2.110910e-14   240
  3.906373e-01   2.882176e-13   1.572490e-04   1.601755e-14   264
  3.914646e-01   2.378555e-13   1.939407e-04   1.016595e-14   624
  3.926991e-01   2.838273e-13   0.000000e+00   2.211770e-14   150
  3.931386e-01   3.094256e-13   2.173259e-04   1.386760e-14   600
  3.940655e-01   2.597891e-13   1.499928e-04   1.107281e-14   672
  3.951151e-01   2.742973e-13   1.410788e-04   1.635634e-14   336
  3.956998e-01   2.976403e-13   1.534526e-04   1.584674e-14   408
  3.966340e-01   2.693677e-13   1.530911e-04   1.455643e-14   408
  3.976732e-01   2.551614e-13   7.741108e-05   1.327242e-14   360
  3.983137e-01   2.840581e-13   2.842286e-04   1.399408e-14   456
  3.990874e-01   2.573946e-13   1.545652e-04   1.250220e-14   384
  4.000722e-01   2.798097e-13   1.426833e-04   1.300642e-14   348
  4.006044e-01   2.705234e-13   1.759003e-04   1.191311e-14   576
  4.016040e-01   2.641186e-13   1.448308e-04   1.189830e-14   504
  4.026266e-01   2.591309e-13   2.042754e-04   1.240436e-14   432
  4.035193e-01   2.371124e-13   2.779157e-04   9.199717e-15   576
  4.041559e-01   2.465312e-13   0.000000e+00   1.467143e-14   264
  4.051657e-01   2.546563e-13   2.211515e-04   9.008935e-15   768
  4.060439e-01   2.715214e-13   2.977401e-04   1.784442e-14   240
  4.067421e-01   2.365548e-13   2.625786e-04   1.870810e-14   192
  4.077592e-01   2.361196e-13   1.932899e-04   9.887702e-15   504
  4.085134e-01   2.367339e-13   2.604655e-04   1.108382e-14   590
  4.092368e-01   2.403156e-13   2.918373e-04   1.258129e-14   384
  4.101438e-01   2.419408e-13   2.438900e-04   1.142270e-14   504
  4.112389e-01   2.658934e-13   2.347064e-04   1.022497e-14   648
  4.123011e-01   2.371317e-13   6.374317e-05   1.095031e-14   504
  4.127294e-01   2.467221e-13   1.454101e-04   1.255131e-14   312
  4.134855e-01   2.287752e-13   2.095003e-04   9.202218e-15   576
  4.145236e-01   2.428757e-13   1.457924e-04   1.700568e-14   240
  4.151287e-01   2.236028e-13   1.473162e-04   9.537798e-15   552
  4.159853e-01   2.526279e-13   1.383265e-04   1.127346e-14   600
  4.172054e-01   2.297513e-13   1.689549e-04   9.189409e-15   600
  4.179389e-01   2.428168e-13   2.705679e-04   1.413847e-14   312
  4.186695e-01   2.487161e-13   2.356379e-04   1.138069e-14   480
  4.195820e-01   2.410872e-13   1.470154e-04   1.076466e-14   576
  4.203854e-01   2.496346e-13   2.367268e-04   1.463362e-14   408
  4.210983e-01   2.012009e-13   2.761527e-04   1.174690e-14   216
  4.220194e-01   2.028288e-13   2.115019e-04   9.508653e-15   516
  4.230063e-01   2.358836e-13   2.017943e-04   9.202817e-15   744
  4.240243e-01   2.267520e-13   1.347808e-04   1.057983e-14   462
  4.245995e-01   2.268041e-13   1.369852e-04   1.116297e-14   432
  4.254918e-01   2.431933e-13   1.270838e-04   9.044101e-15   648
  4.265409e-01   2.357400e-13   1.859472e-04   1.060703e-14   528
  4.273836e-01   2.047359e-13   2.239269e-04   8.345651e-15   600
  4.282256e-01   2.401658e-13   2.823132e-04   2.160812e-14   240
  4.290411e-01   2.049608e-13   2.162492e-04   7.687817e-15   720
  4.299890e-01   2.308286e-13   1.710922e-04   8.329407e-15   720
  4.310398e-01   1.609972e-13   0.000000e+00   1.128945e-14   144
  4.315927e-01   2.073000e-13   2.205891e-04   7.591335e-15   720
  4.323793e-01   2.429665e-13   1.322696e-04   1.263760e-14   384
  4.333641e-01   2.080618e-13   1.466278e-04   8.298492e-15   672
  4.342984e-01   2.243898e-13   2.567292e-04   1.317425e-14   336
  4.347447e-01   2.372157e-13   0.000000e+00   1.563603e-14   288
  4.358374e-01   1.962252e-13   2.031840e-04   6.935465e-15   776
  4.368489e-01   2.132789e-13   1.738547e-04   7.878472e-15   720
  4.376985e-01   2.002923e-13   1.400528e-04   1.002910e-14   432
  4.383780e-01   2.144119e-13   1.996629e-04   1.313313e-14   504
  4.391339e-01   1.913436e-13   1.398922e-04   8.845365e-15   528
  4.401917e-01   2.022129e-13   1.905949e-04   9.609352e-15   438
  4.410618e-01   1.924290e-13   2.218350e-04   8.400623e-15   624
  4.417176e-01   2.169589e-13   2.717180e-04   1.187732e-14   312
  4.426191e-01   2.170716e-13   1.463948e-04   7.966639e-15   696
  4.435512e-01   2.004753e-13   1.324608e-04   9.090032e-15   552
  4.445207e-01   1.821948e-13   1.024805e-04   7.785037e-15   516
  4.451205e-01   2.046615e-13   2.046970e-04   9.576722e-15   528
  4.458506e-01   1.712374e-13   1.331200e-04   7.839096e-15   528
  4.468878e-01   1.940093e-13   1.755583e-04   7.337907e-15   864
  4.475918e-01   1.779390e-13   2.404788e-04   9.116072e-15   408
  4.482965e-01   2.098433e-13   2.382549e-04   1.322684e-14   192
  4.492953e-01   1.871647e-13   1.971674e-04   7.098595e-15   720
  4.501385e-01   1.690817e-13   1.817980e-04   6.353512e-15   696
  4.511404e-01   1.892642e-13   1.963435e-04   6.919016e-15   720
  4.520570e-01   1.808202e-13   2.661201e-04   8.786865e-15   432
  4.525916e-01   1.632714e-13   1.566487e-04   1.024898e-14   264
  4.535534e-01   1.847874e-13   2.163249e-04   6.976781e-15   672
  4.544137e-01   1.877723e-13   2.214835e-04   7.779120e-15   600
  4.554346e-01   1.620161e-13   1.296784e-04   9.866248e-15   270
  4.559493e-01   1.759272e-13   1.952021e-04   8.041061e-15   528
  4.567673e-01   2.022787e-13   1.336675e-04   7.549653e-15   840
  4.578890e-01   1.947388e-13   2.555961e-04   7.026518e-15   888
  4.589254e-01   1.719064e-13   1.904380e-04   6.296686e-15   744
  4.598014e-01   2.028288e-13   9.785730e-05   1.018468e-14   456
  4.602370e-01   1.974568e-13   1.337280e-04   9.612072e-15   360
  4.609825e-01   1.653771e-13   1.158678e-04   8.333801e-15   384
  4.621264e-01   1.814256e-13   1.858509e-04   6.329578e-15   816
  4.629847e-01   1.822637e-13   2.696437e-04   6.115140e-15   824
  4.640279e-01   1.718756e-13   1.253432e-04   9.783129e-15   360
  4.645865e-01   2.055532e-13   1.849595e-04   8.342785e-15   624
  4.653553e-01   1.667523e-13   1.249856e-04   8.707677e-15   360
  4.663795e-01   1.737634e-13   1.700172e-04   6.043462e-15   876
  4.673045e-01   1.642804e-13   2.019296e-04   6.999942e-15   696
  4.682373e-01   1.782609e-13   1.303928e-04   9.893937e-15   336
  4.687264e-01   1.918646e-13   1.302463e-04   1.009314e-14   504
  4.695341e-01   1.664994e-13   1.313750e-04   7.115224e-15   672
  4.707324e-01   1.555926e-13   2.615370e-04   5.753369e-15   720
  4.715635e-01   1.595005e-13   1.975633e-04   6.375432e-15   774
  4.724808e-01   1.844507e-13   1.130801e-04   1.082252e-14   384
  4.729612e-01   1.826698e-13   2.176147e-04   9.137306e-15   528
  4.737068e-01   1.727903e-13   2.073989e-04   6.495285e-15   744
  4.749062e-01   1.864663e-13   1.710601e-04   7.406688e-15   768
  4.757025e-01   1.668776e-13   1.920278e-04   7.666832e-15   552
  4.766960e-01   1.523592e-13   2.092886e-04   5.782731e-15   696
  4.774351e-01   1.849184e-13   2.543221e-04   1.010258e-14   408
  4.780218e-01   1.715496e-13   1.098692e-04   8.099203e-15   504
  4.789519e-01   1.591986e-13   1.973758e-04   6.139480e-15   888
  4.798671e-01   1.505527e-13   2.051305e-04   6.520002e-15   648
  4.808184e-01   1.523008e-13   2.033722e-04   6.111394e-15   648
  4.817134e-01   1.563149e-13   2.192851e-04   5.813502e-15   792
  4.826614e-01   1.455854e-13   3.208291e-04   6.132679e-15   600
  4.833600e-01   1.399285e-13   2.174285e-04   6.721552e-15   456
  4.840953e-01   1.598783e-13   1.059654e-04   6.477414e-15   648
  4.850397e-01   1.442808e-13   2.066479e-04   4.749932e-15   936
  4.860593e-01   1.660294e-13   1.269084e-04   8.088292e-15   384
  4.869469e-01   4.527044e-17   0.000000e+00   4.167106e-18   198
  4.876318e-01   4.348279e-17   3.219776e-04   1.624902e-18   1224
  4.883707e-01   3.382414e-17   2.344988e-04   2.192006e-18   420
  4.892446e-01   4.093386e-17   2.269458e-04   1.958109e-18   792
  4.900991e-01   4.317640e-17   1.876648e-04   1.994243e-18   680
  4.910742e-01   4.341300e-17   1.723226e-04   2.296615e-18   600
  4.918588e-01   4.244207e-17   2.499151e-04   1.778064e-18   840
  4.929064e-01   4.646048e-17   1.179983e-04   2.748431e-18   432
  4.933067e-01   4.096483e-17   1.105800e-04   1.842165e-18   720
  4.941771e-01   3.943472e-17   2.214723e-04   1.524603e-18   960
  4.952596e-01   4.615777e-17   1.974263e-04   2.685816e-18   528
  4.960507e-01   3.875476e-17   2.018074e-04   1.870901e-18   624
  4.969923e-01   3.934569e-17   1.586192e-04   1.766014e-18   816
  4.979269e-01   3.516725e-17   2.608527e-04   1.619672e-18   696
  4.989597e-01   3.943385e-17   1.438612e-08   3.142585e-18   240
  4.993481e-01   4.307371e-17   1.538310e-04   1.934902e-18   672
  5.002149e-01   3.580104e-17   2.749181e-04   1.385364e-18   864
  5.011872e-01   4.273918e-17   2.109550e-04   1.731994e-18   816
  5.020636e-01   3.914089e-17   1.207434e-04   1.821925e-18   648
  5.030076e-01   3.792697e-17   1.234217e-04   1.580392e-18   843
  5.038089e-01   3.924555e-17   2.220660e-04   1.857092e-18   780
  5.047639e-01   4.558437e-17   1.191565e-04   3.338680e-18   216
  5.053529e-01   3.501749e-17   2.873328e-04   1.279676e-18   1056
  5.062588e-01   4.722679e-17   2.350705e-04   3.384627e-18   228
  5.070976e-01   3.497499e-17   2.926687e-04   1.345742e-18   924
  5.079587e-01   3.211606e-17   1.085637e-04   1.345146e-18   696
  5.088706e-01   3.579651e-17   1.932122e-04   1.359684e-18   996
  5.098035e-01   3.737009e-17   1.140687e-04   1.728147e-18   576
  5.107740e-01   3.829465e-17   1.760574e-04   1.976605e-18   552
  5.114815e-01   3.592910e-17   2.102064e-04   2.013606e-18   516
  5.121995e-01   3.573256e-17   3.056837e-04   1.494120e-18   744
  5.130199e-01   4.426394e-17   1.499561e-04   2.527648e-18   576
  5.137336e-01   3.322991e-17   1.543428e-04   1.244717e-18   792
  5.147477e-01   3.250850e-17   1.764424e-04   1.305041e-18   792
  5.154909e-01   3.575863e-17   1.902913e-04   1.534174e-18   720
  5.164960e-01   3.173795e-17   2.168883e-04   1.357644e-18   656
  5.174379e-01   3.244229e-17   2.368308e-04   1.371555e-18   816
  5.184034e-01   3.327502e-17   1.276952e-04   1.705042e-18   492
  5.189522e-01   3.453920e-17   1.836985e-04   1.596071e-18   552
  5.199822e-01   3.455635e-17   3.194294e-04   1.658885e-18   780
  5.206511e-01   3.207809e-17   1.962217e-04   1.618843e-18   528
  5.213718e-01   3.234072e-17   2.290504e-04   1.377634e-18   600
  5.224340e-01   3.156306e-17   1.903590e-04   1.113309e-18   900
  5.231662e-01   3.417679e-17   1.053860e-04   1.433695e-18   696
  5.241734e-01   3.608200e-17   2.664725e-04   1.459878e-18   696
  5.251479e-01   3.680084e-17   1.081054e-04   1.688832e-18   552
  5.259673e-01   2.719067e-17   1.257166e-04   1.155353e-18   708
  5.268258e-01   3.425754e-17   2.075652e-04   1.427775e-18   876
  5.277190e-01   2.654927e-17   1.102130e-04   1.986090e-18   216
  5.283184e-01   2.849634e-17   3.014475e-04   9.872049e-19   1032
  5.292161e-01   3.288055e-17   3.356286e-04   1.519738e-18   600
  5.301478e-01   3.451558e-17   1.601495e-04   1.429878e-18   600
  5.308585e-01   2.952430e-17   2.828090e-04   1.653794e-18   528
  5.316987e-01   3.063500e-17   1.552497e-04   1.124589e-18   732
  5.325837e-01   2.422420e-17   1.146378e-04   1.208637e-18   336
  5.336024e-01   3.100130e-17   1.633817e-04   1.084842e-18   912
  5.343638e-01   2.955680e-17   1.639857e-04   1.205122e-18   624
  5.351957e-01   2.900865e-17   1.381873e-04   1.188959e-18   768
  5.361666e-01   3.250889e-17   2.493171e-04   1.354165e-18   792
  5.371196e-01   2.900853e-17   1.236011e-04   1.320760e-18   660
  5.377977e-01   2.775064e-17   1.821461e-04   1.338427e-18   504
  5.384990e-01   3.170999e-17   2.975919e-04   1.661505e-18   480
  5.395501e-01   2.497160e-17   2.752337e-04   9.348005e-19   912
  5.403731e-01   3.204685e-17   3.065154e-04   1.843521e-18   432
  5.411504e-01   2.579511e-17   1.820016e-04   1.260106e-18   564
  5.418405e-01   2.835141e-17   1.742006e-04   1.180048e-18   600
  5.428119e-01   2.675504e-17   2.428192e-04   9.436576e-19   876
  5.435417e-01   2.999539e-17   1.091788e-04   1.891799e-18   264
  5.445477e-01   3.185607e-17   2.118499e-04   1.506447e-18   560
  5.453563e-01   2.695689e-17   1.439565e-04   9.595282e-19   840
  5.463378e-01   2.879572e-17   2.219395e-04   1.077001e-18   1008
  5.472454e-01   3.351207e-17   9.928084e-05   1.553634e-18   456
  5.480744e-01   3.078425e-17   1.286043e-04   1.361220e-18   576
  5.488407e-01   2.921866e-17   1.976142e-04   1.321575e-18   612
  5.498512e-01   2.687232e-17   1.765015e-04   1.094658e-18   780
  5.506755e-01   2.748978e-17   2.022627e-04   1.156384e-18   648
  5.515194e-01   3.015614e-17   9.425702e-05   1.921007e-18   312
  5.520587e-01   2.869183e-17   2.394916e-04   1.426392e-18   528
  5.529931e-01   2.607800e-17   3.127641e-04   1.080395e-18   720
  5.538866e-01   2.496243e-17   3.137436e-04   1.071935e-18   576
  5.549699e-01   2.621929e-17   2.706443e-04   1.184242e-18   444
  5.556439e-01   2.750671e-17   2.654148e-04   9.186127e-19   996
  5.564699e-01   2.470297e-17   2.217012e-04   1.292575e-18   432
  5.572506e-01   2.675343e-17   2.427192e-04   1.296271e-18   504
  5.579250e-01   3.180593e-17   1.094306e-04   1.396534e-18   504
  5.588852e-01   2.827673e-17   2.153608e-04   1.132002e-18   876
  5.597541e-01   2.611576e-17   2.478597e-04   1.269996e-18   504
  5.606589e-01   2.354238e-17   1.580720e-04   9.044769e-19   696
  5.614066e-01   2.897384e-17   1.351349e-04   1.413029e-18   492
  5.624240e-01   2.495739e-17   1.934522e-04   1.274993e-18   432
  5.631776e-01   2.576018e-17   1.811468e-04   9.526157e-19   768
  5.640708e-01   2.424161e-17   2.256427e-04   1.152707e-18   648
  5.649237e-01   2.347684e-17   1.472076e-04   1.127076e-18   456
  5.659038e-01   2.347559e-17   2.024344e-04   1.039572e-18   552
  5.665845e-01   2.511087e-17   1.387487e-04   1.190530e-18   648
  5.675213e-01   2.395613e-17   2.261525e-04   8.640390e-19   840
  5.684363e-01   2.794974e-17   1.078474e-04   1.479345e-18   432
  5.693524e-01   2.280200e-17   1.320946e-04   9.439380e-19   600
  5.699896e-01   2.665539e-17   1.407382e-04   1.548722e-18   432
  5.710598e-01   2.392704e-17   1.401185e-04   1.165862e-18   560
  5.717846e-01   2.494329e-17   2.217929e-04   9.586003e-19   840
  5.726922e-01   2.672071e-17   1.313712e-04   1.229342e-18   504
  5.734129e-01   2.270631e-17   2.681208e-04   9.735649e-19   696
  5.744289e-01   2.580122e-17   1.464380e-04   1.372178e-18   384
  5.752203e-01   2.197102e-17   2.145144e-04   9.522239e-19   576
  5.761776e-01   2.194386e-17   1.323876e-04   1.393681e-18   360
  5.769491e-01   2.269854e-17   1.971572e-04   9.626142e-19   828
  5.777814e-01   2.301207e-17   1.756051e-04   1.195251e-18   372
  5.785440e-01   2.485472e-17   2.681827e-04   1.151180e-18   576
  5.795542e-01   2.451894e-17   1.123146e-04   1.053715e-18   636
  5.802740e-01   2.224502e-17   2.165136e-04   9.466520e-19   648
  5.812477e-01   2.551844e-17   1.760019e-04   1.198941e-18   576
  5.819467e-01   2.255378e-17   2.839096e-04   1.110834e-18   528
  5.828762e-01   2.137032e-17   1.213831e-04   1.208725e-18   360
  5.836457e-01   2.078945e-17   2.792266e-04   8.364979e-19   672
  5.846504e-01   2.127484e-17   1.430245e-04   8.044697e-19   804
  5.854866e-01   2.513424e-17   1.577731e-04   1.383135e-18   408
  5.864116e-01   1.933563e-17   9.752092e-05   9.287538e-19   384
  5.870345e-01   2.076228e-17   2.231653e-04   1.121933e-18   480
  5.879130e-01   2.212386e-17   1.441975e-04   1.052451e-18   432
  5.887557e-01   2.492930e-17   2.657252e-04   1.028289e-18   648
  5.897530e-01   2.276865e-17   1.648813e-04   1.067700e-18   624
  5.904826e-01   2.256027e-17   1.499734e-04   1.268973e-18   456
  5.914788e-01   2.040295e-17   2.048770e-04   1.077895e-18   588
  5.921465e-01   1.926476e-17   1.307107e-04   8.732646e-19   600
  5.931212e-01   2.004395e-17   2.038766e-04   8.019016e-19   708
  5.938912e-01   1.882753e-17   1.284383e-04   1.123842e-18   360
  5.947420e-01   2.188045e-17   1.476433e-04   1.078252e-18   552
  5.955576e-01   1.972338e-17   1.035752e-04   1.411543e-18   288
  5.963856e-01   1.805250e-17   1.947498e-04   8.006628e-19   528
  5.971636e-01   1.894623e-17   1.313872e-04   9.005408e-19   456
  5.980328e-01   2.010001e-17   2.329780e-04   8.765352e-19   608
  5.989070e-01   1.823671e-17   1.127174e-04   9.112954e-19   504
  5.998623e-01   1.859563e-17   2.419978e-04   1.020300e-18   540
  6.006113e-01   2.196793e-17   2.597778e-04   1.356574e-18   360
  6.014188e-01   2.251272e-17   1.176407e-04   1.027771e-18   540
  6.021329e-01   2.033866e-17   1.010085e-04   1.005954e-18   576
  6.031714e-01   1.895866e-17   2.342044e-04   8.148236e-19   588
  6.041588e-01   1.982673e-17   3.231314e-04   8.777462e-19   672
  6.050070e-01   2.110218e-17   2.469721e-04   1.065832e-18   552
  6.056908e-01   1.443586e-17   2.470970e-04   1.300921e-18   144
  6.065633e-01   1.959958e-17   2.099342e-04   8.991271e-19   600
  6.073906e-01   1.726481e-17   2.630934e-04   9.104028e-19   504
  6.083088e-01   1.943203e-17   2.702501e-04   1.329284e-18   336
  6.092745e-01   1.763821e-17   3.037623e-04   7.570183e-19   600
  6.101395e-01   1.761391e-17   1.960382e-04   8.178438e-19   636
  6.110731e-01   1.920256e-17   1.576165e-04   1.378495e-18   384
  6.117276e-01   1.933224e-17   2.198564e-04   1.146723e-18   504
  6.126710e-01   1.995322e-17   9.227064e-05   1.408046e-18   240
  6.134155e-01   1.930882e-17   2.167569e-04   7.531897e-19   744
  6.143088e-01   1.666770e-17   1.480120e-04   7.948727e-19   648
  6.151027e-01   2.736857e-17   9.825476e-05   2.342160e-18   120
  6.160331e-01   1.660383e-17   1.543455e-04   7.336487e-19   564
  6.167362e-01   2.047357e-17   2.424089e-04   1.121206e-18   432
  6.176746e-01   1.555376e-17   1.881572e-04   9.940240e-19   480
  6.183811e-01   1.426266e-17   1.384885e-04   8.405012e-19   456
  6.192152e-01   1.701387e-17   2.291780e-04   9.612204e-19   444
  6.201616e-01   1.645591e-17   3.506544e-04   7.956828e-19   528
  6.209930e-01   1.750944e-17   2.604238e-04   1.435741e-18   264
  6.217998e-01   1.626293e-17   2.668956e-04   8.998165e-19   444
  6.228852e-01   1.749775e-17   2.923449e-04   7.674036e-19   696
  6.237861e-01   1.762277e-17   1.563558e-04   9.844250e-19   384
  6.244450e-01   1.830912e-17   1.975687e-04   1.006390e-18   432
  6.254698e-01   2.191179e-17   1.365107e-04   1.485967e-18   488
  6.261352e-01   1.931867e-17   2.057386e-04   9.222061e-19   480
  6.270999e-01   1.620365e-17   2.294412e-04   9.346773e-19   480
  6.278471e-01   1.475235e-17   9.626648e-05   9.158758e-19   240
  6.286954e-01   1.705187e-17   2.248709e-04   8.548052e-19   600
  6.294955e-01   1.568209e-17   1.959519e-04   1.082736e-18   288
  6.303474e-01   1.677718e-17   1.884914e-04   9.932645e-19   480
  6.312103e-01   1.333889e-17   3.352926e-04   7.350721e-19   504
  6.320598e-01   1.938429e-17   1.438614e-04   1.339793e-18   216
  6.331433e-01   1.775536e-17   2.355240e-04   1.070638e-18   504
  6.339871e-01   1.553745e-17   1.894329e-04   9.315832e-19   456
  6.349107e-01   2.151555e-17   1.086430e-04   1.377685e-18   384
  6.355225e-01   1.995458e-17   2.205061e-04   1.138739e-18   480
  6.363918e-01   1.430616e-17   1.936290e-04   8.610467e-19   504
  6.371972e-01   1.728162e-17   1.228262e-04   1.272831e-18   312
  6.380652e-01   1.652389e-17   1.979302e-04   9.945161e-19   492
  6.388334e-01   1.688630e-17   1.855135e-04   9.867019e-19   312
  6.398223e-01   1.374348e-17   3.013519e-04   6.026223e-19   576
  6.406929e-01   1.835369e-17   2.781722e-04   1.408977e-18   336
  6.414159e-01   1.151615e-17   2.141797e-04   8.282538e-19   240
  6.424183e-01   1.468421e-17   2.839481e-04   8.102118e-19   468
  6.432837e-01   1.424385e-17   1.777925e-04   1.523272e-18   192
  6.441896e-01   1.193736e-17   1.783224e-04   8.432489e-19   324
  6.448535e-01   1.430726e-17   1.294235e-04   7.681992e-19   600
  6.457583e-01   1.486232e-17   2.099764e-04   8.245541e-19   456
  6.464302e-01   1.651015e-17   9.444737e-05   1.111468e-18   336
  6.475438e-01   1.466254e-17   2.828021e-04   7.442743e-19   612
  6.483539e-01   9.539711e-18   2.373399e-04   1.281236e-18   144
  6.491201e-01   1.586129e-17   2.770366e-04   8.752432e-19   552
  6.501620e-01   1.036863e-17   1.091004e-04   6.021470e-19   264
  6.507507e-01   1.350469e-17   2.525953e-04   9.325940e-19   336
  6.516793e-01   1.227869e-17   1.669063e-04   7.275039e-19   384
  6.524847e-01   1.248612e-17   9.395175e-05   1.144592e-18   216
  6.533762e-01   1.104898e-17   1.991971e-04   7.755016e-19   344
  6.541891e-01   1.040962e-17   2.972114e-04   6.569845e-19   408
  6.551797e-01   1.300600e-17   2.283876e-04   1.197395e-18   264
  6.560575e-01   1.284055e-17   3.183837e-04   6.635104e-19   612
  6.569345e-01   1.521224e-17   1.638646e-04   9.869053e-19   408
  6.578364e-01   1.208992e-17   1.641001e-04   9.160238e-19   444
  6.584991e-01   2.165886e-17   9.177996e-05   2.061755e-18   120
  6.593870e-01   1.413170e-17   2.535712e-04   1.010231e-18   336
  6.600460e-01   1.178763e-17   8.811499e-05   8.899270e-19   288
  6.609366e-01   1.182969e-17   2.742154e-04   6.229026e-19   552
  6.621610e-01   1.335626e-17   0.000000e+00   1.850988e-18   72
  6.627906e-01   1.173406e-17   2.723657e-04   6.776939e-19   504
  6.635259e-01   7.703415e-18   8.764464e-05   7.381227e-19   216
  6.644787e-01   1.085519e-17   1.564835e-04   8.002500e-19   312
  6.653340e-01   8.525360e-18   1.781811e-04   5.580987e-19   336
  6.661492e-01   1.073755e-17   2.469789e-04   9.645991e-19   204
  6.669611e-01   1.701913e-17   2.870270e-04   1.111696e-18   504
  6.678221e-01   1.562165e-17   2.733322e-04   1.022089e-18   396
  6.686501e-01   1.230151e-17   2.506599e-04   8.909875e-19   312
  6.696540e-01   1.684335e-17   1.531800e-04   1.499546e-18   216
  6.703613e-01   1.124444e-17   8.313373e-05   1.145758e-18   168
  6.712208e-01   1.173300e-17   2.099173e-04   6.192605e-19   588
  6.722017e-01   8.472836e-18   2.849381e-04   7.246546e-19   240
  6.729637e-01   8.857782e-18   2.516481e-04   8.301706e-19   264
  6.738575e-01   1.142627e-17   3.112147e-04   1.036698e-18   288
  6.746505e-01   1.205200e-17   1.554077e-04   1.084478e-18   288
  6.756555e-01   8.499127e-18   1.459525e-04   6.695158e-19   288
  6.763322e-01   1.003116e-17   1.690738e-04   7.784446e-19   192
  6.771836e-01   7.691313e-18   1.799115e-04   5.735107e-19   264
  6.779946e-01   1.777811e-17   2.959295e-04   1.257204e-18   372
  6.788675e-01   1.628432e-17   3.196167e-04   1.618084e-18   360
  6.799329e-01   1.454798e-17   1.352648e-04   2.133155e-18   144
  6.804835e-01   8.219319e-18   1.878769e-04   8.909750e-19   296
  6.813527e-01   9.910408e-18   2.024276e-04   9.435454e-19   288
  6.823478e-01   1.019802e-17   3.025230e-04   6.491524e-19   480
  6.832061e-01   9.761558e-18   2.513677e-04   1.718796e-18   192
  6.840407e-01   1.196291e-17   2.696262e-04   1.043891e-18   192
  6.847993e-01   8.149837e-18   1.718359e-04   6.513481e-19   288
  6.858544e-01   4.582025e-18   1.495808e-04   5.519354e-19   108
  6.863859e-01   9.060756e-18   1.438036e-04   8.216711e-19   240
  6.873243e-01   7.374940e-18   2.682690e-04   5.822668e-19   384
  6.882884e-01   1.100378e-17   3.272578e-04   1.247260e-18   108
  6.891409e-01   1.327603e-17   1.918773e-04   1.067629e-18   348
  6.900373e-01   8.070111e-18   2.002507e-04   8.750157e-19   312
  6.908379e-01   8.779176e-18   1.945855e-04   1.865703e-18   96
  6.915741e-01   9.750952e-18   2.590555e-04   7.856029e-19   384
  6.923987e-01   9.585925e-18   1.781778e-04   8.758259e-19   144
  6.932053e-01   9.869592e-18   2.737780e-04   7.414499e-19   408
  6.942079e-01   5.804307e-18   1.221243e-04   8.090577e-19   144
  6.951550e-01   9.901781e-18   2.347853e-04   1.200311e-18   192
  6.957167e-01   1.161324e-17   2.642552e-04   1.240299e-18   144
  6.966323e-01   6.560670e-18   2.148492e-04   6.180502e-19   144
  6.974962e-01   9.861561e-18   2.625805e-04   9.290969e-19   336
  6.985541e-01   4.865570e-18   1.942763e-04   3.519482e-19   240
  6.992249e-01   7.737335e-18   8.821915e-05   1.113272e-18   96
  7.001605e-01   1.009782e-17   2.587043e-04   8.452873e-19   372
  7.011070e-01   8.195169e-18   3.077232e-04   1.378724e-18   132
  7.019384e-01   5.399230e-18   1.904154e-04   4.032138e-19   264
  7.026821e-01   1.316888e-17   1.462304e-04   1.648342e-18   168
  7.034759e-01   8.898629e-18   2.337943e-04   7.446279e-19   216
  7.041771e-01   6.275258e-18   1.430383e-04   8.985685e-19   216
  7.051983e-01   3.820502e-18   2.624157e-04   4.233169e-19   96
  7.061249e-01   9.919691e-18   1.712023e-04   1.209298e-18   120
  7.069747e-01   6.596852e-18   2.176463e-04   6.894944e-19   216
  7.076747e-01   5.463663e-18   9.511215e-05   5.509844e-19   200
  7.086015e-01   7.686636e-18   2.462045e-04   1.079546e-18   288
  7.097902e-01   2.593962e-18   6.478119e-05   2.050488e-19   144
  7.102908e-01   7.803361e-18   2.015951e-04   1.382780e-18   168
  7.113130e-01   6.799364e-18   2.268765e-04   1.016161e-18   159
  7.121109e-01   5.102152e-18   2.380480e-04   3.888841e-19   174
  7.128831e-01   4.368091e-18   2.158536e-04   4.183074e-19   144
  7.138943e-01   7.147684e-18   1.246398e-04   6.686821e-19   222
  7.145705e-01   5.598566e-18   1.257726e-04   6.657228e-19   168
  7.157386e-01   8.144711e-18   2.758677e-04   1.772530e-18   30
  7.162211e-01   2.321764e-18   2.435709e-04   3.100010e-19   72
  7.171298e-01   5.725749e-18   2.173841e-04   6.111771e-19   258
  7.181290e-01   4.493049e-18   1.361533e-04   3.472198e-19   264
  7.186286e-01   5.476708e-18   1.468278e-08   8.868286e-19   72
  7.196697e-01   3.206219e-18   2.698616e-04   4.041761e-19   174
  7.206123e-01   6.094710e-18   2.873527e-04   9.073772e-19   168
  7.213701e-01   1.635736e-18   8.991328e-09   2.325361e-19   48
  7.221837e-01   3.134673e-18   1.622748e-04   3.977243e-19   150
  7.231270e-01   7.505978e-18   2.985162e-04   6.784382e-19   168
  7.240729e-01   3.376627e-18   1.818422e-04   3.564719e-19   144
  7.249427e-01   4.793302e-18   1.698820e-04   9.375076e-19   102
  7.255906e-01   1.926183e-18   2.514545e-04   1.591389e-19   96
  7.266185e-01   1.460752e-18   2.495518e-04   1.118457e-19   120
  7.273797e-01   1.469403e-18   2.676508e-04   1.097306e-19   168
  7.282031e-01   5.854196e-18   1.976389e-04   6.071947e-19   126
  7.289046e-01   3.524688e-18   1.490593e-04   4.898327e-19   168
  7.298711e-01   1.808484e-18   2.390167e-04   2.478265e-19   72
  7.307158e-01   2.096652e-18   2.993022e-04   1.803394e-19   168
  7.314557e-01   4.240369e-18   8.205344e-05   8.276534e-19   78
  7.324696e-01   1.984604e-18   1.347256e-04   2.481850e-19   60
  7.332860e-01   6.880663e-18   2.185468e-04   1.271351e-18   96
  7.341327e-01   2.420270e-18   2.651884e-04   1.957549e-19   168
  7.349284e-01   2.159677e-18   1.678009e-04   4.166053e-19   86
  7.357634e-01   1.658198e-18   1.499742e-04   2.309474e-19   120
  7.369601e-01   1.906067e-18   1.069515e-04   1.741207e-19   168
  7.376055e-01   1.197178e-18   0.000000e+00   1.354300e-19   48
  7.384747e-01   4.221094e-18   1.948541e-04   4.901366e-19   120
  7.389742e-01   2.682354e-18   1.421539e-04   3.685635e-19   126
  7.401935e-01   2.393074e-18   2.500091e-04   2.807422e-19   96
  7.409848e-01   2.259492e-18   7.209028e-05   2.252832e-19   96
  7.416089e-01   1.557446e-18   8.477105e-09   1.924007e-19   72
  7.429385e-01   1.877732e-18   8.991328e-09   3.306054e-19   24
  7.437683e-01   2.615587e-18   1.483601e-04   2.377740e-19   120
  7.444157e-01   1.956909e-18   2.164118e-04   2.572328e-19   126
  7.451355e-01   1.481823e-18   1.804085e-04   1.759554e-19   96
  7.459766e-01   9.265351e-19   3.117986e-04   1.030342e-19   72
  7.469132e-01   1.569523e-18   1.348634e-04   1.310202e-19   144
  7.476836e-01   1.740307e-18   7.778603e-05   2.269063e-19   72
  7.484533e-01   2.487569e-18   1.553665e-04   4.732589e-19   54
  7.491306e-01   2.214109e-18   1.369149e-04   2.475717e-19   108
  7.505382e-01   2.530240e-18   1.342120e-04   2.828640e-19   72
  7.509765e-01   1.935833e-18   7.744493e-05   2.188297e-19   72
  7.520162e-01   1.197829e-18   1.557344e-08   1.473498e-19   24
  7.529998e-01   6.988172e-19   1.638381e-04   1.013265e-19   48
  7.535971e-01   1.798912e-18   1.248023e-04   2.430894e-19   102
  7.544963e-01   1.250455e-18   2.822510e-04   9.588149e-20   168
  7.556711e-01   9.632596e-19   1.539331e-04   1.289361e-19   72
  7.561064e-01   1.097541e-18   0.000000e+00   1.781505e-19   48
  7.570195e-01   1.482606e-18   2.647743e-04   1.536243e-19   120
  7.582245e-01   1.441672e-18   1.627091e-04   1.175794e-19   96
  7.593627e-01   2.788755e-18   1.438612e-08   9.150920e-19   30
  7.607153e-01   1.961550e-18   7.644796e-05   2.761950e-19   72
  7.613097e-01   9.794219e-19   8.991328e-09   2.137647e-19   24
  7.620733e-01   4.935436e-19   1.133148e-04   8.372475e-20   56
  7.629285e-01   4.802516e-19   1.617059e-04   4.176330e-20   96
  7.639519e-01   1.068007e-18   1.785629e-04   9.510883e-20   144
  7.647411e-01   1.511093e-18   1.013810e-04   3.097772e-19   54
  7.658874e-01   1.025413e-18   1.518795e-04   1.016295e-19   108
  7.670409e-01   2.521666e-18   8.041947e-05   4.450492e-19   48
  7.681392e-01   1.123308e-18   3.028050e-04   1.047534e-19   72
  7.707744e-01   2.021539e-18   2.000642e-04   2.662326e-19   78
  7.715046e-01   4.922528e-19   1.507735e-04   5.736764e-20   72
  7.723570e-01   5.437857e-19   1.505863e-04   5.854952e-20   72
  7.732482e-01   1.044576e-18   3.633813e-04   9.568231e-20   96
  7.739527e-01   5.580292e-19   1.502759e-04   3.668973e-20   72
  7.748024e-01   7.481201e-19   0.000000e+00   1.195905e-19   24
  7.756510e-01   9.567003e-19   2.998733e-04   1.083448e-19   72
  7.775680e-01   1.184951e-18   1.904287e-04   2.550909e-19   30
  7.779804e-01   1.599366e-18   0.000000e+00   3.383524e-19   24
  7.801973e-01   4.153646e-19   1.581267e-04   5.814915e-20   48
  7.808927e-01   6.606426e-19   3.402886e-04   9.707440e-20   120
  7.818296e-01   3.941594e-19   1.487821e-04   5.373517e-20   72
  7.827758e-01   6.070298e-19   1.486022e-04   1.013357e-19   36
  7.834261e-01   6.671278e-19   2.937071e-04   7.661438e-20   78
  7.852411e-01   8.240393e-19   1.571111e-04   9.451955e-20   48
  7.875942e-01   1.059574e-18   1.271566e-08   1.416197e-19   24
  7.892707e-01   2.170584e-19   1.094089e-04   3.412067e-20   56
  7.901149e-01   2.736662e-19   1.683597e-04   2.780218e-20   102
  7.911888e-01   4.478938e-19   1.198844e-08   5.014476e-20   72
  7.918122e-01   5.329034e-19   8.991328e-09   8.998008e-20   24
  7.929021e-01   4.380739e-19   1.555930e-04   4.957504e-20   48
  7.949223e-01   5.037460e-19   0.000000e+00   1.160693e-19   24
  7.974016e-01   5.229215e-19   0.000000e+00   2.567715e-19   6
  7.981748e-01   1.354483e-19   0.000000e+00   2.772431e-20   24
  7.986898e-01   2.464656e-19   1.456409e-04   2.531491e-20   72
  7.996307e-01   2.121039e-19   2.717068e-04   1.918291e-20   84
  8.006440e-01   4.052010e-19   0.000000e+00   7.633212e-20   24
  8.009521e-01   4.035929e-19   1.271566e-08   5.205026e-20   24
  8.024909e-01   3.889408e-19   1.557344e-08   8.101000e-20   24
  8.046403e-01   3.847106e-19   0.000000e+00   9.996943e-20   6
  8.073954e-01   1.151413e-19   1.528000e-04   1.403549e-20   48
  8.080572e-01   1.814365e-19   2.878503e-04   1.875157e-20   72
  8.089220e-01   2.437009e-19   1.525117e-04   3.572121e-20   48
  8.102934e-01   5.010717e-19   0.000000e+00   7.344132e-20   24
  8.121184e-01   9.422245e-19   0.000000e+00   1.320847e-19   6
  8.162097e-01   5.681394e-20   0.000000e+00   1.334651e-20   8
  8.165120e-01   1.305174e-19   8.991328e-09   3.309144e-20   48
  8.172369e-01   1.688421e-19   1.479045e-04   2.555890e-20   60
  8.183231e-01   2.313537e-19   0.000000e+00   5.413003e-20   24
  8.198293e-01   2.719704e-19   0.000000e+00   8.090124e-20   6
  8.253784e-01   9.341067e-20   0.000000e+00   1.741479e-20   24
  8.258266e-01   9.685806e-20   1.493898e-04   1.024542e-20   48
  8.265733e-01   1.536237e-19   0.000000e+00   3.930477e-20   24
  8.277664e-01   3.317913e-20   0.000000e+00   1.041574e-20   6
  8.345448e-01   4.593556e-20   1.393664e-04   5.579978e-21   36
  8.350375e-01   9.318224e-20   0.000000e+00   2.137172e-20   24
  8.359234e-01   8.814052e-20   0.000000e+00   4.781003e-20   6
  8.436361e-01   5.419783e-20   1.266552e-04   8.907052e-21   32
  8.442939e-01   2.964022e-20   0.000000e+00   7.782499e-21   6
  8.525822e-01   1.627656e-20   0.000000e+00   4.161258e-21   12
  8.528715e-01   5.847027e-20   0.000000e+00   1.254448e-20   6
  8.616502e-01   1.074957e-20   0.000000e+00   1.524734e-21   6
