# power spectrum of phi
# redshift z=9.995300
# k              Pk             sigma(k)       sigma(Pk)      count
  1.963495e-02   1.684417e-10   0.000000e+00   6.791016e-11   6
  2.776802e-02   6.852968e-11   0.000000e+00   1.368335e-11   12
  3.400874e-02   3.913365e-11   3.725290e-10   8.028533e-12   8
  3.926991e-02   1.088462e-10   0.000000e+00   1.171613e-11   6
  4.390509e-02   6.424545e-11   7.024475e-10   2.048283e-11   24
  4.809562e-02   8.126998e-11   7.024475e-10   1.381822e-11   24
  5.553604e-02   3.078241e-11   0.000000e+00   1.379910e-11   12
  5.890486e-02   3.384080e-11   7.947286e-10   6.117375e-12   30
  6.209118e-02   4.184078e-11   0.000000e+00   9.179075e-12   24
  6.512178e-02   3.597711e-11   1.216675e-09   8.954415e-12   24
  6.801748e-02   3.896688e-11   7.450581e-10   7.812001e-12   8
  7.079483e-02   3.233634e-11   9.934107e-10   4.084321e-12   24
  7.346727e-02   2.898441e-11   0.000000e+00   4.103223e-12   48
  7.853982e-02   3.316130e-11   0.000000e+00   1.458814e-11   6
  8.095699e-02   2.435924e-11   9.934107e-10   3.426171e-12   48
  8.330406e-02   2.186655e-11   9.365966e-10   2.317115e-12   36
  8.558678e-02   2.901623e-11   9.934107e-10   6.133490e-12   24
  8.781018e-02   1.680429e-11   1.404895e-09   2.821980e-12   24
  8.997866e-02   1.422888e-11   0.000000e+00   1.908169e-12   48
  9.209610e-02   1.986837e-11   1.404895e-09   2.821946e-12   24
  9.619124e-02   1.555181e-11   1.404895e-09   2.408764e-12   24
  9.817477e-02   9.998914e-12   0.000000e+00   1.655304e-12   30
  1.001190e-01   1.070412e-11   0.000000e+00   1.159836e-12   72
  1.020262e-01   1.057947e-11   1.490116e-09   2.193376e-12   32
  1.057375e-01   1.258742e-11   0.000000e+00   1.448289e-12   72
  1.075451e-01   7.891301e-12   0.000000e+00   1.156795e-12   48
  1.110721e-01   3.825173e-12   0.000000e+00   1.130936e-12   12
  1.127942e-01   7.611520e-12   0.000000e+00   1.129361e-12   48
  1.144905e-01   6.558810e-12   0.000000e+00   6.287442e-13   48
  1.161620e-01   8.630835e-12   1.404895e-09   1.105880e-12   48
  1.178097e-01   1.034873e-11   1.589457e-09   1.817465e-12   30
  1.194348e-01   1.031437e-11   0.000000e+00   2.301922e-12   24
  1.210380e-01   9.866326e-12   2.961779e-09   1.032454e-12   72
  1.241824e-01   5.751775e-12   0.000000e+00   1.108700e-12   24
  1.257251e-01   8.159920e-12   0.000000e+00   7.867247e-13   96
  1.272490e-01   6.144964e-12   0.000000e+00   8.445877e-13   48
  1.287550e-01   4.986187e-12   2.433349e-09   1.198412e-12   24
  1.302436e-01   3.779537e-12   2.433349e-09   7.918679e-13   24
  1.317153e-01   8.626345e-12   0.000000e+00   1.037251e-12   72
  1.331707e-01   6.746442e-12   0.000000e+00   1.031627e-12   48
  1.360350e-01   4.989568e-12   1.490116e-09   1.438462e-12   8
  1.374447e-01   8.234124e-12   1.766064e-09   1.031396e-12   54
  1.388401e-01   5.095948e-12   0.000000e+00   8.424967e-13   84
  1.402216e-01   6.139087e-12   0.000000e+00   8.928627e-13   48
  1.415897e-01   3.535764e-12   1.986821e-09   6.153794e-13   24
  1.429446e-01   4.714645e-12   2.649095e-09   5.436423e-13   72
  1.442869e-01   6.022786e-12   0.000000e+00   6.896844e-13   96
  1.469345e-01   7.364416e-12   0.000000e+00   8.055047e-13   48
  1.482407e-01   4.148555e-12   0.000000e+00   4.063156e-13   48
  1.495354e-01   3.772012e-12   0.000000e+00   7.396804e-13   24
  1.508189e-01   3.975641e-12   0.000000e+00   4.397000e-13   72
  1.533539e-01   3.737682e-12   0.000000e+00   4.425950e-13   72
  1.546058e-01   3.725412e-12   0.000000e+00   4.237089e-13   96
  1.570796e-01   6.244163e-12   0.000000e+00   2.714773e-12   6
  1.583021e-01   4.099812e-12   0.000000e+00   4.256072e-13   96
  1.595151e-01   4.184511e-12   1.986821e-09   4.493235e-13   96
  1.607190e-01   2.461371e-12   0.000000e+00   5.920871e-13   24
  1.619140e-01   2.978452e-12   1.986821e-09   3.373823e-13   48
  1.631002e-01   3.056691e-12   0.000000e+00   3.082877e-13   96
  1.642778e-01   2.980098e-12   0.000000e+00   4.194106e-13   48
  1.666081e-01   2.888431e-12   1.873193e-09   4.868667e-13   36
  1.677611e-01   2.876941e-12   3.441276e-09   3.589695e-13   48
  1.689063e-01   3.106337e-12   3.893359e-09   2.757843e-13   120
  1.700437e-01   2.660631e-12   0.000000e+00   3.545302e-13   56
  1.711736e-01   1.411803e-12   1.986821e-09   2.554765e-13   24
  1.722960e-01   2.107433e-12   0.000000e+00   1.900297e-13   96
  1.734112e-01   2.183624e-12   0.000000e+00   2.755004e-13   48
  1.756204e-01   2.971472e-12   2.809790e-09   5.474049e-13   24
  1.767146e-01   2.919234e-12   0.000000e+00   2.990319e-13   102
  1.778021e-01   3.465130e-12   1.986821e-09   5.362287e-13   48
  1.788829e-01   2.835199e-12   0.000000e+00   2.920603e-13   72
  1.799573e-01   2.527989e-12   0.000000e+00   2.509278e-13   48
  1.810253e-01   3.005965e-12   0.000000e+00   5.477216e-13   48
  1.820871e-01   2.389109e-12   4.495664e-09   2.289620e-13   120
  1.841922e-01   2.923435e-12   2.809790e-09   4.637019e-13   24
  1.852358e-01   1.975557e-12   2.649095e-09   1.674333e-13   144
  1.862735e-01   1.965531e-12   3.178914e-09   2.014943e-13   120
  1.873055e-01   1.852552e-12   2.809790e-09   2.640737e-13   48
  1.893526e-01   2.274145e-12   2.809790e-09   3.090532e-13   48
  1.903679e-01   1.840839e-12   2.809790e-09   1.791667e-13   96
  1.930487e-01   2.172425e-12   4.711199e-04   2.508813e-13   72
  1.943761e-01   1.783340e-12   2.497591e-09   1.358890e-13   108
  1.953653e-01   1.947602e-12   0.000000e+00   2.044649e-13   72
  1.963495e-01   1.338400e-12   0.000000e+00   2.970633e-13   30
  1.973288e-01   2.047983e-12   0.000000e+00   1.548088e-13   168
  1.983033e-01   2.411958e-12   0.000000e+00   2.936294e-13   48
  2.002380e-01   1.431546e-12   0.000000e+00   1.769231e-13   72
  2.011984e-01   1.973821e-12   0.000000e+00   1.960087e-13   96
  2.021542e-01   1.749476e-12   5.298191e-09   2.707475e-13   72
  2.031055e-01   1.936559e-12   0.000000e+00   2.086838e-13   72
  2.047049e-01   1.890088e-12   4.350048e-04   1.522000e-13   104
  2.059331e-01   1.664775e-12   3.746387e-09   1.257217e-13   144
  2.087224e-01   1.155313e-12   6.282881e-09   1.130370e-13   96
  2.096439e-01   1.061316e-12   0.000000e+00   1.118146e-13   96
  2.111095e-01   1.537117e-12   4.475232e-04   1.416319e-13   120
  2.123845e-01   1.300022e-12   0.000000e+00   1.135439e-13   120
  2.132902e-01   1.607790e-12   0.000000e+00   1.776864e-13   72
  2.150901e-01   1.707327e-12   0.000000e+00   2.265398e-13   48
  2.159845e-01   1.573600e-12   4.890638e-09   1.981851e-13   78
  2.171286e-01   1.646684e-12   4.007142e-04   1.329400e-13   168
  2.195255e-01   1.458966e-12   4.588368e-09   1.243210e-13   144
  2.204018e-01   1.713044e-12   3.746387e-09   1.257860e-13   144
  2.229436e-01   1.332452e-12   2.307791e-04   1.243436e-13   156
  2.238729e-01   1.123534e-12   4.866699e-09   2.324801e-13   48
  2.247323e-01   1.204274e-12   3.178914e-09   1.099106e-13   120
  2.255884e-01   7.962893e-13   0.000000e+00   8.528116e-14   48
  2.271022e-01   1.233375e-12   3.532495e-04   9.085027e-14   216
  2.289809e-01   8.371588e-13   0.000000e+00   9.852229e-14   48
  2.298212e-01   9.237023e-13   2.809790e-09   7.735265e-14   96
  2.310160e-01   1.052983e-12   4.128272e-04   9.609561e-14   168
  2.323239e-01   8.106150e-13   2.809790e-09   1.171239e-13   48
  2.331522e-01   1.199591e-12   0.000000e+00   1.219364e-13   96
  2.339775e-01   9.261407e-13   0.000000e+00   1.676132e-13   48
  2.356194e-01   1.221523e-12   3.178914e-09   1.432383e-13   30
  2.364362e-01   8.496695e-13   0.000000e+00   7.173226e-14   96
  2.374123e-01   1.005985e-12   3.244455e-04   7.332915e-14   240
  2.386674e-01   1.739798e-12   3.500299e-04   2.635525e-13   32
  2.396752e-01   7.317414e-13   0.000000e+00   5.449139e-14   168
  2.404781e-01   8.193293e-13   0.000000e+00   7.972841e-14   120
  2.420760e-01   7.606756e-13   5.923557e-09   9.701912e-14   72
  2.428710e-01   1.050029e-12   2.649095e-09   1.000274e-13   144
  2.436634e-01   8.087493e-13   0.000000e+00   7.785900e-14   96
  2.444532e-01   9.546046e-13   0.000000e+00   7.731853e-14   96
  2.460253e-01   1.302643e-12   0.000000e+00   1.639461e-13   72
  2.468075e-01   7.920178e-13   3.973643e-09   8.098195e-14   96
  2.483647e-01   1.087529e-12   0.000000e+00   1.961994e-13   24
  2.491396e-01   9.027044e-13   0.000000e+00   6.240010e-14   192
  2.500522e-01   8.334208e-13   2.970416e-04   6.612572e-14   132
  2.514501e-01   9.250965e-13   0.000000e+00   7.689868e-14   96
  2.522156e-01   5.629205e-13   0.000000e+00   5.696012e-14   96
  2.529787e-01   7.383555e-13   3.178914e-09   5.769217e-14   120
  2.544981e-01   7.890975e-13   0.000000e+00   1.024702e-13   48
  2.557435e-01   6.542563e-13   3.599905e-04   3.977664e-14   222
  2.567603e-01   8.048803e-13   0.000000e+00   7.298970e-14   120
  2.575100e-01   6.186036e-13   4.866699e-09   1.305032e-13   24
  2.586015e-01   9.435196e-13   3.715625e-04   5.782319e-14   312
  2.609797e-01   9.989763e-13   3.483547e-04   1.077903e-13   72
  2.619630e-01   6.738250e-13   4.866699e-09   7.443048e-14   96
  2.629726e-01   8.430850e-13   3.547511e-04   7.221847e-14   192
  2.641613e-01   6.932770e-13   4.495664e-09   7.744412e-14   120
  2.648900e-01   7.061488e-13   0.000000e+00   6.608301e-14   144
  2.663415e-01   6.839489e-13   0.000000e+00   9.503094e-14   48
  2.673732e-01   6.194824e-13   3.567146e-04   4.014947e-14   336
  2.685040e-01   6.735180e-13   0.000000e+00   7.934443e-14   48
  2.699360e-01   6.457610e-13   0.000000e+00   6.376028e-14   192
  2.706492e-01   5.192744e-13   0.000000e+00   6.119789e-14   48
  2.726764e-01   5.494190e-13   2.476067e-04   6.656653e-14   56
  2.736844e-01   6.072438e-13   3.180112e-04   3.441794e-14   336
  2.748894e-01   6.097759e-13   3.532127e-09   1.017071e-13   54
  2.759390e-01   5.853493e-13   3.492904e-04   3.921333e-14   240
  2.781181e-01   5.995868e-13   3.344484e-04   5.167012e-14   228
  2.790651e-01   5.903945e-13   3.746387e-09   7.621084e-14   72
  2.799844e-01   6.406679e-13   3.244231e-04   4.881978e-14   144
  2.811298e-01   5.810055e-13   0.000000e+00   5.555780e-14   96
  2.818146e-01   5.428224e-13   4.495664e-09   3.940149e-14   240
  2.831793e-01   3.986711e-13   3.973643e-09   6.609370e-14   24
  2.840530e-01   5.486539e-13   3.064151e-04   3.104900e-14   336
  2.852142e-01   3.749632e-13   0.000000e+00   4.281967e-14   72
  2.862741e-01   6.330559e-13   3.332831e-04   4.960746e-14   168
  2.872346e-01   4.849449e-13   0.000000e+00   5.144538e-14   72
  2.885737e-01   7.147696e-13   0.000000e+00   7.501660e-14   96
  2.896108e-01   4.190943e-13   3.307829e-04   2.993548e-14   216
  2.905708e-01   3.667695e-13   0.000000e+00   2.872470e-14   96
  2.918946e-01   4.601125e-13   3.973643e-09   3.012292e-14   192
  2.925542e-01   4.678563e-13   3.746387e-09   3.613883e-14   144
  2.938691e-01   3.598983e-13   0.000000e+00   4.440911e-14   48
  2.947794e-01   4.887499e-13   3.189136e-04   3.723856e-14   246
  2.960164e-01   5.846069e-13   2.940434e-04   4.851117e-14   168
  2.971308e-01   4.832921e-13   7.786718e-09   6.646255e-14   120
  2.977788e-01   3.971436e-13   0.000000e+00   3.099915e-14   240
  2.990707e-01   3.508850e-13   0.000000e+00   7.309687e-14   24
  3.001001e-01   4.215219e-13   3.147475e-04   2.507009e-14   360
  3.013820e-01   5.347649e-13   3.134082e-04   4.649364e-14   120
  3.022763e-01   4.353024e-13   0.000000e+00   3.736229e-14   144
  3.029133e-01   5.574440e-13   0.000000e+00   5.108090e-14   96
  3.048165e-01   4.365772e-13   0.000000e+00   3.287537e-14   144
  3.054482e-01   5.165589e-13   0.000000e+00   4.843479e-14   132
  3.063360e-01   3.745957e-13   3.093292e-04   2.947594e-14   176
  3.076248e-01   3.986149e-13   3.123602e-04   2.377838e-14   312
  3.092116e-01   4.750433e-13   0.000000e+00   6.576573e-14   96
  3.098343e-01   3.174205e-13   0.000000e+00   2.964090e-14   144
  3.107899e-01   4.062506e-13   3.092271e-04   2.683800e-14   312
  3.123131e-01   3.633650e-13   0.000000e+00   3.823799e-14   48
  3.129297e-01   3.420103e-13   3.973643e-09   2.475093e-14   192
  3.141593e-01   2.445577e-13   0.000000e+00   7.340243e-14   6
  3.149762e-01   3.288110e-13   2.884066e-04   1.961324e-14   288
  3.162994e-01   3.582856e-13   3.047203e-04   2.926374e-14   192
  3.172124e-01   3.280227e-13   9.345130e-09   2.285974e-14   216
  3.178195e-01   3.810867e-13   0.000000e+00   5.514669e-14   72
  3.193321e-01   3.733593e-13   3.018264e-04   3.627996e-14   192
  3.203366e-01   4.064056e-13   2.241224e-04   2.889270e-14   288
  3.214381e-01   3.032691e-13   0.000000e+00   6.175344e-14   24
  3.222890e-01   3.530466e-13   2.952626e-04   2.101665e-14   456
  3.238280e-01   2.731593e-13   0.000000e+00   4.854114e-14   48
  3.247789e-01   3.455848e-13   2.908218e-04   2.571989e-14   240
  3.258718e-01   4.078280e-13   2.939082e-04   2.891201e-14   216
  3.267908e-01   2.959255e-13   0.000000e+00   3.538898e-14   72
  3.273801e-01   2.616389e-13   1.015467e-08   2.298481e-14   168
  3.290441e-01   3.216518e-13   2.184577e-04   2.268387e-14   288
  3.299773e-01   3.461422e-13   2.890570e-04   2.728895e-14   168
  3.314762e-01   3.445294e-13   0.000000e+00   3.074877e-14   192
  3.320572e-01   2.543245e-13   3.746387e-09   1.838852e-14   144
  3.332162e-01   4.477834e-13   3.746387e-09   5.980348e-14   36
  3.341991e-01   2.499549e-13   2.639705e-04   1.495976e-14   342
  3.351389e-01   2.921955e-13   2.710657e-04   3.224072e-14   144
  3.363470e-01   3.054838e-13   2.842800e-04   2.038194e-14   384
  3.378125e-01   3.430401e-13   7.786718e-09   3.559123e-14   120
  3.385379e-01   3.359452e-13   2.534951e-04   2.032464e-14   264
  3.395201e-01   2.745861e-13   1.256576e-08   2.220969e-14   192
  3.404451e-01   2.589727e-13   2.731894e-04   2.127960e-14   152
  3.412191e-01   2.658693e-13   7.492773e-09   2.804645e-14   144
  3.428472e-01   1.997487e-13   1.768108e-04   1.594546e-14   216
  3.436008e-01   3.117045e-13   2.362665e-04   1.902171e-14   312
  3.449274e-01   2.581545e-13   2.738281e-04   1.725864e-14   240
  3.457090e-01   2.611189e-13   3.973643e-09   2.551940e-14   96
  3.471927e-01   1.856117e-13   2.617995e-04   1.541388e-14   144
  3.481071e-01   2.543780e-13   2.573258e-04   1.407979e-14   456
  3.495904e-01   1.655544e-13   0.000000e+00   1.173663e-14   120
  3.501414e-01   2.186378e-13   0.000000e+00   2.167235e-14   144
  3.512407e-01   1.831713e-13   5.619580e-09   2.834441e-14   24
  3.519456e-01   2.163257e-13   2.473498e-04   1.167636e-14   336
  3.531645e-01   2.189960e-13   2.727931e-04   1.723282e-14   198
  3.543067e-01   2.619412e-13   2.652756e-04   1.879818e-14   432
  3.556041e-01   3.842549e-13   7.947286e-09   4.700601e-14   48
  3.562810e-01   2.980590e-13   2.341925e-04   1.812787e-14   384
  3.574963e-01   2.304399e-13   2.696052e-04   2.395091e-14   144
  3.585975e-01   3.321526e-13   2.676825e-04   2.915156e-14   264
  3.599147e-01   1.935640e-13   0.000000e+00   1.907050e-14   48
  3.607984e-01   2.229915e-13   2.545223e-04   1.543043e-14   276
  3.616510e-01   2.214271e-13   2.307176e-04   2.095091e-14   192
  3.627906e-01   2.099929e-13   2.592759e-04   1.004224e-14   552
  3.641741e-01   1.556550e-13   6.357829e-09   1.841729e-14   120
  3.649965e-01   1.634627e-13   2.624511e-04   1.222642e-14   216
  3.657587e-01   1.804267e-13   6.357829e-09   1.502135e-14   120
  3.671201e-01   2.397717e-13   2.584500e-04   1.323478e-14   408
  3.683844e-01   8.767990e-14   5.619580e-09   1.096690e-14   24
  3.691684e-01   1.943538e-13   2.610810e-04   1.448605e-14   384
  3.702633e-01   1.444568e-13   2.550855e-04   9.222035e-15   240
  3.712141e-01   1.946599e-13   2.569535e-04   1.434299e-14   168
  3.725471e-01   1.307709e-13   0.000000e+00   1.381164e-14   120
  3.734064e-01   2.070931e-13   2.678605e-04   1.400454e-14   350
  3.748037e-01   2.242313e-13   4.409502e-04   1.602450e-14   384
  3.756388e-01   2.630104e-13   0.000000e+00   3.411771e-14   144
  3.771752e-01   1.746310e-13   5.298191e-09   1.434847e-14   288
  3.779773e-01   1.870366e-13   2.524053e-04   1.374323e-14   336
  3.790686e-01   1.600850e-13   2.297941e-04   1.409234e-14   168
  3.797219e-01   2.134941e-13   1.506181e-08   1.745723e-14   336
  3.810732e-01   1.456688e-13   2.385126e-04   9.238974e-15   288
  3.818848e-01   1.759708e-13   2.247398e-04   1.167351e-14   264
  3.832590e-01   1.639196e-13   0.000000e+00   1.283139e-14   240
  3.837616e-01   1.544687e-13   0.000000e+00   1.486062e-14   96
  3.855656e-01   1.914332e-13   3.056310e-04   1.363709e-14   360
  3.864075e-01   1.678459e-13   2.253025e-04   2.067726e-14   168
  3.874713e-01   1.627512e-13   2.456032e-04   9.060475e-15   456
  3.887523e-01   1.407109e-13   7.064254e-09   1.321799e-14   108
  3.894728e-01   1.089164e-13   2.464311e-04   7.029952e-15   264
  3.903716e-01   1.419286e-13   2.198567e-04   1.261613e-14   264
  3.916025e-01   1.660102e-13   2.074668e-04   9.195069e-15   312
  3.931351e-01   1.770674e-13   1.541705e-04   1.717625e-14   270
  3.937775e-01   1.789197e-13   1.957388e-04   1.818585e-14   240
  3.949323e-01   1.836098e-13   2.421536e-04   1.444338e-14   384
  3.956334e-01   1.281341e-13   7.947286e-09   9.794983e-15   192
  3.969952e-01   1.828880e-13   1.942960e-04   1.768185e-14   240
  3.977852e-01   1.811524e-13   2.397927e-04   1.313161e-14   336
  3.992708e-01   1.563547e-13   2.413972e-04   8.373428e-15   480
  4.004761e-01   1.674579e-13   5.298191e-09   2.165927e-14   72
  4.011493e-01   1.697382e-13   2.353842e-04   1.790935e-14   240
  4.020650e-01   1.264861e-13   2.212289e-04   7.846300e-15   312
  4.031147e-01   1.099659e-13   2.390954e-04   7.575543e-15   240
  4.047009e-01   1.422820e-13   1.816506e-04   9.171365e-15   408
  4.053288e-01   1.277670e-13   1.663482e-04   8.433819e-15   336
  4.065560e-01   1.356016e-13   2.112212e-04   1.163332e-14   264
  4.071591e-01   1.025276e-13   0.000000e+00   8.992700e-15   144
  4.088370e-01   1.307409e-13   2.927651e-04   8.818231e-15   464
  4.097211e-01   9.865308e-14   2.328083e-04   7.992726e-15   168
  4.105939e-01   1.281717e-13   2.120376e-04   1.005260e-14   336
  4.121713e-01   1.294940e-13   2.227870e-04   9.622985e-15   414
  4.130606e-01   2.078399e-13   2.319080e-04   2.125466e-14   216
  4.141998e-01   2.504473e-13   5.619580e-09   2.954424e-14   96
  4.146649e-01   1.279929e-13   1.376510e-08   1.092187e-14   384
  4.162944e-01   1.354817e-13   2.314600e-04   8.038418e-15   492
  4.171676e-01   1.367177e-13   2.263480e-04   1.006119e-14   240
  4.181546e-01   1.150849e-13   2.298225e-04   7.785932e-15   312
  4.195176e-01   7.761612e-14   2.297469e-04   6.720924e-15   192
  4.203810e-01   1.268010e-13   2.226525e-04   8.256980e-15   504
  4.215265e-01   1.275405e-13   1.473998e-04   1.079936e-14   408
  4.224284e-01   1.061028e-13   4.515774e-04   9.259725e-15   168
  4.235571e-01   1.438915e-13   2.145032e-04   1.061279e-14   288
  4.245041e-01   1.019650e-13   2.238525e-04   7.887102e-15   288
  4.254743e-01   8.984436e-14   2.251410e-04   5.693688e-15   432
  4.268815e-01   1.177509e-13   2.129084e-04   9.082288e-15   216
  4.276334e-01   1.026825e-13   2.124592e-04   7.437829e-15   360
  4.289721e-01   1.182301e-13   2.073582e-04   8.675751e-15   312
  4.301803e-01   1.575869e-13   0.000000e+00   2.605886e-14   48
  4.308767e-01   1.004580e-13   2.223178e-04   6.402269e-15   432
  4.321240e-01   9.337462e-14   3.708284e-04   6.765826e-15   414
  4.328606e-01   1.096856e-13   8.470833e-09   9.545906e-15   312
  4.342347e-01   1.202244e-13   3.253813e-04   9.458766e-15   528
  4.351620e-01   1.278786e-13   1.707976e-04   1.474226e-14   264
  4.362761e-01   1.168026e-13   2.025191e-04   9.407581e-15   480
  4.377318e-01   1.087372e-13   0.000000e+00   8.774178e-15   288
  4.383604e-01   1.028608e-13   2.176005e-04   1.079146e-14   168
  4.395105e-01   1.214828e-13   3.444610e-04   7.539052e-15   504
  4.408036e-01   1.725473e-13   5.298191e-09   1.839924e-14   144
  4.416171e-01   7.774836e-14   2.212265e-04   4.516412e-15   464
  4.428396e-01   8.090665e-14   3.246624e-04   5.432688e-15   432
  4.434197e-01   1.123021e-13   5.619580e-09   1.082372e-14   192
  4.449189e-01   7.929332e-14   2.406833e-04   5.032600e-15   396
  4.458042e-01   8.096151e-14   2.162000e-04   5.845904e-15   288
  4.466990e-01   7.950453e-14   2.135686e-04   6.257636e-15   336
  4.481283e-01   8.283374e-14   1.352359e-04   5.661066e-15   432
  4.490354e-01   9.257884e-14   3.505126e-04   7.038451e-15   360
  4.500539e-01   8.187545e-14   2.073334e-04   4.662503e-15   384
  4.515004e-01   7.669522e-14   1.830116e-04   7.203705e-15   198
  4.521974e-01   9.197403e-14   2.080246e-04   6.801502e-15   552
  4.534970e-01   1.142168e-13   2.912202e-04   1.143475e-14   432
  4.545821e-01   9.120071e-14   1.112388e-08   9.020855e-15   168
  4.554927e-01   1.157301e-13   3.610065e-04   8.934335e-15   480
  4.566974e-01   5.937271e-14   0.000000e+00   6.199335e-15   120
  4.572396e-01   9.426462e-14   2.948545e-04   8.196813e-15   336
  4.585628e-01   8.441220e-14   2.080152e-04   5.417853e-15   672
  4.598711e-01   9.835575e-14   3.025866e-04   5.669247e-15   528
  4.604805e-01   5.343333e-14   9.082613e-09   4.275884e-15   168
  4.618883e-01   9.142715e-14   3.375333e-04   6.370713e-15   456
  4.627474e-01   1.208471e-13   2.061344e-04   2.001582e-14   168
  4.636392e-01   8.306659e-14   2.057643e-04   5.699192e-15   504
  4.651216e-01   6.109244e-14   2.647872e-04   5.961723e-15   336
  4.660180e-01   9.098793e-14   1.908802e-04   7.174024e-15   312
  4.670124e-01   8.198655e-14   1.865029e-04   6.162828e-15   504
  4.683210e-01   6.747988e-14   1.294009e-04   3.866549e-15   432
  4.689362e-01   5.633115e-14   1.999672e-04   3.433863e-15   312
  4.702151e-01   6.284674e-14   2.049761e-04   4.050532e-15   384
  4.715504e-01   1.087726e-13   1.741510e-04   1.947907e-14   126
  4.723748e-01   8.156799e-14   3.057676e-04   6.111368e-15   492
  4.734278e-01   9.065716e-14   1.958445e-04   6.843085e-15   528
  4.747438e-01   7.304609e-14   1.989360e-04   5.907188e-15   480
  4.755596e-01   9.513206e-14   2.748289e-04   7.874910e-15   432
  4.767402e-01   8.499225e-14   2.161166e-04   7.044068e-15   440
  4.781114e-01   9.168132e-14   1.074739e-04   7.646860e-15   312
  4.786259e-01   7.256085e-14   1.610586e-04   7.746429e-15   480
  4.796813e-01   7.607834e-14   3.153497e-04   6.897159e-15   408
  4.812233e-01   9.222356e-14   1.888588e-04   7.284680e-15   360
  4.818747e-01   7.097124e-14   1.822418e-04   5.868361e-15   408
  4.830820e-01   5.221252e-14   1.854542e-04   4.317820e-15   456
  4.844414e-01   7.125820e-14   1.772485e-04   5.254904e-15   264
  4.851959e-01   6.925889e-14   1.923591e-04   5.848860e-15   384
  4.862943e-01   6.351008e-14   3.238501e-04   4.073453e-15   672
  4.875640e-01   8.711460e-14   1.937042e-04   9.644024e-15   240
  4.882967e-01   5.249040e-14   1.965613e-04   3.443484e-15   264
  4.893308e-01   3.861975e-14   2.424259e-04   2.414642e-15   624
  4.908739e-01   4.988193e-14   0.000000e+00   7.922225e-15   150
  4.914232e-01   8.906486e-14   2.716574e-04   6.475315e-15   600
  4.925819e-01   6.711347e-14   1.874909e-04   4.420300e-15   672
  4.938939e-01   6.031722e-14   1.763484e-04   7.599230e-15   336
  4.946248e-01   9.446712e-14   1.918157e-04   8.047750e-15   408
  4.957926e-01   7.357204e-14   1.913639e-04   7.679602e-15   408
  4.970915e-01   6.114688e-14   9.676385e-05   4.601038e-15   360
  4.978921e-01   7.621328e-14   3.552857e-04   6.697565e-15   456
  4.988592e-01   6.257601e-14   1.932065e-04   5.730025e-15   384
  5.000902e-01   4.330009e-14   1.783541e-04   3.057194e-15   348
  5.007554e-01   7.729076e-14   2.198754e-04   5.597226e-15   576
  5.020050e-01   5.124383e-14   1.810385e-04   3.539928e-15   504
  5.032833e-01   5.568324e-14   2.553443e-04   4.530911e-15   432
  5.043991e-01   4.979407e-14   3.473946e-04   2.913713e-15   576
  5.051948e-01   5.168331e-14   0.000000e+00   6.155354e-15   264
  5.064571e-01   5.255229e-14   2.764393e-04   2.922902e-15   768
  5.075549e-01   2.999983e-14   3.721752e-04   2.191982e-15   240
  5.084277e-01   5.027577e-14   3.282233e-04   7.280356e-15   192
  5.096990e-01   4.064169e-14   2.416124e-04   2.310227e-15   504
  5.106418e-01   6.333150e-14   3.255818e-04   6.680653e-15   590
  5.115460e-01   6.856462e-14   3.647966e-04   7.013595e-15   384
  5.126798e-01   5.451163e-14   3.048625e-04   4.583835e-15   504
  5.140486e-01   7.537188e-14   2.933830e-04   5.705570e-15   648
  5.153764e-01   4.927464e-14   7.967896e-05   4.468708e-15   504
  5.159117e-01   4.691940e-14   1.817627e-04   3.829852e-15   312
  5.168569e-01   6.338740e-14   2.618753e-04   4.615670e-15   576
  5.181545e-01   7.071493e-14   1.822405e-04   8.607739e-15   240
  5.189109e-01   4.053266e-14   1.841453e-04   2.612494e-15   552
  5.199816e-01   6.736934e-14   1.729082e-04   5.945423e-15   600
  5.215067e-01   5.060122e-14   2.111937e-04   3.833084e-15   600
  5.224237e-01   4.407383e-14   3.382099e-04   3.743381e-15   312
  5.233368e-01   5.876323e-14   2.945474e-04   4.403689e-15   480
  5.244775e-01   4.502613e-14   1.837693e-04   3.946030e-15   576
  5.254818e-01   6.764780e-14   2.959085e-04   6.209465e-15   408
  5.263729e-01   1.779107e-14   3.451909e-04   1.313438e-15   216
  5.275243e-01   4.001030e-14   2.643774e-04   2.939947e-15   516
  5.287578e-01   4.439446e-14   2.522429e-04   2.678135e-15   744
  5.300304e-01   4.937147e-14   1.684760e-04   3.795407e-15   462
  5.307494e-01   5.376117e-14   1.712315e-04   6.355863e-15   432
  5.318647e-01   6.221538e-14   1.588547e-04   4.548274e-15   648
  5.331761e-01   5.613519e-14   2.324340e-04   5.685356e-15   528
  5.342295e-01   4.821208e-14   2.799086e-04   3.558079e-15   600
  5.352820e-01   9.123617e-14   3.528915e-04   1.444212e-14   240
  5.363014e-01   4.654199e-14   2.703115e-04   3.629856e-15   720
  5.374863e-01   4.573556e-14   2.138653e-04   3.176737e-15   720
  5.387997e-01   1.484089e-14   0.000000e+00   1.367521e-15   144
  5.394909e-01   4.972232e-14   2.757364e-04   3.324237e-15   720
  5.404742e-01   5.252687e-14   1.653370e-04   4.162603e-15   384
  5.417051e-01   3.701830e-14   1.832848e-04   2.270550e-15   672
  5.428730e-01   6.071998e-14   3.209115e-04   6.273820e-15   336
  5.434308e-01   5.451840e-14   0.000000e+00   6.120559e-15   288
  5.447967e-01   3.553066e-14   2.539800e-04   2.339193e-15   776
  5.460612e-01   3.289331e-14   2.173184e-04   1.936944e-15   720
  5.471231e-01   2.870280e-14   1.750659e-04   2.131977e-15   432
  5.479725e-01   5.003526e-14   2.495786e-04   5.329144e-15   504
  5.489174e-01   3.432936e-14   1.748652e-04   2.646456e-15   528
  5.502396e-01   4.628940e-14   2.382437e-04   5.130924e-15   438
  5.513273e-01   5.430704e-14   2.772938e-04   5.271365e-15   624
  5.521470e-01   5.241696e-14   3.396475e-04   5.920369e-15   312
  5.532738e-01   5.848630e-14   1.829935e-04   3.823086e-15   696
  5.544390e-01   4.609140e-14   1.655760e-04   4.429837e-15   552
  5.556509e-01   4.278392e-14   1.281006e-04   3.824595e-15   516
  5.564006e-01   5.520189e-14   2.558713e-04   5.049624e-15   528
  5.573133e-01   1.874612e-14   1.664001e-04   1.127000e-15   528
  5.586097e-01   4.556748e-14   2.194479e-04   3.497351e-15   864
  5.594897e-01   4.259537e-14   3.005985e-04   4.126550e-15   408
  5.603706e-01   5.838505e-14   2.978186e-04   4.940049e-15   192
  5.616191e-01   3.150685e-14   2.464592e-04   2.463081e-15   720
  5.626731e-01   3.073302e-14   2.272475e-04   2.250721e-15   696
  5.639255e-01   3.525653e-14   2.454294e-04   2.314009e-15   720
  5.650713e-01   3.397911e-14   3.326501e-04   2.693877e-15   432
  5.657395e-01   2.276454e-14   1.958109e-04   2.168319e-15   264
  5.669418e-01   3.204161e-14   2.704061e-04   2.062624e-15   672
  5.680171e-01   3.640295e-14   2.768544e-04   2.643617e-15   600
  5.692933e-01   1.919800e-14   1.620980e-04   3.026261e-15   270
  5.699366e-01   4.370157e-14   2.440026e-04   4.724290e-15   528
  5.709591e-01   4.428100e-14   1.670843e-04   3.071954e-15   840
  5.723613e-01   5.128966e-14   3.194952e-04   3.652333e-15   888
  5.736568e-01   3.243508e-14   2.380474e-04   2.567817e-15   744
  5.747517e-01   3.831904e-14   1.223216e-04   3.029145e-15   456
  5.752963e-01   6.216515e-14   1.671601e-04   4.806301e-15   360
  5.762282e-01   3.531954e-14   1.448348e-04   4.792559e-15   384
  5.776580e-01   3.433245e-14   2.323137e-04   2.150936e-15   816
  5.787308e-01   3.646509e-14   3.370546e-04   2.429245e-15   824
  5.800348e-01   3.111245e-14   1.566791e-04   3.782831e-15   360
  5.807331e-01   3.763504e-14   2.311994e-04   2.481169e-15   624
  5.816941e-01   3.948704e-14   1.562320e-04   3.882618e-15   360
  5.829744e-01   3.076347e-14   2.125215e-04   2.251388e-15   876
  5.841306e-01   2.733252e-14   2.524119e-04   2.045422e-15   696
  5.852967e-01   2.090006e-14   1.629911e-04   1.943153e-15   336
  5.859080e-01   4.023424e-14   1.628079e-04   4.188877e-15   504
  5.869176e-01   2.967292e-14   1.642187e-04   2.788883e-15   672
  5.884155e-01   2.133309e-14   3.269213e-04   1.500212e-15   720
  5.894543e-01   3.593374e-14   2.469541e-04   3.222127e-15   774
  5.906010e-01   6.822279e-14   1.413501e-04   8.222904e-15   384
  5.912015e-01   4.783378e-14   2.720183e-04   4.580111e-15   528
  5.921335e-01   3.799721e-14   2.592486e-04   2.926459e-15   744
  5.936327e-01   4.273277e-14   2.138251e-04   3.167107e-15   768
  5.946281e-01   4.254818e-14   2.400348e-04   4.611682e-15   552
  5.958700e-01   2.845581e-14   2.616108e-04   2.240293e-15   696
  5.967938e-01   4.684721e-14   3.179026e-04   4.565397e-15   408
  5.975272e-01   3.859674e-14   1.373364e-04   3.289093e-15   504
  5.986899e-01   2.861933e-14   2.467198e-04   2.084796e-15   888
  5.998339e-01   2.723740e-14   2.564132e-04   2.620212e-15   648
  6.010230e-01   2.679764e-14   2.542153e-04   2.223811e-15   648
  6.021418e-01   2.760235e-14   2.741064e-04   2.156335e-15   792
  6.033268e-01   2.305125e-14   4.010364e-04   1.894599e-15   600
  6.042000e-01   1.545313e-14   2.717856e-04   1.083640e-15   456
  6.051191e-01   2.785845e-14   1.324567e-04   2.194648e-15   648
  6.062996e-01   2.215980e-14   2.583099e-04   1.458330e-15   936
  6.075741e-01   3.303105e-14   1.586356e-04   2.588867e-15   384
  6.086836e-01   6.398594e-16   0.000000e+00   4.512011e-17   198
  6.095398e-01   6.663793e-16   4.024720e-04   2.131707e-17   1224
  6.104634e-01   6.992979e-16   2.931235e-04   3.667619e-17   420
  6.115558e-01   6.072909e-16   2.836822e-04   2.430625e-17   792
  6.126238e-01   6.274287e-16   2.345810e-04   2.386396e-17   680
  6.138428e-01   6.348323e-16   2.154033e-04   3.022547e-17   600
  6.148235e-01   6.266078e-16   3.123938e-04   2.135490e-17   840
  6.161330e-01   7.334284e-16   1.474979e-04   3.928568e-17   432
  6.166334e-01   6.215739e-16   1.382250e-04   2.500169e-17   720
  6.177213e-01   6.662656e-16   2.768404e-04   2.266068e-17   960
  6.190745e-01   6.379806e-16   2.467829e-04   2.989407e-17   528
  6.200634e-01   5.818439e-16   2.522592e-04   2.490812e-17   624
  6.212404e-01   6.531123e-16   1.982740e-04   2.431246e-17   816
  6.224086e-01   5.402087e-16   3.260658e-04   2.087661e-17   696
  6.236996e-01   6.649360e-16   1.798266e-08   4.488761e-17   240
  6.241851e-01   6.544764e-16   1.922888e-04   2.774712e-17   672
  6.252686e-01   5.615158e-16   3.436476e-04   2.101588e-17   864
  6.264840e-01   5.586054e-16   2.636938e-04   2.112229e-17   816
  6.275795e-01   5.458367e-16   1.509292e-04   2.374527e-17   648
  6.287594e-01   5.941088e-16   1.542771e-04   1.981725e-17   843
  6.297611e-01   4.975956e-16   2.775825e-04   1.987165e-17   780
  6.309548e-01   4.785047e-16   1.489456e-04   3.092059e-17   216
  6.316911e-01   5.252458e-16   3.591661e-04   1.632776e-17   1056
  6.328235e-01   6.095673e-16   2.938382e-04   3.635000e-17   228
  6.338720e-01   5.576043e-16   3.658358e-04   1.967755e-17   924
  6.349484e-01   5.755243e-16   1.357046e-04   2.157775e-17   696
  6.360882e-01   4.667918e-16   2.415153e-04   1.612710e-17   996
  6.372543e-01   4.924324e-16   1.425858e-04   2.110164e-17   576
  6.384675e-01   5.084846e-16   2.200718e-04   2.531672e-17   552
  6.393519e-01   5.727386e-16   2.627580e-04   2.735217e-17   516
  6.402494e-01   5.154026e-16   3.821047e-04   1.801702e-17   744
  6.412749e-01   4.994370e-16   1.874451e-04   2.383700e-17   576
  6.421669e-01   4.471011e-16   1.929285e-04   1.681317e-17   792
  6.434346e-01   4.904335e-16   2.205530e-04   1.785649e-17   792
  6.443636e-01   4.770816e-16   2.378641e-04   1.840550e-17   720
  6.456200e-01   4.330600e-16   2.711104e-04   1.577995e-17   656
  6.467974e-01   4.606215e-16   2.960385e-04   1.738544e-17   816
  6.480043e-01   4.341053e-16   1.596190e-04   1.981453e-17   492
  6.486903e-01   4.730262e-16   2.296231e-04   1.992244e-17   552
  6.499778e-01   4.102107e-16   3.992867e-04   1.865386e-17   780
  6.508139e-01   4.481335e-16   2.452771e-04   2.285311e-17   528
  6.517148e-01   4.145509e-16   2.863130e-04   1.739777e-17   600
  6.530425e-01   4.736052e-16   2.379487e-04   1.573059e-17   900
  6.539577e-01   4.305571e-16   1.317325e-04   1.987763e-17   696
  6.552168e-01   4.084837e-16   3.330907e-04   1.573449e-17   696
  6.564349e-01   4.134837e-16   1.351317e-04   1.698361e-17   552
  6.574592e-01   3.371746e-16   1.571457e-04   1.449260e-17   708
  6.585322e-01   4.071717e-16   2.594565e-04   1.557912e-17   876
  6.596487e-01   4.557068e-16   1.377663e-04   4.284188e-17   216
  6.603980e-01   3.972934e-16   3.768094e-04   1.312269e-17   1032
  6.615201e-01   3.646377e-16   4.195357e-04   1.624738e-17   600
  6.626848e-01   3.367412e-16   2.001869e-04   1.352019e-17   600
  6.635732e-01   3.795806e-16   3.535112e-04   1.963970e-17   528
  6.646233e-01   3.701652e-16   1.940622e-04   1.472862e-17   732
  6.657296e-01   3.579558e-16   1.432973e-04   2.035771e-17   336
  6.670031e-01   3.561620e-16   2.042271e-04   1.253445e-17   912
  6.679548e-01   3.119537e-16   2.049821e-04   1.292565e-17   624
  6.689946e-01   3.516075e-16   1.727341e-04   1.453213e-17   768
  6.702082e-01   3.934246e-16   3.116463e-04   1.556770e-17   792
  6.713995e-01   3.318117e-16   1.545014e-04   1.500267e-17   660
  6.722471e-01   3.169033e-16   2.276826e-04   1.762731e-17   504
  6.731238e-01   3.264257e-16   3.719898e-04   1.648101e-17   480
  6.744376e-01   2.473834e-16   3.440421e-04   9.042971e-18   912
  6.754664e-01   3.740086e-16   3.831443e-04   2.215897e-17   432
  6.764380e-01   3.157474e-16   2.275021e-04   1.558079e-17   564
  6.773006e-01   3.221109e-16   2.177508e-04   1.493524e-17   600
  6.785149e-01   3.516858e-16   3.035240e-04   1.342756e-17   876
  6.794272e-01   3.279868e-16   1.364735e-04   2.085818e-17   264
  6.806846e-01   3.201292e-16   2.648123e-04   1.434746e-17   560
  6.816953e-01   2.854951e-16   1.799457e-04   1.016551e-17   840
  6.829222e-01   2.679222e-16   2.774244e-04   1.040477e-17   1008
  6.840568e-01   2.866716e-16   1.241010e-04   1.420313e-17   456
  6.850930e-01   3.380699e-16   1.607553e-04   1.617215e-17   576
  6.860509e-01   3.052120e-16   2.470177e-04   1.388699e-17   612
  6.873140e-01   2.865569e-16   2.206269e-04   1.223803e-17   780
  6.883444e-01   2.941095e-16   2.528284e-04   1.279810e-17   648
  6.893992e-01   3.328731e-16   1.178213e-04   2.509204e-17   312
  6.900734e-01   2.482529e-16   2.993645e-04   1.094243e-17   528
  6.912414e-01   2.405110e-16   3.909551e-04   1.048545e-17   720
  6.923583e-01   2.723580e-16   3.921794e-04   1.573952e-17   576
  6.937124e-01   2.533186e-16   3.383053e-04   1.314704e-17   444
  6.945549e-01   2.749421e-16   3.317685e-04   9.640700e-18   996
  6.955874e-01   2.280367e-16   2.771265e-04   1.358244e-17   432
  6.965633e-01   2.760292e-16   3.033990e-04   1.452886e-17   504
  6.974062e-01   2.399928e-16   1.367883e-04   1.268257e-17   504
  6.986065e-01   2.896527e-16   2.692009e-04   1.281841e-17   876
  6.996926e-01   2.373588e-16   3.098246e-04   1.207417e-17   504
  7.008236e-01   2.150727e-16   1.975899e-04   1.034603e-17   696
  7.017583e-01   2.748906e-16   1.689187e-04   1.399344e-17   492
  7.030300e-01   2.113525e-16   2.418152e-04   1.163389e-17   432
  7.039719e-01   2.565787e-16   2.264335e-04   1.050416e-17   768
  7.050885e-01   2.187119e-16   2.820533e-04   1.150053e-17   648
  7.061547e-01   1.958334e-16   1.840095e-04   1.036282e-17   456
  7.073798e-01   2.060291e-16   2.530430e-04   1.025401e-17   552
  7.082306e-01   2.087199e-16   1.734358e-04   1.091064e-17   648
  7.094016e-01   1.972741e-16   2.826907e-04   7.166897e-18   840
  7.105454e-01   2.383185e-16   1.348092e-04   1.286619e-17   432
  7.116906e-01   2.017485e-16   1.651183e-04   1.044344e-17   600
  7.124870e-01   2.322108e-16   1.759227e-04   1.376035e-17   432
  7.138248e-01   2.173491e-16   1.751482e-04   1.040646e-17   560
  7.147308e-01   1.887297e-16   2.772412e-04   8.055316e-18   840
  7.158652e-01   2.298857e-16   1.642140e-04   1.263898e-17   504
  7.167662e-01   1.804808e-16   3.351509e-04   8.474607e-18   696
  7.180362e-01   2.258267e-16   1.830475e-04   1.336078e-17   384
  7.190254e-01   1.661186e-16   2.681431e-04   8.488407e-18   576
  7.202219e-01   1.804042e-16   1.654845e-04   1.216652e-17   360
  7.211864e-01   1.799549e-16   2.464465e-04   8.398276e-18   828
  7.222268e-01   1.722006e-16   2.195064e-04   9.378032e-18   372
  7.231800e-01   1.808690e-16   3.352284e-04   8.490213e-18   576
  7.244428e-01   1.900789e-16   1.403933e-04   8.678740e-18   636
  7.253425e-01   1.734358e-16   2.706420e-04   8.018153e-18   648
  7.265596e-01   1.679042e-16   2.200024e-04   8.174619e-18   576
  7.274333e-01   1.691725e-16   3.548870e-04   9.101101e-18   528
  7.285953e-01   1.684871e-16   1.517289e-04   1.057455e-17   360
  7.295571e-01   1.424845e-16   3.490332e-04   6.143639e-18   672
  7.308130e-01   1.690122e-16   1.787806e-04   7.695809e-18   804
  7.318582e-01   1.753856e-16   1.972163e-04   9.424433e-18   408
  7.330145e-01   1.574069e-16   1.219011e-04   8.808796e-18   384
  7.337931e-01   1.295424e-16   2.789567e-04   8.156877e-18   480
  7.348913e-01   1.485184e-16   1.802469e-04   8.393399e-18   432
  7.359446e-01   1.819737e-16   3.321566e-04   8.223147e-18   648
  7.371913e-01   1.591105e-16   2.061016e-04   7.804647e-18   624
  7.381033e-01   1.578546e-16   1.874668e-04   9.524343e-18   456
  7.393486e-01   1.368621e-16   2.560963e-04   8.503430e-18   588
  7.401831e-01   1.294716e-16   1.633884e-04   6.499875e-18   600
  7.414016e-01   1.345406e-16   2.548458e-04   5.525193e-18   708
  7.423640e-01   1.292084e-16   1.605479e-04   7.232846e-18   360
  7.434275e-01   1.505386e-16   1.845541e-04   8.136890e-18   552
  7.444470e-01   1.365986e-16   1.294691e-04   1.170823e-17   288
  7.454820e-01   1.173589e-16   2.434372e-04   5.832242e-18   528
  7.464545e-01   1.310277e-16   1.642340e-04   6.278881e-18   456
  7.475410e-01   1.402900e-16   2.912225e-04   7.238218e-18   608
  7.486338e-01   1.103021e-16   1.408967e-04   5.194431e-18   504
  7.498278e-01   9.450678e-17   3.024972e-04   5.017136e-18   540
  7.507642e-01   1.488588e-16   3.247222e-04   9.418055e-18   360
  7.517735e-01   1.516885e-16   1.470509e-04   7.336350e-18   540
  7.526661e-01   1.236324e-16   1.262606e-04   6.373611e-18   576
  7.539642e-01   1.225705e-16   2.927555e-04   5.849496e-18   588
  7.551985e-01   1.254528e-16   4.039143e-04   6.163731e-18   672
  7.562588e-01   1.371276e-16   3.087151e-04   6.571292e-18   552
  7.571135e-01   8.618443e-17   3.088712e-04   6.864137e-18   144
  7.582042e-01   1.271349e-16   2.624178e-04   6.233422e-18   600
  7.592383e-01   1.000853e-16   3.288668e-04   5.586051e-18   504
  7.603860e-01   1.123229e-16   3.378126e-04   8.616047e-18   336
  7.615932e-01   1.103056e-16   3.797028e-04   5.272550e-18   600
  7.626744e-01   9.978783e-17   2.450478e-04   5.559508e-18   636
  7.638413e-01   1.199788e-16   1.970206e-04   9.810846e-18   384
  7.646595e-01   1.166575e-16   2.748205e-04   7.579569e-18   504
  7.658387e-01   9.719069e-17   1.153383e-04   6.892391e-18   240
  7.667694e-01   1.083268e-16   2.709461e-04   4.399187e-18   744
  7.678860e-01   9.438798e-17   1.850150e-04   4.793565e-18   648
  7.688783e-01   1.707123e-16   1.228185e-04   1.456858e-17   120
  7.700414e-01   8.814380e-17   1.929319e-04   3.982436e-18   564
  7.709202e-01   1.209544e-16   3.030111e-04   6.938360e-18   432
  7.720932e-01   8.992019e-17   2.351965e-04   6.026364e-18   480
  7.729764e-01   7.045571e-17   1.731106e-04   4.185930e-18   456
  7.740189e-01   9.693197e-17   2.864725e-04   6.035921e-18   444
  7.752020e-01   8.771766e-17   4.383180e-04   5.410215e-18   528
  7.762412e-01   1.054138e-16   3.255297e-04   9.289703e-18   264
  7.772498e-01   8.465134e-17   3.336195e-04   4.798235e-18   444
  7.786065e-01   9.159560e-17   3.654311e-04   4.140008e-18   696
  7.797327e-01   9.875563e-17   1.954448e-04   6.499964e-18   384
  7.805563e-01   8.168558e-17   2.469609e-04   4.437199e-18   432
  7.818373e-01   1.084838e-16   1.706384e-04   6.426708e-18   488
  7.826690e-01   9.981391e-17   2.571733e-04   5.055230e-18   480
  7.838749e-01   8.325392e-17   2.868014e-04   5.297700e-18   480
  7.848089e-01   7.083690e-17   1.203331e-04   4.751140e-18   240
  7.858692e-01   8.901228e-17   2.810886e-04   4.702241e-18   600
  7.868694e-01   6.810519e-17   2.449399e-04   4.691951e-18   288
  7.879343e-01   8.238911e-17   2.356143e-04   4.991987e-18   480
  7.890129e-01   6.752616e-17   4.191157e-04   4.121029e-18   504
  7.900748e-01   9.033215e-17   1.798267e-04   6.432820e-18   216
  7.914291e-01   8.358068e-17   2.944050e-04   5.240774e-18   504
  7.924838e-01   6.596420e-17   2.367912e-04   4.022250e-18   456
  7.936384e-01   1.011504e-16   1.358038e-04   6.332119e-18   384
  7.944031e-01   1.028971e-16   2.756326e-04   6.373750e-18   480
  7.954897e-01   6.282189e-17   2.420363e-04   4.058103e-18   504
  7.964966e-01   7.756526e-17   1.535327e-04   4.944092e-18   312
  7.975815e-01   7.833791e-17   2.474127e-04   4.970247e-18   492
  7.985417e-01   9.095676e-17   2.318919e-04   6.247097e-18   312
  7.997779e-01   6.713039e-17   3.766899e-04   3.362400e-18   576
  8.008661e-01   8.780774e-17   3.477153e-04   7.104076e-18   336
  8.017699e-01   4.648509e-17   2.677247e-04   3.652000e-18   240
  8.030228e-01   7.108661e-17   3.549351e-04   4.215346e-18   468
  8.041047e-01   6.536508e-17   2.222407e-04   6.047811e-18   192
  8.052370e-01   5.625703e-17   2.229031e-04   4.287925e-18   324
  8.060669e-01   6.632242e-17   1.617794e-04   3.591877e-18   600
  8.071978e-01   6.700028e-17   2.624704e-04   3.936886e-18   456
  8.080377e-01   7.159240e-17   1.180592e-04   5.347268e-18   336
  8.094297e-01   7.423949e-17   3.535027e-04   4.343413e-18   612
  8.104424e-01   5.542474e-17   2.966749e-04   9.681682e-18   144
  8.114002e-01   7.286400e-17   3.462957e-04   4.173634e-18   552
  8.127025e-01   3.899565e-17   1.363755e-04   2.471035e-18   264
  8.134384e-01   5.827899e-17   3.157441e-04   4.812763e-18   336
  8.145992e-01   5.018640e-17   2.086329e-04   2.959872e-18   384
  8.156059e-01   5.664655e-17   1.174397e-04   5.151955e-18   216
  8.167203e-01   4.252334e-17   2.489964e-04   2.904797e-18   344
  8.177364e-01   4.470126e-17   3.715143e-04   2.820319e-18   408
  8.189746e-01   5.380075e-17   2.854845e-04   5.132234e-18   264
  8.200718e-01   5.445110e-17   3.979796e-04   3.293939e-18   612
  8.211681e-01   7.286489e-17   2.048307e-04   5.051928e-18   408
  8.222956e-01   5.162527e-17   2.051251e-04   4.273192e-18   444
  8.231239e-01   9.657227e-17   1.147249e-04   8.502491e-18   120
  8.242338e-01   6.003337e-17   3.169640e-04   5.189551e-18   336
  8.250576e-01   4.632583e-17   1.101437e-04   3.438552e-18   288
  8.261708e-01   5.052588e-17   3.427692e-04   2.863040e-18   552
  8.277012e-01   6.687368e-17   0.000000e+00   9.394025e-18   72
  8.284882e-01   4.878769e-17   3.404572e-04   2.951378e-18   504
  8.294074e-01   2.582979e-17   1.095558e-04   2.312241e-18   216
  8.305983e-01   3.890279e-17   1.956043e-04   3.000180e-18   312
  8.316675e-01   3.247826e-17   2.227263e-04   2.409884e-18   336
  8.326865e-01   3.221947e-17   3.087236e-04   2.921403e-18   204
  8.337014e-01   7.220237e-17   3.587838e-04   5.562557e-18   504
  8.347777e-01   6.224906e-17   3.416652e-04   4.169287e-18   396
  8.358127e-01   4.567301e-17   3.133249e-04   3.883966e-18   312
  8.370674e-01   7.334407e-17   1.914750e-04   7.120580e-18   216
  8.379516e-01   4.298572e-17   1.039172e-04   4.337715e-18   168
  8.390260e-01   4.370159e-17   2.623966e-04   2.760982e-18   588
  8.402521e-01   3.129012e-17   3.561727e-04   3.677669e-18   240
  8.412047e-01   3.027910e-17   3.145601e-04   2.780771e-18   264
  8.423219e-01   3.811148e-17   3.890183e-04   3.295439e-18   288
  8.433131e-01   4.094457e-17   1.942596e-04   3.638352e-18   288
  8.445693e-01   3.169594e-17   1.824406e-04   2.628393e-18   288
  8.454153e-01   3.389590e-17   2.113423e-04   3.007075e-18   192
  8.464795e-01   2.313397e-17   2.248894e-04   2.059834e-18   264
  8.474933e-01   6.338708e-17   3.699119e-04   4.566522e-18   372
  8.485844e-01   6.721300e-17   3.995208e-04   6.028079e-18   360
  8.499161e-01   5.965259e-17   1.690810e-04   8.301744e-18   144
  8.506044e-01   3.367920e-17   2.348461e-04   3.325316e-18   296
  8.516909e-01   3.490623e-17   2.530345e-04   3.294627e-18   288
  8.529347e-01   3.704154e-17   3.781537e-04   2.623292e-18   480
  8.540076e-01   3.302831e-17   3.142096e-04   5.543597e-18   192
  8.550509e-01   4.496771e-17   3.370327e-04   4.456975e-18   192
  8.559992e-01   3.077342e-17   2.147949e-04   2.774197e-18   288
  8.573180e-01   1.424320e-17   1.869760e-04   1.726963e-18   108
  8.579823e-01   3.153291e-17   1.797545e-04   3.174820e-18   240
  8.591554e-01   2.364775e-17   3.353363e-04   2.407489e-18   384
  8.603605e-01   3.474980e-17   4.090722e-04   3.837432e-18   108
  8.614261e-01   4.663578e-17   2.398466e-04   3.367520e-18   348
  8.625466e-01   3.015792e-17   2.503134e-04   3.955936e-18   312
  8.635474e-01   3.223905e-17   2.432319e-04   7.095969e-18   96
  8.644677e-01   2.866976e-17   3.238194e-04   2.366506e-18   384
  8.654984e-01   3.145183e-17   2.227222e-04   2.993555e-18   144
  8.665066e-01   3.256371e-17   3.422225e-04   2.625335e-18   408
  8.677598e-01   1.485885e-17   1.526554e-04   2.445518e-18   144
  8.689437e-01   2.976364e-17   2.934816e-04   3.528632e-18   192
  8.696459e-01   3.536921e-17   3.303190e-04   3.564058e-18   144
  8.707904e-01   1.790789e-17   2.685615e-04   1.916207e-18   144
  8.718702e-01   3.049604e-17   3.282257e-04   2.954608e-18   336
  8.731927e-01   1.425946e-17   2.428454e-04   1.101023e-18   240
  8.740312e-01   2.002417e-17   1.102739e-04   2.796999e-18   96
  8.752007e-01   3.489642e-17   3.233803e-04   3.252995e-18   372
  8.763838e-01   2.512826e-17   3.846540e-04   4.045059e-18   132
  8.774230e-01   1.574381e-17   2.380193e-04   1.228705e-18   264
  8.783527e-01   4.016188e-17   1.827880e-04   5.269148e-18   168
  8.793449e-01   2.710269e-17   2.922429e-04   2.383117e-18   216
  8.802213e-01   2.238481e-17   1.787978e-04   2.956410e-18   216
  8.814979e-01   8.377475e-18   3.280196e-04   8.153640e-19   96
  8.826561e-01   3.179063e-17   2.140028e-04   4.647031e-18   120
  8.837183e-01   1.914907e-17   2.720578e-04   2.131576e-18   216
  8.845934e-01   1.470096e-17   1.188902e-04   1.472904e-18   200
  8.857519e-01   2.233794e-17   3.077557e-04   3.055959e-18   288
  8.872378e-01   7.020448e-18   8.097649e-05   5.276829e-19   144
  8.878635e-01   2.363477e-17   2.519939e-04   3.728010e-18   168
  8.891412e-01   2.495957e-17   2.835956e-04   4.444477e-18   159
  8.901386e-01   1.366532e-17   2.975600e-04   1.201005e-18   174
  8.911039e-01   1.235862e-17   2.698170e-04   1.126086e-18   144
  8.923678e-01   2.184384e-17   1.557998e-04   2.176749e-18   222
  8.932131e-01   1.406741e-17   1.572158e-04   1.572930e-18   168
  8.946732e-01   2.280730e-17   3.448346e-04   4.993915e-18   30
  8.952763e-01   4.910806e-18   3.044637e-04   6.372422e-19   72
  8.964123e-01   1.314352e-17   2.717302e-04   1.458298e-18   258
  8.976612e-01   1.199392e-17   1.701916e-04   1.129912e-18   264
  8.982857e-01   1.483334e-17   1.835347e-08   2.444795e-18   72
  8.995871e-01   7.380976e-18   3.373270e-04   7.606851e-19   174
  9.007654e-01   1.568242e-17   3.591909e-04   2.247625e-18   168
  9.017127e-01   4.339947e-18   1.123916e-08   6.012329e-19   48
  9.027297e-01   8.413791e-18   2.028435e-04   1.079687e-18   150
  9.039088e-01   1.680967e-17   3.731453e-04   1.514049e-18   168
  9.050911e-01   8.750922e-18   2.273028e-04   9.215186e-19   144
  9.061784e-01   1.799253e-17   2.123525e-04   2.983107e-18   102
  9.069882e-01   4.311124e-18   3.143182e-04   4.175720e-19   96
  9.082731e-01   3.420284e-18   3.119397e-04   2.947131e-19   120
  9.092246e-01   3.545282e-18   3.345635e-04   2.651588e-19   168
  9.102538e-01   1.581170e-17   2.470487e-04   1.435669e-18   126
  9.111308e-01   9.948948e-18   1.863241e-04   1.357450e-18   168
  9.123389e-01   6.007290e-18   2.987709e-04   7.510404e-19   72
  9.133947e-01   4.633970e-18   3.741278e-04   3.904182e-19   168
  9.143196e-01   1.426196e-17   1.025668e-04   3.400361e-18   78
  9.155870e-01   4.616495e-18   1.684070e-04   6.755477e-19   60
  9.166075e-01   1.558650e-17   2.731835e-04   2.721833e-18   96
  9.176659e-01   6.170730e-18   3.314854e-04   4.825593e-19   168
  9.186605e-01   5.080172e-18   2.097511e-04   8.057489e-19   86
  9.197042e-01   3.960397e-18   1.874678e-04   4.009509e-19   120
  9.212002e-01   3.504374e-18   1.336894e-04   3.136167e-19   168
  9.220069e-01   2.437205e-18   0.000000e+00   3.603588e-19   48
  9.230934e-01   8.874530e-18   2.435676e-04   9.395234e-19   120
  9.237177e-01   6.276879e-18   1.776924e-04   9.152598e-19   126
  9.252418e-01   4.925712e-18   3.125113e-04   6.182166e-19   96
  9.262310e-01   5.086873e-18   9.011285e-05   4.893297e-19   96
  9.270111e-01   3.508786e-18   1.059638e-08   3.161617e-19   72
  9.286731e-01   4.372643e-18   1.123916e-08   7.555980e-19   24
  9.297104e-01   5.586817e-18   1.854501e-04   5.448240e-19   120
  9.305196e-01   5.493018e-18   2.705147e-04   7.505380e-19   126
  9.314194e-01   3.863425e-18   2.255107e-04   4.110028e-19   96
  9.324708e-01   2.581277e-18   3.897482e-04   2.882680e-19   72
  9.336415e-01   3.489770e-18   1.685792e-04   3.045114e-19   144
  9.346046e-01   2.606981e-18   9.723254e-05   3.299966e-19   72
  9.355666e-01   5.315174e-18   1.942081e-04   9.728071e-19   54
  9.364132e-01   4.945583e-18   1.711436e-04   4.713166e-19   108
  9.381728e-01   5.610449e-18   1.677650e-04   5.826760e-19   72
  9.387206e-01   3.402889e-18   9.680617e-05   3.436532e-19   72
  9.400202e-01   1.926516e-18   1.946680e-08   3.910482e-19   24
  9.412498e-01   1.425620e-18   2.047976e-04   2.687221e-19   48
  9.419964e-01   4.140041e-18   1.560029e-04   5.155566e-19   102
  9.431203e-01   2.735633e-18   3.528137e-04   2.495141e-19   168
  9.445889e-01   2.350945e-18   1.924163e-04   2.788186e-19   72
  9.451330e-01   2.615070e-18   0.000000e+00   3.002417e-19   48
  9.462744e-01   3.076402e-18   3.309678e-04   4.024743e-19   120
  9.477807e-01   2.854952e-18   2.033864e-04   3.208893e-19   96
  9.492033e-01   7.860758e-18   1.798266e-08   2.394860e-18   30
  9.508942e-01   3.663756e-18   9.555995e-05   5.238765e-19   72
  9.516372e-01   2.772972e-18   1.123916e-08   4.548841e-19   24
  9.525916e-01   1.780905e-18   1.416435e-04   1.951240e-19   56
  9.536606e-01   1.807384e-18   2.021324e-04   1.674412e-19   96
  9.549399e-01   2.457300e-18   2.232036e-04   2.273776e-19   144
  9.559263e-01   3.433283e-18   1.267263e-04   5.269890e-19   54
  9.573592e-01   2.226799e-18   1.898493e-04   2.284139e-19   108
  9.588012e-01   5.422937e-18   1.005243e-04   9.585776e-19   48
  9.601739e-01   2.212507e-18   3.785063e-04   2.651606e-19   72
  9.634680e-01   4.455520e-18   2.500803e-04   4.804249e-19   78
  9.643808e-01   1.496368e-18   1.884669e-04   1.427755e-19   72
  9.654462e-01   1.910929e-18   1.882329e-04   2.521300e-19   72
  9.665603e-01   2.038202e-18   4.542266e-04   2.279391e-19   96
  9.674408e-01   2.200427e-18   1.878449e-04   1.959453e-19   72
  9.685029e-01   3.359242e-18   0.000000e+00   6.252057e-19   24
  9.695638e-01   1.918734e-18   3.748416e-04   2.084649e-19   72
  9.719599e-01   2.527810e-18   2.380359e-04   3.101047e-19   30
  9.724755e-01   2.914815e-18   0.000000e+00   6.111508e-19   24
  9.752466e-01   1.335007e-18   1.976584e-04   2.075201e-19   48
  9.761159e-01   1.714877e-18   4.253608e-04   1.357061e-19   120
  9.772870e-01   1.875907e-18   1.859776e-04   1.744832e-19   72
  9.784697e-01   1.657875e-18   1.857528e-04   2.712508e-19   36
  9.792826e-01   1.690288e-18   3.671339e-04   1.771719e-19   78
  9.815513e-01   2.102443e-18   1.963888e-04   2.894847e-19   48
  9.844928e-01   2.634890e-18   1.589457e-08   4.378684e-19   24
  9.865884e-01   1.014118e-18   1.367612e-04   1.204833e-19   56
  9.876436e-01   1.073291e-18   2.104496e-04   8.423083e-20   102
  9.889860e-01   1.646835e-18   1.498555e-08   1.972230e-19   72
  9.897653e-01   1.469429e-18   1.123916e-08   2.357510e-19   24
  9.911277e-01   1.260321e-18   1.944913e-04   1.809857e-19   48
  9.936528e-01   2.191844e-18   0.000000e+00   3.294011e-19   24
  9.967520e-01   7.862543e-19   0.000000e+00   1.302344e-19   6
  9.977185e-01   7.502043e-19   0.000000e+00   1.077556e-19   24
  9.983623e-01   1.029652e-18   1.820511e-04   1.358604e-19   72
  9.995384e-01   1.405004e-18   3.396336e-04   1.346035e-19   84
  1.000805e+00   1.137751e-18   0.000000e+00   1.746795e-19   24
  1.001190e+00   1.310900e-18   1.589457e-08   1.611406e-19   24
  1.003114e+00   1.204061e-18   1.946680e-08   2.016692e-19   24
  1.005800e+00   1.002019e-18   0.000000e+00   4.335111e-19   6
  1.009244e+00   9.753443e-19   1.910001e-04   1.567264e-19   48
  1.010072e+00   9.985313e-19   3.598129e-04   1.326464e-19   72
  1.011152e+00   1.034528e-18   1.906396e-04   1.455274e-19   48
  1.012867e+00   1.263089e-18   0.000000e+00   4.352160e-19   24
  1.015148e+00   3.518699e-19   0.000000e+00   5.155309e-20   6
  1.020262e+00   1.378788e-18   0.000000e+00   4.583946e-19   8
  1.020640e+00   1.073845e-18   1.123916e-08   1.428955e-19   48
  1.021546e+00   1.130442e-18   1.848806e-04   1.214060e-19   60
  1.022904e+00   1.487064e-18   0.000000e+00   2.884403e-19   24
  1.024787e+00   6.286222e-19   0.000000e+00   1.098082e-19   6
  1.031723e+00   1.267945e-18   0.000000e+00   2.843339e-19   24
  1.032283e+00   9.732096e-19   1.867372e-04   1.435371e-19   48
  1.033217e+00   6.879977e-19   0.000000e+00   1.860552e-19   24
  1.034708e+00   7.063982e-19   0.000000e+00   3.101055e-20   6
  1.043181e+00   9.339452e-19   1.742080e-04   1.356261e-19   36
  1.043797e+00   9.670695e-19   0.000000e+00   2.241647e-19   24
  1.044904e+00   9.389179e-19   0.000000e+00   3.095872e-19   6
  1.054545e+00   1.021513e-18   1.583190e-04   1.646364e-19   32
  1.055367e+00   1.315246e-18   0.000000e+00   5.902843e-19   6
  1.065728e+00   1.635267e-18   0.000000e+00   4.304470e-19   12
  1.066089e+00   1.110863e-18   0.000000e+00   2.251950e-19   6
  1.077063e+00   6.749589e-19   0.000000e+00   1.147019e-19   6
