# power spectrum of delta
# redshift z=9.995300
# k              Pk             sigma(k)       sigma(Pk)      count
  1.963495e-02   7.629026e-05   0.000000e+00   3.075772e-05   6
  2.776802e-02   1.242530e-04   0.000000e+00   2.480966e-05   12
  3.400874e-02   1.597754e-04   3.725290e-10   3.277901e-05   8
  3.926991e-02   7.868753e-04   0.000000e+00   8.469867e-05   6
  4.390509e-02   7.269808e-04   7.024475e-10   2.317770e-04   24
  4.809562e-02   1.326177e-03   7.024475e-10   2.254879e-04   24
  5.553604e-02   8.929988e-04   0.000000e+00   4.003122e-04   12
  5.890486e-02   1.243030e-03   7.947286e-10   2.249789e-04   30
  6.209118e-02   1.886841e-03   0.000000e+00   4.139373e-04   24
  6.512178e-02   1.966773e-03   1.216675e-09   4.895140e-04   24
  6.801748e-02   2.551656e-03   7.450581e-10   5.115508e-04   8
  7.079483e-02   2.473294e-03   9.934107e-10   3.123956e-04   24
  7.346727e-02   2.575079e-03   0.000000e+00   3.645450e-04   48
  7.853982e-02   3.798844e-03   0.000000e+00   1.671167e-03   6
  8.095699e-02   3.177660e-03   9.934107e-10   4.475171e-04   48
  8.330406e-02   3.191157e-03   9.365966e-10   3.374711e-04   36
  8.558678e-02   4.755105e-03   9.934107e-10   1.005141e-03   24
  8.781018e-02   3.029280e-03   1.404895e-09   5.087134e-04   24
  8.997866e-02   2.832945e-03   0.000000e+00   3.799132e-04   48
  9.209610e-02   4.379329e-03   1.404895e-09   6.220051e-04   24
  9.619124e-02   4.060494e-03   1.404895e-09   6.289153e-04   24
  9.817477e-02   2.827472e-03   0.000000e+00   4.683531e-04   30
  1.001190e-01   3.266221e-03   0.000000e+00   3.548927e-04   72
  1.020262e-01   3.447469e-03   1.490116e-09   7.133356e-04   32
  1.057375e-01   4.800674e-03   0.000000e+00   5.540055e-04   72
  1.075451e-01   3.186409e-03   0.000000e+00   4.670994e-04   48
  1.110721e-01   1.775494e-03   0.000000e+00   5.249360e-04   12
  1.127942e-01   3.751281e-03   0.000000e+00   5.566693e-04   48
  1.144905e-01   3.439450e-03   0.000000e+00   3.300443e-04   48
  1.161620e-01   4.771818e-03   1.404895e-09   6.114194e-04   48
  1.178097e-01   6.068252e-03   1.589457e-09   1.064908e-03   30
  1.194348e-01   6.232185e-03   0.000000e+00   1.390875e-03   24
  1.210380e-01   6.386463e-03   2.961779e-09   6.620948e-04   72
  1.241824e-01   4.086558e-03   0.000000e+00   7.877159e-04   24
  1.257251e-01   6.193307e-03   0.000000e+00   5.999443e-04   96
  1.272490e-01   4.913519e-03   0.000000e+00   6.753331e-04   48
  1.287550e-01   4.200702e-03   2.433349e-09   1.009624e-03   24
  1.302436e-01   3.273595e-03   2.433349e-09   6.858657e-04   24
  1.317153e-01   7.900217e-03   0.000000e+00   9.489272e-04   72
  1.331707e-01   6.399174e-03   0.000000e+00   9.785251e-04   48
  1.360350e-01   5.278396e-03   1.490116e-09   1.521729e-03   8
  1.374447e-01   8.849836e-03   1.766064e-09   1.098613e-03   54
  1.388401e-01   5.765688e-03   0.000000e+00   9.602845e-04   84
  1.402216e-01   7.125252e-03   0.000000e+00   1.032478e-03   48
  1.415897e-01   4.307128e-03   1.986821e-09   7.496310e-04   24
  1.429446e-01   5.919288e-03   2.649095e-09   6.827734e-04   72
  1.442869e-01   7.875312e-03   0.000000e+00   9.046847e-04   96
  1.469345e-01   1.046913e-02   0.000000e+00   1.145092e-03   48
  1.482407e-01   6.071388e-03   0.000000e+00   5.934341e-04   48
  1.495354e-01   5.625864e-03   0.000000e+00   1.103215e-03   24
  1.508189e-01   6.205129e-03   0.000000e+00   6.831387e-04   72
  1.533539e-01   6.330351e-03   0.000000e+00   7.510222e-04   72
  1.546058e-01   6.442787e-03   0.000000e+00   7.322785e-04   96
  1.570796e-01   1.100936e-02   0.000000e+00   4.786535e-03   6
  1.583021e-01   7.738015e-03   0.000000e+00   7.933965e-04   96
  1.595151e-01   8.149124e-03   1.986821e-09   8.759153e-04   96
  1.607190e-01   4.970954e-03   0.000000e+00   1.195772e-03   24
  1.619140e-01   6.143771e-03   1.986821e-09   7.066756e-04   48
  1.631002e-01   6.448224e-03   0.000000e+00   6.510976e-04   96
  1.642778e-01   6.687884e-03   0.000000e+00   9.412339e-04   48
  1.666081e-01   6.683919e-03   1.873193e-09   1.135451e-03   36
  1.677611e-01   6.838314e-03   3.441276e-09   8.576690e-04   48
  1.689063e-01   7.614789e-03   3.893359e-09   6.762372e-04   120
  1.700437e-01   6.782027e-03   0.000000e+00   9.060599e-04   56
  1.711736e-01   3.718422e-03   1.986821e-09   6.728766e-04   24
  1.722960e-01   5.625910e-03   0.000000e+00   5.046185e-04   96
  1.734112e-01   6.022520e-03   0.000000e+00   7.598406e-04   48
  1.756204e-01   8.423916e-03   2.809790e-09   1.551855e-03   24
  1.767146e-01   8.601282e-03   0.000000e+00   8.810894e-04   102
  1.778021e-01   1.014323e-02   1.986821e-09   1.561937e-03   48
  1.788829e-01   8.671631e-03   0.000000e+00   8.776039e-04   72
  1.799573e-01   7.957983e-03   0.000000e+00   7.899080e-04   48
  1.810253e-01   9.453241e-03   0.000000e+00   1.725221e-03   48
  1.820871e-01   7.811472e-03   4.495664e-09   7.348143e-04   120
  1.841922e-01   1.045634e-02   2.809790e-09   1.658537e-03   24
  1.852358e-01   7.005176e-03   2.649095e-09   5.915348e-04   144
  1.862735e-01   7.156232e-03   3.178914e-09   7.274298e-04   120
  1.873055e-01   6.653385e-03   2.809790e-09   9.484129e-04   48
  1.893526e-01   8.853909e-03   2.809790e-09   1.203234e-03   48
  1.903679e-01   7.268115e-03   2.809790e-09   7.120401e-04   96
  1.930487e-01   9.225859e-03   4.711199e-04   1.077100e-03   72
  1.943761e-01   7.653806e-03   2.497591e-09   5.855183e-04   108
  1.953653e-01   8.622605e-03   0.000000e+00   9.004228e-04   72
  1.963495e-01   5.837647e-03   0.000000e+00   1.250461e-03   30
  1.973288e-01   9.346472e-03   0.000000e+00   7.094292e-04   168
  1.983033e-01   1.083686e-02   0.000000e+00   1.281117e-03   48
  2.002380e-01   6.835055e-03   0.000000e+00   8.328555e-04   72
  2.011984e-01   9.479835e-03   0.000000e+00   9.388877e-04   96
  2.021542e-01   8.728683e-03   5.298191e-09   1.351189e-03   72
  2.031055e-01   9.918551e-03   0.000000e+00   1.063015e-03   72
  2.047049e-01   9.814144e-03   4.350048e-04   7.711247e-04   104
  2.059331e-01   8.937044e-03   3.746387e-09   6.670949e-04   144
  2.087224e-01   6.498437e-03   6.282881e-09   6.303151e-04   96
  2.096439e-01   6.306081e-03   0.000000e+00   6.643081e-04   96
  2.111095e-01   9.214971e-03   4.475232e-04   8.461373e-04   120
  2.123845e-01   7.914965e-03   0.000000e+00   6.916491e-04   120
  2.132902e-01   9.932258e-03   0.000000e+00   1.096889e-03   72
  2.150901e-01   1.069807e-02   0.000000e+00   1.419493e-03   48
  2.159845e-01   1.029750e-02   4.890638e-09   1.270768e-03   78
  2.171286e-01   1.086236e-02   4.007142e-04   8.633962e-04   168
  2.195255e-01   1.009753e-02   4.588368e-09   8.580119e-04   144
  2.204018e-01   1.176624e-02   3.746387e-09   8.532794e-04   144
  2.229436e-01   9.775467e-03   2.307791e-04   8.934532e-04   156
  2.238729e-01   8.122966e-03   4.866699e-09   1.652295e-03   48
  2.247323e-01   9.087857e-03   3.178914e-09   8.364517e-04   120
  2.255884e-01   6.254548e-03   0.000000e+00   6.742768e-04   48
  2.271022e-01   9.763474e-03   3.532495e-04   7.040133e-04   216
  2.289809e-01   7.101772e-03   0.000000e+00   8.485193e-04   48
  2.298212e-01   7.700470e-03   2.809790e-09   6.459443e-04   96
  2.310160e-01   8.952742e-03   4.128272e-04   8.088324e-04   168
  2.323239e-01   7.080668e-03   2.809790e-09   1.023069e-03   48
  2.331522e-01   1.039906e-02   0.000000e+00   1.050662e-03   96
  2.339775e-01   8.623055e-03   0.000000e+00   1.560603e-03   48
  2.356194e-01   1.118800e-02   3.178914e-09   1.237801e-03   30
  2.364362e-01   7.791272e-03   0.000000e+00   6.430703e-04   96
  2.374123e-01   9.361147e-03   3.244455e-04   6.750737e-04   240
  2.386674e-01   1.583006e-02   3.500299e-04   2.336184e-03   32
  2.396752e-01   7.145616e-03   0.000000e+00   5.194230e-04   168
  2.404781e-01   8.178253e-03   0.000000e+00   7.992710e-04   120
  2.420760e-01   7.549784e-03   5.923557e-09   9.257821e-04   72
  2.428710e-01   1.092460e-02   2.649095e-09   1.020230e-03   144
  2.436634e-01   8.377993e-03   0.000000e+00   8.067542e-04   96
  2.444532e-01   1.034391e-02   0.000000e+00   8.306878e-04   96
  2.460253e-01   1.344194e-02   0.000000e+00   1.676183e-03   72
  2.468075e-01   8.781669e-03   3.973643e-09   8.919395e-04   96
  2.483647e-01   1.162242e-02   0.000000e+00   2.096782e-03   24
  2.491396e-01   1.036425e-02   0.000000e+00   7.243667e-04   192
  2.500522e-01   9.725584e-03   2.970416e-04   7.548908e-04   132
  2.514501e-01   1.085451e-02   0.000000e+00   8.990388e-04   96
  2.522156e-01   6.957405e-03   0.000000e+00   7.025862e-04   96
  2.529787e-01   9.322828e-03   3.178914e-09   7.331781e-04   120
  2.544981e-01   1.009772e-02   0.000000e+00   1.311264e-03   48
  2.557435e-01   8.049822e-03   3.599905e-04   4.859403e-04   222
  2.567603e-01   1.019841e-02   0.000000e+00   9.130536e-04   120
  2.575100e-01   8.473120e-03   4.866699e-09   1.787525e-03   24
  2.586015e-01   1.220373e-02   3.715625e-04   7.173728e-04   312
  2.609797e-01   1.341444e-02   3.483547e-04   1.418940e-03   72
  2.619630e-01   9.325686e-03   4.866699e-09   1.055900e-03   96
  2.629726e-01   1.162837e-02   3.547511e-04   9.571797e-04   192
  2.641613e-01   1.011433e-02   4.495664e-09   1.103206e-03   120
  2.648900e-01   1.022060e-02   0.000000e+00   9.641894e-04   144
  2.663415e-01   1.004442e-02   0.000000e+00   1.395617e-03   48
  2.673732e-01   9.311699e-03   3.567146e-04   5.891515e-04   336
  2.685040e-01   1.028534e-02   0.000000e+00   1.201120e-03   48
  2.699360e-01   1.001907e-02   0.000000e+00   9.558956e-04   192
  2.706492e-01   8.601427e-03   0.000000e+00   1.013701e-03   48
  2.726764e-01   9.179320e-03   2.476067e-04   1.104150e-03   56
  2.736844e-01   1.005553e-02   3.180112e-04   5.652907e-04   336
  2.748894e-01   1.010572e-02   3.532127e-09   1.619192e-03   54
  2.759390e-01   9.791930e-03   3.492904e-04   6.323465e-04   240
  2.781181e-01   1.023575e-02   3.344484e-04   8.483384e-04   228
  2.790651e-01   1.072808e-02   3.746387e-09   1.379817e-03   72
  2.799844e-01   1.139013e-02   3.244231e-04   8.484673e-04   144
  2.811298e-01   1.032447e-02   0.000000e+00   9.778659e-04   96
  2.818146e-01   9.918068e-03   4.495664e-09   6.894774e-04   240
  2.831793e-01   7.631172e-03   3.973643e-09   1.265134e-03   24
  2.840530e-01   1.046563e-02   3.064151e-04   5.927892e-04   336
  2.852142e-01   7.714079e-03   0.000000e+00   8.789948e-04   72
  2.862741e-01   1.221045e-02   3.332831e-04   9.258212e-04   168
  2.872346e-01   9.204998e-03   0.000000e+00   9.471848e-04   72
  2.885737e-01   1.394239e-02   0.000000e+00   1.415379e-03   96
  2.896108e-01   9.028635e-03   3.307829e-04   6.432564e-04   216
  2.905708e-01   7.696754e-03   0.000000e+00   5.963952e-04   96
  2.918946e-01   9.731778e-03   3.973643e-09   6.386714e-04   192
  2.925542e-01   9.872934e-03   3.746387e-09   7.527893e-04   144
  2.938691e-01   8.194195e-03   0.000000e+00   1.011110e-03   48
  2.947794e-01   1.066217e-02   3.189136e-04   7.804177e-04   246
  2.960164e-01   1.298011e-02   2.940434e-04   1.023237e-03   168
  2.971308e-01   1.068105e-02   7.786718e-09   1.358214e-03   120
  2.977788e-01   8.923990e-03   0.000000e+00   6.598678e-04   240
  2.990707e-01   7.839434e-03   0.000000e+00   1.633122e-03   24
  3.001001e-01   9.925447e-03   3.147475e-04   5.870755e-04   360
  3.013820e-01   1.203679e-02   3.134082e-04   1.002960e-03   120
  3.022763e-01   1.069016e-02   0.000000e+00   9.014949e-04   144
  3.029133e-01   1.293898e-02   0.000000e+00   1.131013e-03   96
  3.048165e-01   1.082265e-02   0.000000e+00   8.120692e-04   144
  3.054482e-01   1.271440e-02   0.000000e+00   1.144702e-03   132
  3.063360e-01   9.700361e-03   3.093292e-04   7.373486e-04   176
  3.076248e-01   1.033941e-02   3.123602e-04   5.871217e-04   312
  3.092116e-01   1.293329e-02   0.000000e+00   1.818258e-03   96
  3.098343e-01   8.780021e-03   0.000000e+00   8.067646e-04   144
  3.107899e-01   1.080019e-02   3.092271e-04   6.828253e-04   312
  3.123131e-01   1.062861e-02   0.000000e+00   1.118481e-03   48
  3.129297e-01   9.520821e-03   3.973643e-09   6.918181e-04   192
  3.141593e-01   5.888704e-03   0.000000e+00   1.767457e-03   6
  3.149762e-01   9.243554e-03   2.884066e-04   5.218996e-04   288
  3.162994e-01   1.000927e-02   3.047203e-04   7.802484e-04   192
  3.172124e-01   9.328957e-03   9.345130e-09   6.313427e-04   216
  3.178195e-01   1.109816e-02   0.000000e+00   1.569766e-03   72
  3.193321e-01   1.068070e-02   3.018264e-04   9.884631e-04   192
  3.203366e-01   1.212460e-02   2.241224e-04   8.099529e-04   288
  3.214381e-01   9.599165e-03   0.000000e+00   1.954638e-03   24
  3.222890e-01   1.090411e-02   2.952626e-04   5.972468e-04   456
  3.238280e-01   8.300825e-03   0.000000e+00   1.384525e-03   48
  3.247789e-01   1.079656e-02   2.908218e-04   7.796380e-04   240
  3.258718e-01   1.288594e-02   2.939082e-04   8.926605e-04   216
  3.267908e-01   9.660741e-03   0.000000e+00   1.158214e-03   72
  3.273801e-01   8.831626e-03   1.015467e-08   7.582946e-04   168
  3.290441e-01   1.086163e-02   2.184577e-04   7.266453e-04   288
  3.299773e-01   1.156304e-02   2.890570e-04   8.665866e-04   168
  3.314762e-01   1.201240e-02   0.000000e+00   1.005134e-03   192
  3.320572e-01   9.175378e-03   3.746387e-09   6.557131e-04   144
  3.332162e-01   1.508050e-02   3.746387e-09   1.947924e-03   36
  3.341991e-01   8.774000e-03   2.639705e-04   4.899444e-04   342
  3.351389e-01   1.022262e-02   2.710657e-04   1.009157e-03   144
  3.363470e-01   1.071241e-02   2.842800e-04   6.564958e-04   384
  3.378125e-01   1.251981e-02   7.786718e-09   1.257829e-03   120
  3.385379e-01   1.238942e-02   2.534951e-04   7.374185e-04   264
  3.395201e-01   1.026559e-02   1.256576e-08   7.860750e-04   192
  3.404451e-01   1.018412e-02   2.731894e-04   8.278429e-04   152
  3.412191e-01   1.012885e-02   7.492773e-09   9.966780e-04   144
  3.428472e-01   7.961569e-03   1.768108e-04   6.062543e-04   216
  3.436008e-01   1.198111e-02   2.362665e-04   6.955795e-04   312
  3.449274e-01   1.014112e-02   2.738281e-04   6.371846e-04   240
  3.457090e-01   1.097546e-02   3.973643e-09   1.073801e-03   96
  3.471927e-01   8.303610e-03   2.617995e-04   6.867774e-04   144
  3.481071e-01   1.048363e-02   2.573258e-04   5.502188e-04   456
  3.495904e-01   7.230960e-03   0.000000e+00   4.998159e-04   120
  3.501414e-01   9.270437e-03   0.000000e+00   8.971501e-04   144
  3.512407e-01   7.763572e-03   5.619580e-09   1.201356e-03   24
  3.519456e-01   9.686931e-03   2.473498e-04   5.123878e-04   336
  3.531645e-01   9.735481e-03   2.727931e-04   7.448458e-04   198
  3.543067e-01   1.113722e-02   2.652756e-04   7.279012e-04   432
  3.556041e-01   1.551208e-02   7.947286e-09   1.775481e-03   48
  3.562810e-01   1.302393e-02   2.341925e-04   7.445303e-04   384
  3.574963e-01   1.058956e-02   2.696052e-04   9.923003e-04   144
  3.585975e-01   1.431244e-02   2.676825e-04   1.156839e-03   264
  3.599147e-01   9.317673e-03   0.000000e+00   9.180046e-04   48
  3.607984e-01   1.044034e-02   2.545223e-04   6.857915e-04   276
  3.616510e-01   1.032580e-02   2.307176e-04   9.408792e-04   192
  3.627906e-01   1.009247e-02   2.592759e-04   4.558856e-04   552
  3.641741e-01   7.375855e-03   6.357829e-09   7.998313e-04   120
  3.649965e-01   8.758382e-03   2.624511e-04   6.378194e-04   216
  3.657587e-01   9.230804e-03   6.357829e-09   7.550491e-04   120
  3.671201e-01   1.191632e-02   2.584500e-04   6.244599e-04   408
  3.683844e-01   5.313679e-03   5.619580e-09   6.646287e-04   24
  3.691684e-01   9.935864e-03   2.610810e-04   6.953945e-04   384
  3.702633e-01   8.052414e-03   2.550855e-04   5.112611e-04   240
  3.712141e-01   1.011997e-02   2.569535e-04   7.184137e-04   168
  3.725471e-01   7.199577e-03   0.000000e+00   7.404639e-04   120
  3.734064e-01   1.094533e-02   2.678605e-04   6.788066e-04   350
  3.748037e-01   1.166518e-02   4.409502e-04   7.587854e-04   384
  3.756388e-01   1.331051e-02   0.000000e+00   1.562120e-03   144
  3.771752e-01   9.534741e-03   5.298191e-09   7.016597e-04   288
  3.779773e-01   1.006217e-02   2.524053e-04   6.587829e-04   336
  3.790686e-01   9.540690e-03   2.297941e-04   7.983841e-04   168
  3.797219e-01   1.171230e-02   1.506181e-08   8.751730e-04   336
  3.810732e-01   8.573736e-03   2.385126e-04   5.138617e-04   288
  3.818848e-01   1.000043e-02   2.247398e-04   6.286959e-04   264
  3.832590e-01   9.682781e-03   0.000000e+00   6.915939e-04   240
  3.837616e-01   9.409392e-03   0.000000e+00   8.608202e-04   96
  3.855656e-01   1.138541e-02   3.056310e-04   7.412946e-04   360
  3.864075e-01   1.014952e-02   2.253025e-04   1.144958e-03   168
  3.874713e-01   1.015656e-02   2.456032e-04   5.238646e-04   456
  3.887523e-01   9.084135e-03   7.064254e-09   8.302133e-04   108
  3.894728e-01   7.497287e-03   2.464311e-04   4.848310e-04   264
  3.903716e-01   9.141043e-03   2.198567e-04   7.467491e-04   264
  3.916025e-01   1.079972e-02   2.074668e-04   5.961807e-04   312
  3.931351e-01   1.112274e-02   1.541705e-04   9.405581e-04   270
  3.937775e-01   1.115487e-02   1.957388e-04   1.004069e-03   240
  3.949323e-01   1.141082e-02   2.421536e-04   7.870599e-04   384
  3.956334e-01   8.696860e-03   7.947286e-09   6.293811e-04   192
  3.969952e-01   1.182506e-02   1.942960e-04   1.031756e-03   240
  3.977852e-01   1.171355e-02   2.397927e-04   7.703786e-04   336
  3.992708e-01   1.070201e-02   2.413972e-04   5.205365e-04   480
  4.004761e-01   1.111899e-02   5.298191e-09   1.302724e-03   72
  4.011493e-01   1.138740e-02   2.353842e-04   1.061346e-03   240
  4.020650e-01   9.062489e-03   2.212289e-04   5.243160e-04   312
  4.031147e-01   8.312711e-03   2.390954e-04   5.688476e-04   240
  4.047009e-01   1.024595e-02   1.816506e-04   6.022944e-04   408
  4.053288e-01   9.312788e-03   1.663482e-04   5.770922e-04   336
  4.065560e-01   9.996151e-03   2.112212e-04   8.037494e-04   264
  4.071591e-01   8.538081e-03   0.000000e+00   7.329321e-04   144
  4.088370e-01   9.880430e-03   2.927651e-04   6.076795e-04   464
  4.097211e-01   7.637301e-03   2.328083e-04   5.818982e-04   168
  4.105939e-01   1.033845e-02   2.120376e-04   7.178077e-04   336
  4.121713e-01   9.854617e-03   2.227870e-04   6.677831e-04   414
  4.130606e-01   1.460293e-02   2.319080e-04   1.320400e-03   216
  4.141998e-01   1.728572e-02   5.619580e-09   1.951553e-03   96
  4.146649e-01   9.774181e-03   1.376510e-08   7.033111e-04   384
  4.162944e-01   1.068082e-02   2.314600e-04   5.791578e-04   492
  4.171676e-01   1.031359e-02   2.263480e-04   6.987424e-04   240
  4.181546e-01   9.086515e-03   2.298225e-04   5.551669e-04   312
  4.195176e-01   6.977334e-03   2.297469e-04   5.302461e-04   192
  4.203810e-01   1.030045e-02   2.226525e-04   5.977371e-04   504
  4.215265e-01   1.052365e-02   1.473998e-04   7.842138e-04   408
  4.224284e-01   9.478936e-03   4.515774e-04   7.945777e-04   168
  4.235571e-01   1.154504e-02   2.145032e-04   8.133073e-04   288
  4.245041e-01   8.861605e-03   2.238525e-04   6.543559e-04   288
  4.254743e-01   8.275879e-03   2.251410e-04   4.682028e-04   432
  4.268815e-01   1.050844e-02   2.129084e-04   7.523043e-04   216
  4.276334e-01   9.276904e-03   2.124592e-04   5.911293e-04   360
  4.289721e-01   1.060410e-02   2.073582e-04   7.075019e-04   312
  4.301803e-01   1.403468e-02   0.000000e+00   2.320801e-03   48
  4.308767e-01   9.185099e-03   2.223178e-04   5.371498e-04   432
  4.321240e-01   8.621388e-03   3.708284e-04   5.310834e-04   414
  4.328606e-01   9.802677e-03   8.470833e-09   7.424180e-04   312
  4.342347e-01   1.079149e-02   3.253813e-04   7.131358e-04   528
  4.351620e-01   1.149031e-02   1.707976e-04   1.132673e-03   264
  4.362761e-01   1.044616e-02   2.025191e-04   7.321970e-04   480
  4.377318e-01   1.022016e-02   0.000000e+00   7.130754e-04   288
  4.383604e-01   1.005037e-02   2.176005e-04   9.878899e-04   168
  4.395105e-01   1.125978e-02   3.444610e-04   6.220840e-04   504
  4.408036e-01   1.531720e-02   5.298191e-09   1.486599e-03   144
  4.416171e-01   8.097476e-03   2.212265e-04   4.352718e-04   464
  4.428396e-01   8.093658e-03   3.246624e-04   4.797332e-04   432
  4.434197e-01   1.098817e-02   5.619580e-09   9.344937e-04   192
  4.449189e-01   8.163958e-03   2.406833e-04   4.566012e-04   396
  4.458042e-01   8.607779e-03   2.162000e-04   5.732390e-04   288
  4.466990e-01   8.532735e-03   2.135686e-04   5.924207e-04   336
  4.481283e-01   8.716500e-03   1.352359e-04   5.311217e-04   432
  4.490354e-01   9.757734e-03   3.505126e-04   6.618021e-04   360
  4.500539e-01   8.967313e-03   2.073334e-04   4.643694e-04   384
  4.515004e-01   8.159871e-03   1.830116e-04   6.819880e-04   198
  4.521974e-01   9.631729e-03   2.080246e-04   5.799870e-04   552
  4.534970e-01   1.087864e-02   2.912202e-04   9.586882e-04   432
  4.545821e-01   1.006479e-02   1.112388e-08   9.102256e-04   168
  4.554927e-01   1.174843e-02   3.610065e-04   7.818909e-04   480
  4.566974e-01   7.031321e-03   0.000000e+00   7.077017e-04   120
  4.572396e-01   1.002048e-02   2.948545e-04   7.923452e-04   336
  4.585628e-01   9.447183e-03   2.080152e-04   5.121998e-04   672
  4.598711e-01   1.084902e-02   3.025866e-04   5.690948e-04   528
  4.604805e-01   6.882570e-03   9.082613e-09   5.170617e-04   168
  4.618883e-01   1.022582e-02   3.375333e-04   6.194788e-04   456
  4.627474e-01   1.297305e-02   2.061344e-04   1.919610e-03   168
  4.636392e-01   9.753029e-03   2.057643e-04   6.011722e-04   504
  4.651216e-01   7.645955e-03   2.647872e-04   6.292169e-04   336
  4.660180e-01   1.069708e-02   1.908802e-04   7.477025e-04   312
  4.670124e-01   9.777813e-03   1.865029e-04   6.473961e-04   504
  4.683210e-01   8.498266e-03   1.294009e-04   4.453021e-04   432
  4.689362e-01   7.284124e-03   1.999672e-04   4.179490e-04   312
  4.702151e-01   8.015598e-03   2.049761e-04   4.679987e-04   384
  4.715504e-01   1.201368e-02   1.741510e-04   1.820327e-03   126
  4.723748e-01   9.694202e-03   3.057676e-04   6.074249e-04   492
  4.734278e-01   1.071796e-02   1.958445e-04   6.970811e-04   528
  4.747438e-01   9.060237e-03   1.989360e-04   6.018010e-04   480
  4.755596e-01   1.146596e-02   2.748289e-04   8.190476e-04   432
  4.767402e-01   1.061217e-02   2.161166e-04   7.362405e-04   440
  4.781114e-01   1.100352e-02   1.074739e-04   8.031168e-04   312
  4.786259e-01   9.420120e-03   1.610586e-04   8.547810e-04   480
  4.796813e-01   9.684164e-03   3.153497e-04   7.469777e-04   408
  4.812233e-01   1.152385e-02   1.888588e-04   7.962073e-04   360
  4.818747e-01   9.184492e-03   1.822418e-04   6.559575e-04   408
  4.830820e-01   7.333704e-03   1.854542e-04   4.948802e-04   456
  4.844414e-01   9.887022e-03   1.772485e-04   6.660160e-04   264
  4.851959e-01   9.350055e-03   1.923591e-04   6.972774e-04   384
  4.862943e-01   8.874933e-03   3.238501e-04   4.959760e-04   672
  4.875640e-01   1.109172e-02   1.937042e-04   1.120760e-03   240
  4.882967e-01   7.907777e-03   1.965613e-04   4.864765e-04   264
  4.893308e-01   6.069336e-03   2.424259e-04   3.242286e-04   624
  4.908739e-01   7.340407e-03   0.000000e+00   9.477554e-04   150
  4.914232e-01   1.167408e-02   2.716574e-04   7.361443e-04   600
  4.925819e-01   9.187126e-03   1.874909e-04   5.230618e-04   672
  4.938939e-01   8.702845e-03   1.763484e-04   8.608161e-04   336
  4.946248e-01   1.223652e-02   1.918157e-04   9.256721e-04   408
  4.957926e-01   1.003027e-02   1.913639e-04   8.818397e-04   408
  4.970915e-01   8.866222e-03   9.676385e-05   5.962494e-04   360
  4.978921e-01   1.065624e-02   3.552857e-04   8.030237e-04   456
  4.988592e-01   8.944663e-03   1.932065e-04   6.834950e-04   384
  5.000902e-01   7.253894e-03   1.783541e-04   4.411963e-04   348
  5.007554e-01   1.075547e-02   2.198754e-04   6.896250e-04   576
  5.020050e-01   8.092094e-03   1.810385e-04   4.731900e-04   504
  5.032833e-01   8.636648e-03   2.553443e-04   6.105618e-04   432
  5.043991e-01   7.797713e-03   3.473946e-04   3.959621e-04   576
  5.051948e-01   8.068937e-03   0.000000e+00   7.912678e-04   264
  5.064571e-01   8.437051e-03   2.764393e-04   4.066703e-04   768
  5.075549e-01   5.931749e-03   3.721752e-04   4.195857e-04   240
  5.084277e-01   7.944657e-03   3.282233e-04   9.864639e-04   192
  5.096990e-01   7.095502e-03   2.416124e-04   3.620874e-04   504
  5.106418e-01   9.574784e-03   3.255818e-04   8.064865e-04   590
  5.115460e-01   1.010213e-02   3.647966e-04   8.577590e-04   384
  5.126798e-01   8.612480e-03   3.048625e-04   6.147290e-04   504
  5.140486e-01   1.118416e-02   2.933830e-04   7.088701e-04   648
  5.153764e-01   8.134557e-03   7.967896e-05   5.989227e-04   504
  5.159117e-01   8.040693e-03   1.817627e-04   5.736434e-04   312
  5.168569e-01   9.828280e-03   2.618753e-04   6.065213e-04   576
  5.181545e-01   1.079218e-02   1.822405e-04   1.167945e-03   240
  5.189109e-01   7.347695e-03   1.841453e-04   4.208567e-04   552
  5.199816e-01   1.056973e-02   1.729082e-04   7.975270e-04   600
  5.215067e-01   8.641180e-03   2.111937e-04   5.485982e-04   600
  5.224237e-01   7.986241e-03   3.382099e-04   5.913799e-04   312
  5.233368e-01   9.946817e-03   2.945474e-04   6.502171e-04   480
  5.244775e-01   8.173242e-03   1.837693e-04   5.897093e-04   576
  5.254818e-01   1.116037e-02   2.959085e-04   9.282236e-04   408
  5.263729e-01   4.188269e-03   3.451909e-04   2.823579e-04   216
  5.275243e-01   7.427802e-03   2.643774e-04   4.827077e-04   516
  5.287578e-01   8.249383e-03   2.522429e-04   4.287204e-04   744
  5.300304e-01   8.879180e-03   1.684760e-04   5.878988e-04   462
  5.307494e-01   8.938405e-03   1.712315e-04   8.323118e-04   432
  5.318647e-01   1.042413e-02   1.588547e-04   6.311589e-04   648
  5.331761e-01   9.685770e-03   2.324340e-04   7.857565e-04   528
  5.342295e-01   8.443743e-03   2.799086e-04   5.191159e-04   600
  5.352820e-01   1.432593e-02   3.528915e-04   2.005629e-03   240
  5.363014e-01   8.371035e-03   2.703115e-04   5.258845e-04   720
  5.374863e-01   8.701067e-03   2.138653e-04   4.961598e-04   720
  5.387997e-01   3.705335e-03   0.000000e+00   2.982371e-04   144
  5.394909e-01   9.036166e-03   2.757364e-04   5.010157e-04   720
  5.404742e-01   9.881633e-03   1.653370e-04   6.733160e-04   384
  5.417051e-01   7.616673e-03   1.832848e-04   4.038577e-04   672
  5.428730e-01   1.082902e-02   3.209115e-04   9.809475e-04   336
  5.434308e-01   1.016073e-02   0.000000e+00   1.006511e-03   288
  5.447967e-01   7.190526e-03   2.539800e-04   3.867500e-04   776
  5.460612e-01   7.144195e-03   2.173184e-04   3.602654e-04   720
  5.471231e-01   6.447519e-03   1.750659e-04   4.216275e-04   432
  5.479725e-01   9.717180e-03   2.495786e-04   9.087615e-04   504
  5.489174e-01   7.156829e-03   1.748652e-04   4.666734e-04   528
  5.502396e-01   8.637640e-03   2.382437e-04   7.460086e-04   438
  5.513273e-01   9.663337e-03   2.772938e-04   7.730497e-04   624
  5.521470e-01   9.978475e-03   3.396475e-04   9.149287e-04   312
  5.532738e-01   1.104006e-02   1.829935e-04   6.090546e-04   696
  5.544390e-01   9.020478e-03   1.655760e-04   6.950444e-04   552
  5.556509e-01   8.362152e-03   1.281006e-04   6.126174e-04   516
  5.564006e-01   1.043430e-02   2.558713e-04   8.143634e-04   528
  5.573133e-01   4.934356e-03   1.664001e-04   2.680075e-04   528
  5.586097e-01   8.981515e-03   2.194479e-04   5.749247e-04   864
  5.594897e-01   8.502707e-03   3.005985e-04   7.060672e-04   408
  5.603706e-01   1.160542e-02   2.978186e-04   9.124815e-04   192
  5.616191e-01   7.045337e-03   2.464592e-04   4.404649e-04   720
  5.626731e-01   6.822484e-03   2.272475e-04   4.025627e-04   696
  5.639255e-01   7.866299e-03   2.454294e-04   4.273365e-04   720
  5.650713e-01   7.597937e-03   3.326501e-04   5.148003e-04   432
  5.657395e-01   5.698901e-03   1.958109e-04   4.734264e-04   264
  5.669418e-01   7.463405e-03   2.704061e-04   4.133084e-04   672
  5.680171e-01   8.156065e-03   2.768544e-04   5.064614e-04   600
  5.692933e-01   4.914867e-03   1.620980e-04   5.079657e-04   270
  5.699366e-01   8.656680e-03   2.440026e-04   7.564032e-04   528
  5.709591e-01   9.449316e-03   1.670843e-04   5.189010e-04   840
  5.723613e-01   1.037121e-02   3.194952e-04   6.144172e-04   888
  5.736568e-01   7.305930e-03   2.380474e-04   4.439824e-04   744
  5.747517e-01   8.817611e-03   1.223216e-04   6.080726e-04   456
  5.752963e-01   1.261935e-02   1.671601e-04   8.505452e-04   360
  5.762282e-01   7.610633e-03   1.448348e-04   8.202992e-04   384
  5.776580e-01   7.993151e-03   2.323137e-04   4.160280e-04   816
  5.787308e-01   8.351031e-03   3.370546e-04   4.512231e-04   824
  5.800348e-01   7.466826e-03   1.566791e-04   7.288227e-04   360
  5.807331e-01   9.141407e-03   2.311994e-04   5.009753e-04   624
  5.816941e-01   8.853848e-03   1.562320e-04   7.370782e-04   360
  5.829744e-01   7.450105e-03   2.125215e-04   4.433939e-04   876
  5.841306e-01   6.954954e-03   2.524119e-04   4.338780e-04   696
  5.852967e-01   5.968316e-03   1.629911e-04   4.749377e-04   336
  5.859080e-01   9.532308e-03   1.628079e-04   8.461545e-04   504
  5.869176e-01   7.332241e-03   1.642187e-04   5.722552e-04   672
  5.884155e-01   5.950036e-03   3.269213e-04   3.325649e-04   720
  5.894543e-01   8.041124e-03   2.469541e-04   5.625436e-04   774
  5.906010e-01   1.337590e-02   1.413501e-04   1.416801e-03   384
  5.912015e-01   1.076157e-02   2.720183e-04   8.713253e-04   528
  5.921335e-01   8.983495e-03   2.592486e-04   5.562977e-04   744
  5.936327e-01   1.023538e-02   2.138251e-04   6.330708e-04   768
  5.946281e-01   9.303003e-03   2.400348e-04   8.383119e-04   552
  5.958700e-01   7.207029e-03   2.616108e-04   4.503071e-04   696
  5.967938e-01   1.073698e-02   3.179026e-04   8.988318e-04   408
  5.975272e-01   9.370320e-03   1.373364e-04   6.634593e-04   504
  5.986899e-01   7.522767e-03   2.467198e-04   4.561450e-04   888
  5.998339e-01   7.097559e-03   2.564132e-04   5.412177e-04   648
  6.010230e-01   6.997242e-03   2.542153e-04   4.636831e-04   648
  6.021418e-01   7.307526e-03   2.741064e-04   4.664769e-04   792
  6.033268e-01   6.380739e-03   4.010364e-04   4.265824e-04   600
  6.042000e-01   5.013340e-03   2.717856e-04   3.089635e-04   456
  6.051191e-01   7.526275e-03   1.324567e-04   4.945636e-04   648
  6.062996e-01   6.300994e-03   2.583099e-04   3.351239e-04   936
  6.075741e-01   9.056338e-03   1.586356e-04   6.196718e-04   384
  6.086836e-01   2.390648e-04   0.000000e+00   1.804359e-05   198
  6.095398e-01   2.495500e-04   4.024720e-04   7.986889e-06   1224
  6.104634e-01   2.375297e-04   2.931235e-04   1.269446e-05   420
  6.115558e-01   2.301193e-04   2.836822e-04   9.276255e-06   792
  6.126238e-01   2.395070e-04   2.345810e-04   9.430587e-06   680
  6.138428e-01   2.441543e-04   2.154033e-04   1.131606e-05   600
  6.148235e-01   2.411136e-04   3.123938e-04   8.472169e-06   840
  6.161330e-01   2.778776e-04   1.474979e-04   1.441897e-05   432
  6.166334e-01   2.359921e-04   1.382250e-04   9.470002e-06   720
  6.177213e-01   2.525557e-04   2.768404e-04   8.320081e-06   960
  6.190745e-01   2.622356e-04   2.467829e-04   1.292226e-05   528
  6.200634e-01   2.302220e-04   2.522592e-04   9.255872e-06   624
  6.212404e-01   2.497858e-04   1.982740e-04   9.396490e-06   816
  6.224086e-01   2.130636e-04   3.260658e-04   8.291727e-06   696
  6.236996e-01   2.629284e-04   1.798266e-08   1.767826e-05   240
  6.241851e-01   2.564077e-04   1.922888e-04   1.018226e-05   672
  6.252686e-01   2.220476e-04   3.436476e-04   7.634847e-06   864
  6.264840e-01   2.369996e-04   2.636938e-04   8.662742e-06   816
  6.275795e-01   2.290658e-04   1.509292e-04   9.483668e-06   648
  6.287594e-01   2.380531e-04   1.542771e-04   7.846980e-06   843
  6.297611e-01   2.190574e-04   2.775825e-04   9.100380e-06   780
  6.309548e-01   2.235640e-04   1.489456e-04   1.459998e-05   216
  6.316911e-01   2.193723e-04   3.591661e-04   6.597125e-06   1056
  6.328235e-01   2.728737e-04   2.938382e-04   1.688135e-05   228
  6.338720e-01   2.302102e-04   3.658358e-04   7.854787e-06   924
  6.349484e-01   2.326099e-04   1.357046e-04   8.150209e-06   696
  6.360882e-01   2.084361e-04   2.415153e-04   6.967215e-06   996
  6.372543e-01   2.227301e-04   1.425858e-04   9.341095e-06   576
  6.384675e-01   2.282636e-04   2.200718e-04   1.039067e-05   552
  6.393519e-01   2.367380e-04   2.627580e-04   1.075272e-05   516
  6.402494e-01   2.227268e-04   3.821047e-04   7.715562e-06   744
  6.412749e-01   2.425080e-04   1.874451e-04   1.113183e-05   576
  6.421669e-01   2.031124e-04   1.929285e-04   6.960171e-06   792
  6.434346e-01   2.232698e-04   2.205530e-04   7.901498e-06   792
  6.443636e-01   2.198154e-04   2.378641e-04   8.051640e-06   720
  6.456200e-01   2.024548e-04   2.711104e-04   7.410239e-06   656
  6.467974e-01   2.109090e-04   2.960385e-04   7.431521e-06   816
  6.480043e-01   2.084446e-04   1.596190e-04   9.176130e-06   492
  6.486903e-01   2.208277e-04   2.296231e-04   9.078703e-06   552
  6.499778e-01   2.045256e-04   3.992867e-04   8.951971e-06   780
  6.508139e-01   2.125143e-04   2.452771e-04   9.960926e-06   528
  6.517148e-01   2.078763e-04   2.863130e-04   8.432986e-06   600
  6.530425e-01   2.200457e-04   2.379487e-04   6.746832e-06   900
  6.539577e-01   2.101880e-04   1.317325e-04   8.459224e-06   696
  6.552168e-01   2.086884e-04   3.330907e-04   7.590252e-06   696
  6.564349e-01   2.237759e-04   1.351317e-04   9.381698e-06   552
  6.574592e-01   1.736553e-04   1.571457e-04   6.849115e-06   708
  6.585322e-01   2.145543e-04   2.594565e-04   7.967312e-06   876
  6.596487e-01   2.135676e-04   1.377663e-04   1.678888e-05   216
  6.603980e-01   1.964282e-04   3.768094e-04   6.008327e-06   1032
  6.615201e-01   1.964673e-04   4.195357e-04   8.137280e-06   600
  6.626848e-01   1.964707e-04   2.001869e-04   7.447777e-06   600
  6.635732e-01   1.963980e-04   3.535112e-04   9.642613e-06   528
  6.646233e-01   1.969175e-04   1.940622e-04   7.160823e-06   732
  6.657296e-01   1.798063e-04   1.432973e-04   8.972486e-06   336
  6.670031e-01   1.980558e-04   2.042271e-04   6.471529e-06   912
  6.679548e-01   1.792966e-04   2.049821e-04   6.917068e-06   624
  6.689946e-01   1.934026e-04   1.727341e-04   7.327136e-06   768
  6.702082e-01   2.196359e-04   3.116463e-04   8.269120e-06   792
  6.713995e-01   1.885287e-04   1.545014e-04   7.962067e-06   660
  6.722471e-01   1.812908e-04   2.276826e-04   8.852134e-06   504
  6.731238e-01   1.937176e-04   3.719898e-04   9.423107e-06   480
  6.744376e-01   1.527531e-04   3.440421e-04   5.254188e-06   912
  6.754664e-01   2.153951e-04   3.831443e-04   1.203092e-05   432
  6.764380e-01   1.801336e-04   2.275021e-04   7.944862e-06   564
  6.773006e-01   1.880623e-04   2.177508e-04   8.042283e-06   600
  6.785149e-01   1.987338e-04   3.035240e-04   6.907650e-06   876
  6.794272e-01   1.995862e-04   1.364735e-04   1.153479e-05   264
  6.806846e-01   1.968952e-04   2.648123e-04   8.483845e-06   560
  6.816953e-01   1.772271e-04   1.799457e-04   5.977896e-06   840
  6.829222e-01   1.741057e-04   2.774244e-04   6.042708e-06   1008
  6.840568e-01   1.943275e-04   1.241010e-04   8.931994e-06   456
  6.850930e-01   2.064602e-04   1.607553e-04   8.730144e-06   576
  6.860509e-01   1.903533e-04   2.470177e-04   7.806526e-06   612
  6.873140e-01   1.797362e-04   2.206269e-04   6.922520e-06   780
  6.883444e-01   1.887297e-04   2.528284e-04   7.491543e-06   648
  6.893992e-01   2.090698e-04   1.178213e-04   1.413611e-05   312
  6.900734e-01   1.742997e-04   2.993645e-04   7.762210e-06   528
  6.912414e-01   1.646022e-04   3.909551e-04   6.741715e-06   720
  6.923583e-01   1.763462e-04   3.921794e-04   8.774622e-06   576
  6.937124e-01   1.748078e-04   3.383053e-04   7.964855e-06   444
  6.945549e-01   1.848821e-04   3.317685e-04   5.993974e-06   996
  6.955874e-01   1.626369e-04   2.771265e-04   8.673014e-06   432
  6.965633e-01   1.828562e-04   3.033990e-04   8.802362e-06   504
  6.974062e-01   1.783077e-04   1.367883e-04   8.538794e-06   504
  6.986065e-01   1.961926e-04   2.692009e-04   7.836771e-06   876
  6.996926e-01   1.721956e-04   3.098246e-04   8.226873e-06   504
  7.008236e-01   1.585404e-04   1.975899e-04   6.718929e-06   696
  7.017583e-01   1.987696e-04   1.689187e-04   9.529777e-06   492
  7.030300e-01   1.560026e-04   2.418152e-04   7.763333e-06   432
  7.039719e-01   1.818114e-04   2.264335e-04   6.610888e-06   768
  7.050885e-01   1.613559e-04   2.820533e-04   7.479870e-06   648
  7.061547e-01   1.499050e-04   1.840095e-04   7.056207e-06   456
  7.073798e-01   1.530150e-04   2.530430e-04   6.848063e-06   552
  7.082306e-01   1.596929e-04   1.734358e-04   7.571486e-06   648
  7.094016e-01   1.559752e-04   2.826907e-04   5.404854e-06   840
  7.105454e-01   1.819011e-04   1.348092e-04   9.306368e-06   432
  7.116906e-01   1.537536e-04   1.651183e-04   7.000406e-06   600
  7.124870e-01   1.760885e-04   1.759227e-04   9.913838e-06   432
  7.138248e-01   1.665060e-04   1.751482e-04   7.582757e-06   560
  7.147308e-01   1.545981e-04   2.772412e-04   6.203598e-06   840
  7.158652e-01   1.819272e-04   1.642140e-04   8.746235e-06   504
  7.167662e-01   1.493281e-04   3.351509e-04   6.410527e-06   696
  7.180362e-01   1.760543e-04   1.830475e-04   9.736092e-06   384
  7.190254e-01   1.414174e-04   2.681431e-04   6.529528e-06   576
  7.202219e-01   1.520900e-04   1.654845e-04   9.666340e-06   360
  7.211864e-01   1.492536e-04   2.464465e-04   6.552265e-06   828
  7.222268e-01   1.511732e-04   2.195064e-04   7.737737e-06   372
  7.231800e-01   1.540027e-04   3.352284e-04   6.692901e-06   576
  7.244428e-01   1.572344e-04   1.403933e-04   6.689178e-06   636
  7.253425e-01   1.488618e-04   2.706420e-04   6.447091e-06   648
  7.265596e-01   1.523402e-04   2.200024e-04   7.107628e-06   576
  7.274333e-01   1.486592e-04   3.548870e-04   7.362582e-06   528
  7.285953e-01   1.456551e-04   1.517289e-04   8.403715e-06   360
  7.295571e-01   1.340424e-04   3.490332e-04   5.476666e-06   672
  7.308130e-01   1.476321e-04   1.787806e-04   6.236933e-06   804
  7.318582e-01   1.556580e-04   1.972163e-04   7.896672e-06   408
  7.330145e-01   1.403459e-04   1.219011e-04   7.017301e-06   384
  7.337931e-01   1.244700e-04   2.789567e-04   6.966921e-06   480
  7.348913e-01   1.391518e-04   1.802469e-04   7.046683e-06   432
  7.359446e-01   1.645996e-04   3.321566e-04   7.044694e-06   648
  7.371913e-01   1.475397e-04   2.061016e-04   6.780843e-06   624
  7.381033e-01   1.523673e-04   1.874668e-04   8.770391e-06   456
  7.393486e-01   1.310874e-04   2.560963e-04   7.486382e-06   588
  7.401831e-01   1.254890e-04   1.633884e-04   5.880594e-06   600
  7.414016e-01   1.321677e-04   2.548458e-04   4.989979e-06   708
  7.423640e-01   1.233918e-04   1.605479e-04   6.390269e-06   360
  7.434275e-01   1.446652e-04   1.845541e-04   7.259143e-06   552
  7.444470e-01   1.365341e-04   1.294691e-04   1.058404e-05   288
  7.454820e-01   1.198159e-04   2.434372e-04   5.708770e-06   528
  7.464545e-01   1.310976e-04   1.642340e-04   6.106049e-06   456
  7.475410e-01   1.391982e-04   2.912225e-04   6.541523e-06   608
  7.486338e-01   1.171249e-04   1.408967e-04   5.279437e-06   504
  7.498278e-01   1.042442e-04   3.024972e-04   5.128744e-06   540
  7.507642e-01   1.492257e-04   3.247222e-04   9.083726e-06   360
  7.517735e-01   1.518629e-04   1.470509e-04   6.928126e-06   540
  7.526661e-01   1.302434e-04   1.262606e-04   6.179872e-06   576
  7.539642e-01   1.299096e-04   2.927555e-04   5.735449e-06   588
  7.551985e-01   1.340974e-04   4.039143e-04   6.087798e-06   672
  7.562588e-01   1.461071e-04   3.087151e-04   6.781318e-06   552
  7.571135e-01   9.728819e-05   3.088712e-04   7.580864e-06   144
  7.582042e-01   1.351103e-04   2.624178e-04   6.107352e-06   600
  7.592383e-01   1.118993e-04   3.288668e-04   5.523257e-06   504
  7.603860e-01   1.215954e-04   3.378126e-04   8.667374e-06   336
  7.615932e-01   1.242926e-04   3.797028e-04   5.496472e-06   600
  7.626744e-01   1.148996e-04   2.450478e-04   5.657033e-06   636
  7.638413e-01   1.303704e-04   1.970206e-04   9.947881e-06   384
  7.646595e-01   1.275255e-04   2.748205e-04   7.782502e-06   504
  7.658387e-01   1.115785e-04   1.153383e-04   7.292092e-06   240
  7.667694e-01   1.241827e-04   2.709461e-04   4.692324e-06   744
  7.678860e-01   1.134846e-04   1.850150e-04   5.310968e-06   648
  7.688783e-01   1.796604e-04   1.228185e-04   1.521682e-05   120
  7.700414e-01   1.046420e-04   1.929319e-04   4.309188e-06   564
  7.709202e-01   1.388190e-04   3.030111e-04   7.468686e-06   432
  7.720932e-01   1.082359e-04   2.351965e-04   6.546848e-06   480
  7.729764e-01   9.049975e-05   1.731106e-04   4.900040e-06   456
  7.740189e-01   1.168479e-04   2.864725e-04   6.740374e-06   444
  7.752020e-01   1.097442e-04   4.383180e-04   5.914162e-06   528
  7.762412e-01   1.243367e-04   3.255297e-04   1.008674e-05   264
  7.772498e-01   1.065435e-04   3.336195e-04   5.560576e-06   444
  7.786065e-01   1.134909e-04   3.654311e-04   4.772399e-06   696
  7.797327e-01   1.204452e-04   1.954448e-04   7.394487e-06   384
  7.805563e-01   1.066390e-04   2.469609e-04   5.404383e-06   432
  7.818373e-01   1.353974e-04   1.706384e-04   7.450937e-06   488
  7.826690e-01   1.238800e-04   2.571733e-04   5.924309e-06   480
  7.838749e-01   1.061499e-04   2.868014e-04   6.208864e-06   480
  7.848089e-01   9.845246e-05   1.203331e-04   6.388258e-06   240
  7.858692e-01   1.135012e-04   2.810886e-04   5.520502e-06   600
  7.868694e-01   9.437015e-05   2.449399e-04   6.021879e-06   288
  7.879343e-01   1.098131e-04   2.356143e-04   6.149483e-06   480
  7.890129e-01   9.429921e-05   4.191157e-04   5.257214e-06   504
  7.900748e-01   1.234431e-04   1.798267e-04   8.483904e-06   216
  7.914291e-01   1.107579e-04   2.944050e-04   6.261607e-06   504
  7.924838e-01   9.044842e-05   2.367912e-04   4.951210e-06   456
  7.936384e-01   1.340612e-04   1.358038e-04   7.839019e-06   384
  7.944031e-01   1.350173e-04   2.756326e-04   7.762760e-06   480
  7.954897e-01   8.864956e-05   2.420363e-04   5.190758e-06   504
  7.964966e-01   1.076337e-04   1.535327e-04   6.282953e-06   312
  7.975815e-01   1.085199e-04   2.474127e-04   6.362221e-06   492
  7.985417e-01   1.232628e-04   2.318919e-04   7.841504e-06   312
  7.997779e-01   9.964006e-05   3.766899e-04   4.415601e-06   576
  8.008661e-01   1.198867e-04   3.477153e-04   8.915363e-06   336
  8.017699e-01   7.365175e-05   2.677247e-04   5.384747e-06   240
  8.030228e-01   1.051457e-04   3.549351e-04   5.897803e-06   468
  8.041047e-01   9.794829e-05   2.222407e-04   8.509483e-06   192
  8.052370e-01   8.551850e-05   2.229031e-04   5.926930e-06   324
  8.060669e-01   9.904084e-05   1.617794e-04   4.890253e-06   600
  8.071978e-01   9.607444e-05   2.624704e-04   5.185656e-06   456
  8.080377e-01   1.038357e-04   1.180592e-04   7.028746e-06   336
  8.094297e-01   1.072918e-04   3.535027e-04   5.660511e-06   612
  8.104424e-01   8.044700e-05   2.966749e-04   1.224156e-05   144
  8.114002e-01   1.083771e-04   3.462957e-04   5.714232e-06   552
  8.127025e-01   6.720358e-05   1.363755e-04   4.104931e-06   264
  8.134384e-01   8.826505e-05   3.157441e-04   6.644307e-06   336
  8.145992e-01   8.431255e-05   2.086329e-04   4.588180e-06   384
  8.156059e-01   8.691731e-05   1.174397e-04   7.283523e-06   216
  8.167203e-01   7.235839e-05   2.489964e-04   4.598342e-06   344
  8.177364e-01   7.506155e-05   3.715143e-04   4.317665e-06   408
  8.189746e-01   8.553873e-05   2.854845e-04   7.325373e-06   264
  8.200718e-01   8.426743e-05   3.979796e-04   4.601178e-06   612
  8.211681e-01   1.124861e-04   2.048307e-04   7.261404e-06   408
  8.222956e-01   8.124871e-05   2.051251e-04   5.968903e-06   444
  8.231239e-01   1.419634e-04   1.147249e-04   1.198649e-05   120
  8.242338e-01   9.644014e-05   3.169640e-04   7.586474e-06   336
  8.250576e-01   7.950680e-05   1.101437e-04   5.284538e-06   288
  8.261708e-01   8.605723e-05   3.427692e-04   4.372770e-06   552
  8.277012e-01   1.053483e-04   0.000000e+00   1.424184e-05   72
  8.284882e-01   8.540469e-05   3.404572e-04   4.736875e-06   504
  8.294074e-01   5.009113e-05   1.095558e-04   4.009919e-06   216
  8.305983e-01   6.985736e-05   1.956043e-04   5.027511e-06   312
  8.316675e-01   6.058205e-05   2.227263e-04   4.134541e-06   336
  8.326865e-01   5.955683e-05   3.087236e-04   5.029443e-06   204
  8.337014e-01   1.172592e-04   3.587838e-04   8.303925e-06   504
  8.347777e-01   1.033275e-04   3.416652e-04   6.353357e-06   396
  8.358127e-01   7.953268e-05   3.133249e-04   6.173945e-06   312
  8.370674e-01   1.186722e-04   1.914750e-04   1.090018e-05   216
  8.379516e-01   8.064484e-05   1.039172e-04   7.824871e-06   168
  8.390260e-01   7.939313e-05   2.623966e-04   4.426077e-06   588
  8.402521e-01   6.090664e-05   3.561727e-04   5.923598e-06   240
  8.412047e-01   5.853331e-05   3.145601e-04   4.836101e-06   264
  8.423219e-01   7.189542e-05   3.890183e-04   5.663928e-06   288
  8.433131e-01   7.870507e-05   1.942596e-04   6.316147e-06   288
  8.445693e-01   6.184671e-05   1.824406e-04   4.536577e-06   288
  8.454153e-01   6.965100e-05   2.113423e-04   5.711916e-06   192
  8.464795e-01   4.886338e-05   2.248894e-04   3.846552e-06   264
  8.474933e-01   1.092593e-04   3.699119e-04   7.298817e-06   372
  8.485844e-01   1.172757e-04   3.995208e-04   9.742917e-06   360
  8.499161e-01   1.084047e-04   1.690810e-04   1.413609e-05   144
  8.506044e-01   6.464862e-05   2.348461e-04   5.485851e-06   296
  8.516909e-01   6.821274e-05   2.530345e-04   6.043912e-06   288
  8.529347e-01   7.465322e-05   3.781537e-04   4.740592e-06   480
  8.540076e-01   6.477276e-05   3.142096e-04   9.398885e-06   192
  8.550509e-01   8.838177e-05   3.370327e-04   7.851541e-06   192
  8.559992e-01   6.319613e-05   2.147949e-04   5.042489e-06   288
  8.573180e-01   3.462035e-05   1.869760e-04   4.036694e-06   108
  8.579823e-01   6.363861e-05   1.797545e-04   5.780526e-06   240
  8.591554e-01   5.217288e-05   3.353363e-04   4.507388e-06   384
  8.603605e-01   7.198196e-05   4.090722e-04   7.269339e-06   108
  8.614261e-01   8.882314e-05   2.398466e-04   5.852298e-06   348
  8.625466e-01   5.959005e-05   2.503134e-04   6.780771e-06   312
  8.635474e-01   6.075655e-05   2.432319e-04   1.204827e-05   96
  8.644677e-01   6.180472e-05   3.238194e-04   4.349559e-06   384
  8.654984e-01   6.800136e-05   2.227222e-04   5.917779e-06   144
  8.665066e-01   6.990451e-05   3.422225e-04   4.947514e-06   408
  8.677598e-01   3.676047e-05   1.526554e-04   5.398718e-06   144
  8.689437e-01   6.201860e-05   2.934816e-04   6.510139e-06   192
  8.696459e-01   7.898702e-05   3.303190e-04   7.469781e-06   144
  8.707904e-01   4.556336e-05   2.685615e-04   4.727046e-06   144
  8.718702e-01   6.797192e-05   3.282257e-04   5.922468e-06   336
  8.731927e-01   3.765473e-05   2.428454e-04   2.755215e-06   240
  8.740312e-01   4.779709e-05   1.102739e-04   6.183579e-06   96
  8.752007e-01   7.253279e-05   3.233803e-04   6.203666e-06   372
  8.763838e-01   5.493165e-05   3.846540e-04   7.467250e-06   132
  8.774230e-01   4.184826e-05   2.380193e-04   3.105396e-06   264
  8.783527e-01   8.583624e-05   1.827880e-04   9.866498e-06   168
  8.793449e-01   6.573793e-05   2.922429e-04   5.308278e-06   216
  8.802213e-01   5.153014e-05   1.787978e-04   5.816973e-06   216
  8.814979e-01   2.464601e-05   3.280196e-04   2.411188e-06   96
  8.826561e-01   7.002165e-05   2.140028e-04   9.496613e-06   120
  8.837183e-01   4.923465e-05   2.720578e-04   4.913348e-06   216
  8.845934e-01   3.976056e-05   1.188902e-04   3.727188e-06   200
  8.857519e-01   5.475890e-05   3.077557e-04   6.454244e-06   288
  8.872378e-01   2.178141e-05   8.097649e-05   1.580234e-06   144
  8.878635e-01   5.949094e-05   2.519939e-04   8.781875e-06   168
  8.891412e-01   5.652317e-05   2.835956e-04   9.306643e-06   159
  8.901386e-01   3.775062e-05   2.975600e-04   2.913773e-06   174
  8.911039e-01   3.538500e-05   2.698170e-04   3.097682e-06   144
  8.923678e-01   5.555100e-05   1.557998e-04   4.849960e-06   222
  8.932131e-01   4.021709e-05   1.572158e-04   4.038002e-06   168
  8.946732e-01   6.140805e-05   3.448346e-04   1.186740e-05   30
  8.952763e-01   1.621494e-05   3.044637e-04   2.074068e-06   72
  8.964123e-01   3.727970e-05   2.717302e-04   3.575298e-06   258
  8.976612e-01   3.565845e-05   1.701916e-04   3.153247e-06   264
  8.982857e-01   4.192535e-05   1.835347e-08   6.419268e-06   72
  8.995871e-01   2.275516e-05   3.373270e-04   1.998628e-06   174
  9.007654e-01   4.487451e-05   3.591909e-04   5.749172e-06   168
  9.017127e-01   1.526708e-05   1.123916e-08   2.115019e-06   48
  9.027297e-01   2.609481e-05   2.028435e-04   2.691904e-06   150
  9.039088e-01   5.009000e-05   3.731453e-04   4.357748e-06   168
  9.050911e-01   2.898686e-05   2.273028e-04   2.995275e-06   144
  9.061784e-01   5.011811e-05   2.123525e-04   7.353687e-06   102
  9.069882e-01   1.512076e-05   3.143182e-04   1.434227e-06   96
  9.082731e-01   1.222612e-05   3.119397e-04   1.038875e-06   120
  9.092246e-01   1.290998e-05   3.345635e-04   9.500864e-07   168
  9.102538e-01   4.911648e-05   2.470487e-04   4.357966e-06   126
  9.111308e-01   3.151651e-05   1.863241e-04   3.900123e-06   168
  9.123389e-01   2.151017e-05   2.987709e-04   2.600664e-06   72
  9.133947e-01   1.680669e-05   3.741278e-04   1.382897e-06   168
  9.143196e-01   4.333954e-05   1.025668e-04   9.128536e-06   78
  9.155870e-01   1.727174e-05   1.684070e-04   2.527942e-06   60
  9.166075e-01   4.945620e-05   2.731835e-04   8.287970e-06   96
  9.176659e-01   2.243304e-05   3.314854e-04   1.752983e-06   168
  9.186605e-01   1.752093e-05   2.097511e-04   2.433916e-06   86
  9.197042e-01   1.552862e-05   1.874678e-04   1.541596e-06   120
  9.212002e-01   1.335558e-05   1.336894e-04   1.170718e-06   168
  9.220069e-01   9.808540e-06   0.000000e+00   1.450265e-06   48
  9.230934e-01   3.126831e-05   2.435676e-04   3.155434e-06   120
  9.237177e-01   2.238124e-05   1.776924e-04   3.060696e-06   126
  9.252418e-01   1.862882e-05   3.125113e-04   2.287702e-06   96
  9.262310e-01   1.988650e-05   9.011285e-05   1.913988e-06   96
  9.270111e-01   1.402100e-05   1.059638e-08   1.263715e-06   72
  9.286731e-01   1.742734e-05   1.123916e-08   3.011465e-06   24
  9.297104e-01   2.113485e-05   1.854501e-04   1.990759e-06   120
  9.305196e-01   2.061546e-05   2.705147e-04   2.542163e-06   126
  9.314194e-01   1.605121e-05   2.255107e-04   1.654711e-06   96
  9.324708e-01   1.110853e-05   3.897482e-04   1.240701e-06   72
  9.336415e-01   1.453899e-05   1.685792e-04   1.257643e-06   144
  9.346046e-01   1.069795e-05   9.723254e-05   1.318833e-06   72
  9.355666e-01   2.137738e-05   1.942081e-04   3.608223e-06   54
  9.364132e-01   1.990807e-05   1.711436e-04   1.796037e-06   108
  9.381728e-01   2.300275e-05   1.677650e-04   2.320494e-06   72
  9.387206e-01   1.412750e-05   9.680617e-05   1.436200e-06   72
  9.400202e-01   8.202540e-06   1.946680e-08   1.664969e-06   24
  9.412498e-01   6.574506e-06   2.047976e-04   1.239387e-06   48
  9.419964e-01   1.740026e-05   1.560029e-04   2.032314e-06   102
  9.431203e-01   1.174083e-05   3.528137e-04   1.022369e-06   168
  9.445889e-01   1.078453e-05   1.924163e-04   1.279022e-06   72
  9.451330e-01   1.199247e-05   0.000000e+00   1.376881e-06   48
  9.462744e-01   1.350115e-05   3.309678e-04   1.743992e-06   120
  9.477807e-01   1.304084e-05   2.033864e-04   1.465635e-06   96
  9.492033e-01   3.262416e-05   1.798266e-08   9.336327e-06   30
  9.508942e-01   1.584225e-05   9.555995e-05   2.203745e-06   72
  9.516372e-01   1.260162e-05   1.123916e-08   2.067197e-06   24
  9.525916e-01   8.765157e-06   1.416435e-04   9.603800e-07   56
  9.536606e-01   8.879876e-06   2.021324e-04   8.225315e-07   96
  9.549399e-01   1.160912e-05   2.232036e-04   1.063439e-06   144
  9.559263e-01   1.590097e-05   1.267263e-04   2.263677e-06   54
  9.573592e-01   1.088122e-05   1.898493e-04   1.116190e-06   108
  9.588012e-01   2.501651e-05   1.005243e-04   4.319124e-06   48
  9.601739e-01   1.077003e-05   3.785063e-04   1.290621e-06   72
  9.634680e-01   2.175239e-05   2.500803e-04   2.306416e-06   78
  9.643808e-01   7.852249e-06   1.884669e-04   7.491388e-07   72
  9.654462e-01   1.001105e-05   1.882329e-04   1.321120e-06   72
  9.665603e-01   1.028897e-05   4.542266e-04   1.117354e-06   96
  9.674408e-01   1.149203e-05   1.878449e-04   1.023162e-06   72
  9.685029e-01   1.751588e-05   0.000000e+00   3.259969e-06   24
  9.695638e-01   9.990969e-06   3.748416e-04   1.085247e-06   72
  9.719599e-01   1.291646e-05   2.380359e-04   1.596807e-06   30
  9.724755e-01   1.511647e-05   0.000000e+00   3.169478e-06   24
  9.752466e-01   7.476379e-06   1.976584e-04   1.162001e-06   48
  9.761159e-01   9.343457e-06   4.253608e-04   7.210765e-07   120
  9.772870e-01   1.047435e-05   1.859776e-04   9.742145e-07   72
  9.784697e-01   9.241012e-06   1.857528e-04   1.512235e-06   36
  9.792826e-01   9.367387e-06   3.671339e-04   9.873017e-07   78
  9.815513e-01   1.166616e-05   1.963888e-04   1.606243e-06   48
  9.844928e-01   1.456000e-05   1.589457e-08   2.419595e-06   24
  9.865884e-01   6.057767e-06   1.367612e-04   7.198797e-07   56
  9.876436e-01   6.352840e-06   2.104496e-04   4.965545e-07   102
  9.889860e-01   9.800513e-06   1.498555e-08   1.173698e-06   72
  9.897653e-01   8.734553e-06   1.123916e-08   1.401346e-06   24
  9.911277e-01   7.475712e-06   1.944913e-04   1.073433e-06   48
  9.936528e-01   1.295443e-05   0.000000e+00   1.946857e-06   24
  9.967520e-01   4.626306e-06   0.000000e+00   7.662972e-07   6
  9.977185e-01   4.778349e-06   0.000000e+00   6.863381e-07   24
  9.983623e-01   6.551938e-06   1.820511e-04   8.644372e-07   72
  9.995384e-01   8.924843e-06   3.396336e-04   8.548924e-07   84
  1.000805e+00   7.213285e-06   0.000000e+00   1.107460e-06   24
  1.001190e+00   8.306518e-06   1.589457e-08   1.021067e-06   24
  1.003114e+00   7.607562e-06   1.946680e-08   1.274197e-06   24
  1.005800e+00   6.305908e-06   0.000000e+00   2.728174e-06   6
  1.009244e+00   6.620085e-06   1.910001e-04   1.063920e-06   48
  1.010072e+00   6.768796e-06   3.598129e-04   8.990418e-07   72
  1.011152e+00   7.001193e-06   1.906396e-04   9.847060e-07   48
  1.012867e+00   8.526436e-06   0.000000e+00   2.937911e-06   24
  1.015148e+00   2.367192e-06   0.000000e+00   3.468216e-07   6
  1.020262e+00   9.976267e-06   0.000000e+00   3.316730e-06   8
  1.020640e+00   7.765672e-06   1.123916e-08   1.033370e-06   48
  1.021546e+00   8.164042e-06   1.848806e-04   8.767208e-07   60
  1.022904e+00   1.071843e-05   0.000000e+00   2.079013e-06   24
  1.024787e+00   4.518255e-06   0.000000e+00   7.892521e-07   6
  1.031723e+00   9.772563e-06   0.000000e+00   2.191476e-06   24
  1.032283e+00   7.495353e-06   1.867372e-04   1.105459e-06   48
  1.033217e+00   5.291509e-06   0.000000e+00   1.430983e-06   24
  1.034708e+00   5.421158e-06   0.000000e+00   2.379863e-07   6
  1.043181e+00   7.665785e-06   1.742080e-04   1.113064e-06   36
  1.043797e+00   7.931740e-06   0.000000e+00   1.838561e-06   24
  1.044904e+00   7.688758e-06   0.000000e+00   2.535196e-06   6
  1.054545e+00   8.930176e-06   1.583190e-04   1.439357e-06   32
  1.055367e+00   1.148550e-05   0.000000e+00   5.154709e-06   6
  1.065728e+00   1.522595e-05   0.000000e+00   4.007887e-06   12
  1.066089e+00   1.033856e-05   0.000000e+00   2.095841e-06   6
  1.077063e+00   6.691150e-06   0.000000e+00   1.137088e-06   6
