# power spectrum of delta
# redshift z=30.000000
# k              Pk             sigma(k)       sigma(Pk)      count
  4.487990e-03   9.211015e-08   0.000000e+00   3.756757e-08   6
  6.346976e-03   1.894052e-07   0.000000e+00   3.828154e-08   12
  7.773426e-03   3.072338e-07   8.514949e-11   6.336197e-08   8
  8.975979e-03   1.796410e-06   0.000000e+00   1.957926e-07   6
  1.003545e-02   1.922361e-06   1.605594e-10   6.208211e-07   24
  1.099328e-02   3.910562e-06   1.605594e-10   6.676186e-07   24
  1.269395e-02   3.059369e-06   0.000000e+00   1.394871e-06   12
  1.346397e-02   4.466396e-06   1.816523e-10   8.306139e-07   30
  1.419227e-02   6.956006e-06   0.000000e+00   1.553178e-06   24
  1.488498e-02   7.607543e-06   2.780971e-10   1.911461e-06   24
  1.554685e-02   1.037265e-05   1.702990e-10   2.129899e-06   8
  1.618168e-02   1.037667e-05   2.270653e-10   1.307215e-06   24
  1.679252e-02   1.123203e-05   0.000000e+00   1.599648e-06   48
  1.795196e-02   1.773002e-05   0.000000e+00   7.901089e-06   6
  1.850445e-02   1.562393e-05   2.270653e-10   2.215892e-06   48
  1.904093e-02   1.626122e-05   2.140792e-10   1.721834e-06   36
  1.956269e-02   2.546821e-05   2.270653e-10   5.398501e-06   24
  2.007090e-02   1.677096e-05   3.211188e-10   2.921639e-06   24
  2.056655e-02   1.641435e-05   0.000000e+00   2.260027e-06   48
  2.105054e-02   2.722318e-05   3.211188e-10   3.926025e-06   24
  2.198657e-02   2.588786e-05   3.211188e-10   4.124029e-06   24
  2.243995e-02   1.915516e-05   0.000000e+00   3.173987e-06   30
  2.288435e-02   2.216435e-05   0.000000e+00   2.461935e-06   72
  2.332028e-02   2.374615e-05   3.405980e-10   4.925936e-06   32
  2.416856e-02   3.499431e-05   0.000000e+00   4.082589e-06   72
  2.458173e-02   2.330558e-05   0.000000e+00   3.454125e-06   48
  2.538790e-02   1.361468e-05   0.000000e+00   4.100272e-06   12
  2.578154e-02   2.861855e-05   0.000000e+00   4.344953e-06   48
  2.616925e-02   2.655670e-05   0.000000e+00   2.662522e-06   48
  2.655130e-02   3.760819e-05   3.211188e-10   4.810215e-06   48
  2.692794e-02   4.728395e-05   3.633045e-10   8.381790e-06   30
  2.729937e-02   4.681839e-05   0.000000e+00   1.066846e-05   24
  2.766583e-02   4.880037e-05   6.769780e-10   5.082517e-06   72
  2.838454e-02   3.232830e-05   0.000000e+00   6.219703e-06   24
  2.873715e-02   4.964939e-05   0.000000e+00   4.909995e-06   96
  2.908550e-02   3.960639e-05   0.000000e+00   5.338248e-06   48
  2.942972e-02   3.410391e-05   5.561942e-10   8.478772e-06   24
  2.976995e-02   2.685742e-05   5.561942e-10   5.590788e-06   24
  3.010635e-02   6.510097e-05   0.000000e+00   8.049543e-06   72
  3.043903e-02   5.174891e-05   0.000000e+00   8.070803e-06   48
  3.109370e-02   4.579978e-05   3.405980e-10   1.380823e-05   8
  3.141593e-02   7.376653e-05   4.036717e-10   9.087658e-06   54
  3.173488e-02   4.999367e-05   0.000000e+00   8.680350e-06   84
  3.205066e-02   5.895647e-05   0.000000e+00   8.620014e-06   48
  3.236335e-02   3.701542e-05   4.541306e-10   6.680673e-06   24
  3.267306e-02   5.166182e-05   6.055075e-10   6.169871e-06   72
  3.297985e-02   6.954258e-05   0.000000e+00   7.955994e-06   96
  3.358504e-02   9.774657e-05   0.000000e+00   1.080290e-05   48
  3.388358e-02   5.576488e-05   0.000000e+00   5.300262e-06   48
  3.417951e-02   5.175990e-05   0.000000e+00   1.020584e-05   24
  3.447290e-02   5.872816e-05   0.000000e+00   6.461112e-06   72
  3.505232e-02   6.203875e-05   0.000000e+00   7.403958e-06   72
  3.533846e-02   6.368730e-05   0.000000e+00   7.357084e-06   96
  3.590392e-02   1.024377e-04   0.000000e+00   4.556956e-05   6
  3.618333e-02   7.838037e-05   0.000000e+00   7.862861e-06   96
  3.646060e-02   8.236260e-05   4.541306e-10   8.891766e-06   96
  3.673578e-02   5.561155e-05   0.000000e+00   1.340072e-05   24
  3.700891e-02   6.420394e-05   4.541306e-10   7.701249e-06   48
  3.728004e-02   6.745588e-05   0.000000e+00   6.860240e-06   96
  3.754921e-02   7.417373e-05   0.000000e+00   1.013841e-05   48
  3.808185e-02   7.253979e-05   4.281585e-10   1.339401e-05   36
  3.834540e-02   7.453414e-05   7.865773e-10   9.375731e-06   48
  3.860715e-02   8.344635e-05   8.899106e-10   7.548106e-06   120
  3.886713e-02   7.412364e-05   0.000000e+00   9.847460e-06   56
  3.912539e-02   4.177033e-05   4.541306e-10   7.406984e-06   24
  3.938195e-02   6.324518e-05   0.000000e+00   5.709288e-06   96
  3.963685e-02   6.730661e-05   0.000000e+00   8.784424e-06   48
  4.014180e-02   8.977021e-05   6.422377e-10   1.687887e-05   24
  4.039191e-02   9.574994e-05   0.000000e+00   9.671655e-06   102
  4.064047e-02   1.084291e-04   4.541306e-10   1.662702e-05   48
  4.088753e-02   9.587195e-05   0.000000e+00   9.834680e-06   72
  4.113310e-02   8.857534e-05   0.000000e+00   9.051835e-06   48
  4.137722e-02   1.021231e-04   0.000000e+00   1.892512e-05   48
  4.161990e-02   8.515457e-05   1.027580e-09   7.878235e-06   120
  4.210107e-02   1.259113e-04   6.422377e-10   2.127787e-05   24
  4.233961e-02   7.979237e-05   6.055075e-10   6.798746e-06   144
  4.257681e-02   8.233864e-05   7.266090e-10   8.123859e-06   120
  4.281269e-02   7.155532e-05   6.422377e-10   1.016576e-05   48
  4.328060e-02   1.009807e-04   6.422377e-10   1.364253e-05   48
  4.351267e-02   8.465404e-05   6.422377e-10   8.692769e-06   96
  4.412543e-02   1.123190e-04   1.076845e-04   1.348993e-05   72
  4.442883e-02   8.808351e-05   5.708779e-10   6.722152e-06   108
  4.465493e-02   1.028400e-04   0.000000e+00   1.115965e-05   72
  4.487990e-02   6.817968e-05   0.000000e+00   1.391541e-05   30
  4.510374e-02   1.101340e-04   0.000000e+00   8.618955e-06   168
  4.532647e-02   1.201720e-04   0.000000e+00   1.417145e-05   48
  4.576869e-02   8.048903e-05   0.000000e+00   9.678418e-06   72
  4.598821e-02   1.104256e-04   0.000000e+00   1.069182e-05   96
  4.620668e-02   1.057937e-04   1.211015e-09   1.646366e-05   72
  4.642412e-02   1.232413e-04   0.000000e+00   1.337491e-05   72
  4.678970e-02   1.168323e-04   9.942967e-05   9.131195e-06   104
  4.707043e-02   1.107771e-04   8.563169e-10   8.315963e-06   144
  4.770798e-02   8.205580e-05   1.436087e-09   7.911660e-06   96
  4.791862e-02   8.389617e-05   0.000000e+00   8.793202e-06   96
  4.825361e-02   1.210900e-04   1.022910e-04   1.133084e-05   120
  4.854503e-02   1.049649e-04   0.000000e+00   9.556245e-06   120
  4.875204e-02   1.287544e-04   0.000000e+00   1.411855e-05   72
  4.916346e-02   1.381694e-04   0.000000e+00   1.855691e-05   48
  4.936788e-02   1.384364e-04   1.117860e-09   1.650464e-05   78
  4.962939e-02   1.491671e-04   9.159181e-05   1.190557e-05   168
  5.017725e-02   1.416236e-04   1.048770e-09   1.226813e-05   144
  5.037756e-02   1.568481e-04   8.563169e-10   1.141204e-05   144
  5.095853e-02   1.390825e-04   5.274950e-05   1.244788e-05   156
  5.117095e-02   1.106716e-04   1.112388e-09   2.178035e-05   48
  5.136739e-02   1.296901e-04   7.266090e-10   1.239514e-05   120
  5.156307e-02   8.981283e-05   0.000000e+00   9.414221e-06   48
  5.190908e-02   1.415664e-04   8.074274e-05   1.011704e-05   216
  5.233850e-02   1.178784e-04   0.000000e+00   1.414917e-05   48
  5.253057e-02   1.184254e-04   6.422377e-10   1.036486e-05   96
  5.280366e-02   1.369518e-04   9.436050e-05   1.213427e-05   168
  5.310261e-02   1.116650e-04   6.422377e-10   1.619161e-05   48
  5.329192e-02   1.565150e-04   0.000000e+00   1.590036e-05   96
  5.348057e-02   1.343144e-04   0.000000e+00   2.472984e-05   48
  5.385587e-02   1.713132e-04   7.266090e-10   1.770945e-05   30
  5.404255e-02   1.150041e-04   0.000000e+00   9.580606e-06   96
  5.426566e-02   1.444090e-04   7.415896e-05   1.015272e-05   240
  5.455256e-02   2.243707e-04   8.000683e-05   3.289650e-05   32
  5.478289e-02   1.119122e-04   0.000000e+00   8.295638e-06   168
  5.496642e-02   1.343426e-04   0.000000e+00   1.315864e-05   120
  5.533165e-02   1.156980e-04   1.353956e-09   1.401603e-05   72
  5.551336e-02   1.757934e-04   6.055075e-10   1.646035e-05   144
  5.569449e-02   1.322224e-04   0.000000e+00   1.304940e-05   96
  5.587502e-02   1.664600e-04   0.000000e+00   1.358217e-05   96
  5.623435e-02   1.997275e-04   0.000000e+00   2.496418e-05   72
  5.641315e-02   1.461517e-04   9.082613e-10   1.451439e-05   96
  5.676908e-02   1.693294e-04   0.000000e+00   3.155978e-05   24
  5.694620e-02   1.694425e-04   0.000000e+00   1.211878e-05   192
  5.715479e-02   1.617066e-04   6.789523e-05   1.238706e-05   132
  5.747431e-02   1.818812e-04   0.000000e+00   1.603831e-05   96
  5.764927e-02   1.237505e-04   0.000000e+00   1.267740e-05   96
  5.782370e-02   1.604748e-04   7.266090e-10   1.345206e-05   120
  5.817099e-02   1.767919e-04   0.000000e+00   2.452931e-05   48
  5.845566e-02   1.309993e-04   8.228355e-05   8.317151e-06   222
  5.868808e-02   1.671855e-04   0.000000e+00   1.581251e-05   120
  5.885943e-02   1.637268e-04   1.112388e-09   3.348588e-05   24
  5.910891e-02   2.028004e-04   8.492858e-05   1.138232e-05   312
  5.965251e-02   2.276693e-04   7.962394e-05   2.442843e-05   72
  5.987725e-02   1.578521e-04   1.112388e-09   1.992537e-05   96
  6.010802e-02   1.994331e-04   8.108596e-05   1.598614e-05   192
  6.037972e-02   1.770342e-04   1.027580e-09   1.898493e-05   120
  6.054629e-02   1.836983e-04   0.000000e+00   1.829383e-05   144
  6.087805e-02   1.733909e-04   0.000000e+00   2.512008e-05   48
  6.111387e-02   1.680366e-04   8.153477e-05   1.024767e-05   336
  6.137233e-02   1.897474e-04   0.000000e+00   2.472039e-05   48
  6.169965e-02   1.803124e-04   0.000000e+00   1.694053e-05   192
  6.186267e-02   1.738557e-04   0.000000e+00   2.144377e-05   48
  6.232604e-02   1.866690e-04   5.659583e-05   2.299780e-05   56
  6.255643e-02   1.924255e-04   7.268827e-05   1.068637e-05   336
  6.283185e-02   2.002308e-04   8.073433e-10   2.985130e-05   54
  6.307177e-02   1.839176e-04   7.983781e-05   1.164870e-05   240
  6.356985e-02   1.936128e-04   7.644534e-05   1.546485e-05   228
  6.378632e-02   2.161828e-04   8.563169e-10   2.820900e-05   72
  6.399644e-02   2.298841e-04   7.415385e-05   1.725844e-05   144
  6.425823e-02   1.976647e-04   0.000000e+00   1.919786e-05   96
  6.441477e-02   1.945854e-04   1.027580e-09   1.302308e-05   240
  6.472671e-02   1.711749e-04   9.082613e-10   3.295586e-05   24
  6.492641e-02   2.089220e-04   7.003773e-05   1.221313e-05   336
  6.519181e-02   1.759165e-04   0.000000e+00   2.093505e-05   72
  6.543408e-02   2.472486e-04   7.617900e-05   1.827102e-05   168
  6.565363e-02   1.809288e-04   0.000000e+00   1.729733e-05   72
  6.595971e-02   2.746462e-04   0.000000e+00   2.709620e-05   96
  6.619675e-02   1.975024e-04   7.560752e-05   1.423791e-05   216
  6.641618e-02   1.647716e-04   0.000000e+00   1.268437e-05   96
  6.671876e-02   2.052216e-04   9.082613e-10   1.337467e-05   192
  6.686954e-02   2.093974e-04   8.563169e-10   1.670823e-05   144
  6.717008e-02   1.986845e-04   0.000000e+00   2.595914e-05   48
  6.737816e-02   2.276551e-04   7.289453e-05   1.615310e-05   246
  6.766089e-02   2.791494e-04   6.720992e-05   2.162380e-05   168
  6.791561e-02   2.296363e-04   1.779821e-09   2.592662e-05   120
  6.806373e-02   1.908297e-04   0.000000e+00   1.335496e-05   240
  6.835902e-02   1.532529e-04   0.000000e+00   3.155004e-05   24
  6.859430e-02   2.191095e-04   7.194229e-05   1.329406e-05   360
  6.888731e-02   2.399648e-04   7.163615e-05   1.890234e-05   120
  6.909172e-02   2.425158e-04   0.000000e+00   2.034828e-05   144
  6.923733e-02   2.672787e-04   0.000000e+00   2.342645e-05   96
  6.967233e-02   2.443677e-04   0.000000e+00   1.896978e-05   144
  6.981673e-02   2.710375e-04   0.000000e+00   2.396121e-05   132
  7.001966e-02   2.267191e-04   7.070381e-05   1.699070e-05   176
  7.031425e-02   2.344066e-04   7.139661e-05   1.261001e-05   312
  7.067693e-02   3.212636e-04   0.000000e+00   4.735990e-05   96
  7.081928e-02   2.145554e-04   0.000000e+00   1.932667e-05   144
  7.103769e-02   2.501473e-04   7.068048e-05   1.483053e-05   312
  7.138584e-02   2.591935e-04   0.000000e+00   2.602218e-05   48
  7.152678e-02   2.200428e-04   9.082613e-10   1.602902e-05   192
  7.180783e-02   1.111196e-04   0.000000e+00   3.469163e-05   6
  7.199456e-02   2.134528e-04   6.592151e-05   1.169907e-05   288
  7.229701e-02   2.247464e-04   6.965036e-05   1.678853e-05   192
  7.250569e-02   2.131404e-04   2.136030e-09   1.380766e-05   216
  7.264446e-02   2.586962e-04   0.000000e+00   3.500156e-05   72
  7.299019e-02   2.354267e-04   6.898890e-05   2.017953e-05   192
  7.321980e-02   2.844606e-04   5.122797e-05   1.772856e-05   288
  7.347155e-02   2.367075e-04   0.000000e+00   4.644155e-05   24
  7.366606e-02   2.642396e-04   6.748859e-05   1.291086e-05   456
  7.401782e-02   1.816020e-04   0.000000e+00   2.783457e-05   48
  7.423517e-02   2.536212e-04   6.647357e-05   1.821039e-05   240
  7.448497e-02   3.006910e-04   6.717903e-05   2.003400e-05   216
  7.469503e-02   2.321230e-04   0.000000e+00   2.832208e-05   72
  7.482974e-02   2.242622e-04   2.321067e-09   1.856513e-05   168
  7.521008e-02   2.703407e-04   4.993319e-05   1.736423e-05   288
  7.542338e-02   2.797449e-04   6.607016e-05   2.025938e-05   168
  7.576598e-02   3.042553e-04   0.000000e+00   2.331524e-05   192
  7.589879e-02   2.397687e-04   8.563169e-10   1.743349e-05   144
  7.616371e-02   3.557244e-04   8.563169e-10   4.656616e-05   36
  7.638837e-02   2.182270e-04   6.033611e-05   1.158104e-05   342
  7.660318e-02   2.584699e-04   6.195787e-05   2.188228e-05   144
  7.687931e-02   2.600065e-04   6.497828e-05   1.425751e-05   384
  7.721429e-02   3.124933e-04   1.779821e-09   3.021081e-05   120
  7.738009e-02   3.086269e-04   5.794173e-05   1.876303e-05   264
  7.760459e-02   2.579776e-04   2.872174e-09   1.891380e-05   192
  7.781602e-02   2.706168e-04   6.244329e-05   2.079686e-05   152
  7.799294e-02   2.557098e-04   1.712634e-09   2.369188e-05   144
  7.836508e-02   2.158220e-04   4.041391e-05   1.600978e-05   216
  7.853733e-02   3.049114e-04   5.400376e-05   1.672867e-05   312
  7.884055e-02   2.637042e-04   6.258929e-05   1.519908e-05   240
  7.901921e-02   2.968861e-04   9.082613e-10   3.086624e-05   96
  7.935833e-02   2.424330e-04   5.983988e-05   1.985924e-05   144
  7.956734e-02   2.749943e-04   5.881734e-05   1.384662e-05   456
  7.990638e-02   2.101188e-04   0.000000e+00   1.395107e-05   120
  8.003232e-02   2.414128e-04   0.000000e+00   2.230314e-05   144
  8.028360e-02   1.986465e-04   1.284475e-09   3.313436e-05   24
  8.044470e-02   2.694244e-04   5.653709e-05   1.388173e-05   336
  8.072332e-02   2.601591e-04   6.235271e-05   1.974166e-05   198
  8.098439e-02   2.821635e-04   6.063443e-05   1.636864e-05   432
  8.128095e-02   3.603164e-04   1.816523e-09   3.734631e-05   48
  8.143566e-02   3.384775e-04   5.352971e-05   1.814144e-05   384
  8.171344e-02   2.942555e-04   6.162404e-05   2.527211e-05   144
  8.196515e-02   3.477171e-04   6.118458e-05   2.456059e-05   264
  8.226621e-02   2.474710e-04   0.000000e+00   2.404649e-05   48
  8.246820e-02   2.922777e-04   5.817654e-05   1.816399e-05   276
  8.266310e-02   2.733199e-04   5.273546e-05   2.401750e-05   192
  8.292356e-02   2.786927e-04   5.926306e-05   1.198268e-05   552
  8.323980e-02   2.022681e-04   1.453218e-09   1.944406e-05   120
  8.342777e-02   2.669522e-04   5.998883e-05   1.853903e-05   216
  8.360198e-02   2.660797e-04   1.453218e-09   2.116712e-05   120
  8.391317e-02   3.251810e-04   5.907428e-05   1.645766e-05   408
  8.420215e-02   2.157735e-04   1.284475e-09   2.903756e-05   24
  8.438134e-02   2.699948e-04   5.967566e-05   1.721409e-05   384
  8.463161e-02   2.354751e-04   5.830526e-05   1.599666e-05   240
  8.484893e-02   2.733573e-04   5.873223e-05   1.940520e-05   168
  8.515361e-02   2.185482e-04   0.000000e+00   2.194205e-05   120
  8.535003e-02   2.924123e-04   6.122527e-05   1.642136e-05   350
  8.566942e-02   3.066503e-04   1.007886e-04   1.780329e-05   384
  8.586029e-02   3.367070e-04   0.000000e+00   3.455108e-05   144
  8.621146e-02   2.564987e-04   1.211015e-09   1.675757e-05   288
  8.639482e-02   2.693485e-04   5.769264e-05   1.489920e-05   336
  8.664426e-02   2.951659e-04   5.252436e-05   2.292116e-05   168
  8.679359e-02   3.064916e-04   3.442699e-09   2.054227e-05   336
  8.710244e-02   2.427912e-04   5.451716e-05   1.441964e-05   288
  8.728795e-02   2.766512e-04   5.136910e-05   1.672568e-05   264
  8.760206e-02   2.777985e-04   0.000000e+00   1.809473e-05   240
  8.771695e-02   2.759636e-04   0.000000e+00   2.399342e-05   96
  8.812928e-02   3.218013e-04   6.985852e-05   1.879247e-05   360
  8.832172e-02   3.011321e-04   5.149772e-05   2.920194e-05   168
  8.856486e-02   2.909475e-04   5.613787e-05   1.394389e-05   456
  8.885766e-02   2.648350e-04   1.614687e-09   2.363704e-05   108
  8.902234e-02   2.422870e-04   5.632711e-05   1.658290e-05   264
  8.922780e-02   2.641948e-04   5.025296e-05   1.891828e-05   264
  8.950914e-02   3.108328e-04   4.742099e-05   1.744805e-05   312
  8.985946e-02   3.133685e-04   3.523897e-05   2.246105e-05   270
  9.000628e-02   2.978394e-04   4.474031e-05   2.326362e-05   240
  9.027023e-02   3.108643e-04   5.534940e-05   1.797091e-05   384
  9.043048e-02   2.477024e-04   1.816523e-09   1.692578e-05   192
  9.074177e-02   3.270142e-04   4.441052e-05   2.531777e-05   240
  9.092233e-02   3.128330e-04   5.480976e-05   1.838537e-05   336
  9.126190e-02   3.051431e-04   5.517650e-05   1.378449e-05   480
  9.153738e-02   3.192548e-04   1.211015e-09   3.608671e-05   72
  9.169127e-02   3.169878e-04   5.380211e-05   2.477487e-05   240
  9.190057e-02   2.684346e-04   5.056661e-05   1.515111e-05   312
  9.214050e-02   2.464285e-04   5.465037e-05   1.645469e-05   240
  9.250305e-02   2.992268e-04   4.152014e-05   1.578807e-05   408
  9.264658e-02   2.794968e-04   3.802244e-05   1.653138e-05   336
  9.292709e-02   2.955013e-04   4.827913e-05   2.277309e-05   264
  9.306493e-02   2.957500e-04   0.000000e+00   2.495221e-05   144
  9.344847e-02   2.929532e-04   6.691774e-05   1.599913e-05   464
  9.365053e-02   2.270246e-04   5.321333e-05   1.654910e-05   168
  9.385003e-02   3.297110e-04   4.846574e-05   1.954828e-05   336
  9.421059e-02   2.992859e-04   5.092274e-05   1.770670e-05   414
  9.441384e-02   3.806911e-04   5.300755e-05   2.850997e-05   216
  9.467424e-02   4.214372e-04   1.284475e-09   4.509645e-05   96
  9.478056e-02   2.919089e-04   3.146309e-09   1.634455e-05   384
  9.515300e-02   3.192095e-04   5.290514e-05   1.618897e-05   492
  9.535260e-02   2.832543e-04   5.173669e-05   1.784547e-05   240
  9.557820e-02   2.617242e-04   5.253086e-05   1.492791e-05   312
  9.588974e-02   2.449358e-04   5.251357e-05   1.833187e-05   192
  9.608709e-02   3.096899e-04   5.089201e-05   1.534706e-05   504
  9.634892e-02   3.046296e-04   3.369138e-05   1.918173e-05   408
  9.655507e-02   3.154978e-04   1.032177e-04   2.623628e-05   168
  9.681304e-02   3.155877e-04   4.902931e-05   2.142112e-05   288
  9.702952e-02   2.799136e-04   5.116628e-05   1.953983e-05   288
  9.725127e-02   2.753221e-04   5.146081e-05   1.449788e-05   432
  9.757291e-02   3.261642e-04   4.866478e-05   2.223353e-05   216
  9.774479e-02   2.884311e-04   4.856211e-05   1.594199e-05   360
  9.805077e-02   3.259815e-04   4.739615e-05   2.008294e-05   312
  9.832692e-02   4.062632e-04   0.000000e+00   6.509074e-05   48
  9.848611e-02   2.937753e-04   5.081550e-05   1.549277e-05   432
  9.877120e-02   2.720333e-04   8.476078e-05   1.407110e-05   414
  9.893956e-02   2.953536e-04   1.936190e-09   1.892747e-05   312
  9.925365e-02   3.192010e-04   7.437288e-05   1.691846e-05   528
  9.946561e-02   3.408633e-04   3.903945e-05   2.703175e-05   264
  9.972025e-02   3.090315e-04   4.629008e-05   1.764449e-05   480
  1.000530e-01   3.058012e-04   0.000000e+00   1.788855e-05   288
  1.001967e-01   3.238059e-04   4.973726e-05   2.908464e-05   168
  1.004595e-01   3.310967e-04   7.873394e-05   1.565861e-05   504
  1.007551e-01   4.242524e-04   1.211015e-09   3.623974e-05   144
  1.009411e-01   2.779875e-04   5.056606e-05   1.350676e-05   464
  1.012205e-01   2.601967e-04   7.420855e-05   1.343375e-05   432
  1.013531e-01   3.459534e-04   1.284475e-09   2.521787e-05   192
  1.016957e-01   2.770713e-04   5.501332e-05   1.351198e-05   396
  1.018981e-01   2.867801e-04   4.941713e-05   1.829583e-05   288
  1.021026e-01   2.905936e-04   4.881567e-05   1.748685e-05   336
  1.024293e-01   2.818003e-04   3.091107e-05   1.448594e-05   432
  1.026367e-01   3.164912e-04   8.011717e-05   1.812160e-05   360
  1.028695e-01   3.043146e-04   4.739049e-05   1.466603e-05   384
  1.032001e-01   2.610087e-04   4.183121e-05   1.972905e-05   198
  1.033594e-01   3.066308e-04   4.754848e-05   1.427046e-05   552
  1.036565e-01   2.998572e-04   6.656461e-05   2.135030e-05   432
  1.039045e-01   3.389059e-04   2.542602e-09   2.730652e-05   168
  1.041126e-01   3.437817e-04   8.251578e-05   1.862962e-05   480
  1.043880e-01   2.344175e-04   0.000000e+00   2.267334e-05   120
  1.045119e-01   3.107898e-04   6.739531e-05   2.155407e-05   336
  1.048143e-01   3.120527e-04   4.754634e-05   1.334693e-05   672
  1.051134e-01   3.411509e-04   6.916265e-05   1.652641e-05   528
  1.052527e-01   2.512405e-04   2.076026e-09   1.688614e-05   168
  1.055745e-01   3.231536e-04   7.715047e-05   1.622322e-05   456
  1.057708e-01   3.957191e-04   4.711644e-05   4.795935e-05   168
  1.059747e-01   3.300231e-04   4.703185e-05   1.858375e-05   504
  1.063135e-01   2.719305e-04   6.052278e-05   1.832307e-05   336
  1.065184e-01   3.622807e-04   4.362976e-05   2.195972e-05   312
  1.067457e-01   3.329827e-04   4.262923e-05   1.824801e-05   504
  1.070448e-01   3.031890e-04   2.957734e-05   1.382842e-05   432
  1.071854e-01   2.672249e-04   4.570679e-05   1.492869e-05   312
  1.074777e-01   2.891638e-04   4.685168e-05   1.489584e-05   384
  1.077830e-01   3.693686e-04   3.980594e-05   4.282957e-05   126
  1.079714e-01   3.199031e-04   6.988975e-05   1.653303e-05   492
  1.082121e-01   3.506279e-04   4.476446e-05   1.835521e-05   528
  1.085129e-01   3.108878e-04   4.547108e-05   1.651111e-05   480
  1.086993e-01   3.682597e-04   6.281804e-05   2.130507e-05   432
  1.089692e-01   3.557317e-04   4.939807e-05   1.991337e-05   440
  1.092826e-01   3.479235e-04   2.456546e-05   2.133276e-05   312
  1.094002e-01   3.259604e-04   3.681340e-05   2.349052e-05   480
  1.096414e-01   3.264825e-04   7.207992e-05   2.072482e-05   408
  1.099939e-01   3.650045e-04   4.316772e-05   2.154377e-05   360
  1.101428e-01   3.143210e-04   4.165528e-05   1.818525e-05   408
  1.104187e-01   2.799738e-04   4.238952e-05   1.471829e-05   456
  1.107295e-01   3.481405e-04   4.051394e-05   2.125992e-05   264
  1.109019e-01   3.309712e-04   4.396779e-05   2.140669e-05   384
  1.111530e-01   3.226737e-04   7.402287e-05   1.524529e-05   672
  1.114432e-01   3.632216e-04   4.427524e-05   3.171719e-05   240
  1.116107e-01   3.124881e-04   4.492830e-05   1.834566e-05   264
  1.118470e-01   2.457537e-04   5.541164e-05   1.158764e-05   624
  1.121997e-01   3.020160e-04   0.000000e+00   2.832884e-05   150
  1.123253e-01   3.887279e-04   6.209312e-05   2.015284e-05   600
  1.125901e-01   3.188393e-04   4.285507e-05   1.545093e-05   672
  1.128900e-01   3.199468e-04   4.030821e-05   2.325772e-05   336
  1.130571e-01   3.969115e-04   4.384359e-05   2.491995e-05   408
  1.133240e-01   3.438087e-04   4.374031e-05   2.340047e-05   408
  1.136209e-01   3.233414e-04   2.211745e-05   1.894059e-05   360
  1.138039e-01   3.676876e-04   8.120816e-05   2.182207e-05   456
  1.140250e-01   3.290966e-04   4.416149e-05   1.963791e-05   384
  1.143063e-01   3.158249e-04   4.076666e-05   1.588212e-05   348
  1.144584e-01   3.649160e-04   5.025723e-05   1.917563e-05   576
  1.147440e-01   3.228087e-04   4.138022e-05   1.600123e-05   504
  1.150362e-01   3.320112e-04   5.836440e-05   1.871093e-05   432
  1.152912e-01   3.033373e-04   7.940448e-05   1.296400e-05   576
  1.154731e-01   3.106303e-04   0.000000e+00   2.280133e-05   264
  1.157616e-01   3.305576e-04   6.318613e-05   1.358601e-05   768
  1.160125e-01   3.027389e-04   8.506861e-05   2.101715e-05   240
  1.162120e-01   3.055294e-04   7.502246e-05   2.912746e-05   192
  1.165026e-01   3.024877e-04   5.522570e-05   1.392028e-05   504
  1.167181e-01   3.430146e-04   7.441870e-05   2.097095e-05   590
  1.169248e-01   3.528025e-04   8.338208e-05   2.302965e-05   384
  1.171839e-01   3.343152e-04   6.968286e-05   1.899909e-05   504
  1.174968e-01   3.945810e-04   6.705897e-05   1.899609e-05   648
  1.178003e-01   3.243464e-04   1.821233e-05   1.849377e-05   504
  1.179227e-01   3.400059e-04   4.154576e-05   1.988026e-05   312
  1.181387e-01   3.486136e-04   5.985722e-05   1.725371e-05   576
  1.184353e-01   3.816759e-04   4.165498e-05   3.329041e-05   240
  1.186082e-01   3.120098e-04   4.209035e-05   1.555235e-05   552
  1.188529e-01   3.907408e-04   3.952187e-05   2.260713e-05   600
  1.192015e-01   3.453856e-04   4.827284e-05   1.715800e-05   600
  1.194111e-01   3.484662e-04   7.730513e-05   2.234820e-05   312
  1.196198e-01   3.865460e-04   6.732512e-05   2.083077e-05   480
  1.198806e-01   3.499680e-04   4.200441e-05   1.972040e-05   576
  1.201101e-01   4.148638e-04   6.763622e-05   2.953654e-05   408
  1.203138e-01   2.451619e-04   7.890077e-05   1.525381e-05   216
  1.205770e-01   3.129857e-04   6.042911e-05   1.710910e-05   516
  1.208589e-01   3.581674e-04   5.765552e-05   1.579807e-05   744
  1.211498e-01   3.642488e-04   3.850879e-05   1.972458e-05   462
  1.213141e-01   3.542862e-04   3.913862e-05   2.263346e-05   432
  1.215691e-01   4.040045e-04   3.630965e-05   1.856012e-05   648
  1.218688e-01   3.893801e-04   5.312777e-05   2.272081e-05   528
  1.221096e-01   3.420478e-04   6.397910e-05   1.639290e-05   600
  1.223502e-01   4.848191e-04   8.066092e-05   5.418122e-05   240
  1.225832e-01   3.387439e-04   6.178548e-05   1.606395e-05   720
  1.228540e-01   3.806650e-04   4.888350e-05   1.666488e-05   720
  1.231542e-01   2.205229e-04   0.000000e+00   1.667737e-05   144
  1.233122e-01   3.660524e-04   6.302546e-05   1.620696e-05   720
  1.235369e-01   4.158870e-04   3.779131e-05   2.393946e-05   384
  1.238183e-01   3.454969e-04   4.189367e-05   1.606522e-05   672
  1.240853e-01   4.193819e-04   7.335120e-05   3.130716e-05   336
  1.242128e-01   4.208729e-04   0.000000e+00   3.418545e-05   288
  1.245250e-01   3.312112e-04   5.805257e-05   1.401575e-05   776
  1.248140e-01   3.487216e-04   4.967278e-05   1.454325e-05   720
  1.250567e-01   3.227658e-04   4.001507e-05   1.854417e-05   432
  1.252509e-01   4.025501e-04   5.704653e-05   3.066000e-05   504
  1.254668e-01   3.354566e-04   3.996919e-05   1.849571e-05   528
  1.257690e-01   3.641995e-04   5.445569e-05   2.200491e-05   438
  1.260177e-01   3.784222e-04   6.338144e-05   2.189824e-05   624
  1.262050e-01   4.126257e-04   7.763371e-05   2.831099e-05   312
  1.264626e-01   4.415600e-04   4.182709e-05   1.934719e-05   696
  1.267289e-01   3.870433e-04   3.784594e-05   2.209692e-05   552
  1.270059e-01   3.514465e-04   2.928013e-05   1.899828e-05   516
  1.271773e-01   4.225889e-04   5.848486e-05   2.560084e-05   528
  1.273859e-01   2.788399e-04   3.803430e-05   1.399891e-05   528
  1.276822e-01   3.827779e-04   5.015953e-05   1.851437e-05   864
  1.278834e-01   3.641512e-04   6.870823e-05   2.345713e-05   408
  1.280847e-01   4.581358e-04   6.807282e-05   3.168524e-05   192
  1.283701e-01   3.462171e-04   5.633353e-05   1.630224e-05   720
  1.286110e-01   3.250871e-04   5.194228e-05   1.508055e-05   696
  1.288973e-01   3.680120e-04   5.609815e-05   1.601244e-05   720
  1.291592e-01   3.588080e-04   7.603431e-05   2.037209e-05   432
  1.293119e-01   3.021774e-04   4.475677e-05   2.166318e-05   264
  1.295867e-01   3.616300e-04   6.180712e-05   1.610880e-05   672
  1.298325e-01   3.844780e-04   6.328100e-05   1.912659e-05   600
  1.301242e-01   2.831751e-04   3.705096e-05   1.966594e-05   270
  1.302712e-01   3.703731e-04   5.577202e-05   2.271059e-05   528
  1.305049e-01   4.259406e-04   3.819070e-05   1.824569e-05   840
  1.308254e-01   4.344486e-04   7.302747e-05   1.957673e-05   888
  1.311216e-01   3.471006e-04   5.441084e-05   1.532514e-05   744
  1.313718e-01   4.313324e-04   2.795923e-05   2.531077e-05   456
  1.314963e-01   4.991906e-04   3.820801e-05   2.819517e-05   360
  1.317093e-01   3.419391e-04   3.310510e-05   2.450924e-05   384
  1.320361e-01   3.823290e-04   5.310026e-05   1.574894e-05   816
  1.322813e-01   3.940246e-04   7.704106e-05   1.614964e-05   824
  1.325794e-01   3.654805e-04   3.581235e-05   2.662996e-05   360
  1.327390e-01   4.522320e-04   5.284558e-05   2.073957e-05   624
  1.329587e-01   3.934722e-04   3.571018e-05   2.551568e-05   360
  1.332513e-01   3.719454e-04   4.857633e-05   1.636893e-05   876
  1.335156e-01   3.537744e-04   5.769416e-05   1.804789e-05   696
  1.337821e-01   3.572039e-04   3.725510e-05   2.351338e-05   336
  1.339218e-01   4.403172e-04   3.721324e-05   3.056931e-05   504
  1.341526e-01   3.689699e-04   3.753571e-05   2.124516e-05   672
  1.344950e-01   3.287645e-04   7.472486e-05   1.444043e-05   720
  1.347324e-01   3.745064e-04   5.644666e-05   1.870756e-05   774
  1.349945e-01   5.034442e-04   3.230860e-05   4.093905e-05   384
  1.351318e-01   4.700832e-04   6.217562e-05   2.988948e-05   528
  1.353448e-01   4.144139e-04   5.925683e-05   1.926691e-05   744
  1.356875e-01   4.733218e-04   4.887432e-05   2.319396e-05   768
  1.359150e-01   4.078180e-04   5.486510e-05   2.629929e-05   552
  1.361989e-01   3.628796e-04   5.979675e-05   1.689145e-05   696
  1.364100e-01   4.781022e-04   7.266345e-05   3.192462e-05   408
  1.365777e-01   4.329096e-04   3.139119e-05   2.468521e-05   504
  1.368434e-01   3.839934e-04   5.639309e-05   1.839005e-05   888
  1.371049e-01   3.539347e-04   5.860872e-05   1.996683e-05   648
  1.373767e-01   3.575758e-04   5.810635e-05   1.729302e-05   648
  1.376324e-01   3.751363e-04   6.265289e-05   1.778449e-05   792
  1.379033e-01   3.458596e-04   9.166547e-05   1.792490e-05   600
  1.381028e-01   3.088720e-04   6.212242e-05   1.706388e-05   456
  1.383129e-01   3.897891e-04   3.027582e-05   1.959642e-05   648
  1.385828e-01   3.427713e-04   5.904226e-05   1.388376e-05   936
  1.388741e-01   4.389194e-04   3.625955e-05   2.482262e-05   384
  1.391277e-01   1.136167e-07   0.000000e+00   9.928020e-09   198
  1.393234e-01   1.075818e-07   9.199360e-05   3.503334e-09   1224
  1.395345e-01   9.629663e-08   6.699966e-05   5.388201e-09   420
  1.397842e-01   1.015954e-07   6.484166e-05   4.176579e-09   792
  1.400283e-01   1.057101e-07   5.361851e-05   4.471571e-09   680
  1.403069e-01   1.100990e-07   4.923504e-05   5.361174e-09   600
  1.405311e-01   1.082716e-07   7.140431e-05   3.978161e-09   840
  1.408304e-01   1.256492e-07   3.371380e-05   6.667927e-09   432
  1.409448e-01   1.094588e-07   3.159427e-05   4.540550e-09   720
  1.411934e-01   1.132741e-07   6.327780e-05   3.971803e-09   960
  1.415027e-01   1.257745e-07   5.640753e-05   6.693909e-09   528
  1.417288e-01   1.140332e-07   5.765925e-05   4.744593e-09   624
  1.419978e-01   1.177106e-07   4.531978e-05   4.706569e-09   816
  1.422648e-01   1.032148e-07   7.452934e-05   4.687309e-09   696
  1.425599e-01   1.217173e-07   4.110321e-09   8.336667e-09   240
  1.426709e-01   1.263734e-07   4.395173e-05   4.977161e-09   672
  1.429185e-01   1.107258e-07   7.854802e-05   3.860971e-09   864
  1.431964e-01   1.166755e-07   6.027286e-05   4.318390e-09   816
  1.434467e-01   1.174658e-07   3.449810e-05   5.013668e-09   648
  1.437164e-01   1.164973e-07   3.526335e-05   4.047585e-09   843
  1.439454e-01   1.168540e-07   6.344743e-05   4.943015e-09   780
  1.442182e-01   1.189091e-07   3.404471e-05   8.287402e-09   216
  1.443865e-01   1.111696e-07   8.209510e-05   3.549516e-09   1056
  1.446454e-01   1.506350e-07   6.716301e-05   9.873947e-09   228
  1.448850e-01   1.180305e-07   8.361962e-05   4.326306e-09   924
  1.451311e-01   1.140852e-07   3.101819e-05   4.219018e-09   696
  1.453916e-01   1.166842e-07   5.520350e-05   4.016998e-09   996
  1.456581e-01   1.230034e-07   3.259105e-05   5.500716e-09   576
  1.459354e-01   1.241013e-07   5.030212e-05   5.969697e-09   552
  1.461376e-01   1.260882e-07   6.005898e-05   5.920476e-09   516
  1.463427e-01   1.197381e-07   8.733821e-05   4.531674e-09   744
  1.465771e-01   1.405498e-07   4.284460e-05   6.714185e-09   576
  1.467810e-01   1.142344e-07   4.409794e-05   4.047037e-09   792
  1.470708e-01   1.236894e-07   5.041212e-05   4.604133e-09   792
  1.472831e-01   1.250881e-07   5.436894e-05   4.667169e-09   720
  1.475703e-01   1.169873e-07   6.196809e-05   4.537080e-09   656
  1.478394e-01   1.219178e-07   6.766594e-05   4.348292e-09   816
  1.481153e-01   1.273506e-07   3.648433e-05   5.818602e-09   492
  1.482721e-01   1.290329e-07   5.248529e-05   5.631187e-09   552
  1.485663e-01   1.240768e-07   9.126553e-05   5.766562e-09   780
  1.487575e-01   1.239228e-07   5.606333e-05   5.794957e-09   528
  1.489634e-01   1.301212e-07   6.544296e-05   5.566381e-09   600
  1.492669e-01   1.311550e-07   5.438828e-05   4.198733e-09   900
  1.494760e-01   1.314052e-07   3.011028e-05   5.078629e-09   696
  1.497638e-01   1.328638e-07   7.613501e-05   5.218154e-09   696
  1.500423e-01   1.452591e-07   3.088725e-05   6.449255e-09   552
  1.502764e-01   1.119195e-07   3.591902e-05   4.409978e-09   708
  1.505217e-01   1.381006e-07   5.930435e-05   5.251667e-09   876
  1.507769e-01   1.319782e-07   3.148943e-05   9.647109e-09   216
  1.509481e-01   1.222284e-07   8.612787e-05   3.994122e-09   1032
  1.512046e-01   1.355827e-07   9.589387e-05   5.891655e-09   600
  1.514708e-01   1.404114e-07   4.575699e-05   5.664704e-09   600
  1.516739e-01   1.322760e-07   8.080257e-05   6.589801e-09   528
  1.519139e-01   1.333432e-07   4.435707e-05   4.868713e-09   732
  1.521668e-01   1.125655e-07   3.275367e-05   5.249899e-09   336
  1.524578e-01   1.324437e-07   4.668048e-05   4.536560e-09   912
  1.526754e-01   1.273585e-07   4.685305e-05   5.295272e-09   624
  1.529130e-01   1.356131e-07   3.948208e-05   5.060247e-09   768
  1.531905e-01   1.499715e-07   7.123345e-05   5.608785e-09   792
  1.534628e-01   1.323678e-07   3.531461e-05   6.052171e-09   660
  1.536565e-01   1.290346e-07   5.204174e-05   6.157832e-09   504
  1.538569e-01   1.469719e-07   8.502625e-05   7.362927e-09   480
  1.541572e-01   1.143399e-07   7.863820e-05   3.920131e-09   912
  1.543923e-01   1.541923e-07   8.757583e-05   8.723696e-09   432
  1.546144e-01   1.246411e-07   5.200047e-05   5.405713e-09   564
  1.548116e-01   1.363419e-07   4.977161e-05   5.787803e-09   600
  1.550891e-01   1.379025e-07   6.937691e-05   4.936732e-09   876
  1.552976e-01   1.524469e-07   3.119395e-05   9.256528e-09   264
  1.555851e-01   1.500532e-07   6.052853e-05   6.552533e-09   560
  1.558161e-01   1.330424e-07   4.113044e-05   4.454009e-09   840
  1.560965e-01   1.400491e-07   6.341128e-05   4.859570e-09   1008
  1.563558e-01   1.570335e-07   2.836595e-05   7.276677e-09   456
  1.565927e-01   1.516491e-07   3.674408e-05   6.161523e-09   576
  1.568116e-01   1.478661e-07   5.646120e-05   6.153725e-09   612
  1.571003e-01   1.372250e-07   5.042901e-05   5.302382e-09   780
  1.573359e-01   1.458354e-07   5.778934e-05   5.741535e-09   648
  1.575770e-01   1.636784e-07   2.693058e-05   1.071353e-08   312
  1.577311e-01   1.467987e-07   6.842617e-05   6.652223e-09   528
  1.579980e-01   1.391453e-07   8.936117e-05   5.766838e-09   720
  1.582533e-01   1.379886e-07   8.964102e-05   6.347477e-09   576
  1.585628e-01   1.442329e-07   7.732694e-05   6.459154e-09   444
  1.587554e-01   1.497322e-07   7.583279e-05   4.970236e-09   996
  1.589914e-01   1.391187e-07   6.334320e-05   7.100108e-09   432
  1.592145e-01   1.520272e-07   6.934834e-05   7.242284e-09   504
  1.594071e-01   1.578742e-07   3.126589e-05   7.187496e-09   504
  1.596815e-01   1.605691e-07   6.153164e-05   6.324403e-09   876
  1.599297e-01   1.476992e-07   7.081706e-05   6.976332e-09   504
  1.601882e-01   1.352327e-07   4.516342e-05   5.449742e-09   696
  1.604019e-01   1.673588e-07   3.860998e-05   7.831628e-09   492
  1.606926e-01   1.404617e-07   5.527206e-05   7.021732e-09   432
  1.609079e-01   1.508688e-07   5.175622e-05   5.474748e-09   768
  1.611631e-01   1.402088e-07   6.446933e-05   6.551830e-09   648
  1.614068e-01   1.324806e-07   4.205932e-05   6.114415e-09   456
  1.616868e-01   1.377335e-07   5.783839e-05   6.029937e-09   552
  1.618813e-01   1.475142e-07   3.964248e-05   7.270220e-09   648
  1.621489e-01   1.427626e-07   6.461501e-05   4.984624e-09   840
  1.624104e-01   1.627474e-07   3.081354e-05   8.305057e-09   432
  1.626721e-01   1.372871e-07   3.774132e-05   6.020141e-09   600
  1.628542e-01   1.581499e-07   4.021090e-05   8.784837e-09   432
  1.631600e-01   1.466142e-07   4.003387e-05   6.812832e-09   560
  1.633670e-01   1.486991e-07   6.336941e-05   5.769105e-09   840
  1.636263e-01   1.597628e-07   3.753463e-05   7.521885e-09   504
  1.638323e-01   1.422453e-07   7.660593e-05   5.995287e-09   696
  1.641226e-01   1.608808e-07   4.183943e-05   8.648817e-09   384
  1.643487e-01   1.363040e-07   6.128984e-05   5.851228e-09   576
  1.646222e-01   1.416153e-07   3.782503e-05   9.095964e-09   360
  1.648426e-01   1.438203e-07   5.633064e-05   6.181877e-09   828
  1.650804e-01   1.499327e-07   5.017290e-05   7.644631e-09   372
  1.652983e-01   1.510321e-07   7.662364e-05   6.603214e-09   576
  1.655869e-01   1.543249e-07   3.208989e-05   6.550699e-09   636
  1.657926e-01   1.466424e-07   6.186102e-05   6.288615e-09   648
  1.660708e-01   1.643013e-07   5.028625e-05   7.831233e-09   576
  1.662705e-01   1.478283e-07   8.111703e-05   7.067173e-09   528
  1.665361e-01   1.394059e-07   3.468088e-05   8.103161e-09   360
  1.667559e-01   1.434260e-07   7.977902e-05   5.704149e-09   672
  1.670430e-01   1.467576e-07   4.086413e-05   5.808599e-09   804
  1.672819e-01   1.643542e-07   4.507802e-05   8.929643e-09   408
  1.675462e-01   1.383985e-07   2.786312e-05   6.431073e-09   384
  1.677241e-01   1.359052e-07   6.376152e-05   7.223417e-09   480
  1.679752e-01   1.442734e-07   4.119929e-05   7.126866e-09   432
  1.682159e-01   1.706991e-07   7.592150e-05   7.091254e-09   648
  1.685009e-01   1.539999e-07   4.710893e-05   7.203534e-09   624
  1.687093e-01   1.576835e-07   4.284955e-05   9.170617e-09   456
  1.689940e-01   1.433313e-07   5.853629e-05   7.926312e-09   588
  1.691847e-01   1.379826e-07   3.734591e-05   6.131722e-09   600
  1.694632e-01   1.422124e-07   5.825046e-05   5.362123e-09   708
  1.696832e-01   1.301907e-07   3.669667e-05   6.783085e-09   360
  1.699263e-01   1.553824e-07   4.218379e-05   7.723295e-09   552
  1.701593e-01   1.436310e-07   2.959293e-05   1.026024e-08   288
  1.703959e-01   1.339378e-07   5.564280e-05   6.196015e-09   528
  1.706182e-01   1.398574e-07   3.753920e-05   6.622844e-09   456
  1.708665e-01   1.495321e-07   6.656515e-05   6.588589e-09   608
  1.711163e-01   1.347773e-07   3.220496e-05   6.198884e-09   504
  1.713892e-01   1.268398e-07   6.914223e-05   6.474118e-09   540
  1.716032e-01   1.678647e-07   7.422222e-05   1.065958e-08   360
  1.718339e-01   1.704529e-07   3.361162e-05   7.743497e-09   540
  1.720380e-01   1.483671e-07   2.885957e-05   7.026288e-09   576
  1.723347e-01   1.451561e-07   6.691555e-05   6.294296e-09   588
  1.726168e-01   1.506110e-07   9.232326e-05   6.957583e-09   672
  1.728592e-01   1.697296e-07   7.056345e-05   8.213560e-09   552
  1.730545e-01   1.175376e-07   7.059913e-05   9.960617e-09   144
  1.733038e-01   1.556324e-07   5.998121e-05   7.105795e-09   600
  1.735402e-01   1.332781e-07   7.516955e-05   6.536311e-09   504
  1.738025e-01   1.438637e-07   7.721430e-05   9.740935e-09   336
  1.740784e-01   1.466727e-07   8.678922e-05   6.057139e-09   600
  1.743256e-01   1.435291e-07   5.601092e-05   6.500238e-09   636
  1.745923e-01   1.529638e-07   4.503329e-05   1.127887e-08   384
  1.747793e-01   1.542179e-07   6.281612e-05   9.044968e-09   504
  1.750488e-01   1.465361e-07   2.636304e-05   1.005327e-08   240
  1.752616e-01   1.515788e-07   6.193054e-05   5.774697e-09   744
  1.755168e-01   1.399602e-07   4.228914e-05   6.198390e-09   648
  1.757436e-01   2.165861e-07   2.807279e-05   1.891968e-08   120
  1.760095e-01   1.322532e-07   4.409871e-05   5.449247e-09   564
  1.762103e-01   1.716824e-07   6.925969e-05   8.965599e-09   432
  1.764784e-01   1.313046e-07   5.375921e-05   8.117729e-09   480
  1.766803e-01   1.170455e-07   3.956814e-05   6.526475e-09   456
  1.769186e-01   1.463298e-07   6.547942e-05   8.084213e-09   444
  1.771890e-01   1.381697e-07   1.001870e-04   7.072764e-09   528
  1.774266e-01   1.526686e-07   7.440679e-05   1.225152e-08   264
  1.776571e-01   1.392282e-07   7.625589e-05   7.347297e-09   444
  1.779672e-01   1.491646e-07   8.352712e-05   6.298344e-09   696
  1.782246e-01   1.518048e-07   4.467309e-05   9.066642e-09   384
  1.784129e-01   1.497124e-07   5.644820e-05   7.852201e-09   432
  1.787057e-01   1.840341e-07   3.900306e-05   1.103933e-08   488
  1.788958e-01   1.655235e-07   5.878247e-05   7.883585e-09   480
  1.791714e-01   1.405695e-07   6.555462e-05   8.333671e-09   480
  1.793849e-01   1.384277e-07   2.750471e-05   8.382982e-09   240
  1.796272e-01   1.501291e-07   6.424882e-05   7.318466e-09   600
  1.798559e-01   1.339873e-07   5.598627e-05   8.602047e-09   288
  1.800993e-01   1.505384e-07   5.385469e-05   8.464955e-09   480
  1.803458e-01   1.269421e-07   9.579788e-05   7.111256e-09   504
  1.805885e-01   1.759770e-07   4.110325e-05   1.176377e-08   216
  1.808981e-01   1.512420e-07   6.729256e-05   8.608827e-09   504
  1.811392e-01   1.348961e-07   5.412370e-05   7.484240e-09   456
  1.814031e-01   1.971337e-07   3.104087e-05   1.213857e-08   384
  1.815779e-01   1.846416e-07   6.300174e-05   1.066163e-08   480
  1.818262e-01   1.313782e-07   5.532259e-05   7.644695e-09   504
  1.820564e-01   1.586067e-07   3.509319e-05   9.958548e-09   312
  1.823043e-01   1.510894e-07   5.655148e-05   8.761055e-09   492
  1.825238e-01   1.623973e-07   5.300385e-05   9.337502e-09   312
  1.828064e-01   1.386651e-07   8.610055e-05   5.857501e-09   576
  1.830551e-01   1.708925e-07   7.947777e-05   1.281964e-08   336
  1.832617e-01   1.131961e-07   6.119421e-05   8.331828e-09   240
  1.835481e-01   1.491371e-07   8.112802e-05   8.552505e-09   468
  1.837954e-01   1.472330e-07   5.079787e-05   1.409521e-08   192
  1.840542e-01   1.213683e-07   5.094927e-05   8.290661e-09   324
  1.842439e-01   1.448648e-07   3.697814e-05   7.500858e-09   600
  1.845024e-01   1.425298e-07   5.999324e-05   7.722834e-09   456
  1.846943e-01   1.570533e-07   2.698496e-05   1.049373e-08   336
  1.850125e-01   1.507633e-07   8.080061e-05   7.825967e-09   612
  1.852440e-01   1.005533e-07   6.781139e-05   1.350080e-08   144
  1.854629e-01   1.616775e-07   7.915330e-05   8.482331e-09   552
  1.857606e-01   1.078484e-07   3.117154e-05   6.331385e-09   264
  1.859288e-01   1.321754e-07   7.217008e-05   9.404110e-09   336
  1.861941e-01   1.292230e-07   4.768752e-05   7.147593e-09   384
  1.864242e-01   1.292832e-07   2.684336e-05   1.100906e-08   216
  1.866789e-01   1.166039e-07   5.691346e-05   7.835453e-09   344
  1.869112e-01   1.093268e-07   8.491756e-05   6.621921e-09   408
  1.871942e-01   1.353213e-07   6.525361e-05   1.188639e-08   264
  1.874450e-01   1.322190e-07   9.096676e-05   6.724492e-09   612
  1.876956e-01   1.656295e-07   4.681845e-05   1.034295e-08   408
  1.879533e-01   1.271073e-07   4.688574e-05   9.137184e-09   444
  1.881426e-01   2.191012e-07   2.622284e-05   1.885192e-08   120
  1.883963e-01   1.503861e-07   7.244892e-05   1.095393e-08   336
  1.885846e-01   1.286099e-07   2.517571e-05   9.295328e-09   288
  1.888390e-01   1.334927e-07   7.834725e-05   6.800299e-09   552
  1.891889e-01   1.549984e-07   0.000000e+00   2.104172e-08   72
  1.893687e-01   1.342558e-07   7.781878e-05   7.504777e-09   504
  1.895788e-01   8.515512e-08   2.504133e-05   7.463440e-09   216
  1.898511e-01   1.152748e-07   4.470956e-05   8.257497e-09   312
  1.900954e-01   9.817794e-08   5.090887e-05   6.668832e-09   336
  1.903283e-01   1.065437e-07   7.056539e-05   8.528864e-09   204
  1.905603e-01   1.856083e-07   8.200772e-05   1.242666e-08   504
  1.908063e-01   1.666034e-07   7.809491e-05   1.006612e-08   396
  1.910429e-01   1.301310e-07   7.161711e-05   9.731937e-09   312
  1.913297e-01   1.792220e-07   4.376572e-05   1.592920e-08   216
  1.915318e-01   1.335494e-07   2.375249e-05   1.431143e-08   168
  1.917774e-01   1.342388e-07   5.997637e-05   7.120686e-09   588
  1.920576e-01   1.010334e-07   8.141090e-05   8.515007e-09   240
  1.922754e-01   1.024326e-07   7.189946e-05   8.940210e-09   264
  1.925307e-01   1.279000e-07   8.891848e-05   1.063986e-08   288
  1.927573e-01   1.401140e-07   4.440219e-05   1.151129e-08   288
  1.930444e-01   9.936474e-08   4.170072e-05   7.384796e-09   288
  1.932378e-01   1.194099e-07   4.830681e-05   9.219783e-09   192
  1.934810e-01   8.900318e-08   5.140329e-05   6.860132e-09   264
  1.937128e-01   1.924635e-07   8.455129e-05   1.309088e-08   372
  1.939621e-01   1.933619e-07   9.131904e-05   1.710742e-08   360
  1.942665e-01   1.712538e-07   3.864708e-05   2.256063e-08   144
  1.944239e-01   1.016747e-07   5.367910e-05   9.346226e-09   296
  1.946722e-01   1.195714e-07   5.783646e-05   1.090252e-08   288
  1.949565e-01   1.319932e-07   8.643513e-05   8.139664e-09   480
  1.952017e-01   1.124441e-07   7.181934e-05   1.729835e-08   192
  1.954402e-01   1.480178e-07   7.703604e-05   1.217451e-08   192
  1.956569e-01   1.048926e-07   4.909597e-05   8.720361e-09   288
  1.959584e-01   6.380590e-08   4.273737e-05   7.375375e-09   108
  1.961102e-01   1.114936e-07   4.108675e-05   1.006215e-08   240
  1.963784e-01   9.518752e-08   7.664829e-05   7.693342e-09   384
  1.966538e-01   1.336635e-07   9.350223e-05   1.384201e-08   108
  1.968974e-01   1.548721e-07   5.482209e-05   1.090308e-08   348
  1.971535e-01   9.868679e-08   5.721449e-05   1.046865e-08   312
  1.973823e-01   1.020731e-07   5.559587e-05   2.118493e-08   96
  1.975926e-01   1.192875e-07   7.401586e-05   8.735071e-09   384
  1.978282e-01   1.298430e-07   5.090793e-05   1.170483e-08   144
  1.980586e-01   1.277332e-07   7.822228e-05   9.197866e-09   408
  1.983451e-01   7.315409e-08   3.489266e-05   1.023042e-08   144
  1.986157e-01   1.170539e-07   6.708152e-05   1.273415e-08   192
  1.987762e-01   1.502318e-07   7.550148e-05   1.563657e-08   144
  1.990378e-01   9.043094e-08   6.138549e-05   9.023126e-09   144
  1.992846e-01   1.279758e-07   7.502301e-05   1.132816e-08   336
  1.995869e-01   7.176627e-08   5.550751e-05   5.340130e-09   240
  1.997786e-01   9.217372e-08   2.520547e-05   1.204278e-08   96
  2.000459e-01   1.313566e-07   7.391551e-05   1.095260e-08   372
  2.003163e-01   9.827545e-08   8.792091e-05   1.448427e-08   132
  2.005538e-01   8.088254e-08   5.440441e-05   6.103747e-09   264
  2.007663e-01   1.689157e-07   4.178011e-05   1.897050e-08   168
  2.009931e-01   1.258097e-07   6.679837e-05   1.020146e-08   216
  2.011935e-01   8.685836e-08   4.086808e-05   1.003394e-08   216
  2.014852e-01   5.452691e-08   7.497591e-05   5.805754e-09   96
  2.017500e-01   1.360727e-07   4.891494e-05   1.681422e-08   120
  2.019928e-01   9.412768e-08   6.218465e-05   9.648044e-09   216
  2.021928e-01   8.045003e-08   2.717490e-05   8.300022e-09   200
  2.024576e-01   1.070139e-07   7.034415e-05   1.339109e-08   288
  2.027972e-01   3.789976e-08   1.850891e-05   3.047057e-09   144
  2.029402e-01   1.127722e-07   5.759860e-05   1.850087e-08   168
  2.032323e-01   9.895036e-08   6.482186e-05   1.515152e-08   159
  2.034603e-01   7.454411e-08   6.801371e-05   6.104803e-09   174
  2.036809e-01   6.881643e-08   6.167246e-05   6.621002e-09   144
  2.039698e-01   1.112920e-07   3.561139e-05   1.000062e-08   222
  2.041630e-01   7.865888e-08   3.593504e-05   8.476523e-09   168
  2.044967e-01   1.156703e-07   7.881934e-05   2.712235e-08   30
  2.046346e-01   3.513103e-08   6.959169e-05   4.704175e-09   72
  2.048942e-01   7.978859e-08   6.210975e-05   8.640141e-09   258
  2.051797e-01   6.705918e-08   3.890094e-05   5.524061e-09   264
  2.053225e-01   8.627941e-08   4.195079e-09   1.383775e-08   72
  2.056199e-01   4.596900e-08   7.710330e-05   4.843885e-09   174
  2.058892e-01   8.738166e-08   8.210077e-05   1.206573e-08   168
  2.061058e-01   2.451193e-08   2.568951e-09   3.633350e-09   48
  2.063382e-01   5.090786e-08   4.636424e-05   5.755068e-09   150
  2.066077e-01   1.137281e-07   8.529035e-05   1.017908e-08   168
  2.068780e-01   5.483920e-08   5.195492e-05   5.891661e-09   144
  2.071265e-01   8.370041e-08   4.853772e-05   1.509772e-08   102
  2.073116e-01   2.844176e-08   7.184416e-05   2.374115e-09   96
  2.076053e-01   2.261288e-08   7.130050e-05   1.723790e-09   120
  2.078228e-01   2.257236e-08   7.647166e-05   1.765477e-09   168
  2.080580e-01   9.971304e-08   5.646827e-05   9.698101e-09   126
  2.082585e-01   5.912541e-08   4.258836e-05   8.235059e-09   168
  2.085346e-01   3.387616e-08   6.829049e-05   4.887388e-09   72
  2.087759e-01   3.562534e-08   8.551492e-05   3.152061e-09   168
  2.089873e-01   8.473988e-08   2.344384e-05   1.745843e-08   78
  2.092770e-01   3.309458e-08   3.849304e-05   4.220992e-09   60
  2.095103e-01   1.131236e-07   6.244194e-05   2.174153e-08   96
  2.097522e-01   4.260624e-08   7.576810e-05   3.548317e-09   168
  2.099796e-01   3.562930e-08   4.794311e-05   6.363012e-09   86
  2.102181e-01   2.653148e-08   4.284977e-05   3.742390e-09   120
  2.105600e-01   3.255508e-08   3.055758e-05   3.200603e-09   168
  2.107444e-01   1.929208e-08   0.000000e+00   2.223607e-09   48
  2.109928e-01   7.170839e-08   5.567259e-05   7.922277e-09   120
  2.111355e-01   4.601072e-08   4.061540e-05   6.495703e-09   126
  2.114838e-01   4.210329e-08   7.143116e-05   5.087509e-09   96
  2.117099e-01   4.155329e-08   2.059722e-05   4.050475e-09   96
  2.118882e-01   2.670921e-08   2.422030e-09   3.284259e-09   72
  2.122681e-01   3.027394e-08   2.568951e-09   5.947731e-09   24
  2.125052e-01   4.437970e-08   4.238860e-05   4.264955e-09   120
  2.126902e-01   3.600797e-08   6.183193e-05   4.723782e-09   126
  2.128959e-01   2.606694e-08   5.154529e-05   3.080705e-09   96
  2.131362e-01   1.533286e-08   8.908530e-05   1.694468e-09   72
  2.134038e-01   2.629147e-08   3.853239e-05   2.237084e-09   144
  2.136239e-01   2.693436e-08   2.222458e-05   3.554286e-09   72
  2.138438e-01   4.146856e-08   4.439042e-05   8.907133e-09   54
  2.140373e-01   4.238268e-08   3.911854e-05   5.018456e-09   108
  2.144395e-01   4.780512e-08   3.834628e-05   5.202891e-09   72
  2.145647e-01   3.501071e-08   2.212712e-05   4.198326e-09   72
  2.148618e-01   2.013756e-08   4.449553e-09   2.862505e-09   24
  2.151428e-01   1.147161e-08   4.681088e-05   1.759500e-09   48
  2.153135e-01   3.420706e-08   3.565781e-05   4.817729e-09   102
  2.155704e-01   2.244025e-08   8.064314e-05   1.953353e-09   168
  2.159060e-01   1.650306e-08   4.398088e-05   2.309247e-09   72
  2.160304e-01   1.987991e-08   0.000000e+00   3.179934e-09   48
  2.162913e-01   2.672172e-08   7.564979e-05   2.700420e-09   120
  2.166356e-01   2.447023e-08   4.648832e-05   2.095365e-09   96
  2.169608e-01   6.180207e-08   4.110321e-09   2.174452e-08   30
  2.173472e-01   3.611847e-08   2.184227e-05   5.239160e-09   72
  2.175171e-01   1.797097e-08   2.568951e-09   4.263145e-09   24
  2.177352e-01   8.555599e-09   3.237565e-05   1.497607e-09   56
  2.179796e-01   8.825835e-09   4.620169e-05   8.223441e-10   96
  2.182720e-01   2.040081e-08   5.101796e-05   1.896359e-09   144
  2.184974e-01   2.996742e-08   2.896600e-05   7.235817e-09   54
  2.188250e-01   1.983571e-08   4.339413e-05   2.049917e-09   108
  2.191546e-01   4.922913e-08   2.297699e-05   8.689061e-09   48
  2.194683e-01   1.998585e-08   8.651572e-05   1.911120e-09   72
  2.202213e-01   3.909253e-08   5.716121e-05   5.048757e-09   78
  2.204299e-01   8.930660e-09   4.307814e-05   1.024364e-09   72
  2.206734e-01   1.028897e-08   4.302466e-05   1.153257e-09   72
  2.209281e-01   2.060457e-08   1.038232e-04   1.827715e-09   96
  2.211293e-01   1.084700e-08   4.293597e-05   7.408721e-10   72
  2.213721e-01   1.531910e-08   0.000000e+00   2.492849e-09   24
  2.216146e-01   1.951185e-08   8.567808e-05   2.225690e-09   72
  2.221623e-01   2.325570e-08   5.440820e-05   4.078544e-09   30
  2.222801e-01   3.286669e-08   0.000000e+00   6.388348e-09   24
  2.229135e-01   8.003920e-09   4.517907e-05   1.112947e-09   48
  2.231122e-01   1.305338e-08   9.722532e-05   1.914226e-09   120
  2.233799e-01   8.277206e-09   4.250917e-05   1.176370e-09   72
  2.236502e-01   1.176949e-08   4.245777e-05   1.851821e-09   36
  2.238360e-01   1.397690e-08   8.391632e-05   1.857853e-09   78
  2.243546e-01   1.633403e-08   4.488887e-05   1.820395e-09   48
  2.250269e-01   2.441386e-08   3.633045e-09   2.834576e-09   24
  2.255059e-01   4.172845e-09   3.125970e-05   6.667849e-10   56
  2.257471e-01   5.680304e-09   4.810277e-05   6.626314e-10   102
  2.260539e-01   9.148024e-09   3.425268e-09   1.049449e-09   72
  2.262321e-01   1.188113e-08   2.568951e-09   1.952680e-09   24
  2.265435e-01   9.011217e-09   4.445516e-05   1.130711e-09   48
  2.271206e-01   1.266649e-08   0.000000e+00   3.017967e-09   24
  2.278290e-01   1.158997e-08   0.000000e+00   5.861683e-09   6
  2.280499e-01   2.764234e-09   0.000000e+00   5.702891e-10   24
  2.281971e-01   4.875831e-09   4.161169e-05   5.099223e-10   72
  2.284659e-01   4.689524e-09   7.763053e-05   4.111912e-10   84
  2.287554e-01   8.133303e-09   0.000000e+00   1.947998e-09   24
  2.288435e-01   8.405861e-09   3.633045e-09   1.116171e-09   24
  2.292831e-01   9.830976e-09   4.449553e-09   1.720820e-09   24
  2.298972e-01   7.858896e-09   0.000000e+00   2.113128e-09   6
  2.306844e-01   2.650416e-09   4.365716e-05   3.292321e-10   48
  2.308735e-01   3.882306e-09   8.224294e-05   3.999975e-10   72
  2.311206e-01   5.222229e-09   4.357477e-05   7.632475e-10   48
  2.315124e-01   1.100989e-08   0.000000e+00   1.841418e-09   24
  2.320338e-01   2.334853e-08   0.000000e+00   4.165156e-09   6
  2.332028e-01   1.218624e-09   0.000000e+00   2.375694e-10   8
  2.332891e-01   3.002981e-09   2.568951e-09   7.911602e-10   48
  2.334962e-01   3.755417e-09   4.225843e-05   5.577386e-10   60
  2.338066e-01   5.974571e-09   0.000000e+00   1.474446e-09   24
  2.342369e-01   5.154505e-09   0.000000e+00   1.434021e-09   6
  2.358224e-01   2.013658e-09   0.000000e+00   3.962651e-10   24
  2.359505e-01   2.438217e-09   4.268279e-05   2.402043e-10   48
  2.361638e-01   3.305884e-09   0.000000e+00   9.454669e-10   24
  2.365047e-01   9.483077e-10   0.000000e+00   3.290962e-10   6
  2.384414e-01   1.110433e-09   3.981898e-05   1.661355e-10   36
  2.385821e-01   2.318599e-09   0.000000e+00   5.889577e-10   24
  2.388353e-01   2.627008e-09   0.000000e+00   1.370401e-09   6
  2.410389e-01   1.410734e-09   3.618719e-05   2.328016e-10   32
  2.412268e-01   7.587591e-10   0.000000e+00   2.175926e-10   6
  2.435949e-01   5.123823e-10   0.000000e+00   1.092089e-10   12
  2.436776e-01   1.593791e-09   0.000000e+00   2.382785e-10   6
  2.461858e-01   4.552320e-10   0.000000e+00   1.082823e-10   6
