# power spectrum of phi
# redshift z=0.000000
# k              Pk             sigma(k)       sigma(Pk)      count
  1.570796e-02   9.704586e-11   0.000000e+00   3.791713e-11   6
  2.221441e-02   4.356343e-11   0.000000e+00   8.475941e-12   12
  2.720699e-02   2.608484e-11   2.980232e-10   5.589481e-12   8
  3.141593e-02   7.475284e-11   0.000000e+00   8.134746e-12   6
  3.512407e-02   4.471605e-11   5.619580e-10   1.365179e-11   24
  3.847649e-02   5.494303e-11   5.619580e-10   9.491487e-12   24
  4.442883e-02   1.881811e-11   0.000000e+00   7.803919e-12   12
  4.712389e-02   2.083367e-11   6.357829e-10   3.169232e-12   30
  4.967294e-02   2.703664e-11   0.000000e+00   5.296255e-12   24
  5.209742e-02   2.365668e-11   9.733398e-10   5.583662e-12   24
  5.441398e-02   2.318254e-11   5.960464e-10   4.160147e-12   8
  5.663587e-02   2.038880e-11   7.947286e-10   2.665486e-12   24
  5.877382e-02   1.842696e-11   0.000000e+00   2.637856e-12   48
  6.283185e-02   1.907734e-11   0.000000e+00   8.013087e-12   6
  6.476559e-02   1.595257e-11   7.947286e-10   2.285259e-12   48
  6.664324e-02   1.487970e-11   7.492773e-10   1.836506e-12   36
  6.846942e-02   2.120267e-11   7.947286e-10   4.549400e-12   24
  7.024815e-02   1.352722e-11   1.123916e-09   2.037073e-12   24
  7.198293e-02   1.153359e-11   0.000000e+00   1.373912e-12   48
  7.367688e-02   1.345099e-11   1.123916e-09   2.092795e-12   24
  7.695299e-02   1.325128e-11   1.123916e-09   1.695228e-12   24
  7.853982e-02   7.012245e-12   0.000000e+00   1.255398e-12   30
  8.009521e-02   9.472162e-12   0.000000e+00   9.820608e-13   72
  8.162097e-02   8.637606e-12   1.192093e-09   1.885046e-12   32
  8.458997e-02   1.031306e-11   0.000000e+00   1.163074e-12   72
  8.603606e-02   5.306652e-12   0.000000e+00   8.128779e-13   48
  8.885766e-02   3.680847e-12   0.000000e+00   1.291817e-12   12
  9.023538e-02   6.261061e-12   0.000000e+00   7.468105e-13   48
  9.159238e-02   5.689129e-12   0.000000e+00   5.543767e-13   48
  9.292956e-02   5.801763e-12   1.123916e-09   8.181007e-13   48
  9.424778e-02   7.142842e-12   1.271566e-09   1.275129e-12   30
  9.554781e-02   8.143567e-12   0.000000e+00   1.416129e-12   24
  9.683039e-02   8.258736e-12   2.369423e-09   8.768746e-13   72
  9.934588e-02   2.723106e-12   0.000000e+00   8.039012e-13   24
  1.005800e-01   5.285188e-12   0.000000e+00   4.892353e-13   96
  1.017992e-01   4.367352e-12   0.000000e+00   7.692132e-13   48
  1.030040e-01   3.019419e-12   1.946680e-09   4.255688e-13   24
  1.041948e-01   2.441252e-12   1.946680e-09   5.555683e-13   24
  1.053722e-01   5.427582e-12   0.000000e+00   5.600417e-13   72
  1.065366e-01   4.315113e-12   0.000000e+00   5.908803e-13   48
  1.088280e-01   2.964981e-12   1.192093e-09   6.279990e-13   8
  1.099557e-01   5.706257e-12   1.412851e-09   8.284271e-13   54
  1.110721e-01   3.673848e-12   0.000000e+00   4.271932e-13   84
  1.121773e-01   5.009414e-12   0.000000e+00   6.311883e-13   48
  1.132717e-01   3.092049e-12   1.589457e-09   3.875027e-13   24
  1.143557e-01   3.525168e-12   2.119276e-09   3.910546e-13   72
  1.154295e-01   3.857643e-12   0.000000e+00   4.220015e-13   96
  1.175476e-01   4.443600e-12   0.000000e+00   4.193453e-13   48
  1.185925e-01   3.488880e-12   0.000000e+00   4.692313e-13   48
  1.196283e-01   3.255428e-12   0.000000e+00   6.206192e-13   24
  1.206552e-01   3.409400e-12   0.000000e+00   3.114890e-13   72
  1.226831e-01   2.967990e-12   0.000000e+00   3.115776e-13   72
  1.236846e-01   2.744116e-12   0.000000e+00   2.609371e-13   96
  1.256637e-01   4.289673e-12   0.000000e+00   1.481543e-12   6
  1.266416e-01   3.267179e-12   0.000000e+00   3.415851e-13   96
  1.276121e-01   3.213666e-12   1.589457e-09   3.222480e-13   96
  1.285752e-01   1.718951e-12   0.000000e+00   3.579167e-13   24
  1.295312e-01   2.606684e-12   1.589457e-09   3.065823e-13   48
  1.304801e-01   2.339071e-12   0.000000e+00   2.312052e-13   96
  1.314222e-01   2.289974e-12   0.000000e+00   4.749846e-13   48
  1.332865e-01   2.062526e-12   1.498555e-09   3.950311e-13   36
  1.342089e-01   2.070901e-12   2.753021e-09   2.886330e-13   48
  1.351250e-01   2.303230e-12   3.114687e-09   2.062259e-13   120
  1.360350e-01   2.575175e-12   0.000000e+00   3.843642e-13   56
  1.369388e-01   1.300987e-12   1.589457e-09   2.231568e-13   24
  1.378368e-01   1.935379e-12   0.000000e+00   2.059552e-13   96
  1.387290e-01   2.065300e-12   0.000000e+00   2.576665e-13   48
  1.404963e-01   2.343709e-12   2.247832e-09   4.622583e-13   24
  1.413717e-01   2.640986e-12   0.000000e+00   2.852284e-13   102
  1.422417e-01   2.855662e-12   1.589457e-09   4.056671e-13   48
  1.431064e-01   2.294154e-12   0.000000e+00   1.944101e-13   72
  1.439659e-01   1.741484e-12   0.000000e+00   1.641765e-13   48
  1.448203e-01   2.693316e-12   0.000000e+00   4.250686e-13   48
  1.456697e-01   2.478248e-12   3.596531e-09   2.095077e-13   120
  1.473538e-01   2.028337e-12   2.247832e-09   2.704721e-13   24
  1.481886e-01   1.685467e-12   2.119276e-09   1.312291e-13   144
  1.490188e-01   1.425152e-12   2.543132e-09   1.726214e-13   120
  1.498444e-01   1.671409e-12   2.247832e-09   2.505251e-13   48
  1.514821e-01   1.866606e-12   2.247832e-09   2.904621e-13   48
  1.522944e-01   1.637706e-12   2.247832e-09   1.328483e-13   96
  1.544390e-01   1.516043e-12   3.768959e-04   1.509136e-13   72
  1.555009e-01   1.660159e-12   1.998073e-09   1.321005e-13   108
  1.562923e-01   1.466318e-12   0.000000e+00   1.652792e-13   72
  1.570796e-01   1.046893e-12   0.000000e+00   1.652917e-13   30
  1.578631e-01   1.520621e-12   0.000000e+00   1.044483e-13   168
  1.586427e-01   2.113066e-12   0.000000e+00   2.360421e-13   48
  1.601904e-01   1.307445e-12   0.000000e+00   1.431503e-13   72
  1.609587e-01   1.560942e-12   0.000000e+00   1.569529e-13   96
  1.617234e-01   1.268959e-12   4.238553e-09   1.421970e-13   72
  1.624844e-01   1.390228e-12   0.000000e+00   1.406055e-13   72
  1.637639e-01   1.542870e-12   3.480039e-04   1.545638e-13   104
  1.647465e-01   1.285778e-12   2.997109e-09   9.073440e-14   144
  1.669779e-01   1.042116e-12   5.026305e-09   1.013360e-13   96
  1.677152e-01   9.324655e-13   0.000000e+00   1.031882e-13   96
  1.688876e-01   1.263698e-12   3.580185e-04   1.250250e-13   120
  1.699076e-01   1.057186e-12   0.000000e+00   9.083305e-14   120
  1.706322e-01   1.480586e-12   0.000000e+00   1.427048e-13   72
  1.720721e-01   1.285818e-12   0.000000e+00   1.739361e-13   48
  1.727876e-01   1.321448e-12   3.912510e-09   1.486810e-13   78
  1.737029e-01   1.048479e-12   3.205713e-04   8.200605e-14   168
  1.756204e-01   1.130097e-12   3.670694e-09   8.253394e-14   144
  1.763215e-01   1.527751e-12   2.997109e-09   1.555361e-13   144
  1.783549e-01   1.078612e-12   1.846233e-04   8.437089e-14   156
  1.790983e-01   7.960457e-13   3.893359e-09   1.176977e-13   48
  1.797859e-01   9.596453e-13   2.543132e-09   9.357558e-14   120
  1.804708e-01   1.079019e-12   0.000000e+00   2.608489e-13   48
  1.816818e-01   1.072868e-12   2.825996e-04   7.795364e-14   216
  1.831848e-01   4.167697e-13   0.000000e+00   5.637455e-14   48
  1.838570e-01   1.014838e-12   2.247832e-09   8.317833e-14   96
  1.848128e-01   9.580122e-13   3.302618e-04   5.735308e-14   168
  1.858591e-01   8.322851e-13   2.247832e-09   8.816480e-14   48
  1.865217e-01   7.866406e-13   0.000000e+00   7.444935e-14   96
  1.871820e-01   8.512332e-13   0.000000e+00   9.357419e-14   48
  1.884956e-01   9.208287e-13   2.543132e-09   1.112810e-13   30
  1.891489e-01   1.040327e-12   0.000000e+00   9.785153e-14   96
  1.899298e-01   8.124689e-13   2.595564e-04   4.856908e-14   240
  1.909339e-01   7.180296e-13   2.800239e-04   8.162222e-14   32
  1.917401e-01   7.032592e-13   0.000000e+00   5.526342e-14   168
  1.923825e-01   8.102961e-13   0.000000e+00   7.057244e-14   120
  1.936608e-01   8.478936e-13   4.738846e-09   8.496055e-14   72
  1.942968e-01   1.045545e-12   2.119276e-09   8.883030e-14   144
  1.949307e-01   7.338404e-13   0.000000e+00   7.996020e-14   96
  1.955626e-01   8.413235e-13   0.000000e+00   7.336302e-14   96
  1.968202e-01   1.005598e-12   0.000000e+00   9.576262e-14   72
  1.974460e-01   5.944760e-13   3.178914e-09   5.645752e-14   96
  1.986918e-01   1.169118e-12   0.000000e+00   2.377534e-13   24
  1.993117e-01   8.260048e-13   0.000000e+00   5.875974e-14   192
  2.000418e-01   7.587834e-13   2.376333e-04   6.037681e-14   132
  2.011601e-01   6.448818e-13   0.000000e+00   7.301005e-14   96
  2.017724e-01   5.726579e-13   0.000000e+00   4.572594e-14   96
  2.023829e-01   8.717726e-13   2.543132e-09   7.604550e-14   120
  2.035985e-01   7.363101e-13   0.000000e+00   8.586969e-14   48
  2.045948e-01   7.245012e-13   2.879924e-04   4.398523e-14   222
  2.054083e-01   8.150479e-13   0.000000e+00   7.114398e-14   120
  2.060080e-01   4.215440e-13   3.893359e-09   8.432484e-14   24
  2.068812e-01   6.898275e-13   2.972500e-04   4.017368e-14   312
  2.087838e-01   7.171522e-13   2.786838e-04   7.831308e-14   72
  2.095704e-01   6.451260e-13   3.893359e-09   6.664852e-14   96
  2.103781e-01   5.929744e-13   2.838009e-04   4.462002e-14   192
  2.113290e-01   7.542921e-13   3.596531e-09   7.052915e-14   120
  2.119120e-01   5.211937e-13   0.000000e+00   3.592861e-14   144
  2.130732e-01   7.670414e-13   0.000000e+00   7.715814e-14   48
  2.138985e-01   6.024600e-13   2.853717e-04   3.161178e-14   336
  2.148032e-01   7.388625e-13   0.000000e+00   1.016279e-13   48
  2.159488e-01   5.818776e-13   0.000000e+00   4.053271e-14   192
  2.165193e-01   3.547777e-13   0.000000e+00   6.033267e-14   48
  2.181411e-01   4.376308e-13   1.980854e-04   5.125493e-14   56
  2.189475e-01   5.400870e-13   2.544090e-04   3.049738e-14   336
  2.199115e-01   5.798444e-13   2.825702e-09   8.583202e-14   54
  2.207512e-01   4.853286e-13   2.794324e-04   3.386978e-14   240
  2.224945e-01   5.744823e-13   2.675587e-04   4.226833e-14   228
  2.232521e-01   5.437617e-13   2.997109e-09   6.538688e-14   72
  2.239875e-01   5.952465e-13   2.595385e-04   4.773983e-14   144
  2.249038e-01   5.532417e-13   0.000000e+00   4.419311e-14   96
  2.254517e-01   5.781138e-13   3.596531e-09   4.816145e-14   240
  2.265435e-01   3.768048e-13   3.178914e-09   3.992433e-14   24
  2.272424e-01   5.842935e-13   2.451321e-04   3.171302e-14   336
  2.281713e-01   4.756132e-13   0.000000e+00   6.670684e-14   72
  2.290193e-01   5.872187e-13   2.666265e-04   5.684036e-14   168
  2.297877e-01   7.221739e-13   0.000000e+00   8.065749e-14   72
  2.308590e-01   6.180916e-13   0.000000e+00   6.333122e-14   96
  2.316886e-01   4.064551e-13   2.646263e-04   2.714110e-14   216
  2.324566e-01   3.274338e-13   0.000000e+00   2.568823e-14   96
  2.335157e-01   5.312993e-13   3.178914e-09   3.353818e-14   192
  2.340434e-01   3.851816e-13   2.997109e-09   2.934398e-14   144
  2.350953e-01   4.392342e-13   0.000000e+00   5.663098e-14   48
  2.358236e-01   4.078406e-13   2.551309e-04   3.069136e-14   246
  2.368131e-01   4.195307e-13   2.352347e-04   3.131126e-14   168
  2.377046e-01   4.306894e-13   6.229375e-09   3.316847e-14   120
  2.382231e-01   4.467907e-13   0.000000e+00   3.154873e-14   240
  2.392566e-01   6.398581e-13   0.000000e+00   1.081749e-13   24
  2.400800e-01   3.616159e-13   2.517980e-04   1.814476e-14   360
  2.411056e-01   4.711103e-13   2.507265e-04   4.641434e-14   120
  2.418210e-01   3.753935e-13   0.000000e+00   3.502226e-14   144
  2.423307e-01   5.225066e-13   0.000000e+00   4.770158e-14   96
  2.438532e-01   3.505058e-13   0.000000e+00   2.983610e-14   144
  2.443586e-01   4.387016e-13   0.000000e+00   4.627755e-14   132
  2.450688e-01   3.550876e-13   2.474633e-04   2.452518e-14   176
  2.460999e-01   3.729287e-13   2.498881e-04   2.524638e-14   312
  2.473693e-01   4.122363e-13   0.000000e+00   3.421065e-14   96
  2.478675e-01   3.345800e-13   0.000000e+00   2.810763e-14   144
  2.486319e-01   3.357836e-13   2.473817e-04   2.040593e-14   312
  2.498505e-01   3.995723e-13   0.000000e+00   4.601891e-14   48
  2.503437e-01   3.832868e-13   3.178914e-09   2.206820e-14   192
  2.513274e-01   2.752205e-13   0.000000e+00   5.257944e-14   6
  2.519810e-01   3.422357e-13   2.307253e-04   1.886125e-14   288
  2.530395e-01   3.586138e-13   2.437763e-04   2.866581e-14   192
  2.537699e-01   3.426802e-13   7.476104e-09   2.383261e-14   216
  2.542556e-01   3.356993e-13   0.000000e+00   3.804049e-14   72
  2.554657e-01   4.272966e-13   2.414611e-04   3.149636e-14   192
  2.562693e-01   3.476847e-13   1.792979e-04   2.297161e-14   288
  2.571504e-01   4.753424e-13   0.000000e+00   9.956029e-14   24
  2.578312e-01   3.123544e-13   2.362101e-04   1.401232e-14   456
  2.590624e-01   5.248654e-13   0.000000e+00   1.004385e-13   48
  2.598231e-01   3.722396e-13   2.326575e-04   2.465578e-14   240
  2.606974e-01   3.391554e-13   2.351266e-04   2.884028e-14   216
  2.614326e-01   2.858258e-13   0.000000e+00   2.625218e-14   72
  2.619041e-01   3.388807e-13   8.123736e-09   2.677475e-14   168
  2.632353e-01   3.076477e-13   1.747662e-04   1.947376e-14   288
  2.639818e-01   2.968688e-13   2.312456e-04   2.781766e-14   168
  2.651809e-01   2.614062e-13   0.000000e+00   1.688349e-14   192
  2.656458e-01   2.888931e-13   2.997109e-09   2.162807e-14   144
  2.665730e-01   3.984987e-13   2.997109e-09   6.461778e-14   36
  2.673593e-01   2.788737e-13   2.111764e-04   1.444651e-14   342
  2.681111e-01   3.424903e-13   2.168525e-04   3.007875e-14   144
  2.690776e-01   3.266329e-13   2.274240e-04   2.048735e-14   384
  2.702500e-01   2.286809e-13   6.229375e-09   1.832010e-14   120
  2.708303e-01   3.193221e-13   2.027960e-04   2.061760e-14   264
  2.716161e-01   2.853656e-13   1.005261e-08   2.311199e-14   192
  2.723561e-01   3.122404e-13   2.185515e-04   2.658907e-14   152
  2.729753e-01   2.820740e-13   5.994218e-09   2.082662e-14   144
  2.742778e-01   2.512743e-13   1.414487e-04   1.555168e-14   216
  2.748807e-01   2.407378e-13   1.890132e-04   1.430105e-14   312
  2.759419e-01   3.082475e-13   2.190625e-04   2.208955e-14   240
  2.765672e-01   2.251462e-13   3.178914e-09   2.143617e-14   96
  2.777541e-01   1.466994e-13   2.094396e-04   1.104908e-14   144
  2.784857e-01   2.785774e-13   2.058607e-04   1.368582e-14   456
  2.796723e-01   2.017243e-13   0.000000e+00   1.868090e-14   120
  2.801131e-01   2.700601e-13   0.000000e+00   2.438975e-14   144
  2.809926e-01   3.822031e-13   4.495664e-09   5.267639e-14   24
  2.815564e-01   2.357754e-13   1.978798e-04   1.243619e-14   336
  2.825316e-01   2.194172e-13   2.182345e-04   1.794466e-14   198
  2.834454e-01   2.446389e-13   2.122205e-04   1.265827e-14   432
  2.844833e-01   2.722283e-13   6.357829e-09   3.217320e-14   48
  2.850248e-01   2.288023e-13   1.873540e-04   1.319366e-14   384
  2.859970e-01   1.911737e-13   2.156842e-04   1.843736e-14   144
  2.868780e-01   2.749713e-13   2.141460e-04   2.071571e-14   264
  2.879317e-01   2.099129e-13   0.000000e+00   2.383905e-14   48
  2.886387e-01   2.333554e-13   2.036179e-04   1.601151e-14   276
  2.893208e-01   2.229745e-13   1.845741e-04   1.712802e-14   192
  2.902325e-01   2.276162e-13   2.074207e-04   1.102979e-14   552
  2.913393e-01   2.443647e-13   5.086263e-09   2.059677e-14   120
  2.919972e-01   1.995015e-13   2.099609e-04   1.416653e-14   216
  2.926069e-01   1.820126e-13   5.086263e-09   1.850703e-14   120
  2.936961e-01   2.235064e-13   2.067600e-04   1.326029e-14   408
  2.947075e-01   8.845956e-14   4.495664e-09   1.167367e-14   24
  2.953347e-01   2.177292e-13   2.088648e-04   1.209186e-14   384
  2.962106e-01   1.744446e-13   2.040684e-04   1.055296e-14   240
  2.969712e-01   1.934128e-13   2.055628e-04   1.888936e-14   168
  2.980376e-01   1.757507e-13   0.000000e+00   1.580075e-14   120
  2.987251e-01   1.922428e-13   2.142884e-04   1.053236e-14   350
  2.998430e-01   2.315988e-13   3.527601e-04   1.459244e-14   384
  3.005110e-01   1.951854e-13   0.000000e+00   1.754412e-14   144
  3.017401e-01   2.375003e-13   4.238553e-09   1.542932e-14   288
  3.023819e-01   1.946695e-13   2.019242e-04   1.280154e-14   336
  3.032549e-01   1.495371e-13   1.838353e-04   9.980546e-15   168
  3.037776e-01   2.255792e-13   1.204945e-08   1.139479e-14   336
  3.048586e-01   2.047888e-13   1.908100e-04   1.323737e-14   288
  3.055078e-01   2.086959e-13   1.797918e-04   1.422717e-14   264
  3.066072e-01   1.824197e-13   0.000000e+00   1.415268e-14   240
  3.070093e-01   1.629271e-13   0.000000e+00   1.436016e-14   96
  3.084525e-01   1.810151e-13   2.445048e-04   1.006369e-14   360
  3.091260e-01   1.967433e-13   1.802420e-04   1.677280e-14   168
  3.099770e-01   1.768205e-13   1.964825e-04   9.177155e-15   456
  3.110018e-01   1.812628e-13   5.651403e-09   1.671313e-14   108
  3.115782e-01   1.395533e-13   1.971449e-04   1.308956e-14   264
  3.122973e-01   1.840924e-13   1.758853e-04   1.135271e-14   264
  3.132820e-01   1.762038e-13   1.659735e-04   1.167022e-14   312
  3.145081e-01   1.918378e-13   1.233364e-04   1.103102e-14   270
  3.150220e-01   2.010162e-13   1.565911e-04   1.524386e-14   240
  3.159458e-01   1.870728e-13   1.937229e-04   1.169705e-14   384
  3.165067e-01   1.713089e-13   6.357829e-09   1.496733e-14   192
  3.175962e-01   1.740539e-13   1.554368e-04   1.384877e-14   240
  3.182281e-01   1.740111e-13   1.918342e-04   9.828316e-15   336
  3.194167e-01   1.701113e-13   1.931178e-04   7.616639e-15   480
  3.203808e-01   1.401123e-13   4.238553e-09   1.514494e-14   72
  3.209194e-01   1.636448e-13   1.883074e-04   1.083597e-14   240
  3.216520e-01   1.475658e-13   1.769831e-04   8.190175e-15   312
  3.224917e-01   1.357214e-13   1.912763e-04   9.400930e-15   240
  3.237607e-01   1.374056e-13   1.453205e-04   8.296376e-15   408
  3.242630e-01   1.562608e-13   1.330785e-04   1.082087e-14   336
  3.252448e-01   1.667329e-13   1.689770e-04   1.149978e-14   264
  3.257273e-01   1.172759e-13   0.000000e+00   9.515645e-15   144
  3.270696e-01   1.397895e-13   2.342121e-04   7.279222e-15   464
  3.277768e-01   1.535298e-13   1.862466e-04   1.104153e-14   168
  3.284751e-01   1.290548e-13   1.696301e-04   6.898917e-15   336
  3.297371e-01   1.482555e-13   1.782296e-04   8.918671e-15   414
  3.304484e-01   1.807833e-13   1.855264e-04   1.365096e-14   216
  3.313598e-01   2.706377e-13   4.495664e-09   2.850353e-14   96
  3.317320e-01   1.690644e-13   1.101208e-08   1.071381e-14   384
  3.330355e-01   1.532642e-13   1.851680e-04   8.816281e-15   492
  3.337341e-01   1.706271e-13   1.810784e-04   1.281389e-14   240
  3.345237e-01   1.475596e-13   1.838580e-04   8.865108e-15   312
  3.356141e-01   1.471164e-13   1.837975e-04   1.294343e-14   192
  3.363048e-01   1.398033e-13   1.781220e-04   7.921517e-15   504
  3.372212e-01   1.562533e-13   1.179198e-04   8.200516e-15   408
  3.379427e-01   1.155901e-13   3.612619e-04   8.563134e-15   168
  3.388456e-01   1.805583e-13   1.716026e-04   1.111595e-14   288
  3.396033e-01   1.583857e-13   1.790820e-04   1.191627e-14   288
  3.403794e-01   1.053986e-13   1.801128e-04   5.242905e-15   432
  3.415052e-01   1.278453e-13   1.703267e-04   8.102922e-15   216
  3.421068e-01   1.128435e-13   1.699674e-04   6.350913e-15   360
  3.431777e-01   1.159904e-13   1.658865e-04   6.710930e-15   312
  3.441442e-01   1.050955e-13   0.000000e+00   1.308867e-14   48
  3.447014e-01   1.189189e-13   1.778543e-04   6.543381e-15   432
  3.456992e-01   1.206960e-13   2.966627e-04   7.760544e-15   414
  3.462885e-01   1.194029e-13   6.776666e-09   6.680591e-15   312
  3.473878e-01   1.465455e-13   2.603051e-04   6.916752e-15   528
  3.481296e-01   1.167417e-13   1.366381e-04   8.242265e-15   264
  3.490209e-01   1.488575e-13   1.620153e-04   8.250574e-15   480
  3.501854e-01   1.231969e-13   0.000000e+00   6.975972e-15   288
  3.506883e-01   1.017016e-13   1.740804e-04   6.693435e-15   168
  3.516084e-01   1.529190e-13   2.755688e-04   8.881162e-15   504
  3.526429e-01   1.584034e-13   4.238553e-09   1.660466e-14   144
  3.532937e-01   1.065467e-13   1.769812e-04   5.258237e-15   464
  3.542716e-01   1.117493e-13   2.597299e-04   6.514755e-15   432
  3.547358e-01   1.186623e-13   4.495664e-09   9.536034e-15   192
  3.559351e-01   1.001737e-13   1.925466e-04   5.536187e-15   396
  3.566434e-01   1.083669e-13   1.729600e-04   7.439010e-15   288
  3.573592e-01   9.697560e-14   1.708549e-04   6.024946e-15   336
  3.585027e-01   9.976071e-14   1.081887e-04   5.220132e-15   432
  3.592283e-01   1.206199e-13   2.804101e-04   8.712991e-15   360
  3.600431e-01   1.143167e-13   1.658667e-04   5.320151e-15   384
  3.612003e-01   1.098251e-13   1.464092e-04   6.770547e-15   198
  3.617579e-01   9.964226e-14   1.664197e-04   4.635431e-15   552
  3.627976e-01   1.343287e-13   2.329761e-04   8.193826e-15   432
  3.636656e-01   9.977391e-14   8.899106e-09   6.717726e-15   168
  3.643942e-01   1.368390e-13   2.888052e-04   7.886805e-15   480
  3.653579e-01   1.097200e-13   0.000000e+00   1.010107e-14   120
  3.657917e-01   1.247402e-13   2.358836e-04   9.058134e-15   336
  3.668502e-01   1.018789e-13   1.664122e-04   4.930155e-15   672
  3.678969e-01   1.159007e-13   2.420693e-04   6.013463e-15   528
  3.683844e-01   8.245418e-14   7.266090e-09   6.724364e-15   168
  3.695106e-01   1.063587e-13   2.700266e-04   5.320572e-15   456
  3.701979e-01   1.199279e-13   1.649075e-04   1.017098e-14   168
  3.709113e-01   1.237825e-13   1.646115e-04   6.727063e-15   504
  3.720973e-01   8.616149e-14   2.118297e-04   5.875504e-15   336
  3.728144e-01   8.977549e-14   1.527042e-04   4.800939e-15   312
  3.736099e-01   8.983810e-14   1.492023e-04   4.681813e-15   504
  3.746568e-01   8.352628e-14   1.035207e-04   4.256704e-15   432
  3.751490e-01   9.297121e-14   1.599738e-04   6.418649e-15   312
  3.761721e-01   7.793585e-14   1.639809e-04   4.718622e-15   384
  3.772403e-01   1.401668e-13   1.393208e-04   1.946459e-14   126
  3.778999e-01   1.041854e-13   2.446141e-04   5.727667e-15   492
  3.787423e-01   1.083454e-13   1.566756e-04   5.844074e-15   528
  3.797950e-01   9.825395e-14   1.591488e-04   5.405498e-15   480
  3.804477e-01   1.102030e-13   2.198632e-04   6.644494e-15   432
  3.813922e-01   8.676282e-14   1.728933e-04   4.722783e-15   440
  3.824891e-01   9.185601e-14   8.597912e-05   5.700507e-15   312
  3.829007e-01   7.898674e-14   1.288469e-04   3.240256e-15   480
  3.837450e-01   8.796330e-14   2.522797e-04   4.644254e-15   408
  3.849786e-01   1.023870e-13   1.510870e-04   7.250263e-15   360
  3.854998e-01   9.424802e-14   1.457935e-04   5.500701e-15   408
  3.864656e-01   8.500670e-14   1.483633e-04   4.980384e-15   456
  3.875531e-01   1.150462e-13   1.417988e-04   7.891702e-15   264
  3.881567e-01   9.613778e-14   1.538873e-04   6.094466e-15   384
  3.890354e-01   8.400870e-14   2.590801e-04   3.572685e-15   672
  3.900512e-01   1.003675e-13   1.549634e-04   9.588407e-15   240
  3.906373e-01   7.005174e-14   1.572490e-04   4.561288e-15   264
  3.914646e-01   6.958311e-14   1.939407e-04   3.099937e-15   624
  3.926991e-01   7.998702e-14   0.000000e+00   9.197321e-15   150
  3.931386e-01   1.030706e-13   2.173259e-04   5.272537e-15   600
  3.940655e-01   9.373547e-14   1.499928e-04   4.196554e-15   672
  3.951151e-01   8.668307e-14   1.410788e-04   5.013910e-15   336
  3.956998e-01   1.119374e-13   1.534526e-04   7.297774e-15   408
  3.966340e-01   9.786324e-14   1.530911e-04   6.775586e-15   408
  3.976732e-01   9.188720e-14   7.741108e-05   4.978938e-15   360
  3.983137e-01   8.969246e-14   2.842286e-04   4.547600e-15   456
  3.990874e-01   8.377649e-14   1.545652e-04   5.064351e-15   384
  4.000722e-01   5.330846e-14   1.426833e-04   3.346734e-15   348
  4.006044e-01   9.844005e-14   1.759003e-04   6.838613e-15   576
  4.016040e-01   8.453317e-14   1.448308e-04   5.025736e-15   504
  4.026266e-01   7.169671e-14   2.042754e-04   3.957437e-15   432
  4.035193e-01   8.165853e-14   2.779157e-04   4.250646e-15   576
  4.041559e-01   8.197225e-14   0.000000e+00   8.259580e-15   264
  4.051657e-01   7.298454e-14   2.211515e-04   3.180462e-15   768
  4.060439e-01   4.919761e-14   2.977401e-04   3.023720e-15   240
  4.067421e-01   7.148946e-14   2.625786e-04   6.054479e-15   192
  4.077592e-01   6.871958e-14   1.932899e-04   3.598113e-15   504
  4.085134e-01   1.008068e-13   2.604655e-04   5.949691e-15   590
  4.092368e-01   8.365767e-14   2.918373e-04   4.955911e-15   384
  4.101438e-01   8.343529e-14   2.438900e-04   4.925951e-15   504
  4.112389e-01   9.012821e-14   2.347064e-04   5.970100e-15   648
  4.123011e-01   6.931799e-14   6.374317e-05   3.402452e-15   504
  4.127294e-01   7.752266e-14   1.454101e-04   5.319650e-15   312
  4.134855e-01   8.784523e-14   2.095003e-04   5.262604e-15   576
  4.145236e-01   8.406667e-14   1.457924e-04   7.108428e-15   240
  4.151287e-01   5.766675e-14   1.473162e-04   2.684698e-15   552
  4.159853e-01   8.785108e-14   1.383265e-04   4.859779e-15   600
  4.172054e-01   6.295619e-14   1.689549e-04   3.269337e-15   600
  4.179389e-01   6.420574e-14   2.705679e-04   4.507660e-15   312
  4.186695e-01   7.925603e-14   2.356379e-04   4.810382e-15   480
  4.195820e-01   6.198395e-14   1.470154e-04   3.001745e-15   576
  4.203854e-01   6.064753e-14   2.367268e-04   3.955798e-15   408
  4.210983e-01   3.808750e-14   2.761527e-04   2.657723e-15   216
  4.220194e-01   6.820774e-14   2.115019e-04   3.738292e-15   516
  4.230063e-01   6.453261e-14   2.017943e-04   2.972547e-15   744
  4.240243e-01   8.034263e-14   1.347808e-04   4.709965e-15   462
  4.245995e-01   7.050453e-14   1.369852e-04   5.744238e-15   432
  4.254918e-01   7.333911e-14   1.270838e-04   4.409656e-15   648
  4.265409e-01   7.290299e-14   1.859472e-04   5.027580e-15   528
  4.273836e-01   7.847147e-14   2.239269e-04   4.166456e-15   600
  4.282256e-01   9.187543e-14   2.823132e-04   6.670462e-15   240
  4.290411e-01   5.947730e-14   2.162492e-04   2.756824e-15   720
  4.299890e-01   7.031204e-14   1.710922e-04   3.325471e-15   720
  4.310398e-01   4.519095e-14   0.000000e+00   5.536413e-15   144
  4.315927e-01   7.081983e-14   2.205891e-04   3.485306e-15   720
  4.323793e-01   6.830200e-14   1.322696e-04   3.994186e-15   384
  4.333641e-01   5.779025e-14   1.466278e-04   2.624066e-15   672
  4.342984e-01   7.248023e-14   2.567292e-04   5.206370e-15   336
  4.347447e-01   6.135642e-14   0.000000e+00   5.430954e-15   288
  4.358374e-01   6.387474e-14   2.031840e-04   3.278334e-15   776
  4.368489e-01   4.996606e-14   1.738547e-04   2.316622e-15   720
  4.376985e-01   4.506476e-14   1.400528e-04   2.202947e-15   432
  4.383780e-01   6.553950e-14   1.996629e-04   3.584057e-15   504
  4.391339e-01   5.698541e-14   1.398922e-04   3.128895e-15   528
  4.401917e-01   8.866904e-14   1.905949e-04   7.449931e-15   438
  4.410618e-01   7.662261e-14   2.218350e-04   4.755809e-15   624
  4.417176e-01   7.533623e-14   2.717180e-04   9.276516e-15   312
  4.426191e-01   7.606923e-14   1.463948e-04   4.122596e-15   696
  4.435512e-01   5.992098e-14   1.324608e-04   3.366586e-15   552
  4.445207e-01   6.174202e-14   1.024805e-04   4.621603e-15   516
  4.451205e-01   8.484922e-14   2.046970e-04   5.126263e-15   528
  4.458506e-01   4.288955e-14   1.331200e-04   2.145713e-15   528
  4.468878e-01   5.711910e-14   1.755583e-04   2.941006e-15   864
  4.475918e-01   6.668122e-14   2.404788e-04   4.446864e-15   408
  4.482965e-01   8.327700e-14   2.382549e-04   7.631244e-15   192
  4.492953e-01   5.249335e-14   1.971674e-04   2.593546e-15   720
  4.501385e-01   5.605639e-14   1.817980e-04   2.890648e-15   696
  4.511404e-01   6.660872e-14   1.963435e-04   4.107733e-15   720
  4.520570e-01   7.193169e-14   2.661201e-04   4.319758e-15   432
  4.525916e-01   4.043757e-14   1.566487e-04   2.732002e-15   264
  4.535534e-01   5.828419e-14   2.163249e-04   2.865137e-15   672
  4.544137e-01   5.602273e-14   2.214835e-04   3.116425e-15   600
  4.554346e-01   3.414485e-14   1.296784e-04   1.893597e-15   270
  4.559493e-01   5.911093e-14   1.952021e-04   3.650623e-15   528
  4.567673e-01   6.319257e-14   1.336675e-04   3.560204e-15   840
  4.578890e-01   6.659653e-14   2.555961e-04   3.488543e-15   888
  4.589254e-01   5.518735e-14   1.904380e-04   3.130995e-15   744
  4.598014e-01   5.586955e-14   9.785730e-05   3.943698e-15   456
  4.602370e-01   9.823483e-14   1.337280e-04   7.055528e-15   360
  4.609825e-01   5.096163e-14   1.158678e-04   4.185217e-15   384
  4.621264e-01   6.094529e-14   1.858509e-04   3.249294e-15   816
  4.629847e-01   5.694514e-14   2.696437e-04   2.941664e-15   824
  4.640279e-01   5.775604e-14   1.253432e-04   4.229500e-15   360
  4.645865e-01   5.270535e-14   1.849595e-04   2.678501e-15   624
  4.653553e-01   7.142589e-14   1.249856e-04   6.672452e-15   360
  4.663795e-01   5.476467e-14   1.700172e-04   2.525378e-15   876
  4.673045e-01   5.821319e-14   2.019296e-04   3.471823e-15   696
  4.682373e-01   3.734315e-14   1.303928e-04   2.474741e-15   336
  4.687264e-01   6.296848e-14   1.302463e-04   4.268444e-15   504
  4.695341e-01   4.073218e-14   1.313750e-04   2.095278e-15   672
  4.707324e-01   4.575502e-14   2.615370e-04   2.387841e-15   720
  4.715635e-01   5.596754e-14   1.975633e-04   2.913123e-15   774
  4.724808e-01   7.683006e-14   1.130801e-04   6.601174e-15   384
  4.729612e-01   6.025853e-14   2.176147e-04   3.811672e-15   528
  4.737068e-01   6.706886e-14   2.073989e-04   4.203146e-15   744
  4.749062e-01   6.255535e-14   1.710601e-04   3.007403e-15   768
  4.757025e-01   5.120781e-14   1.920278e-04   3.859252e-15   552
  4.766960e-01   4.890527e-14   2.092886e-04   2.746323e-15   696
  4.774351e-01   7.395259e-14   2.543221e-04   6.537362e-15   408
  4.780218e-01   6.504004e-14   1.098692e-04   4.553713e-15   504
  4.789519e-01   4.757688e-14   1.973758e-04   2.230932e-15   888
  4.798671e-01   4.833274e-14   2.051305e-04   2.386063e-15   648
  4.808184e-01   5.694844e-14   2.033722e-04   3.795489e-15   648
  4.817134e-01   5.205702e-14   2.192851e-04   2.705490e-15   792
  4.826614e-01   4.503679e-14   3.208291e-04   2.935441e-15   600
  4.833600e-01   3.424358e-14   2.174285e-04   1.747280e-15   456
  4.840953e-01   5.069257e-14   1.059654e-04   3.315628e-15   648
  4.850397e-01   4.569724e-14   2.066479e-04   2.314038e-15   936
  4.860593e-01   6.025652e-14   1.269084e-04   4.260526e-15   384
  4.869469e-01   4.959213e-14   0.000000e+00   4.440504e-15   198
  4.876318e-01   5.723833e-14   3.219776e-04   3.291037e-15   1224
  4.883707e-01   6.656140e-14   2.344988e-04   5.081703e-15   420
  4.892446e-01   5.381675e-14   2.269458e-04   3.649525e-15   792
  4.900991e-01   6.043112e-14   1.876648e-04   3.988367e-15   680
  4.910742e-01   6.402740e-14   1.723226e-04   7.437664e-15   600
  4.918588e-01   4.972163e-14   2.499151e-04   2.711515e-15   840
  4.929064e-01   4.811235e-14   1.179983e-04   3.646307e-15   432
  4.933067e-01   6.297428e-14   1.105800e-04   3.845572e-15   720
  4.941771e-01   4.751488e-14   2.214723e-04   2.583430e-15   960
  4.952596e-01   4.095781e-14   1.974263e-04   2.603177e-15   528
  4.960507e-01   4.252429e-14   2.018074e-04   2.455588e-15   624
  4.969923e-01   4.744394e-14   1.586192e-04   2.465394e-15   816
  4.979269e-01   4.612916e-14   2.608527e-04   2.507219e-15   696
  4.989597e-01   3.903239e-14   1.438612e-08   3.360254e-15   240
  4.993481e-01   5.466019e-14   1.538310e-04   3.205306e-15   672
  5.002149e-01   4.655125e-14   2.749181e-04   2.684200e-15   864
  5.011872e-01   3.738559e-14   2.109550e-04   1.860032e-15   816
  5.020636e-01   3.946625e-14   1.207434e-04   2.208430e-15   648
  5.030076e-01   5.735132e-14   1.234217e-04   3.339841e-15   843
  5.038089e-01   4.220224e-14   2.220660e-04   2.499368e-15   780
  5.047639e-01   5.859755e-14   1.191565e-04   9.962507e-15   216
  5.053529e-01   4.198879e-14   2.873328e-04   1.985145e-15   1056
  5.062588e-01   4.661822e-14   2.350705e-04   6.118325e-15   228
  5.070976e-01   5.213142e-14   2.926687e-04   2.679190e-15   924
  5.079587e-01   5.004275e-14   1.085637e-04   2.677571e-15   696
  5.088706e-01   4.360783e-14   1.932122e-04   2.378492e-15   996
  5.098035e-01   3.246049e-14   1.140687e-04   2.044555e-15   576
  5.107740e-01   4.081673e-14   1.760574e-04   2.957972e-15   552
  5.114815e-01   5.103289e-14   2.102064e-04   3.395294e-15   516
  5.121995e-01   4.810757e-14   3.056837e-04   2.707654e-15   744
  5.130199e-01   3.313907e-14   1.499561e-04   1.987251e-15   576
  5.137336e-01   3.723872e-14   1.543428e-04   2.073893e-15   792
  5.147477e-01   3.822574e-14   1.764424e-04   2.376938e-15   792
  5.154909e-01   4.204812e-14   1.902913e-04   2.417046e-15   720
  5.164960e-01   3.273961e-14   2.168883e-04   1.746215e-15   656
  5.174379e-01   3.238915e-14   2.368308e-04   1.662211e-15   816
  5.184034e-01   3.998146e-14   1.276952e-04   3.818669e-15   492
  5.189522e-01   4.156203e-14   1.836985e-04   2.367853e-15   552
  5.199822e-01   2.913733e-14   3.194294e-04   1.713853e-15   780
  5.206511e-01   3.287218e-14   1.962217e-04   1.645972e-15   528
  5.213718e-01   2.712985e-14   2.290504e-04   1.380480e-15   600
  5.224340e-01   3.461062e-14   1.903590e-04   1.469731e-15   900
  5.231662e-01   3.660974e-14   1.053860e-04   2.414438e-15   696
  5.241734e-01   3.046974e-14   2.664725e-04   1.657225e-15   696
  5.251479e-01   2.815222e-14   1.081054e-04   1.488237e-15   552
  5.259673e-01   3.198155e-14   1.257166e-04   1.756270e-15   708
  5.268258e-01   2.871364e-14   2.075652e-04   1.260271e-15   876
  5.277190e-01   3.115103e-14   1.102130e-04   2.926151e-15   216
  5.283184e-01   3.209154e-14   3.014475e-04   1.197908e-15   1032
  5.292161e-01   2.749159e-14   3.356286e-04   1.491495e-15   600
  5.301478e-01   2.229157e-14   1.601495e-04   1.440234e-15   600
  5.308585e-01   2.983317e-14   2.828090e-04   1.672038e-15   528
  5.316987e-01   2.976633e-14   1.552497e-04   1.299253e-15   732
  5.325837e-01   2.938344e-14   1.146378e-04   1.695195e-15   336
  5.336024e-01   2.608503e-14   1.633817e-04   1.195149e-15   912
  5.343638e-01   2.298611e-14   1.639857e-04   1.069512e-15   624
  5.351957e-01   2.461613e-14   1.381873e-04   1.138506e-15   768
  5.361666e-01   2.781025e-14   2.493171e-04   1.175171e-15   792
  5.371196e-01   2.772787e-14   1.236011e-04   1.569473e-15   660
  5.377977e-01   2.326970e-14   1.821461e-04   1.219937e-15   504
  5.384990e-01   2.352186e-14   2.975919e-04   1.101907e-15   480
  5.395501e-01   2.029246e-14   2.752337e-04   8.548183e-16   912
  5.403731e-01   2.420749e-14   3.065154e-04   1.516053e-15   432
  5.411504e-01   2.770083e-14   1.820016e-04   1.598464e-15   564
  5.418405e-01   2.296116e-14   1.742006e-04   1.099474e-15   600
  5.428119e-01   2.376082e-14   2.428192e-04   9.649473e-16   876
  5.435417e-01   2.180487e-14   1.091788e-04   1.942347e-15   264
  5.445477e-01   2.136400e-14   2.118499e-04   1.117780e-15   560
  5.453563e-01   2.345221e-14   1.439565e-04   9.534058e-16   840
  5.463378e-01   2.067323e-14   2.219395e-04   8.915152e-16   1008
  5.472454e-01   1.597919e-14   9.928084e-05   8.347203e-16   456
  5.480744e-01   2.349679e-14   1.286043e-04   1.181589e-15   576
  5.488407e-01   2.376445e-14   1.976142e-04   1.147992e-15   612
  5.498512e-01   2.217140e-14   1.765015e-04   9.796171e-16   780
  5.506755e-01   2.345067e-14   2.022627e-04   1.212538e-15   648
  5.515194e-01   2.095162e-14   9.425702e-05   1.936894e-15   312
  5.520587e-01   1.956079e-14   2.394916e-04   1.096078e-15   528
  5.529931e-01   1.709582e-14   3.127641e-04   7.442648e-16   720
  5.538866e-01   2.119578e-14   3.137436e-04   1.254815e-15   576
  5.549699e-01   1.968181e-14   2.706443e-04   1.102095e-15   444
  5.556439e-01   2.013181e-14   2.654148e-04   7.309420e-16   996
  5.564699e-01   1.966251e-14   2.217012e-04   1.169045e-15   432
  5.572506e-01   2.251225e-14   2.427192e-04   1.101732e-15   504
  5.579250e-01   1.409778e-14   1.094306e-04   7.216621e-16   504
  5.588852e-01   2.123298e-14   2.153608e-04   7.416635e-16   876
  5.597541e-01   1.555795e-14   2.478597e-04   8.213193e-16   504
  5.606589e-01   1.881186e-14   1.580720e-04   8.868657e-16   696
  5.614066e-01   2.002177e-14   1.351349e-04   9.959305e-16   492
  5.624240e-01   1.787842e-14   1.934522e-04   1.020428e-15   432
  5.631776e-01   2.042328e-14   1.811468e-04   8.394617e-16   768
  5.640708e-01   1.787594e-14   2.256427e-04   1.028942e-15   648
  5.649237e-01   1.657514e-14   1.472076e-04   9.027310e-16   456
  5.659038e-01   2.056680e-14   2.024344e-04   1.091479e-15   552
  5.665845e-01   1.752632e-14   1.387487e-04   7.874736e-16   648
  5.675213e-01   1.494793e-14   2.261525e-04   5.827472e-16   840
  5.684363e-01   1.582839e-14   1.078474e-04   8.138215e-16   432
  5.693524e-01   1.724019e-14   1.320946e-04   9.005150e-16   600
  5.699896e-01   1.596836e-14   1.407382e-04   8.240000e-16   432
  5.710598e-01   1.774786e-14   1.401185e-04   8.113533e-16   560
  5.717846e-01   1.608734e-14   2.217929e-04   6.592884e-16   840
  5.726922e-01   1.780393e-14   1.313712e-04   9.603823e-16   504
  5.734129e-01   1.459179e-14   2.681208e-04   6.707636e-16   696
  5.744289e-01   1.985824e-14   1.464380e-04   1.171021e-15   384
  5.752203e-01   1.391455e-14   2.145144e-04   6.084523e-16   576
  5.761776e-01   1.430681e-14   1.323876e-04   7.660004e-16   360
  5.769491e-01   1.478807e-14   1.971572e-04   6.268025e-16   828
  5.777814e-01   1.470857e-14   1.756051e-04   8.727512e-16   372
  5.785440e-01   1.460313e-14   2.681827e-04   6.769829e-16   576
  5.795542e-01   1.556134e-14   1.123146e-04   7.064982e-16   636
  5.802740e-01   1.420786e-14   2.165136e-04   5.877011e-16   648
  5.812477e-01   1.398858e-14   1.760019e-04   6.056377e-16   576
  5.819467e-01   1.471288e-14   2.839096e-04   7.050429e-16   528
  5.828762e-01   1.609609e-14   1.213831e-04   1.263466e-15   360
  5.836457e-01   1.295759e-14   2.792266e-04   5.173174e-16   672
  5.846504e-01   1.564080e-14   1.430245e-04   5.677889e-16   804
  5.854866e-01   1.442178e-14   1.577731e-04   7.297523e-16   408
  5.864116e-01   1.327509e-14   9.752092e-05   7.083385e-16   384
  5.870345e-01   1.174919e-14   2.231653e-04   6.365298e-16   480
  5.879130e-01   1.398353e-14   1.441975e-04   7.279497e-16   432
  5.887557e-01   1.440342e-14   2.657252e-04   5.865959e-16   648
  5.897530e-01   1.316348e-14   1.648813e-04   6.055495e-16   624
  5.904826e-01   1.311422e-14   1.499734e-04   7.405781e-16   456
  5.914788e-01   1.375404e-14   2.048770e-04   6.164912e-16   588
  5.921465e-01   1.230660e-14   1.307107e-04   5.604872e-16   600
  5.931212e-01   1.249797e-14   2.038766e-04   5.498969e-16   708
  5.938912e-01   1.401749e-14   1.284383e-04   8.103375e-16   360
  5.947420e-01   1.359712e-14   1.476433e-04   5.916070e-16   552
  5.955576e-01   1.173966e-14   1.035752e-04   7.452954e-16   288
  5.963856e-01   1.230733e-14   1.947498e-04   6.559021e-16   528
  5.971636e-01   1.252885e-14   1.313872e-04   6.231974e-16   456
  5.980328e-01   1.239704e-14   2.329780e-04   5.617848e-16   608
  5.989070e-01   1.029547e-14   1.127174e-04   5.089336e-16   504
  5.998623e-01   1.030824e-14   2.419978e-04   4.440880e-16   540
  6.006113e-01   1.206476e-14   2.597778e-04   7.264324e-16   360
  6.014188e-01   1.267130e-14   1.176407e-04   6.563655e-16   540
  6.021329e-01   1.130372e-14   1.010085e-04   4.657343e-16   576
  6.031714e-01   1.223895e-14   2.342044e-04   5.680647e-16   588
  6.041588e-01   1.166579e-14   3.231314e-04   5.026512e-16   672
  6.050070e-01   1.240954e-14   2.469721e-04   5.520146e-16   552
  6.056908e-01   1.215525e-14   2.470970e-04   1.064643e-15   144
  6.065633e-01   1.396173e-14   2.099342e-04   6.775350e-16   600
  6.073906e-01   1.009396e-14   2.630934e-04   4.915742e-16   504
  6.083088e-01   1.273455e-14   2.702501e-04   6.534894e-16   336
  6.092745e-01   1.024925e-14   3.037623e-04   4.296140e-16   600
  6.101395e-01   1.056120e-14   1.960382e-04   5.137660e-16   636
  6.110731e-01   1.045222e-14   1.576165e-04   5.568684e-16   384
  6.117276e-01   1.284783e-14   2.198564e-04   6.067229e-16   504
  6.126710e-01   1.042276e-14   9.227064e-05   8.320260e-16   240
  6.134155e-01   1.118435e-14   2.167569e-04   4.555363e-16   744
  6.143088e-01   1.058101e-14   1.480120e-04   5.320576e-16   648
  6.151027e-01   1.446274e-14   9.825476e-05   1.167821e-15   120
  6.160331e-01   1.067217e-14   1.543455e-04   5.208273e-16   564
  6.167362e-01   1.208169e-14   2.424089e-04   6.455017e-16   432
  6.176746e-01   1.084184e-14   1.881572e-04   5.516513e-16   480
  6.183811e-01   8.671399e-15   1.384885e-04   4.328971e-16   456
  6.192152e-01   1.069043e-14   2.291780e-04   4.968154e-16   444
  6.201616e-01   9.131118e-15   3.506544e-04   4.722167e-16   528
  6.209930e-01   9.600974e-15   2.604238e-04   6.967514e-16   264
  6.217998e-01   1.050283e-14   2.668956e-04   5.965144e-16   444
  6.228852e-01   1.137822e-14   2.923449e-04   4.697804e-16   696
  6.237861e-01   1.199343e-14   1.563558e-04   7.169848e-16   384
  6.244450e-01   9.781644e-15   1.975687e-04   5.389688e-16   432
  6.254698e-01   9.817105e-15   1.365107e-04   5.645134e-16   488
  6.261352e-01   1.131094e-14   2.057386e-04   6.261277e-16   480
  6.270999e-01   1.033926e-14   2.294412e-04   4.998871e-16   480
  6.278471e-01   9.133081e-15   9.626648e-05   5.649697e-16   240
  6.286954e-01   9.646574e-15   2.248709e-04   4.768558e-16   600
  6.294955e-01   8.956411e-15   1.959519e-04   5.799217e-16   288
  6.303474e-01   9.664406e-15   1.884914e-04   5.365396e-16   480
  6.312103e-01   8.314430e-15   3.352926e-04   3.979720e-16   504
  6.320598e-01   8.653866e-15   1.438614e-04   6.609659e-16   216
  6.331433e-01   9.336727e-15   2.355240e-04   4.542472e-16   504
  6.339871e-01   9.828191e-15   1.894329e-04   5.289584e-16   456
  6.349107e-01   9.692154e-15   1.086430e-04   5.961509e-16   384
  6.355225e-01   9.832016e-15   2.205061e-04   5.310089e-16   480
  6.363918e-01   7.250534e-15   1.936290e-04   3.956047e-16   504
  6.371972e-01   9.033834e-15   1.228262e-04   5.908543e-16   312
  6.380652e-01   8.931984e-15   1.979302e-04   5.585121e-16   492
  6.388334e-01   1.094952e-14   1.855135e-04   7.756437e-16   312
  6.398223e-01   7.968987e-15   3.013519e-04   3.716891e-16   576
  6.406929e-01   8.694716e-15   2.781722e-04   5.478155e-16   336
  6.414159e-01   7.847377e-15   2.141797e-04   7.092370e-16   240
  6.424183e-01   1.002176e-14   2.839481e-04   5.581711e-16   468
  6.432837e-01   9.937137e-15   1.777925e-04   6.682556e-16   192
  6.441896e-01   9.949415e-15   1.783224e-04   6.699628e-16   324
  6.448535e-01   8.475179e-15   1.294235e-04   3.998260e-16   600
  6.457583e-01   1.090949e-14   2.099764e-04   6.291766e-16   456
  6.464302e-01   8.644037e-15   9.444737e-05   6.332479e-16   336
  6.475438e-01   9.381830e-15   2.828021e-04   4.573554e-16   612
  6.483539e-01   7.485303e-15   2.373399e-04   7.847018e-16   144
  6.491201e-01   9.417545e-15   2.770366e-04   4.412818e-16   552
  6.501620e-01   6.925079e-15   1.091004e-04   4.483873e-16   264
  6.507507e-01   9.006418e-15   2.525953e-04   5.798039e-16   336
  6.516793e-01   8.093141e-15   1.669063e-04   4.500968e-16   384
  6.524847e-01   8.155858e-15   9.395175e-05   6.928781e-16   216
  6.533762e-01   7.626377e-15   1.991971e-04   4.260536e-16   344
  6.541891e-01   7.787955e-15   2.972114e-04   4.228637e-16   408
  6.551797e-01   7.527724e-15   2.283876e-04   6.329290e-16   264
  6.560575e-01   9.089448e-15   3.183837e-04   4.671990e-16   612
  6.569345e-01   9.668905e-15   1.638646e-04   5.335241e-16   408
  6.578364e-01   8.334248e-15   1.641001e-04   4.301502e-16   444
  6.584991e-01   1.265643e-14   9.177996e-05   1.149757e-15   120
  6.593870e-01   1.013082e-14   2.535712e-04   7.007548e-16   336
  6.600460e-01   7.950255e-15   8.811499e-05   5.703585e-16   288
  6.609366e-01   7.822851e-15   2.742154e-04   3.925838e-16   552
  6.621610e-01   1.171352e-14   0.000000e+00   1.288892e-15   72
  6.627906e-01   6.871624e-15   2.723657e-04   3.509179e-16   504
  6.635259e-01   5.111640e-15   8.764464e-05   3.934829e-16   216
  6.644787e-01   7.250005e-15   1.564835e-04   5.393618e-16   312
  6.653340e-01   6.594133e-15   1.781811e-04   3.348404e-16   336
  6.661492e-01   5.279699e-15   2.469789e-04   3.745580e-16   204
  6.669611e-01   8.267578e-15   2.870270e-04   4.564306e-16   504
  6.678221e-01   9.402272e-15   2.733322e-04   5.723644e-16   396
  6.686501e-01   9.414536e-15   2.506599e-04   6.362950e-16   312
  6.696540e-01   8.308275e-15   1.531800e-04   6.785959e-16   216
  6.703613e-01   6.590797e-15   8.313373e-05   5.806250e-16   168
  6.712208e-01   8.189002e-15   2.099173e-04   4.170414e-16   588
  6.722017e-01   5.476890e-15   2.849381e-04   3.434138e-16   240
  6.729637e-01   5.248594e-15   2.516481e-04   3.812404e-16   264
  6.738575e-01   7.257362e-15   3.112147e-04   7.819220e-16   288
  6.746505e-01   6.791629e-15   1.554077e-04   4.465784e-16   288
  6.756555e-01   6.495572e-15   1.459525e-04   4.590754e-16   288
  6.763322e-01   6.039939e-15   1.690738e-04   5.980494e-16   192
  6.771836e-01   5.924656e-15   1.799115e-04   4.015410e-16   264
  6.779946e-01   1.012802e-14   2.959295e-04   6.250259e-16   372
  6.788675e-01   8.497350e-15   3.196167e-04   6.307572e-16   360
  6.799329e-01   7.648830e-15   1.352648e-04   7.230514e-16   144
  6.804835e-01   7.136491e-15   1.878769e-04   4.591026e-16   296
  6.813527e-01   5.881197e-15   2.024276e-04   3.696714e-16   288
  6.823478e-01   6.261441e-15   3.025230e-04   3.578012e-16   480
  6.832061e-01   5.948796e-15   2.513677e-04   5.648090e-16   192
  6.840407e-01   7.165822e-15   2.696262e-04   5.593984e-16   192
  6.847993e-01   5.147609e-15   1.718359e-04   3.878261e-16   288
  6.858544e-01   5.778243e-15   1.495808e-04   4.935175e-16   108
  6.863859e-01   8.152773e-15   1.438036e-04   5.612422e-16   240
  6.873243e-01   4.991205e-15   2.682690e-04   2.468018e-16   384
  6.882884e-01   6.873800e-15   3.272578e-04   8.503970e-16   108
  6.891409e-01   9.522219e-15   1.918773e-04   6.296313e-16   348
  6.900373e-01   7.648831e-15   2.002507e-04   6.429680e-16   312
  6.908379e-01   7.184779e-15   1.945855e-04   1.078556e-15   96
  6.915741e-01   5.827651e-15   2.590555e-04   3.250219e-16   384
  6.923987e-01   7.068753e-15   1.781778e-04   9.511280e-16   144
  6.932053e-01   6.310300e-15   2.737780e-04   3.940231e-16   408
  6.942079e-01   3.911477e-15   1.221243e-04   3.016784e-16   144
  6.951550e-01   6.845345e-15   2.347853e-04   6.510299e-16   192
  6.957167e-01   8.206442e-15   2.642552e-04   7.846066e-16   144
  6.966323e-01   4.770772e-15   2.148492e-04   4.679752e-16   144
  6.974962e-01   6.608958e-15   2.625805e-04   4.315577e-16   336
  6.985541e-01   4.740591e-15   1.942763e-04   3.468786e-16   240
  6.992249e-01   5.807660e-15   8.821915e-05   8.192891e-16   96
  7.001605e-01   7.353605e-15   2.587043e-04   4.750197e-16   372
  7.011070e-01   6.612401e-15   3.077232e-04   1.026566e-15   132
  7.019384e-01   4.834488e-15   1.904154e-04   2.759241e-16   264
  7.026821e-01   5.730805e-15   1.462304e-04   4.443988e-16   168
  7.034759e-01   6.009691e-15   2.337943e-04   4.159641e-16   216
  7.041771e-01   5.882256e-15   1.430383e-04   5.479302e-16   216
  7.051983e-01   4.080259e-15   2.624157e-04   3.322190e-16   96
  7.061249e-01   7.250855e-15   1.712023e-04   7.885663e-16   120
  7.069747e-01   4.982668e-15   2.176463e-04   3.570442e-16   216
  7.076747e-01   5.263452e-15   9.511215e-05   4.031612e-16   200
  7.086015e-01   4.767432e-15   2.462045e-04   3.659337e-16   288
  7.097902e-01   3.850645e-15   6.478119e-05   3.856120e-16   144
  7.102908e-01   5.792255e-15   2.015951e-04   5.045635e-16   168
  7.113130e-01   6.115059e-15   2.268765e-04   5.829025e-16   159
  7.121109e-01   4.837975e-15   2.380480e-04   3.971739e-16   174
  7.128831e-01   4.090926e-15   2.158536e-04   3.355155e-16   144
  7.138943e-01   7.295624e-15   1.246398e-04   7.459691e-16   222
  7.145705e-01   4.590436e-15   1.257726e-04   3.951149e-16   168
  7.157386e-01   8.994259e-15   2.758677e-04   2.135191e-15   30
  7.162211e-01   2.480298e-15   2.435709e-04   2.775840e-16   72
  7.171298e-01   4.329363e-15   2.173841e-04   2.900502e-16   258
  7.181290e-01   4.138119e-15   1.361533e-04   2.876577e-16   264
  7.186286e-01   4.207142e-15   1.468278e-08   6.798140e-16   72
  7.196697e-01   4.785194e-15   2.698616e-04   4.315353e-16   174
  7.206123e-01   4.864280e-15   2.873527e-04   4.327044e-16   168
  7.213701e-01   3.292067e-15   8.991328e-09   4.804714e-16   48
  7.221837e-01   3.912751e-15   1.622748e-04   3.279616e-16   150
  7.231270e-01   5.087586e-15   2.985162e-04   5.264927e-16   168
  7.240729e-01   3.618720e-15   1.818422e-04   3.226153e-16   144
  7.249427e-01   5.945217e-15   1.698820e-04   8.901286e-16   102
  7.255906e-01   2.640553e-15   2.514545e-04   2.536902e-16   96
  7.266185e-01   3.297282e-15   2.495518e-04   3.176051e-16   120
  7.273797e-01   3.424233e-15   2.676508e-04   2.765042e-16   168
  7.282031e-01   5.611718e-15   1.976389e-04   6.630231e-16   126
  7.289046e-01   3.856005e-15   1.490593e-04   3.114670e-16   168
  7.298711e-01   2.551351e-15   2.390167e-04   2.747075e-16   72
  7.307158e-01   3.975656e-15   2.993022e-04   3.724405e-16   168
  7.314557e-01   5.242561e-15   8.205344e-05   6.490734e-16   78
  7.324696e-01   3.332647e-15   1.347256e-04   5.067143e-16   60
  7.332860e-01   4.491147e-15   2.185468e-04   4.939239e-16   96
  7.341327e-01   4.461954e-15   2.651884e-04   4.139561e-16   168
  7.349284e-01   3.885562e-15   1.678009e-04   5.711301e-16   86
  7.357634e-01   2.602170e-15   1.499742e-04   2.621275e-16   120
  7.369601e-01   3.915631e-15   1.069515e-04   3.277660e-16   168
  7.376055e-01   3.381404e-15   0.000000e+00   3.513116e-16   48
  7.384747e-01   3.708033e-15   1.948541e-04   3.104802e-16   120
  7.389742e-01   3.367048e-15   1.421539e-04   3.427662e-16   126
  7.401935e-01   4.854353e-15   2.500091e-04   5.485250e-16   96
  7.409848e-01   3.790907e-15   7.209028e-05   3.359797e-16   96
  7.416089e-01   2.967610e-15   8.477105e-09   2.980454e-16   72
  7.429385e-01   2.952030e-15   8.991328e-09   4.240423e-16   24
  7.437683e-01   3.376922e-15   1.483601e-04   3.382382e-16   120
  7.444157e-01   3.833657e-15   2.164118e-04   4.405104e-16   126
  7.451355e-01   3.259662e-15   1.804085e-04   2.859656e-16   96
  7.459766e-01   2.465286e-15   3.117986e-04   3.075381e-16   72
  7.469132e-01   3.285757e-15   1.348634e-04   2.602546e-16   144
  7.476836e-01   2.333028e-15   7.778603e-05   2.323122e-16   72
  7.484533e-01   3.047988e-15   1.553665e-04   4.086508e-16   54
  7.491306e-01   2.935997e-15   1.369149e-04   2.552676e-16   108
  7.505382e-01   2.938888e-15   1.342120e-04   3.495353e-16   72
  7.509765e-01   3.999754e-15   7.744493e-05   3.572773e-16   72
  7.520162e-01   5.398739e-15   1.557344e-08   7.009446e-16   24
  7.529998e-01   2.743327e-15   1.638381e-04   4.336530e-16   48
  7.535971e-01   2.723240e-15   1.248023e-04   2.458121e-16   102
  7.544963e-01   3.480141e-15   2.822510e-04   2.738253e-16   168
  7.556711e-01   2.667056e-15   1.539331e-04   3.609460e-16   72
  7.561064e-01   2.436432e-15   0.000000e+00   3.421097e-16   48
  7.570195e-01   3.922615e-15   2.647743e-04   3.465331e-16   120
  7.582245e-01   3.066135e-15   1.627091e-04   3.701268e-16   96
  7.593627e-01   4.506773e-15   1.438612e-08   9.700116e-16   30
  7.607153e-01   3.504952e-15   7.644796e-05   3.999272e-16   72
  7.613097e-01   4.447397e-15   8.991328e-09   9.101224e-16   24
  7.620733e-01   2.172378e-15   1.133148e-04   3.009689e-16   56
  7.629285e-01   2.568280e-15   1.617059e-04   2.574111e-16   96
  7.639519e-01   3.123014e-15   1.785629e-04   2.414296e-16   144
  7.647411e-01   2.394167e-15   1.013810e-04   3.031463e-16   54
  7.658874e-01   3.062993e-15   1.518795e-04   3.385623e-16   108
  7.670409e-01   3.093789e-15   8.041947e-05   3.748736e-16   48
  7.681392e-01   2.853314e-15   3.028050e-04   3.799501e-16   72
  7.707744e-01   3.593545e-15   2.000642e-04   4.400491e-16   78
  7.715046e-01   2.589046e-15   1.507735e-04   3.047688e-16   72
  7.723570e-01   2.221408e-15   1.505863e-04   2.591831e-16   72
  7.732482e-01   3.561525e-15   3.633813e-04   4.232837e-16   96
  7.739527e-01   3.237493e-15   1.502759e-04   3.101812e-16   72
  7.748024e-01   1.563327e-15   0.000000e+00   2.905397e-16   24
  7.756510e-01   3.066738e-15   2.998733e-04   3.221768e-16   72
  7.775680e-01   2.890352e-15   1.904287e-04   5.174128e-16   30
  7.779804e-01   4.017482e-15   0.000000e+00   6.748760e-16   24
  7.801973e-01   2.232099e-15   1.581267e-04   3.491624e-16   48
  7.808927e-01   2.300057e-15   3.402886e-04   1.736413e-16   120
  7.818296e-01   2.035347e-15   1.487821e-04   2.223061e-16   72
  7.827758e-01   1.799524e-15   1.486022e-04   2.561954e-16   36
  7.834261e-01   2.977403e-15   2.937071e-04   3.484307e-16   78
  7.852411e-01   2.103773e-15   1.571111e-04   2.517261e-16   48
  7.875942e-01   3.207558e-15   1.271566e-08   6.813877e-16   24
  7.892707e-01   2.384037e-15   1.094089e-04   2.911312e-16   56
  7.901149e-01   2.487313e-15   1.683597e-04   2.391632e-16   102
  7.911888e-01   2.894297e-15   1.198844e-08   3.196596e-16   72
  7.918122e-01   2.963171e-15   8.991328e-09   4.882898e-16   24
  7.929021e-01   2.729922e-15   1.555930e-04   3.998975e-16   48
  7.949223e-01   1.456008e-15   0.000000e+00   2.481455e-16   24
  7.974016e-01   1.152773e-15   0.000000e+00   3.078669e-16   6
  7.981748e-01   3.117393e-15   0.000000e+00   6.482791e-16   24
  7.986898e-01   2.117852e-15   1.456409e-04   2.655113e-16   72
  7.996307e-01   2.333145e-15   2.717068e-04   2.673836e-16   84
  8.006440e-01   1.975523e-15   0.000000e+00   3.535721e-16   24
  8.009521e-01   2.518209e-15   1.271566e-08   4.748441e-16   24
  8.024909e-01   2.324030e-15   1.557344e-08   5.769842e-16   24
  8.046403e-01   2.372699e-15   0.000000e+00   6.028902e-16   6
  8.073954e-01   2.851630e-15   1.528000e-04   4.137804e-16   48
  8.080572e-01   2.574648e-15   2.878503e-04   2.510229e-16   72
  8.089220e-01   2.241328e-15   1.525117e-04   2.961758e-16   48
  8.102934e-01   3.390519e-15   0.000000e+00   4.999505e-16   24
  8.121184e-01   1.655687e-15   0.000000e+00   4.481818e-16   6
  8.162097e-01   4.600333e-15   0.000000e+00   4.097593e-16   8
  8.165120e-01   2.280487e-15   8.991328e-09   2.795781e-16   48
  8.172369e-01   2.772119e-15   1.479045e-04   3.570089e-16   60
  8.183231e-01   1.812804e-15   0.000000e+00   4.600230e-16   24
  8.198293e-01   1.480582e-15   0.000000e+00   3.784788e-16   6
  8.253784e-01   1.844319e-15   0.000000e+00   2.828025e-16   24
  8.258266e-01   1.911887e-15   1.493898e-04   1.888118e-16   48
  8.265733e-01   1.719103e-15   0.000000e+00   3.589537e-16   24
  8.277664e-01   1.531053e-15   0.000000e+00   3.344842e-16   6
  8.345448e-01   2.239649e-15   1.393664e-04   3.432614e-16   36
  8.350375e-01   2.306332e-15   0.000000e+00   5.887531e-16   24
  8.359234e-01   2.846263e-15   0.000000e+00   1.983379e-16   6
  8.436361e-01   2.369504e-15   1.266552e-04   3.308061e-16   32
  8.442939e-01   3.962534e-15   0.000000e+00   2.414121e-16   6
  8.525822e-01   2.111621e-15   0.000000e+00   4.600315e-16   12
  8.528715e-01   1.377957e-15   0.000000e+00   1.202754e-16   6
  8.616502e-01   1.218522e-15   0.000000e+00   2.868717e-16   6
