# power spectrum of delta
# redshift z=0.000000
# k              Pk             sigma(k)       sigma(Pk)      count
  1.570796e-02   2.890551e-03   0.000000e+00   1.204096e-03   6
  2.221441e-02   5.190782e-03   0.000000e+00   1.076772e-03   12
  2.720699e-02   6.997265e-03   2.980232e-10   1.598663e-03   8
  3.141593e-02   3.550037e-02   0.000000e+00   4.118733e-03   6
  3.512407e-02   3.323733e-02   5.619580e-10   1.081871e-02   24
  3.847649e-02   5.889024e-02   5.619580e-10   1.084638e-02   24
  4.442883e-02   3.585535e-02   0.000000e+00   1.585368e-02   12
  4.712389e-02   5.025979e-02   6.357829e-10   8.162723e-03   30
  4.967294e-02   8.007756e-02   0.000000e+00   1.672439e-02   24
  5.209742e-02   8.493804e-02   9.733398e-10   2.137354e-02   24
  5.441398e-02   9.969766e-02   5.960464e-10   1.907554e-02   8
  5.663587e-02   1.024203e-01   7.947286e-10   1.427552e-02   24
  5.877382e-02   1.075172e-01   0.000000e+00   1.640981e-02   48
  6.283185e-02   1.435222e-01   0.000000e+00   6.427656e-02   6
  6.476559e-02   1.366533e-01   7.947286e-10   2.089599e-02   48
  6.664324e-02   1.426060e-01   7.492773e-10   1.872993e-02   36
  6.846942e-02   2.281880e-01   7.947286e-10   5.220071e-02   24
  7.024815e-02   1.601484e-01   1.123916e-09   2.571259e-02   24
  7.198293e-02   1.508107e-01   0.000000e+00   1.915326e-02   48
  7.367688e-02   1.947012e-01   1.123916e-09   3.229879e-02   24
  7.695299e-02   2.272189e-01   1.123916e-09   3.099066e-02   24
  7.853982e-02   1.301668e-01   0.000000e+00   2.487508e-02   30
  8.009521e-02   1.897740e-01   0.000000e+00   2.101106e-02   72
  8.162097e-02   1.848626e-01   1.192093e-09   4.292513e-02   32
  8.458997e-02   2.583309e-01   0.000000e+00   3.112147e-02   72
  8.603606e-02   1.407134e-01   0.000000e+00   2.298151e-02   48
  8.885766e-02   1.122112e-01   0.000000e+00   4.198354e-02   12
  9.023538e-02   2.026843e-01   0.000000e+00   2.579482e-02   48
  9.159238e-02   1.957925e-01   0.000000e+00   2.026638e-02   48
  9.292956e-02   2.106550e-01   1.123916e-09   3.166988e-02   48
  9.424778e-02   2.759628e-01   1.271566e-09   5.271470e-02   30
  9.554781e-02   3.231385e-01   0.000000e+00   5.991109e-02   24
  9.683039e-02   3.510742e-01   2.369423e-09   3.936865e-02   72
  9.934588e-02   1.270537e-01   0.000000e+00   3.999001e-02   24
  1.005800e-01   2.631551e-01   0.000000e+00   2.602580e-02   96
  1.017992e-01   2.293394e-01   0.000000e+00   4.306550e-02   48
  1.030040e-01   1.670496e-01   1.946680e-09   2.510240e-02   24
  1.041948e-01   1.388781e-01   1.946680e-09   3.368982e-02   24
  1.053722e-01   3.261921e-01   0.000000e+00   3.578873e-02   72
  1.065366e-01   2.687866e-01   0.000000e+00   3.924116e-02   48
  1.088280e-01   2.059836e-01   1.192093e-09   4.651525e-02   8
  1.099557e-01   4.027656e-01   1.412851e-09   6.173934e-02   54
  1.110721e-01   2.724045e-01   0.000000e+00   3.387017e-02   84
  1.121773e-01   3.818597e-01   0.000000e+00   5.149332e-02   48
  1.132717e-01   2.473768e-01   1.589457e-09   3.305082e-02   24
  1.143557e-01   2.907872e-01   2.119276e-09   3.414755e-02   72
  1.154295e-01   3.311841e-01   0.000000e+00   3.880815e-02   96
  1.175476e-01   4.148153e-01   0.000000e+00   4.173798e-02   48
  1.185925e-01   3.356364e-01   0.000000e+00   4.806365e-02   48
  1.196283e-01   3.188749e-01   0.000000e+00   6.480684e-02   24
  1.206552e-01   3.493648e-01   0.000000e+00   3.376770e-02   72
  1.226831e-01   3.302627e-01   0.000000e+00   3.701209e-02   72
  1.236846e-01   3.113605e-01   0.000000e+00   3.153849e-02   96
  1.256637e-01   4.966903e-01   0.000000e+00   1.828907e-01   6
  1.266416e-01   4.040412e-01   0.000000e+00   4.458685e-02   96
  1.276121e-01   4.110183e-01   1.589457e-09   4.403627e-02   96
  1.285752e-01   2.280132e-01   0.000000e+00   5.060867e-02   24
  1.295312e-01   3.530256e-01   1.589457e-09   4.439990e-02   48
  1.304801e-01   3.240382e-01   0.000000e+00   3.427093e-02   96
  1.314222e-01   3.374904e-01   0.000000e+00   7.463081e-02   48
  1.332865e-01   3.129505e-01   1.498555e-09   6.397353e-02   36
  1.342089e-01   3.236229e-01   2.753021e-09   4.858873e-02   48
  1.351250e-01   3.702333e-01   3.114687e-09   3.536238e-02   120
  1.360350e-01   4.308792e-01   0.000000e+00   6.869706e-02   56
  1.369388e-01   2.250401e-01   1.589457e-09   4.115139e-02   24
  1.378368e-01   3.397793e-01   0.000000e+00   3.846250e-02   96
  1.387290e-01   3.740880e-01   0.000000e+00   4.975673e-02   48
  1.404963e-01   4.363304e-01   2.247832e-09   9.175367e-02   24
  1.413717e-01   5.102282e-01   0.000000e+00   5.861570e-02   102
  1.422417e-01   5.479676e-01   1.589457e-09   8.160557e-02   48
  1.431064e-01   4.643699e-01   0.000000e+00   4.214625e-02   72
  1.439659e-01   3.599843e-01   0.000000e+00   3.618447e-02   48
  1.448203e-01   5.597598e-01   0.000000e+00   9.289526e-02   48
  1.456697e-01   5.316492e-01   3.596531e-09   4.695352e-02   120
  1.473538e-01   4.764299e-01   2.247832e-09   6.773368e-02   24
  1.481886e-01   3.925218e-01   2.119276e-09   3.236514e-02   144
  1.490188e-01   3.395820e-01   2.543132e-09   4.333883e-02   120
  1.498444e-01   3.942265e-01   2.247832e-09   6.299545e-02   48
  1.514821e-01   4.772612e-01   2.247832e-09   7.917734e-02   48
  1.522944e-01   4.241535e-01   2.247832e-09   3.648194e-02   96
  1.544390e-01   4.217147e-01   3.768959e-04   4.526858e-02   72
  1.555009e-01   4.676658e-01   1.998073e-09   3.952102e-02   108
  1.562923e-01   4.252409e-01   0.000000e+00   5.064070e-02   72
  1.570796e-01   3.008209e-01   0.000000e+00   4.824887e-02   30
  1.578631e-01   4.556389e-01   0.000000e+00   3.333321e-02   168
  1.586427e-01   6.314831e-01   0.000000e+00   7.560256e-02   48
  1.601904e-01   4.127066e-01   0.000000e+00   4.795007e-02   72
  1.609587e-01   4.916133e-01   0.000000e+00   5.276141e-02   96
  1.617234e-01   4.156989e-01   4.238553e-09   4.961501e-02   72
  1.624844e-01   4.706696e-01   0.000000e+00   5.105143e-02   72
  1.637639e-01   5.329332e-01   3.480039e-04   5.627416e-02   104
  1.647465e-01   4.525932e-01   2.997109e-09   3.354280e-02   144
  1.669779e-01   3.855583e-01   5.026305e-09   3.996232e-02   96
  1.677152e-01   3.646321e-01   0.000000e+00   4.329267e-02   96
  1.688876e-01   4.967294e-01   3.580185e-04   5.158339e-02   120
  1.699076e-01   4.231033e-01   0.000000e+00   3.869958e-02   120
  1.706322e-01   6.008109e-01   0.000000e+00   6.181771e-02   72
  1.720721e-01   5.291057e-01   0.000000e+00   7.630596e-02   48
  1.727876e-01   5.734673e-01   3.912510e-09   6.856010e-02   78
  1.737029e-01   4.555996e-01   3.205713e-04   3.795022e-02   168
  1.756204e-01   5.106464e-01   3.670694e-09   3.943465e-02   144
  1.763215e-01   6.854024e-01   2.997109e-09   7.227047e-02   144
  1.783549e-01   5.224324e-01   1.846233e-04   4.288551e-02   156
  1.790983e-01   3.800823e-01   3.893359e-09   5.851856e-02   48
  1.797859e-01   4.738804e-01   2.543132e-09   4.977929e-02   120
  1.804708e-01   5.588698e-01   0.000000e+00   1.450962e-01   48
  1.816818e-01   5.616596e-01   2.825996e-04   4.258678e-02   216
  1.831848e-01   2.306231e-01   0.000000e+00   3.311294e-02   48
  1.838570e-01   5.521462e-01   2.247832e-09   4.803505e-02   96
  1.848128e-01   5.371229e-01   3.302618e-04   3.424794e-02   168
  1.858591e-01   4.774707e-01   2.247832e-09   5.391897e-02   48
  1.865217e-01   4.488672e-01   0.000000e+00   4.526559e-02   96
  1.871820e-01   5.205189e-01   0.000000e+00   6.099944e-02   48
  1.884956e-01   5.599361e-01   2.543132e-09   7.135393e-02   30
  1.891489e-01   6.246107e-01   0.000000e+00   6.142700e-02   96
  1.899298e-01   4.989569e-01   2.595564e-04   3.160049e-02   240
  1.909339e-01   4.375848e-01   2.800239e-04   5.334468e-02   32
  1.917401e-01   4.526010e-01   0.000000e+00   3.810340e-02   168
  1.923825e-01   5.322151e-01   0.000000e+00   4.952258e-02   120
  1.936608e-01   5.562725e-01   4.738846e-09   5.755850e-02   72
  1.942968e-01   7.079411e-01   2.119276e-09   6.212054e-02   144
  1.949307e-01   4.934045e-01   0.000000e+00   5.590254e-02   96
  1.955626e-01   5.977643e-01   0.000000e+00   5.588963e-02   96
  1.968202e-01   6.871951e-01   0.000000e+00   6.944004e-02   72
  1.974460e-01   4.337270e-01   3.178914e-09   4.369459e-02   96
  1.986918e-01   8.206166e-01   0.000000e+00   1.778948e-01   24
  1.993117e-01   6.215400e-01   0.000000e+00   4.654268e-02   192
  2.000418e-01   5.810323e-01   2.376333e-04   4.802780e-02   132
  2.011601e-01   4.943454e-01   0.000000e+00   5.916228e-02   96
  2.017724e-01   4.653027e-01   0.000000e+00   3.966561e-02   96
  2.023829e-01   7.180110e-01   2.543132e-09   6.669184e-02   120
  2.035985e-01   6.188077e-01   0.000000e+00   7.693287e-02   48
  2.045948e-01   5.878224e-01   2.879924e-04   3.759462e-02   222
  2.054083e-01   6.796084e-01   0.000000e+00   6.262084e-02   120
  2.060080e-01   3.792441e-01   3.893359e-09   8.086875e-02   24
  2.068812e-01   5.876090e-01   2.972500e-04   3.565502e-02   312
  2.087838e-01   6.313587e-01   2.786838e-04   7.010168e-02   72
  2.095704e-01   5.798730e-01   3.893359e-09   6.292855e-02   96
  2.103781e-01   5.469280e-01   2.838009e-04   4.299385e-02   192
  2.113290e-01   7.285576e-01   3.596531e-09   7.113317e-02   120
  2.119120e-01   4.944572e-01   0.000000e+00   3.619488e-02   144
  2.130732e-01   7.398070e-01   0.000000e+00   7.933553e-02   48
  2.138985e-01   5.982316e-01   2.853717e-04   3.292420e-02   336
  2.148032e-01   7.307329e-01   0.000000e+00   1.028618e-01   48
  2.159488e-01   5.999090e-01   0.000000e+00   4.475040e-02   192
  2.165193e-01   3.859940e-01   0.000000e+00   6.996720e-02   48
  2.181411e-01   4.835459e-01   1.980854e-04   5.995127e-02   56
  2.189475e-01   5.875755e-01   2.544090e-04   3.488722e-02   336
  2.199115e-01   6.403735e-01   2.825702e-09   1.023269e-01   54
  2.207512e-01   5.342661e-01   2.794324e-04   3.888298e-02   240
  2.224945e-01   6.414675e-01   2.675587e-04   4.803916e-02   228
  2.232521e-01   6.490805e-01   2.997109e-09   8.317481e-02   72
  2.239875e-01   6.917443e-01   2.595385e-04   5.789692e-02   144
  2.249038e-01   6.475253e-01   0.000000e+00   5.387180e-02   96
  2.254517e-01   6.935877e-01   3.596531e-09   5.824443e-02   240
  2.265435e-01   4.738184e-01   3.178914e-09   5.350354e-02   24
  2.272424e-01   7.340099e-01   2.451321e-04   4.165130e-02   336
  2.281713e-01   6.476583e-01   0.000000e+00   9.831361e-02   72
  2.290193e-01   7.396960e-01   2.666265e-04   7.302809e-02   168
  2.297877e-01   9.018629e-01   0.000000e+00   1.045297e-01   72
  2.308590e-01   7.932046e-01   0.000000e+00   8.393375e-02   96
  2.316886e-01   5.758411e-01   2.646263e-04   4.074859e-02   216
  2.324566e-01   4.541500e-01   0.000000e+00   3.847977e-02   96
  2.335157e-01   7.316068e-01   3.178914e-09   4.798490e-02   192
  2.340434e-01   5.342893e-01   2.997109e-09   4.313833e-02   144
  2.350953e-01   6.569008e-01   0.000000e+00   9.027114e-02   48
  2.358236e-01   5.825927e-01   2.551309e-04   4.481308e-02   246
  2.368131e-01   6.165380e-01   2.352347e-04   4.817575e-02   168
  2.377046e-01   6.395150e-01   6.229375e-09   5.260816e-02   120
  2.382231e-01   6.542021e-01   0.000000e+00   4.707471e-02   240
  2.392566e-01   9.388548e-01   0.000000e+00   1.692133e-01   24
  2.400800e-01   5.591185e-01   2.517980e-04   2.928965e-02   360
  2.411056e-01   7.135471e-01   2.507265e-04   7.721275e-02   120
  2.418210e-01   6.097126e-01   0.000000e+00   6.040929e-02   144
  2.423307e-01   8.222038e-01   0.000000e+00   7.664030e-02   96
  2.438532e-01   5.764956e-01   0.000000e+00   5.175982e-02   144
  2.443586e-01   7.086462e-01   0.000000e+00   7.735653e-02   132
  2.450688e-01   6.096639e-01   2.474633e-04   4.409128e-02   176
  2.460999e-01   6.435970e-01   2.498881e-04   4.513156e-02   312
  2.473693e-01   7.299351e-01   0.000000e+00   6.412485e-02   96
  2.478675e-01   6.121210e-01   0.000000e+00   5.419241e-02   144
  2.486319e-01   5.913909e-01   2.473817e-04   3.687849e-02   312
  2.498505e-01   7.676534e-01   0.000000e+00   9.424356e-02   48
  2.503437e-01   6.988687e-01   3.178914e-09   4.208446e-02   192
  2.513274e-01   4.352257e-01   0.000000e+00   8.863737e-02   6
  2.519810e-01   6.325979e-01   2.307253e-04   3.469111e-02   288
  2.530395e-01   6.590437e-01   2.437763e-04   5.208081e-02   192
  2.537699e-01   6.423450e-01   7.476104e-09   4.712067e-02   216
  2.542556e-01   6.410346e-01   0.000000e+00   7.572309e-02   72
  2.554657e-01   8.073404e-01   2.414611e-04   6.054603e-02   192
  2.562693e-01   6.858600e-01   1.792979e-04   4.521394e-02   288
  2.571504e-01   9.883060e-01   0.000000e+00   2.206308e-01   24
  2.578312e-01   6.478630e-01   2.362101e-04   3.012510e-02   456
  2.590624e-01   1.017018e+00   0.000000e+00   1.976837e-01   48
  2.598231e-01   7.674117e-01   2.326575e-04   5.163335e-02   240
  2.606974e-01   7.073821e-01   2.351266e-04   6.357025e-02   216
  2.614326e-01   6.128606e-01   0.000000e+00   5.977797e-02   72
  2.619041e-01   7.523266e-01   8.123736e-09   6.192315e-02   168
  2.632353e-01   6.897186e-01   1.747662e-04   4.513945e-02   288
  2.639818e-01   6.464133e-01   2.312456e-04   6.097356e-02   168
  2.651809e-01   6.135127e-01   0.000000e+00   4.026228e-02   192
  2.656458e-01   6.866015e-01   2.997109e-09   5.403523e-02   144
  2.665730e-01   8.940541e-01   2.997109e-09   1.503541e-01   36
  2.673593e-01   6.519663e-01   2.111764e-04   3.515349e-02   342
  2.681111e-01   7.969301e-01   2.168525e-04   7.238268e-02   144
  2.690776e-01   7.542955e-01   2.274240e-04   4.718083e-02   384
  2.702500e-01   5.607046e-01   6.229375e-09   4.698875e-02   120
  2.708303e-01   7.650114e-01   2.027960e-04   5.093373e-02   264
  2.716161e-01   6.976502e-01   1.005261e-08   5.546632e-02   192
  2.723561e-01   8.131735e-01   2.185515e-04   7.175970e-02   152
  2.729753e-01   7.143064e-01   5.994218e-09   5.513653e-02   144
  2.742778e-01   6.702433e-01   1.414487e-04   4.416504e-02   216
  2.748807e-01   6.218872e-01   1.890132e-04   3.833338e-02   312
  2.759419e-01   7.942107e-01   2.190625e-04   5.753920e-02   240
  2.765672e-01   6.212920e-01   3.178914e-09   6.300475e-02   96
  2.777541e-01   4.310444e-01   2.094396e-04   3.459402e-02   144
  2.784857e-01   7.623108e-01   2.058607e-04   3.843705e-02   456
  2.796723e-01   5.846220e-01   0.000000e+00   5.744687e-02   120
  2.801131e-01   7.574228e-01   0.000000e+00   6.894487e-02   144
  2.809926e-01   1.064088e+00   4.495664e-09   1.563157e-01   24
  2.815564e-01   6.973965e-01   1.978798e-04   3.936410e-02   336
  2.825316e-01   6.249017e-01   2.182345e-04   5.038239e-02   198
  2.834454e-01   7.208915e-01   2.122205e-04   3.892513e-02   432
  2.844833e-01   7.323252e-01   6.357829e-09   9.164937e-02   48
  2.850248e-01   6.650230e-01   1.873540e-04   3.840585e-02   384
  2.859970e-01   5.861510e-01   2.156842e-04   5.662792e-02   144
  2.868780e-01   8.035768e-01   2.141460e-04   6.016119e-02   264
  2.879317e-01   6.637027e-01   0.000000e+00   8.034275e-02   48
  2.886387e-01   7.207521e-01   2.036179e-04   4.829267e-02   276
  2.893208e-01   7.023914e-01   1.845741e-04   5.700387e-02   192
  2.902325e-01   7.267192e-01   2.074207e-04   3.493829e-02   552
  2.913393e-01   7.883276e-01   5.086263e-09   6.583235e-02   120
  2.919972e-01   7.068692e-01   2.099609e-04   5.340691e-02   216
  2.926069e-01   6.125245e-01   5.086263e-09   6.491252e-02   120
  2.936961e-01   7.361376e-01   2.067600e-04   4.345573e-02   408
  2.947075e-01   3.522583e-01   4.495664e-09   4.953215e-02   24
  2.953347e-01   7.486928e-01   2.088648e-04   4.293503e-02   384
  2.962106e-01   6.378265e-01   2.040684e-04   4.010092e-02   240
  2.969712e-01   6.641485e-01   2.055628e-04   6.795330e-02   168
  2.980376e-01   6.316086e-01   0.000000e+00   5.599630e-02   120
  2.987251e-01   6.791849e-01   2.142884e-04   3.719491e-02   350
  2.998430e-01   8.067442e-01   3.527601e-04   5.071209e-02   384
  3.005110e-01   6.765606e-01   0.000000e+00   5.929874e-02   144
  3.017401e-01   8.884673e-01   4.238553e-09   5.897107e-02   288
  3.023819e-01   7.077284e-01   2.019242e-04   4.519963e-02   336
  3.032549e-01   5.937680e-01   1.838353e-04   4.132941e-02   168
  3.037776e-01   8.427985e-01   1.204945e-08   4.376722e-02   336
  3.048586e-01   8.044719e-01   1.908100e-04   5.427583e-02   288
  3.055078e-01   7.841260e-01   1.797918e-04   5.417014e-02   264
  3.066072e-01   7.310173e-01   0.000000e+00   5.547372e-02   240
  3.070093e-01   6.615849e-01   0.000000e+00   6.023456e-02   96
  3.084525e-01   7.326732e-01   2.445048e-04   4.276865e-02   360
  3.091260e-01   7.809393e-01   1.802420e-04   6.452905e-02   168
  3.099770e-01   7.441304e-01   1.964825e-04   3.871917e-02   456
  3.110018e-01   7.748986e-01   5.651403e-09   7.221952e-02   108
  3.115782e-01   6.127170e-01   1.971449e-04   5.547704e-02   264
  3.122973e-01   8.003124e-01   1.758853e-04   4.939010e-02   264
  3.132820e-01   7.590902e-01   1.659735e-04   5.114171e-02   312
  3.145081e-01   8.269572e-01   1.233364e-04   4.876532e-02   270
  3.150220e-01   8.559043e-01   1.565911e-04   6.302038e-02   240
  3.159458e-01   7.926430e-01   1.937229e-04   4.721316e-02   384
  3.165067e-01   7.634334e-01   6.357829e-09   6.788333e-02   192
  3.175962e-01   7.641007e-01   1.554368e-04   6.077590e-02   240
  3.182281e-01   7.666688e-01   1.918342e-04   4.355771e-02   336
  3.194167e-01   7.802145e-01   1.931178e-04   3.583283e-02   480
  3.203808e-01   6.316426e-01   4.238553e-09   6.930204e-02   72
  3.209194e-01   7.789027e-01   1.883074e-04   5.214549e-02   240
  3.216520e-01   6.917618e-01   1.769831e-04   3.745777e-02   312
  3.224917e-01   6.813349e-01   1.912763e-04   4.820499e-02   240
  3.237607e-01   6.576095e-01   1.453205e-04   3.917264e-02   408
  3.242630e-01   7.573762e-01   1.330785e-04   5.250053e-02   336
  3.252448e-01   8.179884e-01   1.689770e-04   5.563785e-02   264
  3.257273e-01   6.409195e-01   0.000000e+00   5.515499e-02   144
  3.270696e-01   7.168328e-01   2.342121e-04   3.745928e-02   464
  3.277768e-01   7.892588e-01   1.862466e-04   5.829075e-02   168
  3.284751e-01   6.959490e-01   1.696301e-04   3.664982e-02   336
  3.297371e-01   7.745351e-01   1.782296e-04   4.732183e-02   414
  3.304484e-01   8.677321e-01   1.855264e-04   6.421378e-02   216
  3.313598e-01   1.250079e+00   4.495664e-09   1.312156e-01   96
  3.317320e-01   8.885373e-01   1.101208e-08   5.459273e-02   384
  3.330355e-01   8.062605e-01   1.851680e-04   4.397264e-02   492
  3.337341e-01   8.674630e-01   1.810784e-04   6.425617e-02   240
  3.345237e-01   7.977190e-01   1.838580e-04   4.785348e-02   312
  3.356141e-01   8.439968e-01   1.837975e-04   6.686830e-02   192
  3.363048e-01   7.767196e-01   1.781220e-04   4.250536e-02   504
  3.372212e-01   8.774869e-01   1.179198e-04   4.486619e-02   408
  3.379427e-01   6.875393e-01   3.612619e-04   5.209568e-02   168
  3.388456e-01   9.724771e-01   1.716026e-04   6.171869e-02   288
  3.396033e-01   8.857901e-01   1.790820e-04   6.511708e-02   288
  3.403794e-01   6.542280e-01   1.801128e-04   3.230168e-02   432
  3.415052e-01   7.487779e-01   1.703267e-04   4.882971e-02   216
  3.421068e-01   7.028268e-01   1.699674e-04   4.083712e-02   360
  3.431777e-01   7.081861e-01   1.658865e-04   4.162550e-02   312
  3.441442e-01   6.148252e-01   0.000000e+00   8.161089e-02   48
  3.447014e-01   7.303080e-01   1.778543e-04   3.996795e-02   432
  3.456992e-01   7.528465e-01   2.966627e-04   4.624159e-02   414
  3.462885e-01   7.359175e-01   6.776666e-09   4.071860e-02   312
  3.473878e-01   9.105265e-01   2.603051e-04   4.079644e-02   528
  3.481296e-01   7.159440e-01   1.366381e-04   4.982302e-02   264
  3.490209e-01   9.017927e-01   1.620153e-04   4.667239e-02   480
  3.501854e-01   8.160341e-01   0.000000e+00   4.964267e-02   288
  3.506883e-01   6.807042e-01   1.740804e-04   4.648397e-02   168
  3.516084e-01   9.669563e-01   2.755688e-04   5.259907e-02   504
  3.526429e-01   9.687613e-01   4.238553e-09   1.047475e-01   144
  3.532937e-01   7.346739e-01   1.769812e-04   3.670788e-02   464
  3.542716e-01   7.529023e-01   2.597299e-04   4.233911e-02   432
  3.547358e-01   8.132089e-01   4.495664e-09   6.262650e-02   192
  3.559351e-01   7.049405e-01   1.925466e-04   3.853260e-02   396
  3.566434e-01   7.793580e-01   1.729600e-04   5.051062e-02   288
  3.573592e-01   7.030183e-01   1.708549e-04   4.217534e-02   336
  3.585027e-01   7.240268e-01   1.081887e-04   3.630398e-02   432
  3.592283e-01   8.540647e-01   2.804101e-04   5.952687e-02   360
  3.600431e-01   8.347577e-01   1.658667e-04   3.866867e-02   384
  3.612003e-01   8.289553e-01   1.464092e-04   5.334250e-02   198
  3.617579e-01   7.287053e-01   1.664197e-04   3.203774e-02   552
  3.627976e-01   9.281022e-01   2.329761e-04   5.182126e-02   432
  3.636656e-01   7.591501e-01   8.899106e-09   5.048731e-02   168
  3.643942e-01   9.394214e-01   2.888052e-04   4.955049e-02   480
  3.653579e-01   8.643048e-01   0.000000e+00   8.626318e-02   120
  3.657917e-01   9.086840e-01   2.358836e-04   6.107912e-02   336
  3.668502e-01   7.855619e-01   1.664122e-04   3.525606e-02   672
  3.678969e-01   8.780907e-01   2.420693e-04   4.498772e-02   528
  3.683844e-01   7.244806e-01   7.266090e-09   6.227935e-02   168
  3.695106e-01   8.521722e-01   2.700266e-04   4.177135e-02   456
  3.701979e-01   8.790633e-01   1.649075e-04   7.133707e-02   168
  3.709113e-01   9.942535e-01   1.646115e-04   5.191479e-02   504
  3.720973e-01   7.506031e-01   2.118297e-04   4.859863e-02   336
  3.728144e-01   7.504859e-01   1.527042e-04   3.944611e-02   312
  3.736099e-01   7.364563e-01   1.492023e-04   3.639501e-02   504
  3.746568e-01   7.176590e-01   1.035207e-04   3.683292e-02   432
  3.751490e-01   7.849322e-01   1.599738e-04   5.007590e-02   312
  3.761721e-01   6.875293e-01   1.639809e-04   4.171348e-02   384
  3.772403e-01   1.060216e+00   1.393208e-04   1.364121e-01   126
  3.778999e-01   8.390533e-01   2.446141e-04   4.226993e-02   492
  3.787423e-01   9.123970e-01   1.566756e-04   4.534530e-02   528
  3.797950e-01   8.612173e-01   1.591488e-04   4.516821e-02   480
  3.804477e-01   9.176131e-01   2.198632e-04   5.223168e-02   432
  3.813922e-01   7.622647e-01   1.728933e-04   4.035414e-02   440
  3.824891e-01   7.790941e-01   8.597912e-05   4.392752e-02   312
  3.829007e-01   7.662900e-01   1.288469e-04   3.132900e-02   480
  3.837450e-01   8.129733e-01   2.522797e-04   4.274373e-02   408
  3.849786e-01   8.734227e-01   1.510870e-04   5.758236e-02   360
  3.854998e-01   8.702849e-01   1.457935e-04   4.834172e-02   408
  3.864656e-01   8.268180e-01   1.483633e-04   4.559492e-02   456
  3.875531e-01   1.050793e+00   1.417988e-04   6.826584e-02   264
  3.881567e-01   9.010632e-01   1.538873e-04   5.610308e-02   384
  3.890354e-01   8.241748e-01   2.590801e-04   3.404009e-02   672
  3.900512e-01   8.859522e-01   1.549634e-04   8.014363e-02   240
  3.906373e-01   7.103722e-01   1.572490e-04   4.707247e-02   264
  3.914646e-01   7.405790e-01   1.939407e-04   3.156135e-02   624
  3.926991e-01   7.863686e-01   0.000000e+00   8.282384e-02   150
  3.931386e-01   9.345978e-01   2.173259e-04   4.394773e-02   600
  3.940655e-01   8.977399e-01   1.499928e-04   3.758333e-02   672
  3.951151e-01   9.015459e-01   1.410788e-04   5.048394e-02   336
  3.956998e-01   1.009386e+00   1.534526e-04   5.910031e-02   408
  3.966340e-01   9.486560e-01   1.530911e-04   5.776935e-02   408
  3.976732e-01   9.165015e-01   7.741108e-05   4.695669e-02   360
  3.983137e-01   9.049457e-01   2.842286e-04   4.267311e-02   456
  3.990874e-01   8.772956e-01   1.545652e-04   4.881896e-02   384
  4.000722e-01   6.242468e-01   1.426833e-04   3.758874e-02   348
  4.006044e-01   9.720900e-01   1.759003e-04   6.053907e-02   576
  4.016040e-01   9.148727e-01   1.448308e-04   4.958222e-02   504
  4.026266e-01   7.806147e-01   2.042754e-04   4.139994e-02   432
  4.035193e-01   8.749581e-01   2.779157e-04   4.167819e-02   576
  4.041559e-01   8.831652e-01   0.000000e+00   7.708131e-02   264
  4.051657e-01   8.241750e-01   2.211515e-04   3.361698e-02   768
  4.060439e-01   6.509249e-01   2.977401e-04   4.251748e-02   240
  4.067421e-01   7.943604e-01   2.625786e-04   6.064542e-02   192
  4.077592e-01   8.109488e-01   1.932899e-04   4.135481e-02   504
  4.085134e-01   1.046593e+00   2.604655e-04   5.621784e-02   590
  4.092368e-01   9.186300e-01   2.918373e-04   5.340108e-02   384
  4.101438e-01   9.414495e-01   2.438900e-04   4.986918e-02   504
  4.112389e-01   9.577412e-01   2.347064e-04   5.473704e-02   648
  4.123011e-01   8.419276e-01   6.374317e-05   3.940581e-02   504
  4.127294e-01   9.070209e-01   1.454101e-04   5.954767e-02   312
  4.134855e-01   9.807494e-01   2.095003e-04   5.082894e-02   576
  4.145236e-01   9.683334e-01   1.457924e-04   7.669474e-02   240
  4.151287e-01   7.384469e-01   1.473162e-04   3.374004e-02   552
  4.159853e-01   1.000496e+00   1.383265e-04   4.891910e-02   600
  4.172054e-01   7.882265e-01   1.689549e-04   3.730431e-02   600
  4.179389e-01   7.946335e-01   2.705679e-04   5.258645e-02   312
  4.186695e-01   9.489049e-01   2.356379e-04   5.230330e-02   480
  4.195820e-01   8.166434e-01   1.470154e-04   3.708636e-02   576
  4.203854e-01   7.390127e-01   2.367268e-04   4.377072e-02   408
  4.210983e-01   5.897804e-01   2.761527e-04   4.166727e-02   216
  4.220194e-01   8.851067e-01   2.115019e-04   4.531332e-02   516
  4.230063e-01   8.374529e-01   2.017943e-04   3.621416e-02   744
  4.240243e-01   1.000077e+00   1.347808e-04   5.513486e-02   462
  4.245995e-01   9.024889e-01   1.369852e-04   5.778643e-02   432
  4.254918e-01   8.919285e-01   1.270838e-04   4.455575e-02   648
  4.265409e-01   9.324998e-01   1.859472e-04   5.454644e-02   528
  4.273836e-01   9.872385e-01   2.239269e-04   4.809591e-02   600
  4.282256e-01   1.066241e+00   2.823132e-04   7.281890e-02   240
  4.290411e-01   8.094258e-01   2.162492e-04   3.396741e-02   720
  4.299890e-01   9.486263e-01   1.710922e-04   4.067854e-02   720
  4.310398e-01   7.196970e-01   0.000000e+00   8.160498e-02   144
  4.315927e-01   9.141888e-01   2.205891e-04   4.071643e-02   720
  4.323793e-01   9.162155e-01   1.322696e-04   4.820947e-02   384
  4.333641e-01   8.447937e-01   1.466278e-04   3.734356e-02   672
  4.342984e-01   9.529020e-01   2.567292e-04   6.183242e-02   336
  4.347447e-01   8.465290e-01   0.000000e+00   6.608986e-02   288
  4.358374e-01   9.220208e-01   2.031840e-04   4.105640e-02   776
  4.368489e-01   7.589422e-01   1.738547e-04   3.270681e-02   720
  4.376985e-01   7.185629e-01   1.400528e-04   3.453445e-02   432
  4.383780e-01   9.340188e-01   1.996629e-04   4.667306e-02   504
  4.391339e-01   8.361277e-01   1.398922e-04   4.122324e-02   528
  4.401917e-01   1.162887e+00   1.905949e-04   7.903588e-02   438
  4.410618e-01   1.035941e+00   2.218350e-04   5.346960e-02   624
  4.417176e-01   1.046448e+00   2.717180e-04   1.031481e-01   312
  4.426191e-01   1.022795e+00   1.463948e-04   4.738808e-02   696
  4.435512e-01   8.877644e-01   1.324608e-04   4.498871e-02   552
  4.445207e-01   8.964427e-01   1.024805e-04   5.424691e-02   516
  4.451205e-01   1.177469e+00   2.046970e-04   6.168388e-02   528
  4.458506e-01   7.557218e-01   1.331200e-04   3.645562e-02   528
  4.468878e-01   8.634756e-01   1.755583e-04   3.716986e-02   864
  4.475918e-01   9.919922e-01   2.404788e-04   5.852417e-02   408
  4.482965e-01   1.143875e+00   2.382549e-04   1.009083e-01   192
  4.492953e-01   8.676444e-01   1.971674e-04   3.836530e-02   720
  4.501385e-01   9.118821e-01   1.817980e-04   4.334086e-02   696
  4.511404e-01   1.026876e+00   1.963435e-04   5.435221e-02   720
  4.520570e-01   1.120813e+00   2.661201e-04   6.155001e-02   432
  4.525916e-01   7.157625e-01   1.566487e-04   4.512526e-02   264
  4.535534e-01   9.358369e-01   2.163249e-04   4.117546e-02   672
  4.544137e-01   9.325899e-01   2.214835e-04   4.796095e-02   600
  4.554346e-01   6.781120e-01   1.296784e-04   3.747244e-02   270
  4.559493e-01   9.629901e-01   1.952021e-04   4.739571e-02   528
  4.567673e-01   9.714335e-01   1.336675e-04   4.304617e-02   840
  4.578890e-01   1.018043e+00   2.555961e-04   4.580608e-02   888
  4.589254e-01   9.318075e-01   1.904380e-04   4.272583e-02   744
  4.598014e-01   9.223860e-01   9.785730e-05   5.360056e-02   456
  4.602370e-01   1.384879e+00   1.337280e-04   8.817084e-02   360
  4.609825e-01   8.752100e-01   1.158678e-04   5.501979e-02   384
  4.621264e-01   9.981612e-01   1.858509e-04   4.617524e-02   816
  4.629847e-01   9.591844e-01   2.696437e-04   4.122237e-02   824
  4.640279e-01   1.008210e+00   1.253432e-04   6.297654e-02   360
  4.645865e-01   9.438095e-01   1.849595e-04   4.176157e-02   624
  4.653553e-01   1.151786e+00   1.249856e-04   9.138437e-02   360
  4.663795e-01   9.875340e-01   1.700172e-04   3.897300e-02   876
  4.673045e-01   1.050977e+00   2.019296e-04   5.499318e-02   696
  4.682373e-01   7.613019e-01   1.303928e-04   4.938656e-02   336
  4.687264e-01   1.067215e+00   1.302463e-04   6.151771e-02   504
  4.695341e-01   7.932863e-01   1.313750e-04   3.544246e-02   672
  4.707324e-01   8.793432e-01   2.615370e-04   4.025839e-02   720
  4.715635e-01   1.000192e+00   1.975633e-04   4.317912e-02   774
  4.724808e-01   1.174592e+00   1.130801e-04   8.037406e-02   384
  4.729612e-01   1.060448e+00   2.176147e-04   5.802066e-02   528
  4.737068e-01   1.148091e+00   2.073989e-04   5.846744e-02   744
  4.749062e-01   1.111617e+00   1.710601e-04   4.681641e-02   768
  4.757025e-01   9.270071e-01   1.920278e-04   5.396467e-02   552
  4.766960e-01   9.143213e-01   2.092886e-04   4.265724e-02   696
  4.774351e-01   1.193705e+00   2.543221e-04   8.872165e-02   408
  4.780218e-01   1.149429e+00   1.098692e-04   6.672047e-02   504
  4.789519e-01   9.449769e-01   1.973758e-04   3.761291e-02   888
  4.798671e-01   9.665202e-01   2.051305e-04   4.251531e-02   648
  4.808184e-01   1.077841e+00   2.033722e-04   5.872554e-02   648
  4.817134e-01   9.949161e-01   2.192851e-04   4.497346e-02   792
  4.826614e-01   9.088288e-01   3.208291e-04   4.887685e-02   600
  4.833600e-01   8.215508e-01   2.174285e-04   4.063881e-02   456
  4.840953e-01   1.014478e+00   1.059654e-04   5.422948e-02   648
  4.850397e-01   9.507975e-01   2.066479e-04   3.991977e-02   936
  4.860593e-01   1.155457e+00   1.269084e-04   7.177436e-02   384
  4.869469e-01   9.867433e-01   0.000000e+00   7.177795e-02   198
  4.876318e-01   1.090258e+00   3.219776e-04   4.739143e-02   1224
  4.883707e-01   1.192487e+00   2.344988e-04   7.280037e-02   420
  4.892446e-01   1.009039e+00   2.269458e-04   5.217504e-02   792
  4.900991e-01   1.167731e+00   1.876648e-04   5.999310e-02   680
  4.910742e-01   1.161461e+00   1.723226e-04   1.052257e-01   600
  4.918588e-01   1.013376e+00   2.499151e-04   4.439931e-02   840
  4.929064e-01   9.971473e-01   1.179983e-04   6.732559e-02   432
  4.933067e-01   1.203781e+00   1.105800e-04   5.927254e-02   720
  4.941771e-01   1.009232e+00   2.214723e-04   4.388625e-02   960
  4.952596e-01   8.978366e-01   1.974263e-04   4.363046e-02   528
  4.960507e-01   9.213526e-01   2.018074e-04   4.391547e-02   624
  4.969923e-01   9.967280e-01   1.586192e-04   4.408413e-02   816
  4.979269e-01   1.027955e+00   2.608527e-04   4.881627e-02   696
  4.989597e-01   9.493098e-01   1.438612e-08   7.435235e-02   240
  4.993481e-01   1.166056e+00   1.538310e-04   5.741134e-02   672
  5.002149e-01   1.030201e+00   2.749181e-04   4.792306e-02   864
  5.011872e-01   9.377475e-01   2.109550e-04   4.261880e-02   816
  5.020636e-01   9.436699e-01   1.207434e-04   4.377062e-02   648
  5.030076e-01   1.193840e+00   1.234217e-04   5.298637e-02   843
  5.038089e-01   9.590942e-01   2.220660e-04   4.342154e-02   780
  5.047639e-01   1.087253e+00   1.191565e-04   1.412689e-01   216
  5.053529e-01   9.557278e-01   2.873328e-04   3.546967e-02   1056
  5.062588e-01   1.111070e+00   2.350705e-04   1.011345e-01   228
  5.070976e-01   1.137368e+00   2.926687e-04   4.758337e-02   924
  5.079587e-01   1.174338e+00   1.085637e-04   5.738533e-02   696
  5.088706e-01   1.013030e+00   1.932122e-04   4.179634e-02   996
  5.098035e-01   8.577511e-01   1.140687e-04   4.113063e-02   576
  5.107740e-01   1.002366e+00   1.760574e-04   5.608124e-02   552
  5.114815e-01   1.167630e+00   2.102064e-04   6.595436e-02   516
  5.121995e-01   1.143763e+00   3.056837e-04   5.533529e-02   744
  5.130199e-01   9.644523e-01   1.499561e-04   5.300445e-02   576
  5.137336e-01   9.902522e-01   1.543428e-04   4.608835e-02   792
  5.147477e-01   9.965848e-01   1.764424e-04   4.695722e-02   792
  5.154909e-01   1.056325e+00   1.902913e-04   5.013778e-02   720
  5.164960e-01   9.158615e-01   2.168883e-04   4.395061e-02   656
  5.174379e-01   8.930718e-01   2.368308e-04   3.928791e-02   816
  5.184034e-01   9.886855e-01   1.276952e-04   7.301926e-02   492
  5.189522e-01   1.130332e+00   1.836985e-04   5.476323e-02   552
  5.199822e-01   8.460951e-01   3.194294e-04   3.842799e-02   780
  5.206511e-01   9.411191e-01   1.962217e-04   4.234449e-02   528
  5.213718e-01   8.401917e-01   2.290504e-04   3.680884e-02   600
  5.224340e-01   9.745659e-01   1.903590e-04   3.668038e-02   900
  5.231662e-01   1.028837e+00   1.053860e-04   5.477120e-02   696
  5.241734e-01   9.265613e-01   2.664725e-04   4.301924e-02   696
  5.251479e-01   9.389166e-01   1.081054e-04   4.556975e-02   552
  5.259673e-01   9.925385e-01   1.257166e-04   4.645580e-02   708
  5.268258e-01   9.066736e-01   2.075652e-04   3.504254e-02   876
  5.277190e-01   9.436107e-01   1.102130e-04   7.702522e-02   216
  5.283184e-01   1.006225e+00   3.014475e-04   3.613889e-02   1032
  5.292161e-01   9.109622e-01   3.356286e-04   4.256226e-02   600
  5.301478e-01   7.867815e-01   1.601495e-04   4.143451e-02   600
  5.308585e-01   9.418176e-01   2.828090e-04   4.885162e-02   528
  5.316987e-01   9.973300e-01   1.552497e-04   4.020373e-02   732
  5.325837e-01   9.872463e-01   1.146378e-04   5.526590e-02   336
  5.336024e-01   8.989653e-01   1.633817e-04   3.593002e-02   912
  5.343638e-01   8.502938e-01   1.639857e-04   3.649657e-02   624
  5.351957e-01   8.584080e-01   1.381873e-04   3.537757e-02   768
  5.361666e-01   9.747259e-01   2.493171e-04   3.933905e-02   792
  5.371196e-01   9.439444e-01   1.236011e-04   4.616223e-02   660
  5.377977e-01   8.319609e-01   1.821461e-04   3.979580e-02   504
  5.384990e-01   9.033106e-01   2.975919e-04   4.191506e-02   480
  5.395501e-01   7.961720e-01   2.752337e-04   3.127195e-02   912
  5.403731e-01   9.076809e-01   3.065154e-04   5.319418e-02   432
  5.411504e-01   1.004273e+00   1.820016e-04   5.244724e-02   564
  5.418405e-01   8.853575e-01   1.742006e-04   4.192220e-02   600
  5.428119e-01   8.849066e-01   2.428192e-04   3.461136e-02   876
  5.435417e-01   8.246399e-01   1.091788e-04   6.554607e-02   264
  5.445477e-01   8.452108e-01   2.118499e-04   4.073782e-02   560
  5.453563e-01   9.224043e-01   1.439565e-04   3.665230e-02   840
  5.463378e-01   8.569359e-01   2.219395e-04   3.323550e-02   1008
  5.472454e-01   7.215545e-01   9.928084e-05   3.847223e-02   456
  5.480744e-01   9.360012e-01   1.286043e-04   4.403856e-02   576
  5.488407e-01   9.332591e-01   1.976142e-04   4.148813e-02   612
  5.498512e-01   9.039684e-01   1.765015e-04   3.834364e-02   780
  5.506755e-01   9.537870e-01   2.022627e-04   4.447240e-02   648
  5.515194e-01   8.383842e-01   9.425702e-05   6.878921e-02   312
  5.520587e-01   8.652605e-01   2.394916e-04   4.732593e-02   528
  5.529931e-01   7.739337e-01   3.127641e-04   3.329827e-02   720
  5.538866e-01   9.114211e-01   3.137436e-04   4.889190e-02   576
  5.549699e-01   8.648324e-01   2.706443e-04   4.596471e-02   444
  5.556439e-01   8.832920e-01   2.654148e-04   3.110027e-02   996
  5.564699e-01   8.951557e-01   2.217012e-04   4.785759e-02   432
  5.572506e-01   9.934054e-01   2.427192e-04   4.778199e-02   504
  5.579250e-01   7.017351e-01   1.094306e-04   3.567537e-02   504
  5.588852e-01   9.585213e-01   2.153608e-04   3.404243e-02   876
  5.597541e-01   7.409618e-01   2.478597e-04   3.908806e-02   504
  5.606589e-01   9.096531e-01   1.580720e-04   4.000564e-02   696
  5.614066e-01   9.583401e-01   1.351349e-04   4.819317e-02   492
  5.624240e-01   8.791462e-01   1.934522e-04   4.983015e-02   432
  5.631776e-01   9.425221e-01   1.811468e-04   3.713467e-02   768
  5.640708e-01   8.640436e-01   2.256427e-04   4.533533e-02   648
  5.649237e-01   8.387297e-01   1.472076e-04   4.509798e-02   456
  5.659038e-01   9.837295e-01   2.024344e-04   5.067611e-02   552
  5.665845e-01   8.808528e-01   1.387487e-04   3.871494e-02   648
  5.675213e-01   7.809493e-01   2.261525e-04   3.032104e-02   840
  5.684363e-01   8.100300e-01   1.078474e-04   4.359165e-02   432
  5.693524e-01   8.759038e-01   1.320946e-04   4.222063e-02   600
  5.699896e-01   7.981023e-01   1.407382e-04   4.186849e-02   432
  5.710598e-01   9.075521e-01   1.401185e-04   4.158628e-02   560
  5.717846e-01   8.701265e-01   2.217929e-04   3.496452e-02   840
  5.726922e-01   9.420600e-01   1.313712e-04   4.797207e-02   504
  5.734129e-01   8.045823e-01   2.681208e-04   3.595991e-02   696
  5.744289e-01   1.027937e+00   1.464380e-04   5.915777e-02   384
  5.752203e-01   8.010163e-01   2.145144e-04   3.564228e-02   576
  5.761776e-01   8.191634e-01   1.323876e-04   4.546883e-02   360
  5.769491e-01   8.118705e-01   1.971572e-04   3.423523e-02   828
  5.777814e-01   8.492108e-01   1.756051e-04   4.994579e-02   372
  5.785440e-01   8.343554e-01   2.681827e-04   3.995245e-02   576
  5.795542e-01   8.640937e-01   1.123146e-04   3.914892e-02   636
  5.802740e-01   8.089838e-01   2.165136e-04   3.338147e-02   648
  5.812477e-01   8.406574e-01   1.760019e-04   3.813838e-02   576
  5.819467e-01   8.636544e-01   2.839096e-04   4.166491e-02   528
  5.828762e-01   9.379150e-01   1.213831e-04   6.938945e-02   360
  5.836457e-01   8.101883e-01   2.792266e-04   3.295127e-02   672
  5.846504e-01   9.349567e-01   1.430245e-04   3.469742e-02   804
  5.854866e-01   8.512567e-01   1.577731e-04   4.420692e-02   408
  5.864116e-01   8.119929e-01   9.752092e-05   4.402982e-02   384
  5.870345e-01   7.606411e-01   2.231653e-04   4.075753e-02   480
  5.879130e-01   8.658085e-01   1.441975e-04   4.323250e-02   432
  5.887557e-01   8.664815e-01   2.657252e-04   3.614792e-02   648
  5.897530e-01   8.219154e-01   1.648813e-04   3.881251e-02   624
  5.904826e-01   8.437650e-01   1.499734e-04   4.932366e-02   456
  5.914788e-01   8.858021e-01   2.048770e-04   3.958764e-02   588
  5.921465e-01   8.078484e-01   1.307107e-04   3.737558e-02   600
  5.931212e-01   8.133174e-01   2.038766e-04   3.488596e-02   708
  5.938912e-01   8.819575e-01   1.284383e-04   5.113388e-02   360
  5.947420e-01   8.920004e-01   1.476433e-04   3.993970e-02   552
  5.955576e-01   7.946973e-01   1.035752e-04   5.009440e-02   288
  5.963856e-01   8.476840e-01   1.947498e-04   4.578417e-02   528
  5.971636e-01   8.254174e-01   1.313872e-04   4.266358e-02   456
  5.980328e-01   8.418823e-01   2.329780e-04   3.808372e-02   608
  5.989070e-01   7.239454e-01   1.127174e-04   3.572359e-02   504
  5.998623e-01   7.636679e-01   2.419978e-04   3.177403e-02   540
  6.006113e-01   8.119764e-01   2.597778e-04   5.000651e-02   360
  6.014188e-01   8.446144e-01   1.176407e-04   4.318138e-02   540
  6.021329e-01   8.035666e-01   1.010085e-04   3.344953e-02   576
  6.031714e-01   8.619682e-01   2.342044e-04   4.004853e-02   588
  6.041588e-01   8.488131e-01   3.231314e-04   3.675812e-02   672
  6.050070e-01   8.864437e-01   2.469721e-04   4.085412e-02   552
  6.056908e-01   9.019092e-01   2.470970e-04   8.239826e-02   144
  6.065633e-01   1.000088e+00   2.099342e-04   4.867359e-02   600
  6.073906e-01   7.745976e-01   2.630934e-04   3.717536e-02   504
  6.083088e-01   9.600421e-01   2.702501e-04   4.898423e-02   336
  6.092745e-01   7.774402e-01   3.037623e-04   3.326576e-02   600
  6.101395e-01   8.148986e-01   1.960382e-04   3.705445e-02   636
  6.110731e-01   7.910731e-01   1.576165e-04   4.136182e-02   384
  6.117276e-01   9.405948e-01   2.198564e-04   4.407338e-02   504
  6.126710e-01   8.043977e-01   9.227064e-05   6.544721e-02   240
  6.134155e-01   8.566943e-01   2.167569e-04   3.552083e-02   744
  6.143088e-01   8.482172e-01   1.480120e-04   4.289331e-02   648
  6.151027e-01   9.942146e-01   9.825476e-05   8.466004e-02   120
  6.160331e-01   8.602912e-01   1.543455e-04   4.182792e-02   564
  6.167362e-01   9.369654e-01   2.424089e-04   5.141759e-02   432
  6.176746e-01   8.846593e-01   1.881572e-04   4.451917e-02   480
  6.183811e-01   7.529082e-01   1.384885e-04   3.735653e-02   456
  6.192152e-01   8.557178e-01   2.291780e-04   3.951171e-02   444
  6.201616e-01   7.812979e-01   3.506544e-04   3.965144e-02   528
  6.209930e-01   7.736919e-01   2.604238e-04   5.459227e-02   264
  6.217998e-01   8.870120e-01   2.668956e-04   5.102632e-02   444
  6.228852e-01   9.519927e-01   2.923449e-04   3.917997e-02   696
  6.237861e-01   9.870812e-01   1.563558e-04   5.821262e-02   384
  6.244450e-01   8.356357e-01   1.975687e-04   4.601711e-02   432
  6.254698e-01   8.337638e-01   1.365107e-04   4.788767e-02   488
  6.261352e-01   9.496272e-01   2.057386e-04   5.252196e-02   480
  6.270999e-01   9.145727e-01   2.294412e-04   4.338307e-02   480
  6.278471e-01   8.389363e-01   9.626648e-05   5.520948e-02   240
  6.286954e-01   8.367362e-01   2.248709e-04   4.070982e-02   600
  6.294955e-01   8.432811e-01   1.959519e-04   5.490671e-02   288
  6.303474e-01   8.689879e-01   1.884914e-04   4.762591e-02   480
  6.312103e-01   7.950137e-01   3.352926e-04   3.753205e-02   504
  6.320598e-01   7.898359e-01   1.438614e-04   6.086759e-02   216
  6.331433e-01   8.504086e-01   2.355240e-04   4.115663e-02   504
  6.339871e-01   9.202304e-01   1.894329e-04   4.825647e-02   456
  6.349107e-01   8.657055e-01   1.086430e-04   5.318372e-02   384
  6.355225e-01   8.855880e-01   2.205061e-04   4.783923e-02   480
  6.363918e-01   7.196661e-01   1.936290e-04   4.019156e-02   504
  6.371972e-01   8.574268e-01   1.228262e-04   5.619654e-02   312
  6.380652e-01   8.417876e-01   1.979302e-04   5.062063e-02   492
  6.388334e-01   1.002877e+00   1.855135e-04   6.983563e-02   312
  6.398223e-01   8.043028e-01   3.013519e-04   3.745582e-02   576
  6.406929e-01   8.307666e-01   2.781722e-04   5.099776e-02   336
  6.414159e-01   8.311794e-01   2.141797e-04   7.190368e-02   240
  6.424183e-01   1.007377e+00   2.839481e-04   5.699492e-02   468
  6.432837e-01   1.020585e+00   1.777925e-04   7.012964e-02   192
  6.441896e-01   1.029691e+00   1.783224e-04   6.972632e-02   324
  6.448535e-01   8.589256e-01   1.294235e-04   3.959105e-02   600
  6.457583e-01   1.051027e+00   2.099764e-04   5.781844e-02   456
  6.464302e-01   8.637406e-01   9.444737e-05   6.079272e-02   336
  6.475438e-01   9.454698e-01   2.828021e-04   4.471290e-02   612
  6.483539e-01   8.138688e-01   2.373399e-04   8.182348e-02   144
  6.491201e-01   9.654531e-01   2.770366e-04   4.507741e-02   552
  6.501620e-01   8.011992e-01   1.091004e-04   5.440639e-02   264
  6.507507e-01   9.405248e-01   2.525953e-04   5.850496e-02   336
  6.516793e-01   9.040952e-01   1.669063e-04   4.939335e-02   384
  6.524847e-01   8.613048e-01   9.395175e-05   7.230843e-02   216
  6.533762e-01   8.924124e-01   1.991971e-04   5.021413e-02   344
  6.541891e-01   8.801602e-01   2.972114e-04   4.680512e-02   408
  6.551797e-01   8.346105e-01   2.283876e-04   6.852174e-02   264
  6.560575e-01   9.620387e-01   3.183837e-04   4.695455e-02   612
  6.569345e-01   1.023810e+00   1.638646e-04   5.586711e-02   408
  6.578364e-01   9.507398e-01   1.641001e-04   4.793488e-02   444
  6.584991e-01   1.236861e+00   9.177996e-05   1.138058e-01   120
  6.593870e-01   1.126847e+00   2.535712e-04   7.776781e-02   336
  6.600460e-01   9.484666e-01   8.811499e-05   6.735369e-02   288
  6.609366e-01   9.075792e-01   2.742154e-04   4.506817e-02   552
  6.621610e-01   1.244928e+00   0.000000e+00   1.339760e-01   72
  6.627906e-01   8.269978e-01   2.723657e-04   4.113017e-02   504
  6.635259e-01   6.853238e-01   8.764464e-05   5.332796e-02   216
  6.644787e-01   8.641313e-01   1.564835e-04   6.180087e-02   312
  6.653340e-01   8.372139e-01   1.781811e-04   4.405253e-02   336
  6.661492e-01   6.824848e-01   2.469789e-04   4.949662e-02   204
  6.669611e-01   9.598300e-01   2.870270e-04   5.213838e-02   504
  6.678221e-01   1.077388e+00   2.733322e-04   6.378319e-02   396
  6.686501e-01   1.126991e+00   2.506599e-04   7.390006e-02   312
  6.696540e-01   9.318947e-01   1.531800e-04   7.393347e-02   216
  6.703613e-01   8.383861e-01   8.313373e-05   7.463322e-02   168
  6.712208e-01   1.034893e+00   2.099173e-04   5.074935e-02   588
  6.722017e-01   7.733670e-01   2.849381e-04   5.083542e-02   240
  6.729637e-01   7.129061e-01   2.516481e-04   4.893204e-02   264
  6.738575e-01   9.323060e-01   3.112147e-04   9.202044e-02   288
  6.746505e-01   9.196266e-01   1.554077e-04   6.110999e-02   288
  6.756555e-01   8.715629e-01   1.459525e-04   6.008463e-02   288
  6.763322e-01   8.466362e-01   1.690738e-04   8.214426e-02   192
  6.771836e-01   8.445733e-01   1.799115e-04   5.495952e-02   264
  6.779946e-01   1.206753e+00   2.959295e-04   7.264022e-02   372
  6.788675e-01   1.036559e+00   3.196167e-04   7.416827e-02   360
  6.799329e-01   9.672957e-01   1.352648e-04   8.969177e-02   144
  6.804835e-01   1.039710e+00   1.878769e-04   6.588269e-02   296
  6.813527e-01   8.123281e-01   2.024276e-04   4.907361e-02   288
  6.823478e-01   8.866592e-01   3.025230e-04   4.883314e-02   480
  6.832061e-01   8.703557e-01   2.513677e-04   7.828185e-02   192
  6.840407e-01   9.754165e-01   2.696262e-04   7.532914e-02   192
  6.847993e-01   7.472905e-01   1.718359e-04   5.246715e-02   288
  6.858544e-01   9.373361e-01   1.495808e-04   8.363606e-02   108
  6.863859e-01   1.134083e+00   1.438036e-04   7.725458e-02   240
  6.873243e-01   8.047743e-01   2.682690e-04   4.208718e-02   384
  6.882884e-01   9.914539e-01   3.272578e-04   1.271515e-01   108
  6.891409e-01   1.249813e+00   1.918773e-04   7.810026e-02   348
  6.900373e-01   1.080321e+00   2.002507e-04   8.376808e-02   312
  6.908379e-01   1.045882e+00   1.945855e-04   1.361057e-01   96
  6.915741e-01   8.865161e-01   2.590555e-04   4.868023e-02   384
  6.923987e-01   1.061375e+00   1.781778e-04   1.365012e-01   144
  6.932053e-01   9.507594e-01   2.737780e-04   5.480400e-02   408
  6.942079e-01   6.848056e-01   1.221243e-04   5.742453e-02   144
  6.951550e-01   1.007123e+00   2.347853e-04   8.663236e-02   192
  6.957167e-01   1.239073e+00   2.642552e-04   1.205197e-01   144
  6.966323e-01   8.176048e-01   2.148492e-04   8.300148e-02   144
  6.974962e-01   1.050726e+00   2.625805e-04   6.782367e-02   336
  6.985541e-01   8.392507e-01   1.942763e-04   6.273087e-02   240
  6.992249e-01   9.279636e-01   8.821915e-05   1.281028e-01   96
  7.001605e-01   1.100337e+00   2.587043e-04   6.546309e-02   372
  7.011070e-01   9.928133e-01   3.077232e-04   1.369250e-01   132
  7.019384e-01   8.764046e-01   1.904154e-04   5.239994e-02   264
  7.026821e-01   9.126450e-01   1.462304e-04   6.743158e-02   168
  7.034759e-01   9.991366e-01   2.337943e-04   6.760807e-02   216
  7.041771e-01   9.711476e-01   1.430383e-04   8.241963e-02   216
  7.051983e-01   7.930132e-01   2.624157e-04   6.885858e-02   96
  7.061249e-01   1.119033e+00   1.712023e-04   1.137076e-01   120
  7.069747e-01   9.006332e-01   2.176463e-04   6.582706e-02   216
  7.076747e-01   9.991500e-01   9.511215e-05   8.084394e-02   200
  7.086015e-01   8.518367e-01   2.462045e-04   6.089903e-02   288
  7.097902e-01   7.909302e-01   6.478119e-05   7.916051e-02   144
  7.102908e-01   1.031357e+00   2.015951e-04   8.570993e-02   168
  7.113130e-01   1.043993e+00   2.268765e-04   9.321843e-02   159
  7.121109e-01   9.024876e-01   2.380480e-04   6.804245e-02   174
  7.128831e-01   7.814098e-01   2.158536e-04   6.546945e-02   144
  7.138943e-01   1.318010e+00   1.246398e-04   1.223345e-01   222
  7.145705e-01   8.963602e-01   1.257726e-04   7.555902e-02   168
  7.157386e-01   1.530163e+00   2.758677e-04   3.213461e-01   30
  7.162211e-01   5.478956e-01   2.435709e-04   6.694131e-02   72
  7.171298e-01   8.414725e-01   2.173841e-04   5.462338e-02   258
  7.181290e-01   8.499713e-01   1.361533e-04   6.053459e-02   264
  7.186286e-01   8.372475e-01   1.468278e-08   1.340544e-01   72
  7.196697e-01   1.006817e+00   2.698616e-04   8.683394e-02   174
  7.206123e-01   9.771813e-01   2.873527e-04   8.381535e-02   168
  7.213701e-01   7.611887e-01   8.991328e-09   1.183320e-01   48
  7.221837e-01   8.509751e-01   1.622748e-04   7.034339e-02   150
  7.231270e-01   1.000281e+00   2.985162e-04   1.057192e-01   168
  7.240729e-01   7.989223e-01   1.818422e-04   7.418226e-02   144
  7.249427e-01   1.173436e+00   1.698820e-04   1.598840e-01   102
  7.255906e-01   6.133287e-01   2.514545e-04   6.086901e-02   96
  7.266185e-01   7.817314e-01   2.495518e-04   8.050872e-02   120
  7.273797e-01   8.267841e-01   2.676508e-04   7.017101e-02   168
  7.282031e-01   1.159221e+00   1.976389e-04   1.428183e-01   126
  7.289046e-01   8.612001e-01   1.490593e-04   7.042600e-02   168
  7.298711e-01   6.171487e-01   2.390167e-04   7.156718e-02   72
  7.307158e-01   9.543390e-01   2.993022e-04   9.213058e-02   168
  7.314557e-01   1.203423e+00   8.205344e-05   1.545329e-01   78
  7.324696e-01   8.192835e-01   1.347256e-04   1.326982e-01   60
  7.332860e-01   9.599846e-01   2.185468e-04   1.096704e-01   96
  7.341327e-01   1.067798e+00   2.651884e-04   1.051302e-01   168
  7.349284e-01   9.019166e-01   1.678009e-04   1.222264e-01   86
  7.357634e-01   6.817390e-01   1.499742e-04   7.363734e-02   120
  7.369601e-01   9.959102e-01   1.069515e-04   8.762426e-02   168
  7.376055e-01   8.946885e-01   0.000000e+00   9.898473e-02   48
  7.384747e-01   8.998009e-01   1.948541e-04   8.126309e-02   120
  7.389742e-01   8.423990e-01   1.421539e-04   8.819183e-02   126
  7.401935e-01   1.212422e+00   2.500091e-04   1.424214e-01   96
  7.409848e-01   9.734915e-01   7.209028e-05   8.989090e-02   96
  7.416089e-01   7.791059e-01   8.477105e-09   8.332096e-02   72
  7.429385e-01   7.730543e-01   8.991328e-09   1.183214e-01   24
  7.437683e-01   8.418303e-01   1.483601e-04   8.411913e-02   120
  7.444157e-01   9.530138e-01   2.164118e-04   1.078701e-01   126
  7.451355e-01   9.009334e-01   1.804085e-04   8.308783e-02   96
  7.459766e-01   6.981044e-01   3.117986e-04   9.268500e-02   72
  7.469132e-01   8.973156e-01   1.348634e-04   7.520599e-02   144
  7.476836e-01   6.370847e-01   7.778603e-05   6.675446e-02   72
  7.484533e-01   8.446256e-01   1.553665e-04   1.233148e-01   54
  7.491306e-01   7.915542e-01   1.369149e-04   7.155522e-02   108
  7.505382e-01   8.082320e-01   1.342120e-04   1.032453e-01   72
  7.509765e-01   1.088209e+00   7.744493e-05   1.027632e-01   72
  7.520162e-01   1.511068e+00   1.557344e-08   2.089455e-01   24
  7.529998e-01   8.313286e-01   1.638381e-04   1.400477e-01   48
  7.535971e-01   7.717210e-01   1.248023e-04   7.090077e-02   102
  7.544963e-01   9.966455e-01   2.822510e-04   8.059197e-02   168
  7.556711e-01   8.040024e-01   1.539331e-04   1.159086e-01   72
  7.561064e-01   7.342797e-01   0.000000e+00   1.098390e-01   48
  7.570195e-01   1.138728e+00   2.647743e-04   1.053740e-01   120
  7.582245e-01   9.203168e-01   1.627091e-04   1.183685e-01   96
  7.593627e-01   1.322340e+00   1.438612e-08   3.045415e-01   30
  7.607153e-01   1.025798e+00   7.644796e-05   1.261822e-01   72
  7.613097e-01   1.328729e+00   8.991328e-09   2.895624e-01   24
  7.620733e-01   7.028093e-01   1.133148e-04   1.036998e-01   56
  7.629285e-01   8.293583e-01   1.617059e-04   8.854001e-02   96
  7.639519e-01   9.797772e-01   1.785629e-04   8.131243e-02   144
  7.647411e-01   7.475171e-01   1.013810e-04   1.006936e-01   54
  7.658874e-01   9.836001e-01   1.518795e-04   1.158015e-01   108
  7.670409e-01   9.510190e-01   8.041947e-05   1.202216e-01   48
  7.681392e-01   9.129440e-01   3.028050e-04   1.294334e-01   72
  7.707744e-01   1.143496e+00   2.000642e-04   1.420360e-01   78
  7.715046e-01   8.930210e-01   1.507735e-04   1.119949e-01   72
  7.723570e-01   7.653054e-01   1.505863e-04   9.504417e-02   72
  7.732482e-01   1.198601e+00   3.633813e-04   1.510726e-01   96
  7.739527e-01   1.111591e+00   1.502759e-04   1.134490e-01   72
  7.748024e-01   5.361516e-01   0.000000e+00   1.060577e-01   24
  7.756510e-01   1.050339e+00   2.998733e-04   1.174898e-01   72
  7.775680e-01   9.624169e-01   1.904287e-04   1.802085e-01   30
  7.779804e-01   1.369500e+00   0.000000e+00   2.450292e-01   24
  7.801973e-01   8.212843e-01   1.581267e-04   1.369341e-01   48
  7.808927e-01   8.312745e-01   3.402886e-04   6.597426e-02   120
  7.818296e-01   7.467525e-01   1.487821e-04   8.688348e-02   72
  7.827758e-01   6.586745e-01   1.486022e-04   9.995608e-02   36
  7.834261e-01   1.078215e+00   2.937071e-04   1.341066e-01   78
  7.852411e-01   7.675912e-01   1.571111e-04   9.780650e-02   48
  7.875942e-01   1.164065e+00   1.271566e-08   2.636059e-01   24
  7.892707e-01   9.350892e-01   1.094089e-04   1.217304e-01   56
  7.901149e-01   9.741722e-01   1.683597e-04   9.995007e-02   102
  7.911888e-01   1.131892e+00   1.198844e-08   1.331831e-01   72
  7.918122e-01   1.157723e+00   8.991328e-09   2.032048e-01   24
  7.929021e-01   1.064893e+00   1.555930e-04   1.660688e-01   48
  7.949223e-01   5.653832e-01   0.000000e+00   1.026748e-01   24
  7.974016e-01   4.451840e-01   0.000000e+00   1.268233e-01   6
  7.981748e-01   1.305791e+00   0.000000e+00   2.890769e-01   24
  7.986898e-01   8.862094e-01   1.456409e-04   1.182770e-01   72
  7.996307e-01   9.739094e-01   2.717068e-04   1.189231e-01   84
  8.006440e-01   8.230049e-01   0.000000e+00   1.569379e-01   24
  8.009521e-01   1.047196e+00   1.271566e-08   2.106586e-01   24
  8.024909e-01   9.649756e-01   1.557344e-08   2.552098e-01   24
  8.046403e-01   9.821916e-01   0.000000e+00   2.656206e-01   6
  8.073954e-01   1.270980e+00   1.528000e-04   1.966165e-01   48
  8.080572e-01   1.146505e+00   2.878503e-04   1.191385e-01   72
  8.089220e-01   9.968181e-01   1.525117e-04   1.403164e-01   48
  8.102934e-01   1.503545e+00   0.000000e+00   2.362742e-01   24
  8.121184e-01   7.313952e-01   0.000000e+00   2.110960e-01   6
  8.162097e-01   2.186009e+00   0.000000e+00   2.075784e-01   8
  8.165120e-01   1.083246e+00   8.991328e-09   1.415482e-01   48
  8.172369e-01   1.315248e+00   1.479045e-04   1.805153e-01   60
  8.183231e-01   8.592501e-01   0.000000e+00   2.321329e-01   24
  8.198293e-01   6.976178e-01   0.000000e+00   1.904575e-01   6
  8.253784e-01   9.330661e-01   0.000000e+00   1.525906e-01   24
  8.258266e-01   9.671173e-01   1.493898e-04   1.017945e-01   48
  8.265733e-01   8.681124e-01   0.000000e+00   1.932849e-01   24
  8.277664e-01   7.690134e-01   0.000000e+00   1.797019e-01   6
  8.345448e-01   1.207693e+00   1.393664e-04   1.972779e-01   36
  8.350375e-01   1.243979e+00   0.000000e+00   3.380657e-01   24
  8.359234e-01   1.531505e+00   0.000000e+00   1.136822e-01   6
  8.436361e-01   1.361104e+00   1.266552e-04   2.024543e-01   32
  8.442939e-01   2.275045e+00   0.000000e+00   1.475964e-01   6
  8.525822e-01   1.293460e+00   0.000000e+00   2.998757e-01   12
  8.528715e-01   8.437358e-01   0.000000e+00   7.834959e-02   6
  8.616502e-01   7.938565e-01   0.000000e+00   1.990950e-01   6
