# power spectrum of phi
# redshift z=10.000000
# k              Pk             sigma(k)       sigma(Pk)      count
  4.487990e-03   3.434029e-10   0.000000e+00   1.384271e-10   6
  6.346976e-03   1.997169e-10   0.000000e+00   3.985296e-11   12
  7.773426e-03   1.498221e-10   8.514949e-11   3.052256e-11   8
  8.975979e-03   5.092925e-10   0.000000e+00   5.476774e-11   6
  1.003545e-02   3.513825e-10   1.605594e-10   1.119943e-10   24
  1.099328e-02   4.981339e-10   1.605594e-10   8.398425e-11   24
  1.269395e-02   2.211254e-10   0.000000e+00   9.944076e-11   12
  1.346397e-02   2.551513e-10   1.816523e-10   4.660793e-11   30
  1.419227e-02   3.277643e-10   0.000000e+00   7.221089e-11   24
  1.488498e-02   2.946188e-10   2.780971e-10   7.311875e-11   24
  1.554685e-02   3.321462e-10   1.702990e-10   6.729331e-11   8
  1.618168e-02   2.868483e-10   2.270653e-10   3.572992e-11   24
  1.679252e-02   2.666295e-10   0.000000e+00   3.749601e-11   48
  1.795196e-02   3.335560e-10   0.000000e+00   1.467390e-10   6
  1.850445e-02   2.541746e-10   2.270653e-10   3.548388e-11   48
  1.904093e-02   2.374129e-10   2.140792e-10   2.495550e-11   36
  1.956269e-02   3.263078e-10   2.270653e-10   6.834093e-11   24
  2.007090e-02   1.976784e-10   3.211188e-10   3.388350e-11   24
  2.056655e-02   1.745569e-10   0.000000e+00   2.368064e-11   48
  2.105054e-02   2.566307e-10   3.211188e-10   3.652553e-11   24
  2.198657e-02   2.081571e-10   3.211188e-10   3.269718e-11   24
  2.243995e-02   1.420403e-10   0.000000e+00   2.322113e-11   30
  2.288435e-02   1.531927e-10   0.000000e+00   1.665496e-11   72
  2.332028e-02   1.561390e-10   3.405980e-10   3.216429e-11   32
  2.416856e-02   1.911743e-10   0.000000e+00   2.184393e-11   72
  2.458173e-02   1.224951e-10   0.000000e+00   1.793359e-11   48
  2.538790e-02   6.086257e-11   0.000000e+00   1.806653e-11   12
  2.578154e-02   1.208383e-10   0.000000e+00   1.808775e-11   48
  2.616925e-02   1.048067e-10   0.000000e+00   1.030170e-11   48
  2.655130e-02   1.416298e-10   3.211188e-10   1.790646e-11   48
  2.692794e-02   1.671922e-10   3.633045e-10   2.927334e-11   30
  2.729937e-02   1.680149e-10   0.000000e+00   3.774964e-11   24
  2.766583e-02   1.588784e-10   6.769780e-10   1.676196e-11   72
  2.838454e-02   9.689166e-11   0.000000e+00   1.841180e-11   24
  2.873715e-02   1.351395e-10   0.000000e+00   1.299757e-11   96
  2.908550e-02   1.015789e-10   0.000000e+00   1.356301e-11   48
  2.942972e-02   8.228152e-11   5.561942e-10   2.015978e-11   24
  2.976995e-02   6.483526e-11   5.561942e-10   1.333641e-11   24
  3.010635e-02   1.456718e-10   0.000000e+00   1.777818e-11   72
  3.043903e-02   1.136726e-10   0.000000e+00   1.749844e-11   48
  3.109370e-02   8.626035e-11   3.405980e-10   2.551865e-11   8
  3.141593e-02   1.426055e-10   4.036717e-10   1.778369e-11   54
  3.173488e-02   8.963574e-11   0.000000e+00   1.500613e-11   84
  3.205066e-02   1.062149e-10   0.000000e+00   1.550003e-11   48
  3.236335e-02   6.229482e-11   4.541306e-10   1.107169e-11   24
  3.267306e-02   8.523934e-11   6.055075e-10   9.986551e-12   72
  3.297985e-02   1.095115e-10   0.000000e+00   1.230272e-11   96
  3.358504e-02   1.382404e-10   0.000000e+00   1.509596e-11   48
  3.388358e-02   7.750091e-11   0.000000e+00   7.355801e-12   48
  3.417951e-02   7.237533e-11   0.000000e+00   1.409877e-11   24
  3.447290e-02   7.681858e-11   0.000000e+00   8.450815e-12   72
  3.505232e-02   7.272882e-11   0.000000e+00   8.528411e-12   72
  3.533846e-02   7.450141e-11   0.000000e+00   8.501070e-12   96
  3.590392e-02   1.271960e-10   0.000000e+00   5.571055e-11   6
  3.618333e-02   8.463150e-11   0.000000e+00   8.678692e-12   96
  3.646060e-02   8.620749e-11   4.541306e-10   9.166477e-12   96
  3.673578e-02   5.489710e-11   0.000000e+00   1.307424e-11   24
  3.700891e-02   6.323796e-11   4.541306e-10   7.134920e-12   48
  3.728004e-02   6.575400e-11   0.000000e+00   6.578140e-12   96
  3.754921e-02   6.389475e-11   0.000000e+00   8.659433e-12   48
  3.808185e-02   6.322872e-11   4.281585e-10   1.114712e-11   36
  3.834540e-02   6.327899e-11   7.865773e-10   7.762816e-12   48
  3.860715e-02   6.825550e-11   8.899106e-10   6.078268e-12   120
  3.886713e-02   5.716651e-11   0.000000e+00   7.465975e-12   56
  3.912539e-02   3.079946e-11   4.541306e-10   5.399337e-12   24
  3.938195e-02   4.681887e-11   0.000000e+00   4.210308e-12   96
  3.963685e-02   4.763669e-11   0.000000e+00   6.122428e-12   48
  4.014180e-02   6.459062e-11   6.422377e-10   1.199693e-11   24
  4.039191e-02   6.423483e-11   0.000000e+00   6.416874e-12   102
  4.064047e-02   7.730178e-11   4.541306e-10   1.184894e-11   48
  4.088753e-02   6.292649e-11   0.000000e+00   6.617561e-12   72
  4.113310e-02   5.601621e-11   0.000000e+00   5.637720e-12   48
  4.137722e-02   6.744427e-11   0.000000e+00   1.226786e-11   48
  4.161990e-02   5.259515e-11   1.027580e-09   5.061771e-12   120
  4.210107e-02   6.529640e-11   6.422377e-10   1.083802e-11   24
  4.233961e-02   4.417184e-11   6.055075e-10   3.744071e-12   144
  4.257681e-02   4.396631e-11   7.266090e-10   4.387852e-12   120
  4.281269e-02   4.144472e-11   6.422377e-10   5.819548e-12   48
  4.328060e-02   5.027187e-11   6.422377e-10   6.712203e-12   48
  4.351267e-02   4.189138e-11   6.422377e-10   4.142900e-12   96
  4.412543e-02   4.991274e-11   1.076845e-04   5.713225e-12   72
  4.442883e-02   4.005519e-11   5.708779e-10   2.989679e-12   108
  4.465493e-02   4.423189e-11   0.000000e+00   4.767134e-12   72
  4.487990e-02   3.138902e-11   0.000000e+00   6.979749e-12   30
  4.510374e-02   4.665970e-11   0.000000e+00   3.548687e-12   168
  4.532647e-02   5.520274e-11   0.000000e+00   6.942215e-12   48
  4.576869e-02   3.319934e-11   0.000000e+00   4.077000e-12   72
  4.598821e-02   4.631107e-11   0.000000e+00   4.488388e-12   96
  4.620668e-02   4.128073e-11   1.211015e-09   6.351513e-12   72
  4.642412e-02   4.605255e-11   0.000000e+00   5.008781e-12   72
  4.678970e-02   4.443793e-11   9.942967e-05   3.667548e-12   104
  4.707043e-02   3.993241e-11   8.563169e-10   3.046858e-12   144
  4.770798e-02   2.851247e-11   1.436087e-09   2.778782e-12   96
  4.791862e-02   2.578982e-11   0.000000e+00   2.679359e-12   96
  4.825361e-02   3.797966e-11   1.022910e-04   3.519701e-12   120
  4.854503e-02   3.281846e-11   0.000000e+00   2.928248e-12   120
  4.875204e-02   3.997637e-11   0.000000e+00   4.343145e-12   72
  4.916346e-02   4.369216e-11   0.000000e+00   5.806552e-12   48
  4.936788e-02   3.984216e-11   1.117860e-09   4.954988e-12   78
  4.962939e-02   4.326909e-11   9.159181e-05   3.518436e-12   168
  5.017725e-02   3.879604e-11   1.048770e-09   3.318495e-12   144
  5.037756e-02   4.525406e-11   8.563169e-10   3.341278e-12   144
  5.095853e-02   3.602276e-11   5.274950e-05   3.372358e-12   156
  5.117095e-02   3.068445e-11   1.112388e-09   6.272758e-12   48
  5.136739e-02   3.279283e-11   7.266090e-10   3.008199e-12   120
  5.156307e-02   2.105723e-11   0.000000e+00   2.151070e-12   48
  5.190908e-02   3.377732e-11   8.074274e-05   2.520997e-12   216
  5.233850e-02   2.432331e-11   0.000000e+00   2.768866e-12   48
  5.253057e-02   2.632088e-11   6.422377e-10   2.254797e-12   96
  5.280366e-02   2.984772e-11   9.436050e-05   2.677888e-12   168
  5.310261e-02   2.347550e-11   6.422377e-10   3.373348e-12   48
  5.329192e-02   3.444833e-11   0.000000e+00   3.502937e-12   96
  5.348057e-02   2.516422e-11   0.000000e+00   4.572805e-12   48
  5.385587e-02   3.471408e-11   7.266090e-10   4.106786e-12   30
  5.404255e-02   2.391893e-11   0.000000e+00   2.078184e-12   96
  5.426566e-02   2.941814e-11   7.415896e-05   2.114193e-12   240
  5.455256e-02   5.074918e-11   8.000683e-05   7.854350e-12   32
  5.478289e-02   2.123449e-11   0.000000e+00   1.617748e-12   168
  5.496642e-02   2.455990e-11   0.000000e+00   2.348851e-12   120
  5.533165e-02   2.244557e-11   1.353956e-09   2.942072e-12   72
  5.551336e-02   3.059807e-11   6.055075e-10   2.948894e-12   144
  5.569449e-02   2.379516e-11   0.000000e+00   2.277529e-12   96
  5.587502e-02   2.730957e-11   0.000000e+00   2.248063e-12   96
  5.623435e-02   3.900967e-11   0.000000e+00   4.929075e-12   72
  5.641315e-02   2.378699e-11   9.082613e-10   2.377815e-12   96
  5.676908e-02   3.209855e-11   0.000000e+00   5.895389e-12   24
  5.694620e-02   2.671695e-11   0.000000e+00   1.830715e-12   192
  5.715479e-02   2.496761e-11   6.789523e-05   1.993600e-12   132
  5.747431e-02   2.847850e-11   0.000000e+00   2.452332e-12   96
  5.764927e-02   1.716749e-11   0.000000e+00   1.747655e-12   96
  5.782370e-02   2.162167e-11   7.266090e-10   1.744522e-12   120
  5.817099e-02   2.371584e-11   0.000000e+00   3.235435e-12   48
  5.845566e-02   2.011102e-11   8.228355e-05   1.252751e-12   222
  5.868808e-02   2.445172e-11   0.000000e+00   2.311741e-12   120
  5.885943e-02   1.954695e-11   1.112388e-09   3.971951e-12   24
  5.910891e-02   2.921979e-11   8.492858e-05   1.799689e-12   312
  5.965251e-02   3.143663e-11   7.962394e-05   3.426141e-12   72
  5.987725e-02   2.068448e-11   1.112388e-09   2.381424e-12   96
  6.010802e-02   2.679891e-11   8.108596e-05   2.337610e-12   192
  6.037972e-02   2.126084e-11   1.027580e-09   2.392221e-12   120
  6.054629e-02   2.268108e-11   0.000000e+00   2.162799e-12   144
  6.087805e-02   2.149619e-11   0.000000e+00   3.069548e-12   48
  6.111387e-02   1.994831e-11   8.153477e-05   1.288686e-12   336
  6.137233e-02   2.202109e-11   0.000000e+00   2.801804e-12   48
  6.169965e-02   2.094317e-11   0.000000e+00   2.117839e-12   192
  6.186267e-02   1.708548e-11   0.000000e+00   2.071484e-12   48
  6.232604e-02   1.874852e-11   5.659583e-05   2.310797e-12   56
  6.255643e-02   2.034258e-11   7.268827e-05   1.138324e-12   336
  6.283185e-02   2.144355e-11   8.073433e-10   3.468799e-12   54
  6.307177e-02   1.983916e-11   7.983781e-05   1.349053e-12   240
  6.356985e-02   2.069724e-11   7.644534e-05   1.806403e-12   228
  6.378632e-02   2.011948e-11   8.563169e-10   2.619337e-12   72
  6.399644e-02   2.294976e-11   7.415385e-05   1.777021e-12   144
  6.425823e-02   2.041949e-11   0.000000e+00   1.985347e-12   96
  6.441477e-02   1.887890e-11   1.027580e-09   1.392920e-12   240
  6.472671e-02   1.496276e-11   9.082613e-10   2.789682e-12   24
  6.492641e-02   1.907550e-11   7.003773e-05   1.088628e-12   336
  6.519181e-02   1.338712e-11   0.000000e+00   1.575956e-12   72
  6.543408e-02   2.279466e-11   7.617900e-05   1.792647e-12   168
  6.565363e-02   1.782456e-11   0.000000e+00   1.831998e-12   72
  6.595971e-02   2.603258e-11   0.000000e+00   2.758714e-12   96
  6.619675e-02   1.469580e-11   7.560752e-05   1.053913e-12   216
  6.641618e-02   1.337840e-11   0.000000e+00   1.048727e-12   96
  6.671876e-02   1.673473e-11   9.082613e-10   1.066128e-12   192
  6.686954e-02   1.740208e-11   8.563169e-10   1.410473e-12   144
  6.717008e-02   1.378729e-11   0.000000e+00   1.771680e-12   48
  6.737816e-02   1.808348e-11   7.289453e-05   1.392264e-12   246
  6.766089e-02   2.166638e-11   6.720992e-05   1.835097e-12   168
  6.791561e-02   1.832629e-11   1.779821e-09   2.500122e-12   120
  6.806373e-02   1.486996e-11   0.000000e+00   1.165290e-12   240
  6.835902e-02   1.269251e-11   0.000000e+00   2.586493e-12   24
  6.859430e-02   1.580298e-11   7.194229e-05   9.456606e-13   360
  6.888731e-02   2.020331e-11   7.163615e-05   1.741361e-12   120
  6.909172e-02   1.640478e-11   0.000000e+00   1.426005e-12   144
  6.923733e-02   2.124404e-11   0.000000e+00   2.014838e-12   96
  6.967233e-02   1.693223e-11   0.000000e+00   1.291958e-12   144
  6.981673e-02   1.949880e-11   0.000000e+00   1.865984e-12   132
  7.001966e-02   1.435378e-11   7.070381e-05   1.148005e-12   176
  7.031425e-02   1.519521e-11   7.139661e-05   9.098895e-13   312
  7.067693e-02   1.876523e-11   0.000000e+00   2.607837e-12   96
  7.081928e-02   1.224428e-11   0.000000e+00   1.137527e-12   144
  7.103769e-02   1.603687e-11   7.068048e-05   1.052037e-12   312
  7.138584e-02   1.343458e-11   0.000000e+00   1.336998e-12   48
  7.152678e-02   1.313588e-11   9.082613e-10   9.340021e-13   192
  7.180783e-02   1.009102e-11   0.000000e+00   3.101812e-12   6
  7.199456e-02   1.277136e-11   6.592151e-05   7.705579e-13   288
  7.229701e-02   1.411541e-11   6.965036e-05   1.167725e-12   192
  7.250569e-02   1.292922e-11   2.136030e-09   8.890233e-13   216
  7.264446e-02   1.486960e-11   0.000000e+00   2.103578e-12   72
  7.299019e-02   1.473393e-11   6.898890e-05   1.434640e-12   192
  7.321980e-02   1.604732e-11   5.122797e-05   1.144454e-12   288
  7.347155e-02   1.182202e-11   0.000000e+00   2.315741e-12   24
  7.366606e-02   1.407890e-11   6.748859e-05   8.400322e-13   456
  7.401782e-02   1.051216e-11   0.000000e+00   1.843328e-12   48
  7.423517e-02   1.369140e-11   6.647357e-05   1.030328e-12   240
  7.448497e-02   1.629974e-11   6.717903e-05   1.145372e-12   216
  7.469503e-02   1.176656e-11   0.000000e+00   1.400230e-12   72
  7.482974e-02   1.042059e-11   2.321067e-09   9.034227e-13   168
  7.521008e-02   1.291086e-11   4.993319e-05   9.207853e-13   288
  7.542338e-02   1.396782e-11   6.607016e-05   1.128213e-12   168
  7.576598e-02   1.394817e-11   0.000000e+00   1.250862e-12   192
  7.589879e-02   1.025727e-11   8.563169e-10   7.576562e-13   144
  7.616371e-02   1.857770e-11   8.563169e-10   2.593803e-12   36
  7.638837e-02   1.023469e-11   6.033611e-05   6.254196e-13   342
  7.660318e-02   1.220557e-11   6.195787e-05   1.355092e-12   144
  7.687931e-02   1.260889e-11   6.497828e-05   8.403659e-13   384
  7.721429e-02   1.419172e-11   1.779821e-09   1.473507e-12   120
  7.738009e-02   1.376658e-11   5.794173e-05   8.445896e-13   264
  7.760459e-02   1.125155e-11   2.872174e-09   9.297519e-13   192
  7.781602e-02   1.056554e-11   6.244329e-05   8.512315e-13   152
  7.799294e-02   1.089023e-11   1.712634e-09   1.195087e-12   144
  7.836508e-02   8.373721e-12   4.041391e-05   6.736074e-13   216
  7.853733e-02   1.318822e-11   5.400376e-05   8.056759e-13   312
  7.884055e-02   1.102840e-11   6.258929e-05   7.299460e-13   240
  7.901921e-02   1.070707e-11   9.082613e-10   1.089124e-12   96
  7.935833e-02   7.520380e-12   5.983988e-05   6.167744e-13   144
  7.956734e-02   1.068983e-11   5.881734e-05   6.000135e-13   456
  7.990638e-02   7.171248e-12   0.000000e+00   4.955813e-13   120
  8.003232e-02   9.069730e-12   0.000000e+00   8.911648e-13   144
  8.028360e-02   7.683309e-12   1.284475e-09   1.262013e-12   24
  8.044470e-02   9.013136e-12   5.653709e-05   4.830196e-13   336
  8.072332e-02   9.053852e-12   6.235271e-05   7.139676e-13   198
  8.098439e-02   1.107251e-11   6.063443e-05   8.006663e-13   432
  8.128095e-02   1.671239e-11   1.816523e-09   1.998767e-12   48
  8.143566e-02   1.280947e-11   5.352971e-05   7.797828e-13   384
  8.171344e-02   9.904084e-12   6.162404e-05   1.048629e-12   144
  8.196515e-02   1.424971e-11   6.118458e-05   1.258783e-12   264
  8.226621e-02   7.896549e-12   0.000000e+00   7.598762e-13   48
  8.246820e-02   9.798350e-12   5.817654e-05   6.729509e-13   276
  8.266310e-02   9.483134e-12   5.273546e-05   9.053255e-13   192
  8.292356e-02   9.087577e-12   5.926306e-05   4.377511e-13   552
  8.323980e-02   6.933220e-12   1.453218e-09   8.162056e-13   120
  8.342777e-02   6.851768e-12   5.998883e-05   4.999875e-13   216
  8.360198e-02   7.764137e-12   1.453218e-09   6.381540e-13   120
  8.391317e-02   1.039420e-11   5.907428e-05   5.822446e-13   408
  8.420215e-02   4.170232e-12   1.284475e-09   5.497779e-13   24
  8.438134e-02   8.317785e-12   5.967566e-05   6.255270e-13   384
  8.463161e-02   5.950035e-12   5.830526e-05   3.967695e-13   240
  8.484893e-02   8.366355e-12   5.873223e-05   6.429761e-13   168
  8.515361e-02   5.764861e-12   0.000000e+00   6.140976e-13   120
  8.535003e-02   8.795645e-12   6.122527e-05   6.042362e-13   350
  8.566942e-02   9.721617e-12   1.007886e-04   7.036397e-13   384
  8.586029e-02   1.144901e-11   0.000000e+00   1.518428e-12   144
  8.621146e-02   7.474735e-12   1.211015e-09   6.313209e-13   288
  8.639482e-02   8.109265e-12   5.769264e-05   6.024104e-13   336
  8.664426e-02   6.986208e-12   5.252436e-05   6.052790e-13   168
  8.679359e-02   9.153095e-12   3.442699e-09   7.619285e-13   336
  8.710244e-02   6.183744e-12   5.451716e-05   4.067219e-13   288
  8.728795e-02   7.700993e-12   5.136910e-05   5.155986e-13   264
  8.760206e-02   7.073322e-12   0.000000e+00   5.613686e-13   240
  8.771695e-02   6.678699e-12   0.000000e+00   6.490145e-13   96
  8.812928e-02   8.414949e-12   6.985852e-05   6.111927e-13   360
  8.832172e-02   7.517598e-12   5.149772e-05   9.161042e-13   168
  8.856486e-02   6.922433e-12   5.613787e-05   3.952615e-13   456
  8.885766e-02   5.892470e-12   1.614687e-09   5.439476e-13   108
  8.902234e-02   4.581970e-12   5.632711e-05   3.023999e-13   264
  8.922780e-02   6.029270e-12   5.025296e-05   5.327881e-13   264
  8.950914e-02   7.061590e-12   4.742099e-05   3.918612e-13   312
  8.985946e-02   7.731081e-12   3.523897e-05   7.630210e-13   270
  9.000628e-02   7.641425e-12   4.474031e-05   8.016589e-13   240
  9.027023e-02   8.094052e-12   5.534940e-05   6.551265e-13   384
  9.043048e-02   5.331523e-12   1.816523e-09   4.102994e-13   192
  9.074177e-02   7.966240e-12   4.441052e-05   7.763579e-13   240
  9.092233e-02   7.767765e-12   5.480976e-05   5.752968e-13   336
  9.126190e-02   6.698242e-12   5.517650e-05   3.690595e-13   480
  9.153738e-02   7.534486e-12   1.211015e-09   1.023700e-12   72
  9.169127e-02   7.397708e-12   5.380211e-05   7.974942e-13   240
  9.190057e-02   5.403932e-12   5.056661e-05   3.401648e-13   312
  9.214050e-02   4.446628e-12   5.465037e-05   2.990519e-13   240
  9.250305e-02   6.127200e-12   4.152014e-05   3.998507e-13   408
  9.264658e-02   5.599643e-12   3.802244e-05   3.732520e-13   336
  9.292709e-02   5.872965e-12   4.827913e-05   5.241378e-13   264
  9.306493e-02   4.344754e-12   0.000000e+00   3.794295e-13   144
  9.344847e-02   5.610184e-12   6.691774e-05   3.855761e-13   464
  9.365053e-02   4.199771e-12   5.321333e-05   3.468799e-13   168
  9.385003e-02   5.470885e-12   4.846574e-05   4.318082e-13   336
  9.421059e-02   5.817890e-12   5.092274e-05   4.349870e-13   414
  9.441384e-02   9.162675e-12   5.300755e-05   9.564356e-13   216
  9.467424e-02   1.110084e-11   1.284475e-09   1.310305e-12   96
  9.478056e-02   5.714221e-12   3.146309e-09   4.916439e-13   384
  9.515300e-02   5.973718e-12   5.290514e-05   3.566156e-13   492
  9.535260e-02   6.066329e-12   5.173669e-05   4.574571e-13   240
  9.557820e-02   5.007570e-12   5.253086e-05   3.506751e-13   312
  9.588974e-02   3.350495e-12   5.251357e-05   3.095191e-13   192
  9.608709e-02   5.597148e-12   5.089201e-05   3.625126e-13   504
  9.634892e-02   5.467785e-12   3.369138e-05   4.735763e-13   408
  9.655507e-02   4.644010e-12   1.032177e-04   4.169236e-13   168
  9.681304e-02   6.284950e-12   4.902931e-05   4.710284e-13   288
  9.702952e-02   4.513174e-12   5.116628e-05   3.503027e-13   288
  9.725127e-02   3.890540e-12   5.146081e-05   2.549805e-13   432
  9.757291e-02   5.121114e-12   4.866478e-05   4.035781e-13   216
  9.774479e-02   4.430902e-12   4.856211e-05   3.352364e-13   360
  9.805077e-02   5.152730e-12   4.739615e-05   3.950976e-13   312
  9.832692e-02   6.854661e-12   0.000000e+00   1.091716e-12   48
  9.848611e-02   4.449601e-12   5.081550e-05   2.868499e-13   432
  9.877120e-02   4.067885e-12   8.476078e-05   3.032918e-13   414
  9.893956e-02   4.824525e-12   1.936190e-09   4.268935e-13   312
  9.925365e-02   5.246180e-12   7.437288e-05   4.297875e-13   528
  9.946561e-02   5.705899e-12   3.903945e-05   6.716875e-13   264
  9.972025e-02   5.224740e-12   4.629008e-05   4.222026e-13   480
  1.000530e-01   4.702309e-12   0.000000e+00   3.872673e-13   288
  1.001967e-01   4.599286e-12   4.973726e-05   4.836279e-13   168
  1.004595e-01   5.396122e-12   7.873394e-05   3.422628e-13   504
  1.007551e-01   7.855906e-12   1.211015e-09   8.573901e-13   144
  1.009411e-01   3.460448e-12   5.056606e-05   1.981388e-13   464
  1.012205e-01   3.595353e-12   7.420855e-05   2.467028e-13   432
  1.013531e-01   5.020919e-12   1.284475e-09   4.926535e-13   192
  1.016957e-01   3.635807e-12   5.501332e-05   2.391690e-13   396
  1.018981e-01   3.552036e-12   4.941713e-05   2.679269e-13   288
  1.021026e-01   3.518958e-12   4.881567e-05   2.826242e-13   336
  1.024293e-01   3.629049e-12   3.091107e-05   2.506819e-13   432
  1.026367e-01   4.111776e-12   8.011717e-05   3.147591e-13   360
  1.028695e-01   3.644391e-12   4.739049e-05   2.141360e-13   384
  1.032001e-01   3.381383e-12   4.183121e-05   3.240235e-13   198
  1.033594e-01   4.105441e-12   4.754848e-05   3.150697e-13   552
  1.036565e-01   5.214471e-12   6.656461e-05   5.309299e-13   432
  1.039045e-01   4.174129e-12   2.542602e-09   4.167258e-13   168
  1.041126e-01   5.194796e-12   8.251578e-05   4.112524e-13   480
  1.043880e-01   2.556529e-12   0.000000e+00   2.689375e-13   120
  1.045119e-01   4.279029e-12   6.739531e-05   3.750458e-13   336
  1.048143e-01   3.796289e-12   4.754634e-05   2.490308e-13   672
  1.051134e-01   4.444515e-12   6.916265e-05   2.625309e-13   528
  1.052527e-01   2.239411e-12   2.076026e-09   1.753809e-13   168
  1.055745e-01   4.088050e-12   7.715047e-05   2.897936e-13   456
  1.057708e-01   5.559077e-12   4.711644e-05   9.333409e-13   168
  1.059747e-01   3.812994e-12   4.703185e-05   2.764918e-13   504
  1.063135e-01   2.696220e-12   6.052278e-05   2.755439e-13   336
  1.065184e-01   4.258795e-12   4.362976e-05   3.429775e-13   312
  1.067457e-01   3.786869e-12   4.262923e-05   2.890610e-13   504
  1.070448e-01   3.075210e-12   2.957734e-05   1.737113e-13   432
  1.071854e-01   2.545796e-12   4.570679e-05   1.562221e-13   312
  1.074777e-01   2.871444e-12   4.685168e-05   1.868977e-13   384
  1.077830e-01   5.072973e-12   3.980594e-05   9.264777e-13   126
  1.079714e-01   3.790765e-12   6.988975e-05   2.942124e-13   492
  1.082121e-01   4.272367e-12   4.476446e-05   3.269529e-13   528
  1.085129e-01   3.400321e-12   4.547108e-05   2.897473e-13   480
  1.086993e-01   4.433114e-12   6.281804e-05   3.744058e-13   432
  1.089692e-01   3.931941e-12   4.939807e-05   3.387828e-13   440
  1.092826e-01   4.334824e-12   2.456546e-05   3.658370e-13   312
  1.094002e-01   3.322566e-12   3.681340e-05   3.674662e-13   480
  1.096414e-01   3.568468e-12   7.207992e-05   3.347151e-13   408
  1.099939e-01   4.298840e-12   4.316772e-05   3.519360e-13   360
  1.101428e-01   3.334389e-12   4.165528e-05   2.820673e-13   408
  1.104187e-01   2.424968e-12   4.238952e-05   2.064286e-13   456
  1.107295e-01   3.287572e-12   4.051394e-05   2.467090e-13   264
  1.109019e-01   3.318090e-12   4.396779e-05   2.884412e-13   384
  1.111530e-01   2.986771e-12   7.402287e-05   1.935662e-13   672
  1.114432e-01   4.268240e-12   4.427524e-05   4.851281e-13   240
  1.116107e-01   2.468734e-12   4.492830e-05   1.658924e-13   264
  1.118470e-01   1.752585e-12   5.541164e-05   1.157924e-13   624
  1.121997e-01   2.414308e-12   0.000000e+00   3.824479e-13   150
  1.123253e-01   4.328077e-12   6.209312e-05   3.200230e-13   600
  1.125901e-01   3.241791e-12   4.285507e-05   2.208480e-13   672
  1.128900e-01   2.855513e-12   4.030821e-05   3.740052e-13   336
  1.130571e-01   4.675064e-12   4.384359e-05   4.043789e-13   408
  1.133240e-01   3.609157e-12   4.374031e-05   3.877887e-13   408
  1.136209e-01   3.010343e-12   2.211745e-05   2.331559e-13   360
  1.138039e-01   3.717153e-12   8.120816e-05   3.303479e-13   456
  1.140250e-01   3.128834e-12   4.416149e-05   2.972440e-13   384
  1.143063e-01   2.080609e-12   4.076666e-05   1.453695e-13   348
  1.144584e-01   3.819780e-12   5.025723e-05   2.797783e-13   576
  1.147440e-01   2.491382e-12   4.138022e-05   1.760305e-13   504
  1.150362e-01   2.723941e-12   5.836440e-05   2.186952e-13   432
  1.152912e-01   2.458179e-12   7.940448e-05   1.466059e-13   576
  1.154731e-01   2.500693e-12   0.000000e+00   3.021224e-13   264
  1.157616e-01   2.587232e-12   6.318613e-05   1.508704e-13   768
  1.160125e-01   1.453607e-12   8.506861e-05   1.066689e-13   240
  1.162120e-01   2.451042e-12   7.502246e-05   3.535221e-13   192
  1.165026e-01   1.990253e-12   5.522570e-05   1.145295e-13   504
  1.167181e-01   3.193872e-12   7.441870e-05   3.457019e-13   590
  1.169248e-01   3.462720e-12   8.338208e-05   3.657425e-13   384
  1.171839e-01   2.764457e-12   6.968286e-05   2.376519e-13   504
  1.174968e-01   3.850952e-12   6.705897e-05   2.998750e-13   648
  1.178003e-01   2.481348e-12   1.821233e-05   2.341161e-13   504
  1.179227e-01   2.410424e-12   4.154576e-05   1.984253e-13   312
  1.181387e-01   3.219599e-12   5.985722e-05   2.453439e-13   576
  1.184353e-01   3.633366e-12   4.165498e-05   4.500109e-13   240
  1.186082e-01   2.024400e-12   4.209035e-05   1.360758e-13   552
  1.188529e-01   3.510111e-12   3.952187e-05   3.168201e-13   600
  1.192015e-01   2.605737e-12   4.827284e-05   2.036346e-13   600
  1.194111e-01   2.264196e-12   7.730513e-05   1.951791e-13   312
  1.196198e-01   3.025414e-12   6.732512e-05   2.308147e-13   480
  1.198806e-01   2.312709e-12   4.200441e-05   2.122417e-13   576
  1.201101e-01   3.552947e-12   6.763622e-05   3.346182e-13   408
  1.203138e-01   8.870989e-13   7.890077e-05   6.581939e-14   216
  1.205770e-01   2.053774e-12   6.042911e-05   1.542451e-13   516
  1.208589e-01   2.328838e-12   5.765552e-05   1.462224e-13   744
  1.211498e-01   2.581192e-12   3.850879e-05   2.007881e-13   462
  1.213141e-01   2.851738e-12   3.913862e-05   3.491563e-13   432
  1.215691e-01   3.325042e-12   3.630965e-05   2.495405e-13   648
  1.218688e-01   3.017219e-12   5.312777e-05   3.139521e-13   528
  1.221096e-01   2.593612e-12   6.397910e-05   1.955279e-13   600
  1.223502e-01   5.014474e-12   8.066092e-05   7.897923e-13   240
  1.225832e-01   2.467303e-12   6.178548e-05   2.045105e-13   720
  1.228540e-01   2.460397e-12   4.888350e-05   1.768099e-13   720
  1.231542e-01   7.626687e-13   0.000000e+00   7.244763e-14   144
  1.233122e-01   2.705046e-12   6.302546e-05   1.898466e-13   720
  1.235369e-01   2.816799e-12   3.779131e-05   2.311273e-13   384
  1.238183e-01   1.952437e-12   4.189367e-05   1.273994e-13   672
  1.240853e-01   3.324802e-12   7.335120e-05   3.584103e-13   336
  1.242128e-01   2.964672e-12   0.000000e+00   3.396217e-13   288
  1.245250e-01   1.945401e-12   5.805257e-05   1.336161e-13   776
  1.248140e-01   1.748923e-12   4.967278e-05   1.045215e-13   720
  1.250567e-01   1.514802e-12   4.001507e-05   1.191785e-13   432
  1.252509e-01   2.698375e-12   5.704653e-05   2.945917e-13   504
  1.254668e-01   1.900675e-12   3.996919e-05   1.578775e-13   528
  1.257690e-01   2.561309e-12   5.445569e-05   2.953504e-13   438
  1.260177e-01   3.050246e-12   6.338144e-05   3.056760e-13   624
  1.262050e-01   2.918904e-12   7.763371e-05   3.400243e-13   312
  1.264626e-01   3.252844e-12   4.182709e-05   2.171510e-13   696
  1.267289e-01   2.578506e-12   3.784594e-05   2.558004e-13   552
  1.270059e-01   2.374253e-12   2.928013e-05   2.168145e-13   516
  1.271773e-01   3.141063e-12   5.848486e-05   2.937483e-13   528
  1.273859e-01   9.835529e-13   3.803430e-05   6.096762e-14   528
  1.276822e-01   2.561586e-12   5.015953e-05   2.028802e-13   864
  1.278834e-01   2.435406e-12   6.870823e-05   2.388605e-13   408
  1.280847e-01   3.214597e-12   6.807282e-05   2.727893e-13   192
  1.283701e-01   1.770524e-12   5.633353e-05   1.434824e-13   720
  1.286110e-01   1.722091e-12   5.194228e-05   1.337022e-13   696
  1.288973e-01   1.953532e-12   5.609815e-05   1.330856e-13   720
  1.291592e-01   1.908085e-12   7.603431e-05   1.564467e-13   432
  1.293119e-01   1.245475e-12   4.475677e-05   1.215153e-13   264
  1.295867e-01   1.780496e-12   6.180712e-05   1.175892e-13   672
  1.298325e-01   2.080761e-12   6.328100e-05   1.542989e-13   600
  1.301242e-01   1.067033e-12   3.705096e-05   1.756259e-13   270
  1.302712e-01   2.548043e-12   5.577202e-05   2.836404e-13   528
  1.305049e-01   2.543021e-12   3.819070e-05   1.832101e-13   840
  1.308254e-01   2.978380e-12   7.302747e-05   2.189062e-13   888
  1.311216e-01   1.840324e-12   5.441084e-05   1.536548e-13   744
  1.313718e-01   2.253673e-12   2.795923e-05   1.843113e-13   456
  1.314963e-01   3.649594e-12   3.820801e-05   2.904744e-13   360
  1.317093e-01   2.014427e-12   3.310510e-05   2.794261e-13   384
  1.320361e-01   1.960296e-12   5.310026e-05   1.268307e-13   816
  1.322813e-01   2.120851e-12   7.704106e-05   1.465182e-13   824
  1.325794e-01   1.783971e-12   3.581235e-05   2.274891e-13   360
  1.327390e-01   2.188060e-12   5.284558e-05   1.510244e-13   624
  1.329587e-01   2.299097e-12   3.571018e-05   2.313004e-13   360
  1.332513e-01   1.785655e-12   4.857633e-05   1.339514e-13   876
  1.335156e-01   1.568595e-12   5.769416e-05   1.232716e-13   696
  1.337821e-01   1.220829e-12   3.725510e-05   1.164393e-13   336
  1.339218e-01   2.331884e-12   3.721324e-05   2.505659e-13   504
  1.341526e-01   1.733444e-12   3.753571e-05   1.673263e-13   672
  1.344950e-01   1.218153e-12   7.472486e-05   8.984838e-14   720
  1.347324e-01   2.155757e-12   5.644666e-05   1.992122e-13   774
  1.349945e-01   4.125675e-12   3.230860e-05   5.067809e-13   384
  1.351318e-01   2.869983e-12   6.217562e-05   2.808937e-13   528
  1.353448e-01   2.217001e-12   5.925683e-05   1.772644e-13   744
  1.356875e-01   2.552082e-12   4.887432e-05   1.937582e-13   768
  1.359150e-01   2.571388e-12   5.486510e-05   2.875557e-13   552
  1.361989e-01   1.689464e-12   5.979675e-05   1.374190e-13   696
  1.364100e-01   2.817083e-12   7.266345e-05   2.837809e-13   408
  1.365777e-01   2.278163e-12   3.139119e-05   2.014470e-13   504
  1.368434e-01   1.689390e-12   5.639309e-05   1.270285e-13   888
  1.371049e-01   1.580043e-12   5.860872e-05   1.596206e-13   648
  1.373767e-01   1.570093e-12   5.810635e-05   1.331463e-13   648
  1.376324e-01   1.635534e-12   6.265289e-05   1.304800e-13   792
  1.379033e-01   1.378820e-12   9.166547e-05   1.169942e-13   600
  1.381028e-01   8.944612e-13   6.212242e-05   6.571421e-14   456
  1.383129e-01   1.656403e-12   3.027582e-05   1.339618e-13   648
  1.385828e-01   1.305216e-12   5.904226e-05   8.917038e-14   936
  1.388741e-01   1.907100e-12   3.625955e-05   1.505310e-13   384
  1.391277e-01   2.624159e-15   0.000000e+00   1.912927e-16   198
  1.393234e-01   2.537549e-15   9.199360e-05   7.793140e-17   1224
  1.395345e-01   2.741687e-15   6.699966e-05   1.393619e-16   420
  1.397842e-01   2.345087e-15   6.484166e-05   9.368330e-17   792
  1.400283e-01   2.416843e-15   5.361851e-05   9.126623e-17   680
  1.403069e-01   2.478966e-15   4.923504e-05   1.158490e-16   600
  1.405311e-01   2.439750e-15   7.140431e-05   8.246506e-17   840
  1.408304e-01   3.029275e-15   3.371380e-05   1.670392e-16   432
  1.409448e-01   2.538269e-15   3.159427e-05   1.017317e-16   720
  1.411934e-01   2.722943e-15   6.327780e-05   9.234989e-17   960
  1.415027e-01   2.653848e-15   5.640753e-05   1.247606e-16   528
  1.417288e-01   2.460994e-15   5.765925e-05   1.064677e-16   624
  1.419978e-01   2.775238e-15   4.531978e-05   1.017802e-16   816
  1.422648e-01   2.281642e-15   7.452934e-05   9.526833e-17   696
  1.425599e-01   2.753690e-15   4.110321e-09   1.754024e-16   240
  1.426709e-01   2.835563e-15   4.395173e-05   1.189572e-16   672
  1.429185e-01   2.475466e-15   7.854802e-05   9.115802e-17   864
  1.431964e-01   2.290629e-15   6.027286e-05   8.727633e-17   816
  1.434467e-01   2.423708e-15   3.449810e-05   1.044326e-16   648
  1.437164e-01   2.576417e-15   3.526335e-05   8.671165e-17   843
  1.439454e-01   2.181220e-15   6.344743e-05   8.622007e-17   780
  1.442182e-01   2.014426e-15   3.404471e-05   1.362183e-16   216
  1.443865e-01   2.295338e-15   8.209510e-05   6.916033e-17   1056
  1.446454e-01   2.875406e-15   6.716301e-05   1.760818e-16   228
  1.448850e-01   2.500762e-15   8.361962e-05   8.829363e-17   924
  1.451311e-01   2.616888e-15   3.101819e-05   9.736661e-17   696
  1.453916e-01   2.166676e-15   5.520350e-05   7.531289e-17   996
  1.456581e-01   2.296048e-15   3.259105e-05   1.015391e-16   576
  1.459354e-01   2.296533e-15   5.030212e-05   1.177975e-16   552
  1.461376e-01   2.690665e-15   6.005898e-05   1.294051e-16   516
  1.463427e-01   2.307851e-15   8.733821e-05   8.156818e-17   744
  1.465771e-01   2.327418e-15   4.284460e-05   1.078937e-16   576
  1.467810e-01   2.120453e-15   4.409794e-05   8.080954e-17   792
  1.470708e-01   2.370428e-15   5.041212e-05   8.654600e-17   792
  1.472831e-01   2.300251e-15   5.436894e-05   9.203177e-17   720
  1.475703e-01   2.105425e-15   6.196809e-05   7.836183e-17   656
  1.478394e-01   2.235779e-15   6.766594e-05   8.358419e-17   816
  1.481153e-01   2.136640e-15   3.648433e-05   9.730769e-17   492
  1.482721e-01   2.295709e-15   5.248529e-05   9.629590e-17   552
  1.485663e-01   1.966971e-15   9.126553e-05   9.256563e-17   780
  1.487575e-01   2.214508e-15   5.606333e-05   1.139206e-16   528
  1.489634e-01   2.100051e-15   6.544296e-05   9.026483e-17   600
  1.492669e-01   2.421794e-15   5.438828e-05   8.098977e-17   900
  1.494760e-01   2.184971e-15   3.011028e-05   9.856648e-17   696
  1.497638e-01   2.074790e-15   7.613501e-05   8.436794e-17   696
  1.500423e-01   2.159537e-15   3.088725e-05   9.110158e-17   552
  1.502764e-01   1.734553e-15   3.591902e-05   7.201325e-17   708
  1.505217e-01   2.123289e-15   5.930435e-05   8.247659e-17   876
  1.507769e-01   2.484869e-15   3.148943e-05   2.357492e-16   216
  1.509481e-01   2.065802e-15   8.612787e-05   7.022856e-17   1032
  1.512046e-01   1.967852e-15   9.589387e-05   9.213906e-17   600
  1.514708e-01   1.786349e-15   4.575699e-05   7.643549e-17   600
  1.516739e-01   2.059729e-15   8.080257e-05   1.064837e-16   528
  1.519139e-01   2.003833e-15   4.435707e-05   8.083291e-17   732
  1.521668e-01   1.862285e-15   3.275367e-05   1.050967e-16   336
  1.524578e-01   1.874464e-15   4.668048e-05   6.689285e-17   912
  1.526754e-01   1.719311e-15   4.685305e-05   7.607161e-17   624
  1.529130e-01   1.957706e-15   3.948208e-05   7.986045e-17   768
  1.531905e-01   2.161418e-15   7.123345e-05   8.404091e-17   792
  1.534628e-01   1.830028e-15   3.531461e-05   8.678375e-17   660
  1.536565e-01   1.793219e-15   5.204174e-05   1.052416e-16   504
  1.538569e-01   1.849688e-15   8.502625e-05   9.525803e-17   480
  1.541572e-01   1.378020e-15   7.863820e-05   4.857988e-17   912
  1.543923e-01   2.107497e-15   8.757583e-05   1.260208e-16   432
  1.546144e-01   1.770344e-15   5.200047e-05   8.765801e-17   564
  1.548116e-01   1.832171e-15   4.977161e-05   8.900787e-17   600
  1.550891e-01   1.971655e-15   6.937691e-05   7.767255e-17   876
  1.552976e-01   1.904710e-15   3.119395e-05   1.218446e-16   264
  1.555851e-01   1.843209e-15   6.052853e-05   8.315459e-17   560
  1.558161e-01   1.622319e-15   4.113044e-05   5.835901e-17   840
  1.560965e-01   1.553362e-15   6.341128e-05   6.043652e-17   1008
  1.563558e-01   1.642384e-15   2.836595e-05   8.409345e-17   456
  1.565927e-01   1.893971e-15   3.674408e-05   8.845542e-17   576
  1.568116e-01   1.797633e-15   5.646120e-05   8.332910e-17   612
  1.571003e-01   1.665184e-15   5.042901e-05   7.135895e-17   780
  1.573359e-01   1.751324e-15   5.778934e-05   7.454234e-17   648
  1.575770e-01   1.993083e-15   2.693058e-05   1.504326e-16   312
  1.577311e-01   1.467423e-15   6.842617e-05   6.291174e-17   528
  1.579980e-01   1.489002e-15   8.936117e-05   6.718722e-17   720
  1.582533e-01   1.608553e-15   8.964102e-05   9.527618e-17   576
  1.585628e-01   1.510573e-15   7.732694e-05   7.799211e-17   444
  1.587554e-01   1.673084e-15   7.583279e-05   6.076152e-17   996
  1.589914e-01   1.424550e-15   6.334320e-05   8.797801e-17   432
  1.592145e-01   1.710562e-15   6.934834e-05   8.803604e-17   504
  1.594071e-01   1.450701e-15   3.126589e-05   7.887690e-17   504
  1.596815e-01   1.760589e-15   6.153164e-05   7.614712e-17   876
  1.599297e-01   1.461075e-15   7.081706e-05   7.422927e-17   504
  1.601882e-01   1.310340e-15   4.516342e-05   6.415607e-17   696
  1.604019e-01   1.692346e-15   3.860998e-05   8.486933e-17   492
  1.606926e-01   1.338604e-15   5.527206e-05   7.495844e-17   432
  1.609079e-01   1.579089e-15   5.175622e-05   6.604522e-17   768
  1.611631e-01   1.346543e-15   6.446933e-05   7.106516e-17   648
  1.614068e-01   1.194646e-15   4.205932e-05   6.553988e-17   456
  1.616868e-01   1.298885e-15   5.783839e-05   6.596610e-17   552
  1.618813e-01   1.344480e-15   3.964248e-05   7.617740e-17   648
  1.621489e-01   1.273996e-15   6.461501e-05   4.750875e-17   840
  1.624104e-01   1.527940e-15   3.081354e-05   8.345070e-17   432
  1.626721e-01   1.270110e-15   3.774132e-05   6.783164e-17   600
  1.628542e-01   1.494232e-15   4.021090e-05   8.930536e-17   432
  1.631600e-01   1.372740e-15   4.003387e-05   6.585404e-17   560
  1.633670e-01   1.211070e-15   6.336941e-05   5.236213e-17   840
  1.636263e-01   1.420440e-15   3.753463e-05   8.031643e-17   504
  1.638323e-01   1.165814e-15   7.660593e-05   5.509705e-17   696
  1.641226e-01   1.446532e-15   4.183943e-05   8.480505e-17   384
  1.643487e-01   1.079213e-15   6.128984e-05   5.390632e-17   576
  1.646222e-01   1.138941e-15   3.782503e-05   7.781239e-17   360
  1.648426e-01   1.174720e-15   5.633064e-05   5.512124e-17   828
  1.650804e-01   1.132116e-15   5.017290e-05   6.453042e-17   372
  1.652983e-01   1.165511e-15   7.662364e-05   5.387647e-17   576
  1.655869e-01   1.259679e-15   3.208989e-05   5.811529e-17   636
  1.657926e-01   1.159284e-15   6.186102e-05   5.437509e-17   648
  1.660708e-01   1.152447e-15   5.028625e-05   5.873306e-17   576
  1.662705e-01   1.126160e-15   8.111703e-05   5.967399e-17   528
  1.665361e-01   1.118682e-15   3.468088e-05   7.329226e-17   360
  1.667559e-01   9.704519e-16   7.977902e-05   4.107331e-17   672
  1.670430e-01   1.147420e-15   4.086413e-05   5.215194e-17   804
  1.672819e-01   1.183167e-15   4.507802e-05   6.532131e-17   408
  1.675462e-01   1.051613e-15   2.786312e-05   5.735667e-17   384
  1.677241e-01   8.612086e-16   6.376152e-05   5.348728e-17   480
  1.679752e-01   9.619721e-16   4.119929e-05   5.455588e-17   432
  1.682159e-01   1.257877e-15   7.592150e-05   5.808509e-17   648
  1.685009e-01   1.087206e-15   4.710893e-05   5.421893e-17   624
  1.687093e-01   1.043520e-15   4.284955e-05   6.421571e-17   456
  1.689940e-01   9.648116e-16   5.853629e-05   6.094682e-17   588
  1.691847e-01   9.118372e-16   3.734591e-05   4.512918e-17   600
  1.694632e-01   9.068427e-16   5.825046e-05   3.701119e-17   708
  1.696832e-01   8.711400e-16   3.669667e-05   4.783461e-17   360
  1.699263e-01   1.063431e-15   4.218379e-05   5.747817e-17   552
  1.701593e-01   9.181010e-16   2.959293e-05   7.989144e-17   288
  1.703959e-01   8.180261e-16   5.564280e-05   4.213977e-17   528
  1.706182e-01   9.047857e-16   3.753920e-05   4.462037e-17   456
  1.708665e-01   9.580833e-16   6.656515e-05   4.957586e-17   608
  1.711163e-01   7.890314e-16   3.220496e-05   3.764366e-17   504
  1.713892e-01   6.576147e-16   6.914223e-05   3.587166e-17   540
  1.716032e-01   1.091492e-15   7.422222e-05   7.183003e-17   360
  1.718339e-01   1.096063e-15   3.361162e-05   5.418336e-17   540
  1.720380e-01   8.653137e-16   2.885957e-05   4.623623e-17   576
  1.723347e-01   8.725640e-16   6.691555e-05   4.294276e-17   588
  1.726168e-01   8.855587e-16   9.232326e-05   4.687666e-17   672
  1.728592e-01   1.013144e-15   7.056345e-05   4.950522e-17   552
  1.730545e-01   6.332118e-16   7.059913e-05   5.292870e-17   144
  1.733038e-01   9.340125e-16   5.998121e-05   4.781261e-17   600
  1.735402e-01   7.061031e-16   7.516955e-05   3.982370e-17   504
  1.738025e-01   7.962410e-16   7.721430e-05   6.019783e-17   336
  1.740784e-01   7.876918e-16   8.678922e-05   3.656246e-17   600
  1.743256e-01   7.330738e-16   5.601092e-05   4.021500e-17   636
  1.745923e-01   8.755405e-16   4.503329e-05   7.227335e-17   384
  1.747793e-01   8.689295e-16   6.281612e-05   5.546612e-17   504
  1.750488e-01   7.294865e-16   2.636304e-05   5.493178e-17   240
  1.752616e-01   7.850069e-16   6.193054e-05   3.283944e-17   744
  1.755168e-01   6.889570e-16   4.228914e-05   3.406034e-17   648
  1.757436e-01   1.299874e-15   2.807279e-05   1.115218e-16   120
  1.760095e-01   6.330820e-16   4.409871e-05   2.876742e-17   564
  1.762103e-01   9.032457e-16   6.925969e-05   5.210578e-17   432
  1.764784e-01   6.415626e-16   5.375921e-05   4.448762e-17   480
  1.766803e-01   5.163772e-16   3.956814e-05   3.212151e-17   456
  1.769186e-01   7.173367e-16   6.547942e-05   4.397799e-17   444
  1.771890e-01   6.334526e-16   1.001870e-04   4.098222e-17   528
  1.774266e-01   8.003458e-16   7.440679e-05   7.189081e-17   264
  1.776571e-01   6.365093e-16   7.625589e-05   3.758749e-17   444
  1.779672e-01   7.060185e-16   8.352712e-05   3.248191e-17   696
  1.782246e-01   7.558063e-16   4.467309e-05   5.365169e-17   384
  1.784129e-01   6.215092e-16   5.644820e-05   3.511619e-17   432
  1.787057e-01   8.404269e-16   3.900306e-05   5.028915e-17   488
  1.788958e-01   7.650123e-16   5.878247e-05   4.019258e-17   480
  1.791714e-01   6.319202e-16   6.555462e-05   4.234304e-17   480
  1.793849e-01   5.382989e-16   2.750471e-05   3.523850e-17   240
  1.796272e-01   6.832173e-16   6.424882e-05   3.757550e-17   600
  1.798559e-01   5.087363e-16   5.598627e-05   3.641822e-17   288
  1.800993e-01   6.263051e-16   5.385469e-05   3.872788e-17   480
  1.803458e-01   5.050828e-16   9.579788e-05   3.196143e-17   504
  1.805885e-01   6.866184e-16   4.110325e-05   4.909944e-17   216
  1.808981e-01   6.240267e-16   6.729256e-05   4.014251e-17   504
  1.811392e-01   5.126667e-16   5.412370e-05   3.246525e-17   456
  1.814031e-01   8.219939e-16   3.104087e-05   5.290061e-17   384
  1.815779e-01   8.150248e-16   6.300174e-05   5.310241e-17   480
  1.818262e-01   4.937917e-16   5.532259e-05   3.347968e-17   504
  1.820564e-01   6.052070e-16   3.509319e-05   3.948812e-17   312
  1.823043e-01   6.056910e-16   5.655148e-05   3.911709e-17   492
  1.825238e-01   7.032975e-16   5.300385e-05   4.836734e-17   312
  1.828064e-01   5.108677e-16   8.610055e-05   2.623334e-17   576
  1.830551e-01   6.884667e-16   7.947777e-05   5.743579e-17   336
  1.832617e-01   3.642087e-16   6.119421e-05   3.002568e-17   240
  1.835481e-01   5.609770e-16   8.112802e-05   3.456963e-17   468
  1.837954e-01   5.392564e-16   5.079787e-05   5.257918e-17   192
  1.840542e-01   4.348169e-16   5.094927e-05   3.525479e-17   324
  1.842439e-01   5.294614e-16   3.697814e-05   2.962180e-17   600
  1.845024e-01   5.437320e-16   5.999324e-05   3.301713e-17   456
  1.846943e-01   5.777728e-16   2.698496e-05   4.547201e-17   336
  1.850125e-01   5.953790e-16   8.080061e-05   3.704093e-17   612
  1.852440e-01   4.186479e-16   6.781139e-05   7.392770e-17   144
  1.854629e-01   5.923885e-16   7.915330e-05   3.410447e-17   552
  1.857606e-01   2.986167e-16   3.117154e-05   1.915102e-17   264
  1.859288e-01   4.686336e-16   7.217008e-05   4.063406e-17   336
  1.861941e-01   3.851731e-16   4.768752e-05   2.397831e-17   384
  1.864242e-01   4.545291e-16   2.684336e-05   4.127425e-17   216
  1.866789e-01   3.366915e-16   5.691346e-05   2.441400e-17   344
  1.869112e-01   3.433476e-16   8.491756e-05   2.376013e-17   408
  1.871942e-01   4.327764e-16   6.525361e-05   4.328507e-17   264
  1.874450e-01   4.591524e-16   9.096676e-05   2.863621e-17   612
  1.876956e-01   6.064434e-16   4.681845e-05   4.242729e-17   408
  1.879533e-01   4.290848e-16   4.688574e-05   3.697695e-17   444
  1.881426e-01   8.331714e-16   2.622284e-05   7.277821e-17   120
  1.883963e-01   4.914659e-16   7.244892e-05   4.280096e-17   336
  1.885846e-01   3.866824e-16   2.517571e-05   3.179483e-17   288
  1.888390e-01   4.062237e-16   7.834725e-05   2.458416e-17   552
  1.891889e-01   5.603725e-16   0.000000e+00   7.949431e-17   72
  1.893687e-01   3.951476e-16   7.781878e-05   2.545955e-17   504
  1.895788e-01   1.999107e-16   2.504133e-05   1.855548e-17   216
  1.898511e-01   3.092408e-16   4.470956e-05   2.455849e-17   312
  1.900954e-01   2.615689e-16   5.090887e-05   2.087600e-17   336
  1.903283e-01   2.561954e-16   7.056539e-05   2.302344e-17   204
  1.905603e-01   6.054446e-16   8.200772e-05   4.746943e-17   504
  1.908063e-01   5.167022e-16   7.809491e-05   3.561500e-17   396
  1.910429e-01   3.735490e-16   7.161711e-05   3.340047e-17   312
  1.913297e-01   5.945228e-16   4.376572e-05   5.962976e-17   216
  1.915318e-01   3.498780e-16   2.375249e-05   3.949492e-17   168
  1.917774e-01   3.628628e-16   5.997637e-05   2.369085e-17   588
  1.920576e-01   2.463508e-16   8.141090e-05   2.992081e-17   240
  1.922754e-01   2.471686e-16   7.189946e-05   2.288715e-17   264
  1.925307e-01   3.158383e-16   8.891848e-05   2.838068e-17   288
  1.927573e-01   3.379921e-16   4.440219e-05   3.273023e-17   288
  1.930444e-01   2.470196e-16   4.170072e-05   2.176180e-17   288
  1.932378e-01   2.640309e-16   4.830681e-05   2.454573e-17   192
  1.934810e-01   1.816229e-16   5.140329e-05   1.725630e-17   264
  1.937128e-01   5.593579e-16   8.455129e-05   4.119483e-17   372
  1.939621e-01   5.852168e-16   9.131904e-05   5.382493e-17   360
  1.942665e-01   4.915317e-16   3.864708e-05   7.102616e-17   144
  1.944239e-01   2.753572e-16   5.367910e-05   2.979830e-17   296
  1.946722e-01   2.953794e-16   5.783646e-05   2.849328e-17   288
  1.949565e-01   3.211103e-16   8.643513e-05   2.376948e-17   480
  1.952017e-01   2.599749e-16   7.181934e-05   4.564204e-17   192
  1.954402e-01   3.730274e-16   7.703604e-05   3.862083e-17   192
  1.956569e-01   2.528746e-16   4.909597e-05   2.545028e-17   288
  1.959584e-01   1.118682e-16   4.273737e-05   1.367208e-17   108
  1.961102e-01   2.619692e-16   4.108675e-05   2.715198e-17   240
  1.963784e-01   1.928475e-16   7.664829e-05   2.094285e-17   384
  1.966538e-01   2.944958e-16   9.350223e-05   3.514538e-17   108
  1.968974e-01   3.960976e-16   5.482209e-05   2.953768e-17   348
  1.971535e-01   2.503063e-16   5.721449e-05   3.216292e-17   312
  1.973823e-01   2.712811e-16   5.559587e-05   6.167037e-17   96
  1.975926e-01   2.450651e-16   7.401586e-05   2.195580e-17   384
  1.978282e-01   2.761171e-16   5.090793e-05   2.806747e-17   144
  1.980586e-01   2.719907e-16   7.822228e-05   2.316386e-17   408
  1.983451e-01   1.157650e-16   3.489266e-05   1.889628e-17   144
  1.986157e-01   2.591528e-16   6.708152e-05   3.280109e-17   192
  1.987762e-01   3.045236e-16   7.550148e-05   3.223605e-17   144
  1.990378e-01   1.435375e-16   6.138549e-05   1.575913e-17   144
  1.992846e-01   2.523911e-16   7.502301e-05   2.564162e-17   336
  1.995869e-01   1.126235e-16   5.550751e-05   9.390232e-18   240
  1.997786e-01   1.574175e-16   2.520547e-05   2.279405e-17   96
  2.000459e-01   3.082533e-16   7.391551e-05   2.998070e-17   372
  2.003163e-01   2.079976e-16   8.792091e-05   3.689280e-17   132
  2.005538e-01   1.246182e-16   5.440441e-05   1.002394e-17   264
  2.007663e-01   3.443162e-16   4.178011e-05   4.559292e-17   168
  2.009931e-01   2.316493e-16   6.679837e-05   2.124553e-17   216
  2.011935e-01   1.826236e-16   4.086808e-05   2.592722e-17   216
  2.014852e-01   6.730566e-17   7.497591e-05   6.851701e-18   96
  2.017500e-01   2.970616e-16   4.891494e-05   4.572028e-17   120
  2.019928e-01   1.506993e-16   6.218465e-05   1.817258e-17   216
  2.021928e-01   1.207441e-16   2.717490e-05   1.337972e-17   200
  2.024576e-01   1.891446e-16   7.034415e-05   2.736966e-17   288
  2.027972e-01   4.620035e-17   1.850891e-05   3.889605e-18   144
  2.029402e-01   1.979722e-16   5.759860e-05   3.291032e-17   168
  2.032323e-01   2.275020e-16   6.482186e-05   4.066136e-17   159
  2.034603e-01   1.074137e-16   6.801371e-05   1.079273e-17   174
  2.036809e-01   9.825412e-17   6.167246e-05   9.772859e-18   144
  2.039698e-01   1.960737e-16   3.561139e-05   2.124997e-17   222
  2.041630e-01   1.041735e-16   3.593504e-05   1.248178e-17   168
  2.044967e-01   2.029094e-16   7.881934e-05   5.352603e-17   30
  2.046346e-01   3.542792e-17   6.959169e-05   4.785734e-18   72
  2.048942e-01   1.073673e-16   6.210975e-05   1.449247e-17   258
  2.051797e-01   8.580034e-17   3.890094e-05   8.301041e-18   264
  2.053225e-01   1.283551e-16   4.195079e-09   2.238268e-17   72
  2.056199e-01   5.627218e-17   7.710330e-05   7.606287e-18   174
  2.058892e-01   1.191642e-16   8.210077e-05   1.828918e-17   168
  2.061058e-01   2.359136e-17   2.568951e-09   3.393773e-18   48
  2.063382e-01   6.492200e-17   4.636424e-05   1.035317e-17   150
  2.066077e-01   1.425190e-16   8.529035e-05   1.312665e-17   168
  2.068780e-01   5.959294e-17   5.195492e-05   6.495824e-18   144
  2.071265e-01   1.452752e-16   4.853772e-05   2.719881e-17   102
  2.073116e-01   2.732249e-17   7.184416e-05   2.495924e-18   96
  2.076053e-01   2.066203e-17   7.130050e-05   1.670922e-18   120
  2.078228e-01   2.035893e-17   7.647166e-05   1.661302e-18   168
  2.080580e-01   1.291812e-16   5.646827e-05   1.214059e-17   126
  2.082585e-01   7.712598e-17   4.258836e-05   1.226213e-17   168
  2.085346e-01   3.735192e-17   6.829049e-05   5.379839e-18   72
  2.087759e-01   3.282828e-17   8.551492e-05   2.976759e-18   168
  2.089873e-01   1.193487e-16   2.344384e-05   3.028428e-17   78
  2.092770e-01   2.951974e-17   3.849304e-05   3.911787e-18   60
  2.095103e-01   1.343555e-16   6.244194e-05   2.644528e-17   96
  2.097522e-01   4.205944e-17   7.576810e-05   3.609591e-18   168
  2.099796e-01   3.924637e-17   4.794311e-05   8.415206e-18   86
  2.102181e-01   2.247703e-17   4.284977e-05   3.074552e-18   120
  2.105600e-01   2.701739e-17   3.055758e-05   2.729304e-18   168
  2.107444e-01   1.360846e-17   0.000000e+00   1.550773e-18   48
  2.109928e-01   7.204659e-17   5.567259e-05   8.192839e-18   120
  2.111355e-01   4.550582e-17   4.061540e-05   7.201254e-18   126
  2.114838e-01   3.663258e-17   7.143116e-05   4.785618e-18   96
  2.117099e-01   3.510618e-17   2.059722e-05   3.434266e-18   96
  2.118882e-01   2.214142e-17   2.422030e-09   2.579525e-18   72
  2.122681e-01   2.445855e-17   2.568951e-09   4.748463e-18   24
  2.125052e-01   3.982349e-17   4.238860e-05   4.537208e-18   120
  2.126902e-01   3.594199e-17   6.183193e-05   5.401289e-18   126
  2.128959e-01   2.074280e-17   5.154529e-05   2.595826e-18   96
  2.131362e-01   1.093280e-17   8.908530e-05   1.195238e-18   72
  2.134038e-01   1.966202e-17   3.853239e-05   1.730074e-18   144
  2.136239e-01   1.879538e-17   2.222458e-05   2.692899e-18   72
  2.138438e-01   3.535657e-17   4.439042e-05   9.417182e-18   54
  2.140373e-01   3.695881e-17   3.911854e-05   4.899358e-18   108
  2.144395e-01   3.871150e-17   3.834628e-05   4.376785e-18   72
  2.145647e-01   2.514736e-17   2.212712e-05   3.019683e-18   72
  2.148618e-01   1.344721e-17   4.449553e-09   2.166007e-18   24
  2.151428e-01   6.588539e-18   4.681088e-05   1.134146e-18   48
  2.153135e-01   2.807760e-17   3.565781e-05   4.438064e-18   102
  2.155704e-01   1.673802e-17   8.064314e-05   1.773374e-18   168
  2.159060e-01   1.099843e-17   4.398088e-05   1.495005e-18   72
  2.160304e-01   1.319410e-17   0.000000e+00   1.947751e-18   48
  2.162913e-01   1.901846e-17   7.564979e-05   2.057589e-18   120
  2.166356e-01   1.541021e-17   4.648832e-05   1.448439e-18   96
  2.169608e-01   5.837256e-17   4.110321e-09   2.208814e-17   30
  2.173472e-01   2.558529e-17   2.184227e-05   3.823931e-18   72
  2.175171e-01   1.171524e-17   2.568951e-09   2.631499e-18   24
  2.177352e-01   5.642770e-18   3.237565e-05   9.153752e-19   56
  2.179796e-01   5.968715e-18   4.620169e-05   5.793853e-19   96
  2.182720e-01   1.294807e-17   5.101796e-05   1.250331e-18   144
  2.184974e-01   2.218748e-17   2.896600e-05   6.195691e-18   54
  2.188250e-01   1.173552e-17   4.339413e-05   1.249278e-18   108
  2.191546e-01   3.341631e-17   2.297699e-05   6.037522e-18   48
  2.194683e-01   1.136481e-17   8.651572e-05   1.205809e-18   72
  2.202213e-01   2.412840e-17   5.716121e-05   2.993621e-18   78
  2.204299e-01   5.196687e-18   4.307814e-05   5.353432e-19   72
  2.206734e-01   6.054813e-18   4.302466e-05   6.982335e-19   72
  2.209281e-01   1.187399e-17   1.038232e-04   1.061238e-18   96
  2.211293e-01   6.920785e-18   4.293597e-05   5.193365e-19   72
  2.213721e-01   1.058035e-17   0.000000e+00   1.791644e-18   24
  2.216146e-01   1.027265e-17   8.567808e-05   1.063632e-18   72
  2.221623e-01   1.269169e-17   5.440820e-05   1.952437e-18   30
  2.222801e-01   1.754214e-17   0.000000e+00   3.492176e-18   24
  2.229135e-01   4.369359e-18   4.517907e-05   6.185285e-19   48
  2.231122e-01   6.767150e-18   9.722532e-05   8.922543e-19   120
  2.233799e-01   5.111756e-18   4.250917e-05   6.078009e-19   72
  2.236502e-01   6.433392e-18   4.245777e-05   9.885212e-19   36
  2.238360e-01   7.232395e-18   8.391632e-05   1.014417e-18   78
  2.243546e-01   8.350232e-18   4.488887e-05   8.304309e-19   48
  2.250269e-01   1.386769e-17   3.633045e-09   1.709778e-18   24
  2.255059e-01   2.036857e-18   3.125970e-05   2.856938e-19   56
  2.257471e-01   2.997531e-18   4.810277e-05   3.480299e-19   102
  2.260539e-01   4.599696e-18   3.425268e-09   5.383432e-19   72
  2.262321e-01   5.623927e-18   2.568951e-09   8.160234e-19   24
  2.265435e-01   4.331532e-18   4.445516e-05   6.489751e-19   48
  2.271206e-01   7.357865e-18   0.000000e+00   1.528380e-18   24
  2.278290e-01   4.115992e-18   0.000000e+00   1.725978e-18   6
  2.280499e-01   1.424657e-18   0.000000e+00   2.730942e-19   24
  2.281971e-01   2.281176e-18   4.161169e-05   2.619336e-19   72
  2.284659e-01   2.786303e-18   7.763053e-05   2.650585e-19   84
  2.287554e-01   2.507231e-18   0.000000e+00   6.238680e-19   24
  2.288435e-01   3.843994e-18   3.633045e-09   5.399921e-19   24
  2.292831e-01   4.336770e-18   4.449553e-09   7.044306e-19   24
  2.298972e-01   3.886728e-18   0.000000e+00   1.349021e-18   6
  2.306844e-01   1.639487e-18   4.365716e-05   2.104037e-19   48
  2.308735e-01   1.915306e-18   8.224294e-05   1.782708e-19   72
  2.311206e-01   2.383278e-18   4.357477e-05   2.771216e-19   48
  2.315124e-01   4.025310e-18   0.000000e+00   1.023677e-18   24
  2.320338e-01   6.347923e-18   0.000000e+00   1.385657e-18   6
  2.332028e-01   1.375637e-18   0.000000e+00   4.473303e-19   8
  2.332891e-01   1.665394e-18   2.568951e-09   3.183666e-19   48
  2.334962e-01   1.804385e-18   4.225843e-05   2.322461e-19   60
  2.338066e-01   3.325092e-18   0.000000e+00   5.793412e-19   24
  2.342369e-01   1.118773e-18   0.000000e+00   3.787864e-19   6
  2.358224e-01   1.113864e-18   0.000000e+00   1.978794e-19   24
  2.359505e-01   1.390552e-18   4.268279e-05   1.591508e-19   48
  2.361638e-01   9.605577e-19   0.000000e+00   2.200556e-19   24
  2.365047e-01   6.881280e-19   0.000000e+00   1.411670e-19   6
  2.384414e-01   9.296178e-19   3.981898e-05   1.802032e-19   36
  2.385821e-01   1.247971e-18   0.000000e+00   3.483314e-19   24
  2.388353e-01   1.346948e-18   0.000000e+00   4.497232e-19   6
  2.410389e-01   1.082609e-18   3.618719e-05   1.702195e-19   32
  2.412268e-01   7.484208e-19   0.000000e+00   1.890905e-19   6
  2.435949e-01   1.162119e-18   0.000000e+00   3.489667e-19   12
  2.436776e-01   1.198723e-18   0.000000e+00   8.423067e-20   6
  2.461858e-01   5.794495e-19   0.000000e+00   1.344598e-19   6
