# power spectrum of delta
# redshift z=10.000000
# k              Pk             sigma(k)       sigma(Pk)      count
  4.487990e-03   6.195143e-07   0.000000e+00   2.500362e-07   6
  6.346976e-03   1.375075e-06   0.000000e+00   2.747400e-07   12
  7.773426e-03   2.285761e-06   8.514949e-11   4.663410e-07   8
  8.975979e-03   1.364599e-05   0.000000e+00   1.469368e-06   6
  1.003545e-02   1.466415e-05   1.605594e-10   4.679872e-06   24
  1.099328e-02   2.987969e-05   1.605594e-10   5.043965e-06   24
  1.269395e-02   2.348392e-05   0.000000e+00   1.057510e-05   12
  1.346397e-02   3.426386e-05   1.816523e-10   6.274377e-06   30
  1.419227e-02   5.398204e-05   0.000000e+00   1.190838e-05   24
  1.488498e-02   5.876694e-05   2.780971e-10   1.460313e-05   24
  1.554685e-02   7.929411e-05   1.702990e-10   1.608617e-05   8
  1.618168e-02   7.994485e-05   2.270653e-10   9.970188e-06   24
  1.679252e-02   8.626343e-05   0.000000e+00   1.214678e-05   48
  1.795196e-02   1.390532e-04   0.000000e+00   6.125166e-05   6
  1.850445e-02   1.205961e-04   2.270653e-10   1.687689e-05   48
  1.904093e-02   1.259849e-04   2.140792e-10   1.323393e-05   36
  1.956269e-02   1.943667e-04   2.270653e-10   4.075930e-05   24
  2.007090e-02   1.295018e-04   3.211188e-10   2.222811e-05   24
  2.056655e-02   1.262686e-04   0.000000e+00   1.715225e-05   48
  2.105054e-02   2.054608e-04   3.211188e-10   2.928147e-05   24
  2.198657e-02   1.973319e-04   3.211188e-10   3.103751e-05   24
  2.243995e-02   1.458221e-04   0.000000e+00   2.388334e-05   30
  2.288435e-02   1.696717e-04   0.000000e+00   1.852101e-05   72
  2.332028e-02   1.846696e-04   3.405980e-10   3.801431e-05   32
  2.416856e-02   2.645338e-04   0.000000e+00   3.035670e-05   72
  2.458173e-02   1.794538e-04   0.000000e+00   2.630662e-05   48
  2.538790e-02   1.024698e-04   0.000000e+00   3.045861e-05   12
  2.578154e-02   2.159957e-04   0.000000e+00   3.237612e-05   48
  2.616925e-02   1.993328e-04   0.000000e+00   1.964147e-05   48
  2.655130e-02   2.839634e-04   3.211188e-10   3.594895e-05   48
  2.692794e-02   3.554608e-04   3.633045e-10   6.226503e-05   30
  2.729937e-02   3.681135e-04   0.000000e+00   8.281702e-05   24
  2.766583e-02   3.728203e-04   6.769780e-10   3.900888e-05   72
  2.838454e-02   2.495791e-04   0.000000e+00   4.748567e-05   24
  2.873715e-02   3.717798e-04   0.000000e+00   3.598095e-05   96
  2.908550e-02   2.944011e-04   0.000000e+00   3.935950e-05   48
  2.942972e-02   2.512327e-04   5.561942e-10   6.163497e-05   24
  2.976995e-02   2.035228e-04   5.561942e-10   4.191767e-05   24
  3.010635e-02   4.835210e-04   0.000000e+00   5.903997e-05   72
  3.043903e-02   3.907380e-04   0.000000e+00   6.022707e-05   48
  3.109370e-02   3.306573e-04   3.405980e-10   9.794932e-05   8
  3.141593e-02   5.553228e-04   4.036717e-10   6.869222e-05   54
  3.173488e-02   3.674756e-04   0.000000e+00   6.205938e-05   84
  3.205066e-02   4.465079e-04   0.000000e+00   6.495585e-05   48
  3.236335e-02   2.749392e-04   4.541306e-10   4.892788e-05   24
  3.267306e-02   3.877384e-04   6.055075e-10   4.553043e-05   72
  3.297985e-02   5.186802e-04   0.000000e+00   5.849947e-05   96
  3.358504e-02   7.118810e-04   0.000000e+00   7.783869e-05   48
  3.388358e-02   4.107718e-04   0.000000e+00   3.890041e-05   48
  3.417951e-02   3.910226e-04   0.000000e+00   7.626740e-05   24
  3.447290e-02   4.343142e-04   0.000000e+00   4.763308e-05   72
  3.505232e-02   4.461157e-04   0.000000e+00   5.248250e-05   72
  3.533846e-02   4.666426e-04   0.000000e+00   5.327808e-05   96
  3.590392e-02   8.122646e-04   0.000000e+00   3.562198e-04   6
  3.618333e-02   5.785468e-04   0.000000e+00   5.865289e-05   96
  3.646060e-02   6.078385e-04   4.541306e-10   6.477502e-05   96
  3.673578e-02   4.015118e-04   0.000000e+00   9.574864e-05   24
  3.700891e-02   4.724095e-04   4.541306e-10   5.422329e-05   48
  3.728004e-02   5.023155e-04   0.000000e+00   5.036446e-05   96
  3.754921e-02   5.192230e-04   0.000000e+00   7.045936e-05   48
  3.808185e-02   5.299958e-04   4.281585e-10   9.438882e-05   36
  3.834540e-02   5.447322e-04   7.865773e-10   6.724254e-05   48
  3.860715e-02   6.059151e-04   8.899106e-10   5.404373e-05   120
  3.886713e-02   5.275902e-04   0.000000e+00   6.915219e-05   56
  3.912539e-02   2.937142e-04   4.541306e-10   5.155529e-05   24
  3.938195e-02   4.525588e-04   0.000000e+00   4.056736e-05   96
  3.963685e-02   4.756936e-04   0.000000e+00   6.121750e-05   48
  4.014180e-02   6.629929e-04   6.422377e-10   1.233026e-04   24
  4.039191e-02   6.852600e-04   0.000000e+00   6.855623e-05   102
  4.064047e-02   8.191427e-04   4.541306e-10   1.251180e-04   48
  4.088753e-02   6.966792e-04   0.000000e+00   7.217664e-05   72
  4.113310e-02   6.384059e-04   0.000000e+00   6.433734e-05   48
  4.137722e-02   7.676726e-04   0.000000e+00   1.399699e-04   48
  4.161990e-02   6.225333e-04   1.027580e-09   5.884858e-05   120
  4.210107e-02   8.454427e-04   6.422377e-10   1.405086e-04   24
  4.233961e-02   5.670384e-04   6.055075e-10   4.794344e-05   144
  4.257681e-02   5.795417e-04   7.266090e-10   5.744556e-05   120
  4.281269e-02   5.388664e-04   6.422377e-10   7.576471e-05   48
  4.328060e-02   7.084999e-04   6.422377e-10   9.472212e-05   48
  4.351267e-02   5.985910e-04   6.422377e-10   5.969263e-05   96
  4.412543e-02   7.673909e-04   1.076845e-04   8.902702e-05   72
  4.442883e-02   6.221577e-04   5.708779e-10   4.665412e-05   108
  4.465493e-02   7.089468e-04   0.000000e+00   7.619521e-05   72
  4.487990e-02   4.957739e-04   0.000000e+00   1.065108e-04   30
  4.510374e-02   7.704573e-04   0.000000e+00   5.885740e-05   168
  4.532647e-02   8.966183e-04   0.000000e+00   1.096427e-04   48
  4.576869e-02   5.736309e-04   0.000000e+00   6.955361e-05   72
  4.598821e-02   8.046162e-04   0.000000e+00   7.763057e-05   96
  4.620668e-02   7.454992e-04   1.211015e-09   1.148805e-04   72
  4.642412e-02   8.534477e-04   0.000000e+00   9.246112e-05   72
  4.678970e-02   8.343262e-04   9.942967e-05   6.713744e-05   104
  4.707043e-02   7.757571e-04   8.563169e-10   5.856131e-05   144
  4.770798e-02   5.802109e-04   1.436087e-09   5.610256e-05   96
  4.791862e-02   5.543949e-04   0.000000e+00   5.761112e-05   96
  4.825361e-02   8.239558e-04   1.022910e-04   7.613914e-05   120
  4.854503e-02   7.231084e-04   0.000000e+00   6.466581e-05   120
  4.875204e-02   8.937328e-04   0.000000e+00   9.713131e-05   72
  4.916346e-02   9.908249e-04   0.000000e+00   1.318492e-04   48
  4.936788e-02   9.432989e-04   1.117860e-09   1.149860e-04   78
  4.962939e-02   1.032818e-03   9.159181e-05   8.277949e-05   168
  5.017725e-02   9.718539e-04   1.048770e-09   8.309034e-05   144
  5.037756e-02   1.124774e-03   8.563169e-10   8.212396e-05   144
  5.095853e-02   9.560879e-04   5.274950e-05   8.765390e-05   156
  5.117095e-02   8.036097e-04   1.112388e-09   1.616903e-04   48
  5.136739e-02   8.951958e-04   7.266090e-10   8.281419e-05   120
  5.156307e-02   5.981056e-04   0.000000e+00   6.150832e-05   48
  5.190908e-02   9.671887e-04   8.074274e-05   7.076582e-05   216
  5.233850e-02   7.462185e-04   0.000000e+00   8.639161e-05   48
  5.253057e-02   7.939236e-04   6.422377e-10   6.817393e-05   96
  5.280366e-02   9.183289e-04   9.436050e-05   8.151410e-05   168
  5.310261e-02   7.420303e-04   6.422377e-10   1.067668e-04   48
  5.329192e-02   1.081231e-03   0.000000e+00   1.094730e-04   96
  5.348057e-02   8.477751e-04   0.000000e+00   1.542582e-04   48
  5.385587e-02   1.149271e-03   7.266090e-10   1.275024e-04   30
  5.404255e-02   7.927600e-04   0.000000e+00   6.715233e-05   96
  5.426566e-02   9.906390e-04   7.415896e-05   7.048623e-05   240
  5.455256e-02   1.669482e-03   8.000683e-05   2.524902e-04   32
  5.478289e-02   7.500632e-04   0.000000e+00   5.594793e-05   168
  5.496642e-02   8.869291e-04   0.000000e+00   8.527060e-05   120
  5.533165e-02   8.061096e-04   1.353956e-09   1.020556e-04   72
  5.551336e-02   1.151893e-03   6.055075e-10   1.089795e-04   144
  5.569449e-02   8.914420e-04   0.000000e+00   8.549957e-05   96
  5.587502e-02   1.070096e-03   0.000000e+00   8.726713e-05   96
  5.623435e-02   1.456116e-03   0.000000e+00   1.826117e-04   72
  5.641315e-02   9.542384e-04   9.082613e-10   9.489428e-05   96
  5.676908e-02   1.241278e-03   0.000000e+00   2.282823e-04   24
  5.694620e-02   1.108839e-03   0.000000e+00   7.674991e-05   192
  5.715479e-02   1.053675e-03   6.789523e-05   8.234780e-05   132
  5.747431e-02   1.209143e-03   0.000000e+00   1.040869e-04   96
  5.764927e-02   7.675421e-04   0.000000e+00   7.809453e-05   96
  5.782370e-02   9.875480e-04   7.266090e-10   8.029131e-05   120
  5.817099e-02   1.098015e-03   0.000000e+00   1.499962e-04   48
  5.845566e-02   8.953676e-04   8.228355e-05   5.556216e-05   222
  5.868808e-02   1.119535e-03   0.000000e+00   1.048007e-04   120
  5.885943e-02   9.686959e-04   1.112388e-09   1.971021e-04   24
  5.910891e-02   1.366699e-03   8.492858e-05   8.065409e-05   312
  5.965251e-02   1.525683e-03   7.962394e-05   1.632736e-04   72
  5.987725e-02   1.034903e-03   1.112388e-09   1.223475e-04   96
  6.010802e-02   1.336042e-03   8.108596e-05   1.120569e-04   192
  6.037972e-02   1.121015e-03   1.027580e-09   1.233902e-04   120
  6.054629e-02   1.187630e-03   0.000000e+00   1.142911e-04   144
  6.087805e-02   1.142209e-03   0.000000e+00   1.633187e-04   48
  6.111387e-02   1.084250e-03   8.153477e-05   6.826828e-05   336
  6.137233e-02   1.216805e-03   0.000000e+00   1.536401e-04   48
  6.169965e-02   1.174000e-03   0.000000e+00   1.149544e-04   192
  6.186267e-02   1.023884e-03   0.000000e+00   1.243059e-04   48
  6.232604e-02   1.132746e-03   5.659583e-05   1.390028e-04   56
  6.255643e-02   1.218422e-03   7.268827e-05   6.762431e-05   336
  6.283185e-02   1.287098e-03   8.073433e-10   2.004314e-04   54
  6.307177e-02   1.199009e-03   7.983781e-05   7.870551e-05   240
  6.356985e-02   1.278134e-03   7.644534e-05   1.074472e-04   228
  6.378632e-02   1.322675e-03   8.563169e-10   1.718180e-04   72
  6.399644e-02   1.476301e-03   7.415385e-05   1.120309e-04   144
  6.425823e-02   1.312456e-03   0.000000e+00   1.264417e-04   96
  6.441477e-02   1.247049e-03   1.027580e-09   8.813359e-05   240
  6.472671e-02   1.036199e-03   9.082613e-10   1.934558e-04   24
  6.492641e-02   1.315013e-03   7.003773e-05   7.518880e-05   336
  6.519181e-02   9.955148e-04   0.000000e+00   1.169925e-04   72
  6.543408e-02   1.589211e-03   7.617900e-05   1.211719e-04   168
  6.565363e-02   1.225785e-03   0.000000e+00   1.224633e-04   72
  6.595971e-02   1.835400e-03   0.000000e+00   1.886708e-04   96
  6.619675e-02   1.145317e-03   7.560752e-05   8.204158e-05   216
  6.641618e-02   1.014941e-03   0.000000e+00   7.865896e-05   96
  6.671876e-02   1.280343e-03   9.082613e-10   8.173575e-05   192
  6.686954e-02   1.328414e-03   8.563169e-10   1.062156e-04   144
  6.717008e-02   1.135629e-03   0.000000e+00   1.461239e-04   48
  6.737816e-02   1.425097e-03   7.289453e-05   1.054683e-04   246
  6.766089e-02   1.736977e-03   6.720992e-05   1.397684e-04   168
  6.791561e-02   1.464263e-03   1.779821e-09   1.851492e-04   120
  6.806373e-02   1.206941e-03   0.000000e+00   8.948432e-05   240
  6.835902e-02   1.025882e-03   0.000000e+00   2.093247e-04   24
  6.859430e-02   1.345925e-03   7.194229e-05   8.013402e-05   360
  6.888731e-02   1.643603e-03   7.163615e-05   1.360865e-04   120
  6.909172e-02   1.457383e-03   0.000000e+00   1.245432e-04   144
  6.923733e-02   1.780909e-03   0.000000e+00   1.620916e-04   96
  6.967233e-02   1.517095e-03   0.000000e+00   1.154052e-04   144
  6.981673e-02   1.733404e-03   0.000000e+00   1.595148e-04   132
  7.001966e-02   1.342580e-03   7.070381e-05   1.036173e-04   176
  7.031425e-02   1.423516e-03   7.139661e-05   8.118097e-05   312
  7.067693e-02   1.849895e-03   0.000000e+00   2.615292e-04   96
  7.081928e-02   1.225081e-03   0.000000e+00   1.120591e-04   144
  7.103769e-02   1.541997e-03   7.068048e-05   9.682994e-05   312
  7.138584e-02   1.421494e-03   0.000000e+00   1.416539e-04   48
  7.152678e-02   1.321967e-03   9.082613e-10   9.436024e-05   192
  7.180783e-02   8.791463e-04   0.000000e+00   2.706139e-04   6
  7.199456e-02   1.297243e-03   6.592151e-05   7.411836e-05   288
  7.229701e-02   1.424303e-03   6.965036e-05   1.123894e-04   192
  7.250569e-02   1.328989e-03   2.136030e-09   8.844040e-05   216
  7.264446e-02   1.568167e-03   0.000000e+00   2.169884e-04   72
  7.299019e-02   1.522458e-03   6.898890e-05   1.410640e-04   192
  7.321980e-02   1.730353e-03   5.122797e-05   1.160054e-04   288
  7.347155e-02   1.353584e-03   0.000000e+00   2.654819e-04   24
  7.366606e-02   1.571858e-03   6.748859e-05   8.629161e-05   456
  7.401782e-02   1.149799e-03   0.000000e+00   1.905936e-04   48
  7.423517e-02   1.546149e-03   6.647357e-05   1.127226e-04   240
  7.448497e-02   1.861442e-03   6.717903e-05   1.276601e-04   216
  7.469503e-02   1.389786e-03   0.000000e+00   1.661182e-04   72
  7.482974e-02   1.272492e-03   2.321067e-09   1.080330e-04   168
  7.521008e-02   1.574964e-03   4.993319e-05   1.070171e-04   288
  7.542338e-02   1.686820e-03   6.607016e-05   1.295692e-04   168
  7.576598e-02   1.755379e-03   0.000000e+00   1.475357e-04   192
  7.589879e-02   1.336287e-03   8.563169e-10   9.753742e-05   144
  7.616371e-02   2.261537e-03   8.563169e-10   3.067575e-04   36
  7.638837e-02   1.297779e-03   6.033611e-05   7.406730e-05   342
  7.660318e-02   1.542760e-03   6.195787e-05   1.530206e-04   144
  7.687931e-02   1.598490e-03   6.497828e-05   9.795119e-05   384
  7.721429e-02   1.872910e-03   1.779821e-09   1.886349e-04   120
  7.738009e-02   1.835407e-03   5.794173e-05   1.108612e-04   264
  7.760459e-02   1.517390e-03   2.872174e-09   1.177398e-04   192
  7.781602e-02   1.500348e-03   6.244329e-05   1.179611e-04   152
  7.799294e-02   1.493133e-03   1.712634e-09   1.512988e-04   144
  7.836508e-02   1.206960e-03   4.041391e-05   9.286661e-05   216
  7.853733e-02   1.832333e-03   5.400376e-05   1.062727e-04   312
  7.884055e-02   1.567240e-03   6.258929e-05   9.755787e-05   240
  7.901921e-02   1.628107e-03   9.082613e-10   1.660864e-04   96
  7.935833e-02   1.217483e-03   5.983988e-05   9.961257e-05   144
  7.956734e-02   1.592575e-03   5.881734e-05   8.492427e-05   456
  7.990638e-02   1.132694e-03   0.000000e+00   7.659981e-05   120
  8.003232e-02   1.385827e-03   0.000000e+00   1.316652e-04   144
  8.028360e-02   1.177970e-03   1.284475e-09   1.937437e-04   24
  8.044470e-02   1.458971e-03   5.653709e-05   7.659685e-05   336
  8.072332e-02   1.452623e-03   6.235271e-05   1.111908e-04   198
  8.098439e-02   1.700300e-03   6.063443e-05   1.120519e-04   432
  8.128095e-02   2.443484e-03   1.816523e-09   2.737972e-04   48
  8.143566e-02   2.024115e-03   5.352971e-05   1.160300e-04   384
  8.171344e-02   1.641958e-03   6.162404e-05   1.571699e-04   144
  8.196515e-02   2.215859e-03   6.118458e-05   1.805819e-04   264
  8.226621e-02   1.374941e-03   0.000000e+00   1.324831e-04   48
  8.246820e-02   1.661377e-03   5.817654e-05   1.085203e-04   276
  8.266310e-02   1.601250e-03   5.273546e-05   1.476611e-04   192
  8.292356e-02   1.579185e-03   5.926306e-05   7.185645e-05   552
  8.323980e-02   1.184289e-03   1.453218e-09   1.286172e-04   120
  8.342777e-02   1.328368e-03   5.998883e-05   9.471805e-05   216
  8.360198e-02   1.436346e-03   1.453218e-09   1.158835e-04   120
  8.391317e-02   1.864204e-03   5.907428e-05   9.902666e-05   408
  8.420215e-02   9.141196e-04   1.284475e-09   1.206809e-04   24
  8.438134e-02   1.536216e-03   5.967566e-05   1.081669e-04   384
  8.463161e-02   1.197461e-03   5.830526e-05   7.960780e-05   240
  8.484893e-02   1.569550e-03   5.873223e-05   1.158659e-04   168
  8.515361e-02   1.146901e-03   0.000000e+00   1.183681e-04   120
  8.535003e-02   1.674533e-03   6.122527e-05   1.054426e-04   350
  8.566942e-02   1.824989e-03   1.007886e-04   1.204425e-04   384
  8.586029e-02   2.087903e-03   0.000000e+00   2.515562e-04   144
  8.621146e-02   1.470685e-03   1.211015e-09   1.113379e-04   288
  8.639482e-02   1.573960e-03   5.769264e-05   1.042309e-04   336
  8.664426e-02   1.506445e-03   5.252436e-05   1.241694e-04   168
  8.679359e-02   1.811856e-03   3.442699e-09   1.380457e-04   336
  8.710244e-02   1.308336e-03   5.451716e-05   8.112144e-05   288
  8.728795e-02   1.581460e-03   5.136910e-05   9.999383e-05   264
  8.760206e-02   1.508067e-03   0.000000e+00   1.091791e-04   240
  8.771695e-02   1.467717e-03   0.000000e+00   1.356543e-04   96
  8.812928e-02   1.807181e-03   6.985852e-05   1.202997e-04   360
  8.832172e-02   1.644581e-03   5.149772e-05   1.829394e-04   168
  8.856486e-02   1.559806e-03   5.613787e-05   8.253878e-05   456
  8.885766e-02   1.376723e-03   1.614687e-09   1.242569e-04   108
  8.902234e-02   1.137592e-03   5.632711e-05   7.510583e-05   264
  8.922780e-02   1.400837e-03   5.025296e-05   1.136547e-04   264
  8.950914e-02   1.658191e-03   4.742099e-05   9.112923e-05   312
  8.985946e-02   1.751335e-03   3.523897e-05   1.512143e-04   270
  9.000628e-02   1.715363e-03   4.474031e-05   1.595900e-04   240
  9.027023e-02   1.812564e-03   5.534940e-05   1.289728e-04   384
  9.043048e-02   1.307889e-03   1.816523e-09   9.504085e-05   192
  9.074177e-02   1.857328e-03   4.441052e-05   1.637022e-04   240
  9.092233e-02   1.809864e-03   5.480976e-05   1.217501e-04   336
  9.126190e-02   1.652121e-03   5.517650e-05   8.250727e-05   480
  9.153738e-02   1.801681e-03   1.211015e-09   2.229837e-04   72
  9.169127e-02   1.784376e-03   5.380211e-05   1.710351e-04   240
  9.190057e-02   1.396738e-03   5.056661e-05   8.237136e-05   312
  9.214050e-02   1.214704e-03   5.465037e-05   8.085103e-05   240
  9.250305e-02   1.593752e-03   4.152014e-05   9.480732e-05   408
  9.264658e-02   1.473445e-03   3.802244e-05   9.259433e-05   336
  9.292709e-02   1.559693e-03   4.827913e-05   1.307062e-04   264
  9.306493e-02   1.308107e-03   0.000000e+00   1.120783e-04   144
  9.344847e-02   1.529605e-03   6.691774e-05   9.594570e-05   464
  9.365053e-02   1.171035e-03   5.321333e-05   9.079622e-05   168
  9.385003e-02   1.589539e-03   4.846574e-05   1.108920e-04   336
  9.421059e-02   1.599630e-03   5.092274e-05   1.090855e-04   414
  9.441384e-02   2.318226e-03   5.300755e-05   2.141242e-04   216
  9.467424e-02   2.772110e-03   1.284475e-09   3.135370e-04   96
  9.478056e-02   1.571851e-03   3.146309e-09   1.145481e-04   384
  9.515300e-02   1.698937e-03   5.290514e-05   9.347149e-05   492
  9.535260e-02   1.646029e-03   5.173669e-05   1.140550e-04   240
  9.557820e-02   1.422682e-03   5.253086e-05   9.002594e-05   312
  9.588974e-02   1.082737e-03   5.251357e-05   8.714364e-05   192
  9.608709e-02   1.639835e-03   5.089201e-05   9.477066e-05   504
  9.634892e-02   1.624424e-03   3.369138e-05   1.243110e-04   408
  9.655507e-02   1.500005e-03   1.032177e-04   1.297252e-04   168
  9.681304e-02   1.817066e-03   4.902931e-05   1.306361e-04   288
  9.702952e-02   1.415152e-03   5.116628e-05   1.048047e-04   288
  9.725127e-02   1.289688e-03   5.146081e-05   7.598124e-05   432
  9.757291e-02   1.648223e-03   4.866478e-05   1.206446e-04   216
  9.774479e-02   1.436815e-03   4.856211e-05   9.571470e-05   360
  9.805077e-02   1.664738e-03   4.739615e-05   1.160093e-04   312
  9.832692e-02   2.208054e-03   0.000000e+00   3.521288e-04   48
  9.848611e-02   1.469127e-03   5.081550e-05   8.680219e-05   432
  9.877120e-02   1.351604e-03   8.476078e-05   8.536788e-05   414
  9.893956e-02   1.553960e-03   1.936190e-09   1.203592e-04   312
  9.925365e-02   1.689144e-03   7.437288e-05   1.167813e-04   528
  9.946561e-02   1.845810e-03   3.903945e-05   1.867691e-04   264
  9.972025e-02   1.682025e-03   4.629008e-05   1.189149e-04   480
  1.000530e-01   1.586567e-03   0.000000e+00   1.127029e-04   288
  1.001967e-01   1.624098e-03   4.973726e-05   1.601434e-04   168
  1.004595e-01   1.796980e-03   7.873394e-05   1.015626e-04   504
  1.007551e-01   2.513878e-03   1.211015e-09   2.505108e-04   144
  1.009411e-01   1.301605e-03   5.056606e-05   6.917555e-05   464
  1.012205e-01   1.294474e-03   7.420855e-05   7.865620e-05   432
  1.013531e-01   1.769750e-03   1.284475e-09   1.529136e-04   192
  1.016957e-01   1.347292e-03   5.501332e-05   7.808713e-05   396
  1.018981e-01   1.356298e-03   4.941713e-05   9.452960e-05   288
  1.021026e-01   1.360225e-03   4.881567e-05   9.601437e-05   336
  1.024293e-01   1.374211e-03   3.091107e-05   8.476318e-05   432
  1.026367e-01   1.562402e-03   8.011717e-05   1.068539e-04   360
  1.028695e-01   1.442504e-03   4.739049e-05   7.679837e-05   384
  1.032001e-01   1.291812e-03   4.183121e-05   1.102448e-04   198
  1.033594e-01   1.543674e-03   4.754848e-05   9.663973e-05   552
  1.036565e-01   1.782338e-03   6.656461e-05   1.612577e-04   432
  1.039045e-01   1.659428e-03   2.542602e-09   1.514823e-04   168
  1.041126e-01   1.893880e-03   8.251578e-05   1.300844e-04   480
  1.043880e-01   1.090493e-03   0.000000e+00   1.105341e-04   120
  1.045119e-01   1.636295e-03   6.739531e-05   1.306743e-04   336
  1.048143e-01   1.528935e-03   4.754634e-05   8.471670e-05   672
  1.051134e-01   1.764556e-03   6.916265e-05   9.549029e-05   528
  1.052527e-01   1.041869e-03   2.076026e-09   7.640037e-05   168
  1.055745e-01   1.648576e-03   7.715047e-05   1.020737e-04   456
  1.057708e-01   2.157557e-03   4.711644e-05   3.239382e-04   168
  1.059747e-01   1.612887e-03   4.703185e-05   1.051861e-04   504
  1.063135e-01   1.211270e-03   6.052278e-05   1.040039e-04   336
  1.065184e-01   1.801462e-03   4.362976e-05   1.288708e-04   312
  1.067457e-01   1.627823e-03   4.262923e-05   1.098502e-04   504
  1.070448e-01   1.397073e-03   2.957734e-05   7.196755e-05   432
  1.071854e-01   1.188178e-03   4.570679e-05   6.855602e-05   312
  1.074777e-01   1.321571e-03   4.685168e-05   7.820819e-05   384
  1.077830e-01   2.018208e-03   3.980594e-05   3.132915e-04   126
  1.079714e-01   1.614005e-03   6.988975e-05   1.053208e-04   492
  1.082121e-01   1.817586e-03   4.476446e-05   1.204825e-04   528
  1.085129e-01   1.515641e-03   4.547108e-05   1.063396e-04   480
  1.086993e-01   1.918971e-03   6.281804e-05   1.400546e-04   432
  1.089692e-01   1.763935e-03   4.939807e-05   1.282499e-04   440
  1.092826e-01   1.864795e-03   2.456546e-05   1.383003e-04   312
  1.094002e-01   1.549492e-03   3.681340e-05   1.460506e-04   480
  1.096414e-01   1.626854e-03   7.207992e-05   1.307080e-04   408
  1.099939e-01   1.930217e-03   4.316772e-05   1.389924e-04   360
  1.101428e-01   1.551174e-03   4.165528e-05   1.136543e-04   408
  1.104187e-01   1.225144e-03   4.238952e-05   8.514379e-05   456
  1.107295e-01   1.642598e-03   4.051394e-05   1.117381e-04   264
  1.109019e-01   1.610434e-03   4.396779e-05   1.244049e-04   384
  1.111530e-01   1.499495e-03   7.402287e-05   8.557262e-05   672
  1.114432e-01   1.951044e-03   4.427524e-05   2.044143e-04   240
  1.116107e-01   1.341126e-03   4.492830e-05   8.444119e-05   264
  1.118470e-01   9.896806e-04   5.541164e-05   5.558447e-05   624
  1.121997e-01   1.279784e-03   0.000000e+00   1.656906e-04   150
  1.123253e-01   2.041972e-03   6.209312e-05   1.313942e-04   600
  1.125901e-01   1.593277e-03   4.285507e-05   9.393348e-05   672
  1.128900e-01   1.478103e-03   4.030821e-05   1.525781e-04   336
  1.130571e-01   2.180248e-03   4.384359e-05   1.680851e-04   408
  1.133240e-01   1.765764e-03   4.374031e-05   1.610234e-04   408
  1.136209e-01   1.568596e-03   2.211745e-05   1.085227e-04   360
  1.138039e-01   1.864408e-03   8.120816e-05   1.427256e-04   456
  1.140250e-01   1.608507e-03   4.416149e-05   1.281284e-04   384
  1.143063e-01   1.256675e-03   4.076666e-05   7.570119e-05   348
  1.144584e-01   1.908105e-03   5.025723e-05   1.246480e-04   576
  1.147440e-01   1.416730e-03   4.138022e-05   8.491854e-05   504
  1.150362e-01   1.523777e-03   5.836440e-05   1.069557e-04   432
  1.152912e-01   1.383211e-03   7.940448e-05   7.153366e-05   576
  1.154731e-01   1.403123e-03   0.000000e+00   1.410016e-04   264
  1.157616e-01   1.491259e-03   6.318613e-05   7.564802e-05   768
  1.160125e-01   1.037344e-03   8.506861e-05   7.389441e-05   240
  1.162120e-01   1.390607e-03   7.502246e-05   1.733646e-04   192
  1.165026e-01   1.253840e-03   5.522570e-05   6.525618e-05   504
  1.167181e-01   1.732274e-03   7.441870e-05   1.509363e-04   590
  1.169248e-01   1.828960e-03   8.338208e-05   1.618467e-04   384
  1.171839e-01   1.567398e-03   6.968286e-05   1.149818e-04   504
  1.174968e-01   2.047536e-03   6.705897e-05   1.346351e-04   648
  1.178003e-01   1.462389e-03   1.821233e-05   1.134933e-04   504
  1.179227e-01   1.485959e-03   4.154576e-05   1.074685e-04   312
  1.181387e-01   1.783546e-03   5.985722e-05   1.161202e-04   576
  1.184353e-01   1.996236e-03   4.165498e-05   2.202216e-04   240
  1.186082e-01   1.320254e-03   4.209035e-05   7.908536e-05   552
  1.188529e-01   1.975049e-03   3.952187e-05   1.538467e-04   600
  1.192015e-01   1.596611e-03   4.827284e-05   1.051455e-04   600
  1.194111e-01   1.476873e-03   7.730513e-05   1.117517e-04   312
  1.196198e-01   1.839622e-03   6.732512e-05   1.232361e-04   480
  1.198806e-01   1.502511e-03   4.200441e-05   1.145648e-04   576
  1.201101e-01   2.102324e-03   6.763622e-05   1.805702e-04   408
  1.203138e-01   7.528560e-04   7.890077e-05   5.072760e-05   216
  1.205770e-01   1.370928e-03   6.042911e-05   9.077977e-05   516
  1.208589e-01   1.549569e-03   5.765552e-05   8.414913e-05   744
  1.211498e-01   1.667624e-03   3.850879e-05   1.123722e-04   462
  1.213141e-01   1.690045e-03   3.913862e-05   1.650799e-04   432
  1.215691e-01   1.993871e-03   3.630965e-05   1.247402e-04   648
  1.218688e-01   1.861860e-03   5.312777e-05   1.569648e-04   528
  1.221096e-01   1.629503e-03   6.397910e-05   1.031061e-04   600
  1.223502e-01   2.835647e-03   8.066092e-05   3.973103e-04   240
  1.225832e-01   1.575987e-03   6.178548e-05   1.064475e-04   720
  1.228540e-01   1.678450e-03   4.888350e-05   9.914301e-05   720
  1.231542e-01   6.876030e-04   0.000000e+00   5.779452e-05   144
  1.233122e-01   1.754143e-03   6.302546e-05   1.032532e-04   720
  1.235369e-01   1.896629e-03   3.779131e-05   1.346233e-04   384
  1.238183e-01   1.441473e-03   4.189367e-05   8.167831e-05   672
  1.240853e-01   2.122717e-03   7.335120e-05   2.029246e-04   336
  1.242128e-01   1.979978e-03   0.000000e+00   2.022152e-04   288
  1.245250e-01   1.403610e-03   5.805257e-05   7.964888e-05   776
  1.248140e-01   1.364866e-03   4.967278e-05   6.988627e-05   720
  1.250567e-01   1.222081e-03   4.001507e-05   8.498319e-05   432
  1.252509e-01   1.885009e-03   5.704653e-05   1.818100e-04   504
  1.254668e-01   1.416222e-03   3.996919e-05   1.003252e-04   528
  1.257690e-01   1.701035e-03   5.445569e-05   1.549556e-04   438
  1.260177e-01   1.943304e-03   6.338144e-05   1.620211e-04   624
  1.262050e-01   1.979888e-03   7.763371e-05   1.900276e-04   312
  1.264626e-01   2.203749e-03   4.182709e-05   1.250888e-04   696
  1.267289e-01   1.807467e-03   3.784594e-05   1.451912e-04   552
  1.270059e-01   1.655741e-03   2.928013e-05   1.252488e-04   516
  1.271773e-01   2.132431e-03   5.848486e-05   1.717079e-04   528
  1.273859e-01   9.297092e-04   3.803430e-05   5.232571e-05   528
  1.276822e-01   1.808731e-03   5.015953e-05   1.208239e-04   864
  1.278834e-01   1.743611e-03   6.870823e-05   1.476625e-04   408
  1.280847e-01   2.304923e-03   6.807282e-05   1.816608e-04   192
  1.283701e-01   1.413769e-03   5.633353e-05   9.302030e-05   720
  1.286110e-01   1.365213e-03   5.194228e-05   8.640675e-05   696
  1.288973e-01   1.557517e-03   5.609815e-05   8.862295e-05   720
  1.291592e-01   1.532749e-03   7.603431e-05   1.084757e-04   432
  1.293119e-01   1.124234e-03   4.475677e-05   9.650232e-05   264
  1.295867e-01   1.484543e-03   6.180712e-05   8.405572e-05   672
  1.298325e-01   1.670150e-03   6.328100e-05   1.067709e-04   600
  1.301242e-01   9.755797e-04   3.705096e-05   1.057622e-04   270
  1.302712e-01   1.797418e-03   5.577202e-05   1.641680e-04   528
  1.305049e-01   1.937505e-03   3.819070e-05   1.114939e-04   840
  1.308254e-01   2.152770e-03   7.302747e-05   1.329272e-04   888
  1.311216e-01   1.472762e-03   5.441084e-05   9.564658e-05   744
  1.313718e-01   1.861238e-03   2.795923e-05   1.336755e-04   456
  1.314963e-01   2.654770e-03   3.820801e-05   1.848941e-04   360
  1.317093e-01   1.535544e-03   3.310510e-05   1.731630e-04   384
  1.320361e-01   1.628483e-03   5.310026e-05   8.846674e-05   816
  1.322813e-01   1.726920e-03   7.704106e-05   9.810344e-05   824
  1.325794e-01   1.524999e-03   3.581235e-05   1.580571e-04   360
  1.327390e-01   1.900682e-03   5.284558e-05   1.096077e-04   624
  1.329587e-01   1.846289e-03   3.571018e-05   1.586542e-04   360
  1.332513e-01   1.543590e-03   4.857633e-05   9.534732e-05   876
  1.335156e-01   1.424409e-03   5.769416e-05   9.431714e-05   696
  1.337821e-01   1.246531e-03   3.725510e-05   1.026876e-04   336
  1.339218e-01   1.968654e-03   3.721324e-05   1.830202e-04   504
  1.341526e-01   1.530796e-03   3.753571e-05   1.242552e-04   672
  1.344950e-01   1.212930e-03   7.472486e-05   7.174291e-05   720
  1.347324e-01   1.723124e-03   5.644666e-05   1.259171e-04   774
  1.349945e-01   2.891851e-03   3.230860e-05   3.161902e-04   384
  1.351318e-01   2.308197e-03   6.217562e-05   1.931829e-04   528
  1.353448e-01   1.868062e-03   5.925683e-05   1.206377e-04   744
  1.356875e-01   2.186997e-03   4.887432e-05   1.395909e-04   768
  1.359150e-01   1.992166e-03   5.486510e-05   1.895981e-04   552
  1.361989e-01   1.528434e-03   5.979675e-05   9.958381e-05   696
  1.364100e-01   2.314153e-03   7.266345e-05   2.019026e-04   408
  1.365777e-01   1.979766e-03   3.139119e-05   1.478193e-04   504
  1.368434e-01   1.592660e-03   5.639309e-05   1.004216e-04   888
  1.371049e-01   1.463856e-03   5.860872e-05   1.187725e-04   648
  1.373767e-01   1.461827e-03   5.810635e-05   1.002205e-04   648
  1.376324e-01   1.544829e-03   6.265289e-05   1.020905e-04   792
  1.379033e-01   1.358862e-03   9.166547e-05   9.543891e-05   600
  1.381028e-01   1.036554e-03   6.212242e-05   6.786954e-05   456
  1.383129e-01   1.593770e-03   3.027582e-05   1.083845e-04   648
  1.385828e-01   1.321225e-03   5.904226e-05   7.372767e-05   936
  1.388741e-01   1.880178e-03   3.625955e-05   1.300069e-04   384
  1.391277e-01   3.544270e-06   0.000000e+00   2.824918e-07   198
  1.393234e-01   3.419716e-06   9.199360e-05   1.043415e-07   1224
  1.395345e-01   3.349794e-06   6.699966e-05   1.746115e-07   420
  1.397842e-01   3.200501e-06   6.484166e-05   1.299578e-07   792
  1.400283e-01   3.340527e-06   5.361851e-05   1.309977e-07   680
  1.403069e-01   3.437615e-06   4.923504e-05   1.594529e-07   600
  1.405311e-01   3.369285e-06   7.140431e-05   1.167216e-07   840
  1.408304e-01   4.136314e-06   3.371380e-05   2.208610e-07   432
  1.409448e-01   3.470725e-06   3.159427e-05   1.397843e-07   720
  1.411934e-01   3.724086e-06   6.327780e-05   1.228336e-07   960
  1.415027e-01   3.925410e-06   5.640753e-05   1.935762e-07   528
  1.417288e-01   3.509586e-06   5.765925e-05   1.427164e-07   624
  1.419978e-01   3.821458e-06   4.531978e-05   1.413983e-07   816
  1.422648e-01   3.267725e-06   7.452934e-05   1.402778e-07   696
  1.425599e-01   3.936184e-06   4.110321e-09   2.457282e-07   240
  1.426709e-01   3.978204e-06   4.395173e-05   1.572393e-07   672
  1.429185e-01   3.534779e-06   7.854802e-05   1.199373e-07   864
  1.431964e-01   3.499856e-06   6.027286e-05   1.295402e-07   816
  1.434467e-01   3.651484e-06   3.449810e-05   1.507479e-07   648
  1.437164e-01   3.690041e-06   3.526335e-05   1.203776e-07   843
  1.439454e-01   3.456711e-06   6.344743e-05   1.399446e-07   780
  1.442182e-01   3.352891e-06   3.404471e-05   2.253648e-07   216
  1.443865e-01   3.454451e-06   8.209510e-05   1.032573e-07   1056
  1.446454e-01   4.619012e-06   6.716301e-05   2.908601e-07   228
  1.448850e-01   3.733406e-06   8.361962e-05   1.297865e-07   924
  1.451311e-01   3.807211e-06   3.101819e-05   1.359635e-07   696
  1.453916e-01   3.476951e-06   5.520350e-05   1.159485e-07   996
  1.456581e-01   3.727763e-06   3.259105e-05   1.608459e-07   576
  1.459354e-01   3.685125e-06   5.030212e-05   1.727929e-07   552
  1.461376e-01   3.996744e-06   6.005898e-05   1.794718e-07   516
  1.463427e-01   3.603682e-06   8.733821e-05   1.269197e-07   744
  1.465771e-01   4.058188e-06   4.284460e-05   1.819757e-07   576
  1.467810e-01   3.454635e-06   4.409794e-05   1.220383e-07   792
  1.470708e-01   3.895534e-06   5.041212e-05   1.401466e-07   792
  1.472831e-01   3.769117e-06   5.436894e-05   1.393891e-07   720
  1.475703e-01   3.534942e-06   6.196809e-05   1.305043e-07   656
  1.478394e-01   3.675913e-06   6.766594e-05   1.268329e-07   816
  1.481153e-01   3.716420e-06   3.648433e-05   1.655530e-07   492
  1.482721e-01   3.861152e-06   5.248529e-05   1.601891e-07   552
  1.485663e-01   3.514295e-06   9.126553e-05   1.588594e-07   780
  1.487575e-01   3.776864e-06   5.606333e-05   1.787836e-07   528
  1.489634e-01   3.812433e-06   6.544296e-05   1.607120e-07   600
  1.492669e-01   4.065665e-06   5.438828e-05   1.279456e-07   900
  1.494760e-01   3.844350e-06   3.011028e-05   1.535538e-07   696
  1.497638e-01   3.816046e-06   7.613501e-05   1.447330e-07   696
  1.500423e-01   4.207430e-06   3.088725e-05   1.815352e-07   552
  1.502764e-01   3.231719e-06   3.591902e-05   1.236564e-07   708
  1.505217e-01   4.002991e-06   5.930435e-05   1.491541e-07   876
  1.507769e-01   4.162797e-06   3.148943e-05   3.301829e-07   216
  1.509481e-01   3.684540e-06   8.612787e-05   1.164606e-07   1032
  1.512046e-01   3.786403e-06   9.589387e-05   1.602868e-07   600
  1.514708e-01   3.737725e-06   4.575699e-05   1.488469e-07   600
  1.516739e-01   3.843229e-06   8.080257e-05   1.881300e-07   528
  1.519139e-01   3.841458e-06   4.435707e-05   1.441440e-07   732
  1.521668e-01   3.387738e-06   3.275367e-05   1.682602e-07   336
  1.524578e-01   3.758374e-06   4.668048e-05   1.256773e-07   912
  1.526754e-01   3.555000e-06   4.685305e-05   1.470653e-07   624
  1.529130e-01   3.879369e-06   3.948208e-05   1.447813e-07   768
  1.531905e-01   4.346080e-06   7.123345e-05   1.597522e-07   792
  1.534628e-01   3.750983e-06   3.531461e-05   1.681853e-07   660
  1.536565e-01   3.650920e-06   5.204174e-05   1.835880e-07   504
  1.538569e-01   3.975391e-06   8.502625e-05   1.987918e-07   480
  1.541572e-01   3.085839e-06   7.863820e-05   1.033682e-07   912
  1.543923e-01   4.384118e-06   8.757583e-05   2.508443e-07   432
  1.546144e-01   3.634817e-06   5.200047e-05   1.596918e-07   564
  1.548116e-01   3.832805e-06   4.977161e-05   1.696708e-07   600
  1.550891e-01   4.012877e-06   6.937691e-05   1.438090e-07   876
  1.552976e-01   4.186041e-06   3.119395e-05   2.487495e-07   264
  1.555851e-01   4.086280e-06   6.052853e-05   1.752844e-07   560
  1.558161e-01   3.630498e-06   4.113044e-05   1.241456e-07   840
  1.560965e-01   3.640044e-06   6.341128e-05   1.273203e-07   1008
  1.563558e-01   4.004805e-06   2.836595e-05   1.901265e-07   456
  1.565927e-01   4.185506e-06   3.674408e-05   1.745573e-07   576
  1.568116e-01   4.023002e-06   5.646120e-05   1.668985e-07   612
  1.571003e-01   3.755295e-06   5.042901e-05   1.460884e-07   780
  1.573359e-01   4.075076e-06   5.778934e-05   1.581569e-07   648
  1.575770e-01   4.520573e-06   2.693058e-05   3.085279e-07   312
  1.577311e-01   3.718293e-06   6.842617e-05   1.610981e-07   528
  1.579980e-01   3.664256e-06   8.936117e-05   1.560283e-07   720
  1.582533e-01   3.749244e-06   8.964102e-05   1.929140e-07   576
  1.585628e-01   3.761442e-06   7.732694e-05   1.731012e-07   444
  1.587554e-01   4.037740e-06   7.583279e-05   1.357035e-07   996
  1.589914e-01   3.657626e-06   6.334320e-05   1.993477e-07   432
  1.592145e-01   4.086804e-06   6.934834e-05   1.942236e-07   504
  1.594071e-01   3.867047e-06   3.126589e-05   1.900791e-07   504
  1.596815e-01   4.323781e-06   6.153164e-05   1.716623e-07   876
  1.599297e-01   3.832719e-06   7.081706e-05   1.832033e-07   504
  1.601882e-01   3.496860e-06   4.516342e-05   1.523969e-07   696
  1.604019e-01   4.423981e-06   3.860998e-05   2.087050e-07   492
  1.606926e-01   3.568684e-06   5.527206e-05   1.808707e-07   432
  1.609079e-01   4.021277e-06   5.175622e-05   1.513256e-07   768
  1.611631e-01   3.592445e-06   6.446933e-05   1.695601e-07   648
  1.614068e-01   3.287247e-06   4.205932e-05   1.605693e-07   456
  1.616868e-01   3.477691e-06   5.783839e-05   1.596534e-07   552
  1.618813e-01   3.699356e-06   3.964248e-05   1.911650e-07   648
  1.621489e-01   3.631604e-06   6.461501e-05   1.293743e-07   840
  1.624104e-01   4.199823e-06   3.081354e-05   2.177820e-07   432
  1.626721e-01   3.488902e-06   3.774132e-05   1.661282e-07   600
  1.628542e-01   4.093348e-06   4.021090e-05   2.340163e-07   432
  1.631600e-01   3.797236e-06   4.003387e-05   1.736083e-07   560
  1.633670e-01   3.574909e-06   6.336941e-05   1.450190e-07   840
  1.636263e-01   4.043621e-06   3.753463e-05   2.015982e-07   504
  1.638323e-01   3.468719e-06   7.660593e-05   1.501795e-07   696
  1.641226e-01   4.079863e-06   4.183943e-05   2.270140e-07   384
  1.643487e-01   3.307345e-06   6.128984e-05   1.502981e-07   576
  1.646222e-01   3.463226e-06   3.782503e-05   2.243017e-07   360
  1.648426e-01   3.512303e-06   5.633064e-05   1.560050e-07   828
  1.650804e-01   3.578317e-06   5.017290e-05   1.902922e-07   372
  1.652983e-01   3.591660e-06   7.662364e-05   1.555555e-07   576
  1.655869e-01   3.774521e-06   3.208989e-05   1.627540e-07   636
  1.657926e-01   3.580482e-06   6.186102e-05   1.579598e-07   648
  1.660708e-01   3.767503e-06   5.028625e-05   1.833160e-07   576
  1.662705e-01   3.558046e-06   8.111703e-05   1.746864e-07   528
  1.665361e-01   3.475516e-06   3.468088e-05   2.114882e-07   360
  1.667559e-01   3.302090e-06   7.977902e-05   1.327812e-07   672
  1.670430e-01   3.609224e-06   4.086413e-05   1.527752e-07   804
  1.672819e-01   3.790625e-06   4.507802e-05   2.003000e-07   408
  1.675462e-01   3.387960e-06   2.786312e-05   1.650304e-07   384
  1.677241e-01   2.984751e-06   6.376152e-05   1.656537e-07   480
  1.679752e-01   3.264653e-06   4.119929e-05   1.669574e-07   432
  1.682159e-01   4.105365e-06   7.592150e-05   1.791047e-07   648
  1.685009e-01   3.631767e-06   4.710893e-05   1.715086e-07   624
  1.687093e-01   3.634324e-06   4.284955e-05   2.143233e-07   456
  1.689940e-01   3.324170e-06   5.853629e-05   1.940282e-07   588
  1.691847e-01   3.188316e-06   3.734591e-05   1.462298e-07   600
  1.694632e-01   3.215400e-06   5.825046e-05   1.217848e-07   708
  1.696832e-01   3.003066e-06   3.669667e-05   1.540631e-07   360
  1.699263e-01   3.683331e-06   4.218379e-05   1.861030e-07   552
  1.701593e-01   3.312269e-06   2.959293e-05   2.613493e-07   288
  1.703959e-01   3.005584e-06   5.564280e-05   1.491290e-07   528
  1.706182e-01   3.258632e-06   3.753920e-05   1.554666e-07   456
  1.708665e-01   3.430796e-06   6.656515e-05   1.622604e-07   608
  1.711163e-01   3.014558e-06   3.220496e-05   1.364779e-07   504
  1.713892e-01   2.602045e-06   6.914223e-05   1.312239e-07   540
  1.716032e-01   3.944619e-06   7.422222e-05   2.506904e-07   360
  1.718339e-01   3.955875e-06   3.361162e-05   1.858423e-07   540
  1.720380e-01   3.283777e-06   2.885957e-05   1.614892e-07   576
  1.723347e-01   3.321296e-06   6.691555e-05   1.505178e-07   588
  1.726168e-01   3.388150e-06   9.232326e-05   1.657215e-07   672
  1.728592e-01   3.886857e-06   7.056345e-05   1.840589e-07   552
  1.730545e-01   2.579070e-06   7.059913e-05   2.122887e-07   144
  1.733038e-01   3.558445e-06   5.998121e-05   1.678580e-07   600
  1.735402e-01   2.841273e-06   7.516955e-05   1.429362e-07   504
  1.738025e-01   3.114148e-06   7.721430e-05   2.180767e-07   336
  1.740784e-01   3.205205e-06   8.678922e-05   1.387031e-07   600
  1.743256e-01   3.039824e-06   5.601092e-05   1.468960e-07   636
  1.745923e-01   3.424246e-06   4.503329e-05   2.650947e-07   384
  1.747793e-01   3.433025e-06   6.281612e-05   2.065942e-07   504
  1.750488e-01   3.005128e-06   2.636304e-05   2.103623e-07   240
  1.752616e-01   3.234376e-06   6.193054e-05   1.266404e-07   744
  1.755168e-01   2.991250e-06   4.228914e-05   1.362354e-07   648
  1.757436e-01   4.950324e-06   2.807279e-05   4.219936e-07   120
  1.760095e-01   2.713089e-06   4.409871e-05   1.123822e-07   564
  1.762103e-01   3.737985e-06   6.925969e-05   2.038113e-07   432
  1.764784e-01   2.778672e-06   5.375921e-05   1.743942e-07   480
  1.766803e-01   2.377241e-06   3.956814e-05   1.350352e-07   456
  1.769186e-01   3.110283e-06   6.547942e-05   1.770807e-07   444
  1.771890e-01   2.850490e-06   1.001870e-04   1.619260e-07   528
  1.774266e-01   3.390124e-06   7.440679e-05   2.815421e-07   264
  1.776571e-01   2.880495e-06   7.625589e-05   1.575062e-07   444
  1.779672e-01   3.146385e-06   8.352712e-05   1.351483e-07   696
  1.782246e-01   3.313443e-06   4.467309e-05   2.198449e-07   384
  1.784129e-01   2.915657e-06   5.644820e-05   1.529419e-07   432
  1.787057e-01   3.766762e-06   3.900306e-05   2.096842e-07   488
  1.788958e-01   3.409743e-06   5.878247e-05   1.700342e-07   480
  1.791714e-01   2.892373e-06   6.555462e-05   1.792174e-07   480
  1.793849e-01   2.702041e-06   2.750471e-05   1.714674e-07   240
  1.796272e-01   3.124274e-06   6.424882e-05   1.586034e-07   600
  1.798559e-01   2.537097e-06   5.598627e-05   1.676000e-07   288
  1.800993e-01   3.005802e-06   5.385469e-05   1.715342e-07   480
  1.803458e-01   2.543061e-06   9.579788e-05   1.477293e-07   504
  1.805885e-01   3.389664e-06   4.110325e-05   2.330293e-07   216
  1.808981e-01   2.968383e-06   6.729256e-05   1.736431e-07   504
  1.811392e-01   2.522322e-06   5.412370e-05   1.430393e-07   456
  1.814031e-01   3.926956e-06   3.104087e-05   2.365906e-07   384
  1.815779e-01   3.833011e-06   6.300174e-05   2.329969e-07   480
  1.818262e-01   2.495621e-06   5.532259e-05   1.534777e-07   504
  1.820564e-01   3.013625e-06   3.509319e-05   1.820818e-07   312
  1.823043e-01   3.024511e-06   5.655148e-05   1.818679e-07   492
  1.825238e-01   3.430530e-06   5.300385e-05   2.181996e-07   312
  1.828064e-01   2.724669e-06   8.610055e-05   1.240504e-07   576
  1.830551e-01   3.376633e-06   7.947777e-05   2.614066e-07   336
  1.832617e-01   2.071484e-06   6.119421e-05   1.603090e-07   240
  1.835481e-01   2.988702e-06   8.112802e-05   1.751338e-07   468
  1.837954e-01   2.903296e-06   5.079787e-05   2.662272e-07   192
  1.840542e-01   2.366049e-06   5.094927e-05   1.741731e-07   324
  1.842439e-01   2.831110e-06   3.697814e-05   1.448107e-07   600
  1.845024e-01   2.800863e-06   5.999324e-05   1.579043e-07   456
  1.846943e-01   3.001089e-06   2.698496e-05   2.167573e-07   336
  1.850125e-01   3.083062e-06   8.080061e-05   1.746853e-07   612
  1.852440e-01   2.193519e-06   6.781139e-05   3.385785e-07   144
  1.854629e-01   3.167085e-06   7.915330e-05   1.685771e-07   552
  1.857606e-01   1.858570e-06   3.117154e-05   1.141829e-07   264
  1.859288e-01   2.549041e-06   7.217008e-05   2.018782e-07   336
  1.861941e-01   2.325200e-06   4.768752e-05   1.325607e-07   384
  1.864242e-01   2.518804e-06   2.684336e-05   2.116250e-07   216
  1.866789e-01   2.056130e-06   5.691346e-05   1.395985e-07   344
  1.869112e-01   2.061544e-06   8.491756e-05   1.302461e-07   408
  1.871942e-01   2.458864e-06   6.525361e-05   2.228390e-07   264
  1.874450e-01   2.540671e-06   9.096676e-05   1.440948e-07   612
  1.876956e-01   3.368702e-06   4.681845e-05   2.199853e-07   408
  1.879533e-01   2.413856e-06   4.688574e-05   1.857642e-07   444
  1.881426e-01   4.429831e-06   2.622284e-05   3.715436e-07   120
  1.883963e-01   2.840330e-06   7.244892e-05   2.251872e-07   336
  1.885846e-01   2.361815e-06   2.517571e-05   1.766072e-07   288
  1.888390e-01   2.484232e-06   7.834725e-05   1.354987e-07   552
  1.891889e-01   3.173223e-06   0.000000e+00   4.372867e-07   72
  1.893687e-01   2.480321e-06   7.781878e-05   1.472710e-07   504
  1.895788e-01   1.394114e-06   2.504133e-05   1.159984e-07   216
  1.898511e-01   1.993296e-06   4.470956e-05   1.482915e-07   312
  1.900954e-01   1.753164e-06   5.090887e-05   1.282677e-07   336
  1.903283e-01   1.704396e-06   7.056539e-05   1.409395e-07   204
  1.905603e-01   3.531162e-06   8.200772e-05   2.571592e-07   504
  1.908063e-01   3.078459e-06   7.809491e-05   1.962610e-07   396
  1.910429e-01   2.326972e-06   7.161711e-05   1.901534e-07   312
  1.913297e-01   3.461945e-06   4.376572e-05   3.289109e-07   216
  1.915318e-01   2.347448e-06   2.375249e-05   2.549678e-07   168
  1.917774e-01   2.360222e-06   5.997637e-05   1.368106e-07   588
  1.920576e-01   1.727035e-06   8.141090e-05   1.743439e-07   240
  1.922754e-01   1.707029e-06   7.189946e-05   1.453001e-07   264
  1.925307e-01   2.137811e-06   8.891848e-05   1.759962e-07   288
  1.927573e-01   2.323247e-06   4.440219e-05   2.042336e-07   288
  1.930444e-01   1.715659e-06   4.170072e-05   1.343630e-07   288
  1.932378e-01   1.953206e-06   4.830681e-05   1.685078e-07   192
  1.934810e-01   1.374325e-06   5.140329e-05   1.154594e-07   264
  1.937128e-01   3.465510e-06   8.455129e-05   2.386654e-07   372
  1.939621e-01   3.659033e-06   9.131904e-05   3.139184e-07   360
  1.942665e-01   3.203780e-06   3.864708e-05   4.319997e-07   144
  1.944239e-01   1.867361e-06   5.367910e-05   1.772435e-07   296
  1.946722e-01   2.075748e-06   5.783646e-05   1.890921e-07   288
  1.949565e-01   2.307314e-06   8.643513e-05   1.546127e-07   480
  1.952017e-01   1.820427e-06   7.181934e-05   2.799573e-07   192
  1.954402e-01   2.621376e-06   7.703604e-05   2.472343e-07   192
  1.956569e-01   1.843773e-06   4.909597e-05   1.669190e-07   288
  1.959584e-01   9.838786e-07   4.273737e-05   1.156532e-07   108
  1.961102e-01   1.899914e-06   4.108675e-05   1.788193e-07   240
  1.963784e-01   1.519238e-06   7.664829e-05   1.412753e-07   384
  1.966538e-01   2.197027e-06   9.350223e-05   2.438993e-07   108
  1.968974e-01   2.693785e-06   5.482209e-05   1.849829e-07   348
  1.971535e-01   1.766477e-06   5.721449e-05   1.999949e-07   312
  1.973823e-01   1.809007e-06   5.559587e-05   3.802592e-07   96
  1.975926e-01   1.887470e-06   7.401586e-05   1.459441e-07   384
  1.978282e-01   2.134777e-06   5.090793e-05   2.018860e-07   144
  1.980586e-01   2.088873e-06   7.822228e-05   1.581122e-07   408
  1.983451e-01   1.037717e-06   3.489266e-05   1.523045e-07   144
  1.986157e-01   1.911852e-06   6.708152e-05   2.196570e-07   192
  1.987762e-01   2.444815e-06   7.550148e-05   2.439309e-07   144
  1.990378e-01   1.317223e-06   6.138549e-05   1.409308e-07   144
  1.992846e-01   2.010101e-06   7.502301e-05   1.831041e-07   336
  1.995869e-01   1.068337e-06   5.550751e-05   8.415056e-08   240
  1.997786e-01   1.331104e-06   2.520547e-05   1.812016e-07   96
  2.000459e-01   2.283699e-06   7.391551e-05   2.076631e-07   372
  2.003163e-01   1.599406e-06   8.792091e-05   2.441417e-07   132
  2.005538e-01   1.189921e-06   5.440441e-05   9.168994e-08   264
  2.007663e-01   2.637271e-06   4.178011e-05   3.091687e-07   168
  2.009931e-01   2.007790e-06   6.679837e-05   1.699220e-07   216
  2.011935e-01   1.482527e-06   4.086808e-05   1.836748e-07   216
  2.014852e-01   7.134702e-07   7.497591e-05   7.236156e-08   96
  2.017500e-01   2.340312e-06   4.891494e-05   3.381376e-07   120
  2.019928e-01   1.392284e-06   6.218465e-05   1.514806e-07   216
  2.021928e-01   1.167286e-06   2.717490e-05   1.223695e-07   200
  2.024576e-01   1.645295e-06   7.034415e-05   2.082335e-07   288
  2.027972e-01   5.130931e-07   1.850891e-05   4.174050e-08   144
  2.029402e-01   1.776260e-06   5.759860e-05   2.807505e-07   168
  2.032323e-01   1.817165e-06   6.482186e-05   3.065984e-07   159
  2.034603e-01   1.058273e-06   6.801371e-05   9.499267e-08   174
  2.036809e-01   1.012224e-06   6.167246e-05   9.706380e-08   144
  2.039698e-01   1.765846e-06   3.561139e-05   1.703168e-07   222
  2.041630e-01   1.067728e-06   3.593504e-05   1.157755e-07   168
  2.044967e-01   1.893684e-06   7.881934e-05   4.288567e-07   30
  2.046346e-01   4.243126e-07   6.959169e-05   5.643750e-08   72
  2.048942e-01   1.078016e-06   6.210975e-05   1.272005e-07   258
  2.051797e-01   9.170590e-07   3.890094e-05   8.355404e-08   264
  2.053225e-01   1.290044e-06   4.195079e-09   2.130762e-07   72
  2.056199e-01   6.036393e-07   7.710330e-05   6.755305e-08   174
  2.058892e-01   1.207723e-06   8.210077e-05   1.674911e-07   168
  2.061058e-01   3.000093e-07   2.568951e-09   4.321166e-08   48
  2.063382e-01   7.050963e-07   4.636424e-05   8.933501e-08   150
  2.066077e-01   1.525950e-06   8.529035e-05   1.361935e-07   168
  2.068780e-01   7.109469e-07   5.195492e-05   7.621407e-08   144
  2.071265e-01   1.418058e-06   4.853772e-05   2.432626e-07   102
  2.073116e-01   3.454239e-07   7.184416e-05   3.097292e-08   96
  2.076053e-01   2.664736e-07   7.130050e-05   2.120133e-08   120
  2.078228e-01   2.672002e-07   7.647166e-05   2.146237e-08   168
  2.080580e-01   1.433732e-06   5.646827e-05   1.309215e-07   126
  2.082585e-01   8.630526e-07   4.258836e-05   1.267757e-07   168
  2.085346e-01   4.789306e-07   6.829049e-05   6.734234e-08   72
  2.087759e-01   4.299078e-07   8.551492e-05   3.798969e-08   168
  2.089873e-01   1.291833e-06   2.344384e-05   2.956941e-07   78
  2.092770e-01   3.993041e-07   3.849304e-05   5.299622e-08   60
  2.095103e-01   1.531559e-06   6.244194e-05   2.905005e-07   96
  2.097522e-01   5.489592e-07   7.576810e-05   4.629176e-08   168
  2.099796e-01   4.666078e-07   4.794311e-05   8.887800e-08   86
  2.102181e-01   3.144023e-07   4.284977e-05   4.168460e-08   120
  2.105600e-01   3.694632e-07   3.055758e-05   3.671815e-08   168
  2.107444e-01   1.979784e-07   0.000000e+00   2.259005e-08   48
  2.109928e-01   9.055840e-07   5.567259e-05   9.878134e-08   120
  2.111355e-01   5.797705e-07   4.061540e-05   8.682186e-08   126
  2.114838e-01   4.993549e-07   7.143116e-05   6.399918e-08   96
  2.117099e-01   4.925120e-07   2.059722e-05   4.767152e-08   96
  2.118882e-01   3.198457e-07   2.422030e-09   3.731815e-08   72
  2.122681e-01   3.523950e-07   2.568951e-09   6.850528e-08   24
  2.125052e-01   5.400181e-07   4.238860e-05   5.897102e-08   120
  2.126902e-01   4.803015e-07   6.183193e-05   6.711204e-08   126
  2.128959e-01   3.101187e-07   5.154529e-05   3.745062e-08   96
  2.131362e-01   1.700703e-07   8.908530e-05   1.861748e-08   72
  2.134038e-01   2.937326e-07   3.853239e-05   2.535757e-08   144
  2.136239e-01   2.769470e-07   2.222458e-05   3.873968e-08   72
  2.138438e-01   4.904100e-07   4.439042e-05   1.173318e-07   54
  2.140373e-01   5.250553e-07   3.911854e-05   6.555725e-08   108
  2.144395e-01   5.718626e-07   3.834628e-05   6.267682e-08   72
  2.145647e-01   3.720186e-07   2.212712e-05   4.329030e-08   72
  2.148618e-01   2.069817e-07   4.449553e-09   3.337872e-08   24
  2.151428e-01   1.098253e-07   4.681088e-05   1.893157e-08   48
  2.153135e-01   4.179391e-07   3.565781e-05   6.193832e-08   102
  2.155704e-01   2.563951e-07   8.064314e-05   2.574201e-08   168
  2.159060e-01   1.823762e-07   4.398088e-05   2.482035e-08   72
  2.160304e-01   2.187225e-07   0.000000e+00   3.233048e-08   48
  2.162913e-01   3.008237e-07   7.564979e-05   3.244266e-08   120
  2.166356e-01   2.544594e-07   4.648832e-05   2.394404e-08   96
  2.169608e-01   8.574332e-07   4.110321e-09   3.121582e-07   30
  2.173472e-01   3.988190e-07   2.184227e-05   5.849756e-08   72
  2.175171e-01   1.924519e-07   2.568951e-09   4.328484e-08   24
  2.177352e-01   1.003903e-07   3.237565e-05   1.631037e-08   56
  2.179796e-01   1.059978e-07   4.620169e-05   1.030137e-08   96
  2.182720e-01   2.194236e-07   5.101796e-05   2.072279e-08   144
  2.184974e-01   3.609999e-07   2.896600e-05   9.419372e-08   54
  2.188250e-01   2.072763e-07   4.339413e-05   2.209015e-08   108
  2.191546e-01   5.528614e-07   2.297699e-05   9.826355e-08   48
  2.194683e-01   1.999613e-07   8.651572e-05   2.124021e-08   72
  2.202213e-01   4.209019e-07   5.716121e-05   5.053862e-08   78
  2.204299e-01   9.856963e-08   4.307814e-05   1.016745e-08   72
  2.206734e-01   1.146512e-07   4.302466e-05   1.323874e-08   72
  2.209281e-01   2.153662e-07   1.038232e-04   1.849750e-08   96
  2.211293e-01   1.306472e-07   4.293597e-05   9.814463e-09   72
  2.213721e-01   1.994121e-07   0.000000e+00   3.380931e-08   24
  2.216146e-01   1.933605e-07   8.567808e-05   2.004366e-08   72
  2.221623e-01   2.316074e-07   5.440820e-05   3.490330e-08   30
  2.222801e-01   3.288687e-07   0.000000e+00   6.555348e-08   24
  2.229135e-01   8.844876e-08   4.517907e-05   1.253606e-08   48
  2.231122e-01   1.310359e-07   9.722532e-05   1.675980e-08   120
  2.233799e-01   1.031604e-07   4.250917e-05   1.228031e-08   72
  2.236502e-01   1.296027e-07   4.245777e-05   1.994039e-08   36
  2.238360e-01   1.433667e-07   8.391632e-05   1.955397e-08   78
  2.243546e-01   1.674861e-07   4.488887e-05   1.667446e-08   48
  2.250269e-01   2.770120e-07   3.633045e-09   3.419875e-08   24
  2.255059e-01   4.397546e-08   3.125970e-05   6.176558e-09   56
  2.257471e-01   6.395021e-08   4.810277e-05   7.293760e-09   102
  2.260539e-01   9.893976e-08   3.425268e-09   1.159504e-08   72
  2.262321e-01   1.208250e-07   2.568951e-09   1.755417e-08   24
  2.265435e-01   9.287219e-08   4.445516e-05   1.392992e-08   48
  2.271206e-01   1.571919e-07   0.000000e+00   3.269425e-08   24
  2.278290e-01   8.754532e-08   0.000000e+00   3.676217e-08   6
  2.280499e-01   3.279281e-08   0.000000e+00   6.294511e-09   24
  2.281971e-01   5.246268e-08   4.161169e-05   6.030987e-09   72
  2.284659e-01   6.397235e-08   7.763053e-05   6.093051e-09   84
  2.287554e-01   5.744954e-08   0.000000e+00   1.431383e-08   24
  2.288435e-01   8.804339e-08   3.633045e-09   1.238366e-08   24
  2.292831e-01   9.903852e-08   4.449553e-09   1.610913e-08   24
  2.298972e-01   8.841319e-08   0.000000e+00   3.072552e-08   6
  2.306844e-01   4.021787e-08   4.365716e-05   5.167716e-09   48
  2.308735e-01   4.692301e-08   8.224294e-05   4.372247e-09   72
  2.311206e-01   5.829674e-08   4.357477e-05   6.786432e-09   48
  2.315124e-01   9.820907e-08   0.000000e+00   2.500525e-08   24
  2.320338e-01   1.543682e-07   0.000000e+00   3.374053e-08   6
  2.332028e-01   3.597332e-08   0.000000e+00   1.171152e-08   8
  2.332891e-01   4.352719e-08   2.568951e-09   8.330664e-09   48
  2.334962e-01   4.709806e-08   4.225843e-05   6.069510e-09   60
  2.338066e-01   8.662690e-08   0.000000e+00   1.511272e-08   24
  2.342369e-01   2.907230e-08   0.000000e+00   9.857331e-09   6
  2.358224e-01   3.103486e-08   0.000000e+00   5.520441e-09   24
  2.359505e-01   3.870505e-08   4.268279e-05   4.436288e-09   48
  2.361638e-01   2.669728e-08   0.000000e+00   6.123495e-09   24
  2.365047e-01   1.908036e-08   0.000000e+00   3.919533e-09   6
  2.384414e-01   2.757646e-08   3.981898e-05   5.350165e-09   36
  2.385821e-01   3.699271e-08   0.000000e+00   1.033842e-08   24
  2.388353e-01   3.986033e-08   0.000000e+00   1.332048e-08   6
  2.410389e-01   3.420853e-08   3.618719e-05   5.385182e-09   32
  2.412268e-01   2.362882e-08   0.000000e+00   5.977436e-09   6
  2.435949e-01   3.911696e-08   0.000000e+00   1.176288e-08   12
  2.436776e-01   4.030856e-08   0.000000e+00   2.832128e-09   6
  2.461858e-01   2.075687e-08   0.000000e+00   4.821573e-09   6
