# power spectrum of phi
# redshift z=100.000000
# k              Pk             sigma(k)       sigma(Pk)      count
  4.487990e-03   3.554886e-10   0.000000e+00   1.426444e-10   6
  6.346976e-03   1.974948e-10   0.000000e+00   3.955002e-11   12
  7.773426e-03   1.459761e-10   8.514949e-11   2.997082e-11   8
  8.975979e-03   4.848462e-10   0.000000e+00   5.282460e-11   6
  1.003545e-02   3.365018e-10   1.605594e-10   1.088880e-10   24
  1.099328e-02   4.805651e-10   1.605594e-10   8.233418e-11   24
  1.269395e-02   2.143116e-10   0.000000e+00   9.833916e-11   12
  1.346397e-02   2.486949e-10   1.816523e-10   4.669473e-11   30
  1.419227e-02   3.125368e-10   0.000000e+00   7.036291e-11   24
  1.488498e-02   2.845161e-10   2.780971e-10   7.210820e-11   24
  1.554685e-02   3.299380e-10   1.702990e-10   6.841991e-11   8
  1.618168e-02   2.803644e-10   2.270653e-10   3.566343e-11   24
  1.679252e-02   2.631322e-10   0.000000e+00   3.787329e-11   48
  1.795196e-02   3.144088e-10   0.000000e+00   1.416765e-10   6
  1.850445e-02   2.493525e-10   2.270653e-10   3.582002e-11   48
  1.904093e-02   2.314318e-10   2.140792e-10   2.470768e-11   36
  1.956269e-02   3.300969e-10   2.270653e-10   7.069917e-11   24
  2.007090e-02   1.947760e-10   3.211188e-10   3.433659e-11   24
  2.056655e-02   1.738638e-10   0.000000e+00   2.420422e-11   48
  2.105054e-02   2.672134e-10   3.211188e-10   3.891097e-11   24
  2.198657e-02   2.129794e-10   3.211188e-10   3.425786e-11   24
  2.243995e-02   1.455291e-10   0.000000e+00   2.433406e-11   30
  2.288435e-02   1.554025e-10   0.000000e+00   1.748871e-11   72
  2.332028e-02   1.526777e-10   3.405980e-10   3.183951e-11   32
  2.416856e-02   2.003311e-10   0.000000e+00   2.363551e-11   72
  2.458173e-02   1.230166e-10   0.000000e+00   1.835424e-11   48
  2.538790e-02   6.455235e-11   0.000000e+00   1.955933e-11   12
  2.578154e-02   1.275590e-10   0.000000e+00   1.947692e-11   48
  2.616925e-02   1.122164e-10   0.000000e+00   1.134143e-11   48
  2.655130e-02   1.493657e-10   3.211188e-10   1.916961e-11   48
  2.692794e-02   1.786180e-10   3.633045e-10   3.179984e-11   30
  2.729937e-02   1.615879e-10   0.000000e+00   3.698133e-11   24
  2.766583e-02   1.638919e-10   6.769780e-10   1.689722e-11   72
  2.838454e-02   9.727879e-11   0.000000e+00   1.874134e-11   24
  2.873715e-02   1.461963e-10   0.000000e+00   1.458165e-11   96
  2.908550e-02   1.119960e-10   0.000000e+00   1.506380e-11   48
  2.942972e-02   9.287818e-11   5.561942e-10   2.306599e-11   24
  2.976995e-02   6.828112e-11   5.561942e-10   1.418244e-11   24
  3.010635e-02   1.612278e-10   0.000000e+00   1.988365e-11   72
  3.043903e-02   1.212125e-10   0.000000e+00   1.884893e-11   48
  3.109370e-02   1.025975e-10   3.405980e-10   3.082528e-11   8
  3.141593e-02   1.533646e-10   4.036717e-10   1.858913e-11   54
  3.173488e-02   1.019602e-10   0.000000e+00   1.779272e-11   84
  3.205066e-02   1.131071e-10   0.000000e+00   1.637251e-11   48
  3.236335e-02   6.944881e-11   4.541306e-10   1.245225e-11   24
  3.267306e-02   9.261308e-11   6.055075e-10   1.101393e-11   72
  3.297985e-02   1.209388e-10   0.000000e+00   1.376858e-11   96
  3.358504e-02   1.615386e-10   0.000000e+00   1.764574e-11   48
  3.388358e-02   8.834219e-11   0.000000e+00   8.285581e-12   48
  3.417951e-02   7.756951e-11   0.000000e+00   1.511915e-11   24
  3.447290e-02   8.675808e-11   0.000000e+00   9.372211e-12   72
  3.505232e-02   8.801164e-11   0.000000e+00   1.037069e-11   72
  3.533846e-02   8.623630e-11   0.000000e+00   9.808494e-12   96
  3.590392e-02   1.222817e-10   0.000000e+00   5.371865e-11   6
  3.618333e-02   9.647892e-11   0.000000e+00   9.378812e-12   96
  3.646060e-02   9.849216e-11   4.541306e-10   1.046237e-11   96
  3.673578e-02   6.556044e-11   0.000000e+00   1.547162e-11   24
  3.700891e-02   7.272366e-11   4.541306e-10   8.797596e-12   48
  3.728004e-02   7.349952e-11   0.000000e+00   7.353614e-12   96
  3.754921e-02   8.267611e-11   0.000000e+00   1.102643e-11   48
  3.808185e-02   7.407092e-11   4.281585e-10   1.359930e-11   36
  3.834540e-02   7.412428e-11   7.865773e-10   9.184767e-12   48
  3.860715e-02   8.129540e-11   8.899106e-10   7.194132e-12   120
  3.886713e-02   7.164393e-11   0.000000e+00   9.306548e-12   56
  3.912539e-02   3.976067e-11   4.541306e-10   6.861501e-12   24
  3.938195e-02   5.787726e-11   0.000000e+00   5.075597e-12   96
  3.963685e-02   6.068438e-11   0.000000e+00   7.706469e-12   48
  4.014180e-02   7.451886e-11   6.422377e-10   1.361876e-11   24
  4.039191e-02   7.963171e-11   0.000000e+00   7.813792e-12   102
  4.064047e-02   8.422606e-11   4.541306e-10   1.251085e-11   48
  4.088753e-02   7.528573e-11   0.000000e+00   7.401952e-12   72
  4.113310e-02   6.828691e-11   0.000000e+00   6.765656e-12   48
  4.137722e-02   7.447970e-11   0.000000e+00   1.346581e-11   48
  4.161990e-02   6.227941e-11   1.027580e-09   5.447666e-12   120
  4.210107e-02   9.416973e-11   6.422377e-10   1.535073e-11   24
  4.233961e-02   5.587745e-11   6.055075e-10   4.588803e-12   144
  4.257681e-02   5.691696e-11   7.266090e-10   5.363090e-12   120
  4.281269e-02   4.577727e-11   6.422377e-10   6.276662e-12   48
  4.328060e-02   6.579066e-11   6.422377e-10   8.542916e-12   48
  4.351267e-02   5.373227e-11   6.422377e-10   5.382672e-12   96
  4.412543e-02   6.946678e-11   1.076845e-04   8.137433e-12   72
  4.442883e-02   5.179914e-11   5.708779e-10   3.813223e-12   108
  4.465493e-02   6.051576e-11   0.000000e+00   6.274359e-12   72
  4.487990e-02   3.771290e-11   0.000000e+00   7.031502e-12   30
  4.510374e-02   6.178018e-11   0.000000e+00   4.685388e-12   168
  4.532647e-02   6.284478e-11   0.000000e+00   6.831510e-12   48
  4.576869e-02   4.212349e-11   0.000000e+00   4.784820e-12   72
  4.598821e-02   5.572206e-11   0.000000e+00   5.155930e-12   96
  4.620668e-02   5.376096e-11   1.211015e-09   7.960825e-12   72
  4.642412e-02   6.245481e-11   0.000000e+00   6.400043e-12   72
  4.678970e-02   5.627878e-11   9.942967e-05   4.056679e-12   104
  4.707043e-02   5.296206e-11   8.563169e-10   3.735022e-12   144
  4.770798e-02   3.697392e-11   1.436087e-09   3.348387e-12   96
  4.791862e-02   3.929339e-11   0.000000e+00   3.883212e-12   96
  4.825361e-02   5.410357e-11   1.022910e-04   4.800516e-12   120
  4.854503e-02   4.531519e-11   0.000000e+00   3.915817e-12   120
  4.875204e-02   5.440588e-11   0.000000e+00   5.628685e-12   72
  4.916346e-02   5.503604e-11   0.000000e+00   6.963794e-12   48
  4.936788e-02   5.686326e-11   1.117860e-09   6.253149e-12   78
  4.962939e-02   5.934159e-11   9.159181e-05   4.441432e-12   168
  5.017725e-02   5.438316e-11   1.048770e-09   4.436725e-12   144
  5.037756e-02   5.731509e-11   8.563169e-10   3.892461e-12   144
  5.095853e-02   5.039693e-11   5.274950e-05   4.120002e-12   156
  5.117095e-02   3.779865e-11   1.112388e-09   6.796715e-12   48
  5.136739e-02   4.553730e-11   7.266090e-10   4.149657e-12   120
  5.156307e-02   3.201434e-11   0.000000e+00   3.157621e-12   48
  5.190908e-02   4.821776e-11   8.074274e-05   3.133843e-12   216
  5.233850e-02   4.127138e-11   0.000000e+00   4.691464e-12   48
  5.253057e-02   3.914081e-11   6.422377e-10   3.208820e-12   96
  5.280366e-02   4.450540e-11   9.436050e-05   3.657306e-12   168
  5.310261e-02   3.569722e-11   6.422377e-10   4.787454e-12   48
  5.329192e-02   4.789229e-11   0.000000e+00   4.492800e-12   96
  5.348057e-02   4.377578e-11   0.000000e+00   7.447153e-12   48
  5.385587e-02   5.216309e-11   7.266090e-10   4.852415e-12   30
  5.404255e-02   3.370251e-11   0.000000e+00   2.567941e-12   96
  5.426566e-02   4.170899e-11   7.415896e-05   2.664609e-12   240
  5.455256e-02   5.968675e-11   8.000683e-05   7.849133e-12   32
  5.478289e-02   3.200325e-11   0.000000e+00   2.186791e-12   168
  5.496642e-02   3.812027e-11   0.000000e+00   3.457839e-12   120
  5.533165e-02   3.082857e-11   1.353956e-09   3.307692e-12   72
  5.551336e-02   4.866803e-11   6.055075e-10   4.150119e-12   144
  5.569449e-02   3.539947e-11   0.000000e+00   3.284959e-12   96
  5.587502e-02   4.564840e-11   0.000000e+00   3.391693e-12   96
  5.623435e-02   4.814517e-11   0.000000e+00   5.461432e-12   72
  5.641315e-02   3.813996e-11   9.082613e-10   3.435712e-12   96
  5.676908e-02   3.930262e-11   0.000000e+00   6.724589e-12   24
  5.694620e-02   4.280249e-11   0.000000e+00   2.855267e-12   192
  5.715479e-02   4.046242e-11   6.789523e-05   2.774548e-12   132
  5.747431e-02   4.389695e-11   0.000000e+00   3.585905e-12   96
  5.764927e-02   3.113794e-11   0.000000e+00   2.885281e-12   96
  5.782370e-02   4.031240e-11   7.266090e-10   3.108737e-12   120
  5.817099e-02   4.309775e-11   0.000000e+00   5.418067e-12   48
  5.845566e-02   2.915220e-11   8.228355e-05   1.713988e-12   222
  5.868808e-02   3.736968e-11   0.000000e+00   3.220224e-12   120
  5.885943e-02   3.958857e-11   1.112388e-09   7.271570e-12   24
  5.910891e-02   4.395987e-11   8.492858e-05   2.162364e-12   312
  5.965251e-02   4.806412e-11   7.962394e-05   4.735344e-12   72
  5.987725e-02   3.335180e-11   1.112388e-09   3.957461e-12   96
  6.010802e-02   4.100332e-11   8.108596e-05   2.867489e-12   192
  6.037972e-02   3.736799e-11   1.027580e-09   3.504680e-12   120
  6.054629e-02   3.775191e-11   0.000000e+00   3.449232e-12   144
  6.087805e-02   3.427204e-11   0.000000e+00   4.456670e-12   48
  6.111387e-02   3.345047e-11   8.153477e-05   1.781997e-12   336
  6.137233e-02   3.755650e-11   0.000000e+00   4.498513e-12   48
  6.169965e-02   3.446361e-11   0.000000e+00   2.789315e-12   192
  6.186267e-02   3.558520e-11   0.000000e+00   3.902745e-12   48
  6.232604e-02   3.623511e-11   5.659583e-05   3.942529e-12   56
  6.255643e-02   3.584067e-11   7.268827e-05   1.769800e-12   336
  6.283185e-02   3.617897e-11   8.073433e-10   4.670227e-12   54
  6.307177e-02   3.272702e-11   7.983781e-05   1.805657e-12   240
  6.356985e-02   3.320798e-11   7.644534e-05   2.254194e-12   228
  6.378632e-02   3.856723e-11   8.563169e-10   4.412743e-12   72
  6.399644e-02   3.913423e-11   7.415385e-05   2.580193e-12   144
  6.425823e-02   3.229458e-11   0.000000e+00   2.786403e-12   96
  6.441477e-02   3.257591e-11   1.027580e-09   1.852095e-12   240
  6.472671e-02   2.918520e-11   9.082613e-10   4.962657e-12   24
  6.492641e-02   3.445157e-11   7.003773e-05   1.794678e-12   336
  6.519181e-02   3.097344e-11   0.000000e+00   3.216646e-12   72
  6.543408e-02   3.915609e-11   7.617900e-05   2.499919e-12   168
  6.565363e-02   2.687885e-11   0.000000e+00   2.171487e-12   72
  6.595971e-02   4.083370e-11   0.000000e+00   3.399448e-12   96
  6.619675e-02   3.241037e-11   7.560752e-05   2.027129e-12   216
  6.641618e-02   2.543306e-11   0.000000e+00   1.683793e-12   96
  6.671876e-02   3.103987e-11   9.082613e-10   1.795405e-12   192
  6.686954e-02   3.095050e-11   8.563169e-10   2.130828e-12   144
  6.717008e-02   3.123338e-11   0.000000e+00   3.531965e-12   48
  6.737816e-02   3.339286e-11   7.289453e-05   2.004160e-12   246
  6.766089e-02   4.062144e-11   6.720992e-05   2.710566e-12   168
  6.791561e-02   3.237769e-11   1.779821e-09   2.939319e-12   120
  6.806373e-02   2.685999e-11   0.000000e+00   1.592997e-12   240
  6.835902e-02   2.007361e-11   0.000000e+00   3.573559e-12   24
  6.859430e-02   3.061147e-11   7.194229e-05   1.626884e-12   360
  6.888731e-02   3.026504e-11   7.163615e-05   1.994301e-12   120
  6.909172e-02   3.348573e-11   0.000000e+00   2.362590e-12   144
  6.923733e-02   3.412131e-11   0.000000e+00   2.558882e-12   96
  6.967233e-02   3.201707e-11   0.000000e+00   2.171138e-12   144
  6.981673e-02   3.464888e-11   0.000000e+00   2.568855e-12   132
  7.001966e-02   3.042395e-11   7.070381e-05   1.920835e-12   176
  7.031425e-02   3.045779e-11   7.139661e-05   1.350691e-12   312
  7.067693e-02   4.254698e-11   0.000000e+00   5.451894e-12   96
  7.081928e-02   2.841663e-11   0.000000e+00   2.140329e-12   144
  7.103769e-02   3.105311e-11   7.068048e-05   1.507071e-12   312
  7.138584e-02   3.457551e-11   0.000000e+00   2.926614e-12   48
  7.152678e-02   2.710227e-11   9.082613e-10   1.699221e-12   192
  7.180783e-02   1.070125e-11   0.000000e+00   2.864476e-12   6
  7.199456e-02   2.579510e-11   6.592151e-05   1.190006e-12   288
  7.229701e-02   2.582010e-11   6.965036e-05   1.579694e-12   192
  7.250569e-02   2.452994e-11   2.136030e-09   1.329765e-12   216
  7.264446e-02   3.027055e-11   0.000000e+00   3.431866e-12   72
  7.299019e-02   2.578694e-11   6.898890e-05   1.752244e-12   192
  7.321980e-02   3.248057e-11   5.122797e-05   1.639011e-12   288
  7.347155e-02   2.758513e-11   0.000000e+00   4.500649e-12   24
  7.366606e-02   2.999735e-11   6.748859e-05   1.139957e-12   456
  7.401782e-02   1.946661e-11   0.000000e+00   2.410048e-12   48
  7.423517e-02   2.766144e-11   6.647357e-05   1.670185e-12   240
  7.448497e-02   3.172713e-11   6.717903e-05   1.724628e-12   216
  7.469503e-02   2.478842e-11   0.000000e+00   2.537394e-12   72
  7.482974e-02   2.494283e-11   2.321067e-09   1.672287e-12   168
  7.521008e-02   2.915812e-11   4.993319e-05   1.498560e-12   288
  7.542338e-02   2.908904e-11   6.607016e-05   1.686006e-12   168
  7.576598e-02   3.228303e-11   0.000000e+00   1.920222e-12   192
  7.589879e-02   2.575552e-11   8.563169e-10   1.527321e-12   144
  7.616371e-02   3.419452e-11   8.563169e-10   3.588213e-12   36
  7.638837e-02   2.210516e-11   6.033611e-05   9.377241e-13   342
  7.660318e-02   2.613450e-11   6.195787e-05   1.679044e-12   144
  7.687931e-02   2.530640e-11   6.497828e-05   1.082801e-12   384
  7.721429e-02   3.006084e-11   1.779821e-09   2.303256e-12   120
  7.738009e-02   2.987319e-11   5.794173e-05   1.502183e-12   264
  7.760459e-02   2.513649e-11   2.872174e-09   1.485243e-12   192
  7.781602e-02   2.714456e-11   6.244329e-05   1.684193e-12   152
  7.799294e-02   2.484680e-11   1.712634e-09   1.818260e-12   144
  7.836508e-02   2.103662e-11   4.041391e-05   1.251057e-12   216
  7.853733e-02   2.805255e-11   5.400376e-05   1.229915e-12   312
  7.884055e-02   2.408669e-11   6.258929e-05   1.088026e-12   240
  7.901921e-02   2.835046e-11   9.082613e-10   2.383369e-12   96
  7.935833e-02   2.453206e-11   5.983988e-05   1.602726e-12   144
  7.956734e-02   2.498582e-11   5.881734e-05   9.842558e-13   456
  7.990638e-02   1.973464e-11   0.000000e+00   1.038947e-12   120
  8.003232e-02   2.174520e-11   0.000000e+00   1.605909e-12   144
  8.028360e-02   1.702772e-11   1.284475e-09   2.279877e-12   24
  8.044470e-02   2.476128e-11   5.653709e-05   1.008400e-12   336
  8.072332e-02   2.323290e-11   6.235271e-05   1.425305e-12   198
  8.098439e-02   2.378903e-11   6.063443e-05   1.030190e-12   432
  8.128095e-02   2.694774e-11   1.816523e-09   2.183993e-12   48
  8.143566e-02   2.794853e-11   5.352971e-05   1.158449e-12   384
  8.171344e-02   2.554790e-11   6.162404e-05   1.676594e-12   144
  8.196515e-02   2.692003e-11   6.118458e-05   1.345307e-12   264
  8.226621e-02   2.065136e-11   0.000000e+00   1.583933e-12   48
  8.246820e-02   2.414088e-11   5.817654e-05   1.159074e-12   276
  8.266310e-02   2.186581e-11   5.273546e-05   1.461864e-12   192
  8.292356e-02   2.266959e-11   5.926306e-05   7.519517e-13   552
  8.323980e-02   1.603635e-11   1.453218e-09   1.134626e-12   120
  8.342777e-02   2.334781e-11   5.998883e-05   1.244296e-12   216
  8.360198e-02   2.179567e-11   1.453218e-09   1.345237e-12   120
  8.391317e-02   2.542152e-11   5.907428e-05   1.000193e-12   408
  8.420215e-02   2.043792e-11   1.284475e-09   2.119750e-12   24
  8.438134e-02   2.072644e-11   5.967566e-05   9.583659e-13   384
  8.463161e-02   1.947053e-11   5.830526e-05   1.036438e-12   240
  8.484893e-02   2.040281e-11   5.873223e-05   1.097675e-12   168
  8.515361e-02   1.736911e-11   0.000000e+00   1.325139e-12   120
  8.535003e-02   2.175623e-11   6.122527e-05   8.860604e-13   350
  8.566942e-02   2.197970e-11   1.007886e-04   9.190946e-13   384
  8.586029e-02   2.367973e-11   0.000000e+00   1.705213e-12   144
  8.621146e-02   1.853359e-11   1.211015e-09   8.591003e-13   288
  8.639482e-02   1.924798e-11   5.769264e-05   7.380251e-13   336
  8.664426e-02   2.263578e-11   5.252436e-05   1.295813e-12   168
  8.679359e-02   2.115941e-11   3.442699e-09   1.004761e-12   336
  8.710244e-02   1.786461e-11   5.451716e-05   8.129151e-13   288
  8.728795e-02   1.923460e-11   5.136910e-05   8.858339e-13   264
  8.760206e-02   2.006284e-11   0.000000e+00   9.553174e-13   240
  8.771695e-02   1.982612e-11   0.000000e+00   1.267690e-12   96
  8.812928e-02   2.204457e-11   6.985852e-05   8.948677e-13   360
  8.832172e-02   2.097937e-11   5.149772e-05   1.408063e-12   168
  8.856486e-02   2.033582e-11   5.613787e-05   6.951508e-13   456
  8.885766e-02   1.863638e-11   1.614687e-09   1.256544e-12   108
  8.902234e-02   1.839171e-11   5.632711e-05   9.660233e-13   264
  8.922780e-02   1.828500e-11   5.025296e-05   9.100271e-13   264
  8.950914e-02   2.108192e-11   4.742099e-05   9.152578e-13   312
  8.985946e-02   2.074375e-11   3.523897e-05   1.017834e-12   270
  9.000628e-02   1.918456e-11   4.474031e-05   1.019617e-12   240
  9.027023e-02   1.968784e-11   5.534940e-05   7.498786e-13   384
  9.043048e-02   1.645130e-11   1.816523e-09   8.167660e-13   192
  9.074177e-02   2.063735e-11   4.441052e-05   1.115033e-12   240
  9.092233e-02   1.938140e-11   5.480976e-05   7.880219e-13   336
  9.126190e-02   1.954339e-11   5.517650e-05   6.352595e-13   480
  9.153738e-02   1.991534e-11   1.211015e-09   1.657307e-12   72
  9.169127e-02   1.979746e-11   5.380211e-05   9.912238e-13   240
  9.190057e-02   1.739385e-11   5.056661e-05   7.251209e-13   312
  9.214050e-02   1.639413e-11   5.465037e-05   8.170187e-13   240
  9.250305e-02   1.867181e-11   4.152014e-05   6.800032e-13   408
  9.264658e-02   1.746936e-11   3.802244e-05   7.380784e-13   336
  9.292709e-02   1.835377e-11   4.827913e-05   9.802473e-13   264
  9.306493e-02   2.058164e-11   0.000000e+00   1.244896e-12   144
  9.344847e-02   1.802083e-11   6.691774e-05   6.537441e-13   464
  9.365053e-02   1.393763e-11   5.321333e-05   7.208633e-13   168
  9.385003e-02   2.128415e-11   4.846574e-05   8.405920e-13   336
  9.421059e-02   1.766510e-11   5.092274e-05   6.857963e-13   414
  9.441384e-02   2.067367e-11   5.300755e-05   9.820966e-13   216
  9.467424e-02   2.051684e-11   1.284475e-09   1.531853e-12   96
  9.478056e-02   1.715304e-11   3.146309e-09   5.945094e-13   384
  9.515300e-02   1.847744e-11   5.290514e-05   6.550725e-13   492
  9.535260e-02   1.525687e-11   5.173669e-05   6.675612e-13   240
  9.557820e-02   1.481184e-11   5.253086e-05   5.908652e-13   312
  9.588974e-02   1.611263e-11   5.251357e-05   8.672280e-13   192
  9.608709e-02   1.766322e-11   5.089201e-05   5.816552e-13   504
  9.634892e-02   1.704954e-11   3.369138e-05   6.674276e-13   408
  9.655507e-02   1.890311e-11   1.032177e-04   1.075620e-12   168
  9.681304e-02   1.634066e-11   4.902931e-05   7.580121e-13   288
  9.702952e-02   1.590017e-11   5.116628e-05   7.583473e-13   288
  9.725127e-02   1.646178e-11   5.146081e-05   5.802888e-13   432
  9.757291e-02   1.818843e-11   4.866478e-05   8.520673e-13   216
  9.774479e-02   1.636645e-11   4.856211e-05   5.705449e-13   360
  9.805077e-02   1.794199e-11   4.739615e-05   7.257198e-13   312
  9.832692e-02   2.055779e-11   0.000000e+00   2.300251e-12   48
  9.848611e-02   1.628487e-11   5.081550e-05   5.693045e-13   432
  9.877120e-02   1.516310e-11   8.476078e-05   5.022681e-13   414
  9.893956e-02   1.575936e-11   1.936190e-09   6.351558e-13   312
  9.925365e-02   1.696842e-11   7.437288e-05   5.332489e-13   528
  9.946561e-02   1.743171e-11   3.903945e-05   8.184150e-13   264
  9.972025e-02   1.583020e-11   4.629008e-05   5.568885e-13   480
  1.000530e-01   1.601857e-11   0.000000e+00   5.949041e-13   288
  1.001967e-01   1.688416e-11   4.973726e-05   9.806937e-13   168
  1.004595e-01   1.656326e-11   7.873394e-05   4.871675e-13   504
  1.007551e-01   1.943997e-11   1.211015e-09   1.020999e-12   144
  1.009411e-01   1.497970e-11   5.056606e-05   4.753681e-13   464
  1.012205e-01   1.356333e-11   7.420855e-05   4.421038e-13   432
  1.013531e-01   1.775891e-11   1.284475e-09   8.320951e-13   192
  1.016957e-01   1.442818e-11   5.501332e-05   4.406045e-13   396
  1.018981e-01   1.519177e-11   4.941713e-05   6.282920e-13   288
  1.021026e-01   1.543564e-11   4.881567e-05   5.828307e-13   336
  1.024293e-01   1.449995e-11   3.091107e-05   4.479848e-13   432
  1.026367e-01   1.595977e-11   8.011717e-05   5.540147e-13   360
  1.028695e-01   1.549652e-11   4.739049e-05   4.880341e-13   384
  1.032001e-01   1.311534e-11   4.183121e-05   6.553905e-13   198
  1.033594e-01   1.519942e-11   4.754848e-05   4.086745e-13   552
  1.036565e-01   1.323744e-11   6.656461e-05   5.207899e-13   432
  1.039045e-01   1.657317e-11   2.542602e-09   8.376321e-13   168
  1.041126e-01   1.574974e-11   8.251578e-05   4.937650e-13   480
  1.043880e-01   1.153118e-11   0.000000e+00   7.144205e-13   120
  1.045119e-01   1.438938e-11   6.739531e-05   6.062975e-13   336
  1.048143e-01   1.518957e-11   4.754634e-05   3.713421e-13   672
  1.051134e-01   1.569458e-11   6.916265e-05   4.740752e-13   528
  1.052527e-01   1.343138e-11   2.076026e-09   5.672150e-13   168
  1.055745e-01   1.504408e-11   7.715047e-05   4.432276e-13   456
  1.057708e-01   1.745940e-11   4.711644e-05   1.164132e-12   168
  1.059747e-01   1.545386e-11   4.703185e-05   5.177813e-13   504
  1.063135e-01   1.366035e-11   6.052278e-05   5.244691e-13   336
  1.065184e-01   1.655135e-11   4.362976e-05   6.028288e-13   312
  1.067457e-01   1.541842e-11   4.262923e-05   4.755753e-13   504
  1.070448e-01   1.439618e-11   2.957734e-05   4.011232e-13   432
  1.071854e-01   1.300131e-11   4.570679e-05   4.694881e-13   312
  1.074777e-01   1.375657e-11   4.685168e-05   4.209478e-13   384
  1.077830e-01   1.603718e-11   3.980594e-05   1.008692e-12   126
  1.079714e-01   1.447984e-11   6.988975e-05   4.474652e-13   492
  1.082121e-01   1.526137e-11   4.476446e-05   4.371991e-13   528
  1.085129e-01   1.407428e-11   4.547108e-05   4.127589e-13   480
  1.086993e-01   1.570740e-11   6.281804e-05   5.011040e-13   432
  1.089692e-01   1.574374e-11   4.939807e-05   4.829205e-13   440
  1.092826e-01   1.443294e-11   2.456546e-05   5.214628e-13   312
  1.094002e-01   1.478222e-11   3.681340e-05   5.622547e-13   480
  1.096414e-01   1.416156e-11   7.207992e-05   4.961479e-13   408
  1.099939e-01   1.488517e-11   4.316772e-05   4.923054e-13   360
  1.101428e-01   1.357467e-11   4.165528e-05   4.334457e-13   408
  1.104187e-01   1.307417e-11   4.238952e-05   3.805255e-13   456
  1.107295e-01   1.496098e-11   4.051394e-05   5.493243e-13   264
  1.109019e-01   1.397349e-11   4.396779e-05   5.035246e-13   384
  1.111530e-01   1.411234e-11   7.402287e-05   3.696859e-13   672
  1.114432e-01   1.443973e-11   4.427524e-05   6.602858e-13   240
  1.116107e-01   1.416070e-11   4.492830e-05   5.013718e-13   264
  1.118470e-01   1.168730e-11   5.541164e-05   3.178516e-13   624
  1.121997e-01   1.409933e-11   0.000000e+00   6.956136e-13   150
  1.123253e-01   1.543631e-11   6.209312e-05   4.361833e-13   600
  1.125901e-01   1.301016e-11   4.285507e-05   3.495102e-13   672
  1.128900e-01   1.377721e-11   4.030821e-05   5.170090e-13   336
  1.130571e-01   1.507622e-11   4.384359e-05   5.022858e-13   408
  1.133240e-01   1.367447e-11   4.374031e-05   4.626337e-13   408
  1.136209e-01   1.303245e-11   2.211745e-05   4.227277e-13   360
  1.138039e-01   1.454790e-11   8.120816e-05   4.461655e-13   456
  1.140250e-01   1.327779e-11   4.416149e-05   4.010821e-13   384
  1.143063e-01   1.444320e-11   4.076666e-05   4.160867e-13   348
  1.144584e-01   1.404556e-11   5.025723e-05   3.822836e-13   576
  1.147440e-01   1.377217e-11   4.138022e-05   3.835363e-13   504
  1.150362e-01   1.361154e-11   5.836440e-05   4.006639e-13   432
  1.152912e-01   1.250278e-11   7.940448e-05   2.974295e-13   576
  1.154731e-01   1.302324e-11   0.000000e+00   4.779439e-13   264
  1.157616e-01   1.354605e-11   6.318613e-05   2.935806e-13   768
  1.160125e-01   1.449731e-11   8.506861e-05   5.830376e-13   240
  1.162120e-01   1.270195e-11   7.502246e-05   6.123269e-13   192
  1.165026e-01   1.275647e-11   5.522570e-05   3.250706e-13   504
  1.167181e-01   1.286465e-11   7.441870e-05   3.647536e-13   590
  1.169248e-01   1.311768e-11   8.338208e-05   4.156183e-13   384
  1.171839e-01   1.327869e-11   6.968286e-05   3.785335e-13   504
  1.174968e-01   1.469084e-11   6.705897e-05   3.396522e-13   648
  1.178003e-01   1.313570e-11   1.821233e-05   3.649739e-13   504
  1.179227e-01   1.375293e-11   4.154576e-05   4.186303e-13   312
  1.181387e-01   1.278955e-11   5.985722e-05   3.072314e-13   576
  1.184353e-01   1.371621e-11   4.165498e-05   5.702282e-13   240
  1.186082e-01   1.261974e-11   4.209035e-05   3.207107e-13   552
  1.188529e-01   1.437565e-11   3.952187e-05   3.805878e-13   600
  1.192015e-01   1.315217e-11   4.827284e-05   3.108672e-13   600
  1.194111e-01   1.395551e-11   7.730513e-05   4.796034e-13   312
  1.196198e-01   1.435305e-11   6.732512e-05   3.862508e-13   480
  1.198806e-01   1.396353e-11   4.200441e-05   3.669219e-13   576
  1.201101e-01   1.456291e-11   6.763622e-05   4.995325e-13   408
  1.203138e-01   1.172181e-11   7.890077e-05   4.020041e-13   216
  1.205770e-01   1.193762e-11   6.042911e-05   3.262062e-13   516
  1.208589e-01   1.396446e-11   5.765552e-05   3.170141e-13   744
  1.211498e-01   1.351776e-11   3.850879e-05   3.652348e-13   462
  1.213141e-01   1.353393e-11   3.913862e-05   3.861832e-13   432
  1.215691e-01   1.464056e-11   3.630965e-05   3.141875e-13   648
  1.218688e-01   1.424260e-11   5.312777e-05   3.691899e-13   528
  1.221096e-01   1.246958e-11   6.397910e-05   2.915918e-13   600
  1.223502e-01   1.477326e-11   8.066092e-05   7.557654e-13   240
  1.225832e-01   1.253314e-11   6.178548e-05   2.688784e-13   720
  1.228540e-01   1.423847e-11   4.888350e-05   2.927560e-13   720
  1.231542e-01   9.946512e-12   0.000000e+00   4.001113e-13   144
  1.233122e-01   1.290077e-11   6.302546e-05   2.678815e-13   720
  1.235369e-01   1.516141e-11   3.779131e-05   4.460497e-13   384
  1.238183e-01   1.305696e-11   4.189367e-05   2.947919e-13   672
  1.240853e-01   1.419793e-11   7.335120e-05   4.682208e-13   336
  1.242128e-01   1.501380e-11   0.000000e+00   5.551305e-13   288
  1.245250e-01   1.249420e-11   5.805257e-05   2.476065e-13   776
  1.248140e-01   1.364658e-11   4.967278e-05   2.813753e-13   720
  1.250567e-01   1.284118e-11   4.001507e-05   3.589721e-13   432
  1.252509e-01   1.387184e-11   5.704653e-05   4.716905e-13   504
  1.254668e-01   1.243139e-11   3.996919e-05   3.192391e-13   528
  1.257690e-01   1.317049e-11   5.445569e-05   3.462508e-13   438
  1.260177e-01   1.265108e-11   6.338144e-05   3.036871e-13   624
  1.262050e-01   1.426106e-11   7.763371e-05   4.297434e-13   312
  1.264626e-01   1.439129e-11   4.182709e-05   2.888084e-13   696
  1.267289e-01   1.334125e-11   3.784594e-05   3.307841e-13   552
  1.270059e-01   1.216097e-11   2.928013e-05   2.831307e-13   516
  1.271773e-01   1.377364e-11   5.848486e-05   3.501693e-13   528
  1.273859e-01   1.144188e-11   3.803430e-05   2.857810e-13   528
  1.276822e-01   1.313316e-11   5.015953e-05   2.691621e-13   864
  1.278834e-01   1.213205e-11   6.870823e-05   3.351002e-13   408
  1.280847e-01   1.435445e-11   6.807282e-05   4.845052e-13   192
  1.283701e-01   1.279712e-11   5.633353e-05   2.614364e-13   720
  1.286110e-01   1.163712e-11   5.194228e-05   2.349941e-13   696
  1.288973e-01   1.305467e-11   5.609815e-05   2.551465e-13   720
  1.291592e-01   1.258514e-11   7.603431e-05   3.259274e-13   432
  1.293119e-01   1.136799e-11   4.475677e-05   3.805173e-13   264
  1.295867e-01   1.291133e-11   6.180712e-05   2.579805e-13   672
  1.298325e-01   1.321098e-11   6.328100e-05   2.891734e-13   600
  1.301242e-01   1.140254e-11   3.705096e-05   3.663914e-13   270
  1.302712e-01   1.247043e-11   5.577202e-05   3.003745e-13   528
  1.305049e-01   1.440192e-11   3.819070e-05   2.817940e-13   840
  1.308254e-01   1.397086e-11   7.302747e-05   2.629317e-13   888
  1.311216e-01   1.233008e-11   5.441084e-05   2.355571e-13   744
  1.313718e-01   1.470500e-11   2.795923e-05   3.835784e-13   456
  1.314963e-01   1.437996e-11   3.820801e-05   3.614509e-13   360
  1.317093e-01   1.195189e-11   3.310510e-05   3.128559e-13   384
  1.320361e-01   1.323829e-11   5.310026e-05   2.385602e-13   816
  1.322813e-01   1.336489e-11   7.704106e-05   2.311649e-13   824
  1.325794e-01   1.264886e-11   3.581235e-05   3.704163e-13   360
  1.327390e-01   1.521096e-11   5.284558e-05   3.155640e-13   624
  1.329587e-01   1.242951e-11   3.571018e-05   3.301561e-13   360
  1.332513e-01   1.296070e-11   4.857633e-05   2.293655e-13   876
  1.335156e-01   1.230693e-11   5.769416e-05   2.662717e-13   696
  1.337821e-01   1.340432e-11   3.725510e-05   3.769340e-13   336
  1.339218e-01   1.445756e-11   3.721324e-05   3.846153e-13   504
  1.341526e-01   1.262359e-11   3.753571e-05   2.715842e-13   672
  1.344950e-01   1.183000e-11   7.472486e-05   2.199091e-13   720
  1.347324e-01   1.225232e-11   5.644666e-05   2.446568e-13   774
  1.349945e-01   1.424268e-11   3.230860e-05   4.153869e-13   384
  1.351318e-01   1.414080e-11   6.217562e-05   3.508035e-13   528
  1.353448e-01   1.333826e-11   5.925683e-05   2.486332e-13   744
  1.356875e-01   1.455713e-11   4.887432e-05   2.850392e-13   768
  1.359150e-01   1.301755e-11   5.486510e-05   2.957185e-13   552
  1.361989e-01   1.194617e-11   5.979675e-05   2.227601e-13   696
  1.364100e-01   1.461947e-11   7.266345e-05   3.899772e-13   408
  1.365777e-01   1.356175e-11   3.139119e-05   3.132060e-13   504
  1.368434e-01   1.263646e-11   5.639309e-05   2.372478e-13   888
  1.371049e-01   1.194747e-11   5.860872e-05   2.517367e-13   648
  1.373767e-01   1.214897e-11   5.810635e-05   2.365072e-13   648
  1.376324e-01   1.252349e-11   6.265289e-05   2.250359e-13   792
  1.379033e-01   1.169831e-11   9.166547e-05   2.380988e-13   600
  1.381028e-01   1.126040e-11   6.212242e-05   2.606632e-13   456
  1.383129e-01   1.295303e-11   3.027582e-05   2.512605e-13   648
  1.385828e-01   1.171214e-11   5.904226e-05   1.841936e-13   936
  1.388741e-01   1.359625e-11   3.625955e-05   3.139568e-13   384
  1.391277e-01   3.126436e-40   0.000000e+00   1.300324e-17   198
  1.393234e-01   2.185387e-40   9.199360e-05   4.833854e-18   1224
  1.395345e-01   4.423544e-40   6.699966e-05   6.734202e-18   420
  1.397842e-01   1.843766e-40   6.484166e-05   5.765821e-18   792
  1.400283e-01   8.475517e-41   5.361851e-05   6.097112e-18   680
  1.403069e-01   9.659971e-41   4.923504e-05   7.184047e-18   600
  1.405311e-01   7.397976e-41   7.140431e-05   5.374940e-18   840
  1.408304e-01   6.043203e-41   3.371380e-05   8.583651e-18   432
  1.409448e-01   8.997065e-41   3.159427e-05   5.862642e-18   720
  1.411934e-01   5.399575e-41   6.327780e-05   4.854232e-18   960
  1.415027e-01   4.445156e-41   5.640753e-05   8.702522e-18   528
  1.417288e-01   5.693349e-41   5.765925e-05   5.744618e-18   624
  1.419978e-01   7.344138e-41   4.531978e-05   5.807821e-18   816
  1.422648e-01   4.851202e-41   7.452934e-05   5.521098e-18   696
  1.425599e-01   6.998536e-41   4.110321e-09   9.980456e-18   240
  1.426709e-01   7.514276e-41   4.395173e-05   6.053480e-18   672
  1.429185e-01   5.043576e-41   7.854802e-05   4.458602e-18   864
  1.431964e-01   4.863106e-41   6.027286e-05   5.391571e-18   816
  1.434467e-01   6.349459e-41   3.449810e-05   6.058882e-18   648
  1.437164e-01   1.245254e-40   3.526335e-05   5.087308e-18   843
  1.439454e-01   1.066762e-40   6.344743e-05   6.082865e-18   780
  1.442182e-01   8.180653e-41   3.404471e-05   1.056707e-17   216
  1.443865e-01   5.638383e-41   8.209510e-05   4.295867e-18   1056
  1.446454e-01   1.174769e-40   6.716301e-05   1.169450e-17   228
  1.448850e-01   7.154274e-41   8.361962e-05   4.855254e-18   924
  1.451311e-01   5.513830e-41   3.101819e-05   4.520253e-18   696
  1.453916e-01   4.172033e-41   5.520350e-05   4.613739e-18   996
  1.456581e-01   5.296875e-41   3.259105e-05   6.006291e-18   576
  1.459354e-01   4.647054e-41   5.030212e-05   6.747907e-18   552
  1.461376e-01   8.940798e-41   6.005898e-05   7.012518e-18   516
  1.463427e-01   5.949865e-41   8.733821e-05   5.292199e-18   744
  1.465771e-01   4.751539e-41   4.284460e-05   8.452133e-18   576
  1.467810e-01   6.416571e-41   4.409794e-05   4.472097e-18   792
  1.470708e-01   6.039016e-41   5.041212e-05   4.687039e-18   792
  1.472831e-01   6.612021e-41   5.436894e-05   5.216178e-18   720
  1.475703e-01   4.751818e-41   6.196809e-05   4.989395e-18   656
  1.478394e-01   4.874185e-41   6.766594e-05   4.917906e-18   816
  1.481153e-01   5.484612e-41   3.648433e-05   6.294791e-18   492
  1.482721e-01   4.949975e-41   5.248529e-05   5.996703e-18   552
  1.485663e-01   5.624366e-41   9.126553e-05   6.231174e-18   780
  1.487575e-01   5.714220e-41   5.606333e-05   5.873710e-18   528
  1.489634e-01   5.160466e-41   6.544296e-05   5.691569e-18   600
  1.492669e-01   7.189630e-41   5.438828e-05   4.279761e-18   900
  1.494760e-01   6.296275e-41   3.011028e-05   5.473719e-18   696
  1.497638e-01   5.064783e-41   7.613501e-05   5.650442e-18   696
  1.500423e-01   5.333443e-41   3.088725e-05   6.689030e-18   552
  1.502764e-01   4.101608e-41   3.591902e-05   4.546331e-18   708
  1.505217e-01   5.747761e-41   5.930435e-05   5.433852e-18   876
  1.507769e-01   1.006744e-40   3.148943e-05   8.301322e-18   216
  1.509481e-01   6.094693e-41   8.612787e-05   3.954762e-18   1032
  1.512046e-01   6.253271e-41   9.589387e-05   6.084090e-18   600
  1.514708e-01   3.708436e-41   4.575699e-05   5.860523e-18   600
  1.516739e-01   4.043846e-41   8.080257e-05   6.671774e-18   528
  1.519139e-01   6.477792e-41   4.435707e-05   4.629417e-18   732
  1.521668e-01   5.557028e-41   3.275367e-05   4.868743e-18   336
  1.524578e-01   5.340185e-41   4.668048e-05   4.467165e-18   912
  1.526754e-01   9.369800e-41   4.685305e-05   5.131580e-18   624
  1.529130e-01   5.847058e-41   3.948208e-05   4.850438e-18   768
  1.531905e-01   6.026089e-41   7.123345e-05   5.493659e-18   792
  1.534628e-01   5.925186e-41   3.531461e-05   5.730004e-18   660
  1.536565e-01   5.458568e-41   5.204174e-05   5.577897e-18   504
  1.538569e-01   4.838225e-41   8.502625e-05   7.233092e-18   480
  1.541572e-01   4.251351e-41   7.863820e-05   3.916460e-18   912
  1.543923e-01   4.892196e-41   8.757583e-05   7.950776e-18   432
  1.546144e-01   7.118762e-41   5.200047e-05   5.155050e-18   564
  1.548116e-01   8.233391e-41   4.977161e-05   5.176966e-18   600
  1.550891e-01   5.828667e-41   6.937691e-05   4.231650e-18   876
  1.552976e-01   5.078652e-41   3.119395e-05   8.699272e-18   264
  1.555851e-01   8.556529e-41   6.052853e-05   6.613168e-18   560
  1.558161e-01   6.281122e-41   4.113044e-05   4.135695e-18   840
  1.560965e-01   4.911444e-41   6.341128e-05   4.719787e-18   1008
  1.563558e-01   7.807115e-41   2.836595e-05   6.914187e-18   456
  1.565927e-01   8.731666e-41   3.674408e-05   5.962792e-18   576
  1.568116e-01   6.988895e-41   5.646120e-05   5.881624e-18   612
  1.571003e-01   7.059744e-41   5.042901e-05   4.905614e-18   780
  1.573359e-01   5.865600e-41   5.778934e-05   5.124401e-18   648
  1.575770e-01   6.094025e-41   2.693058e-05   8.712663e-18   312
  1.577311e-01   4.494492e-41   6.842617e-05   6.367629e-18   528
  1.579980e-01   4.230964e-41   8.936117e-05   5.138290e-18   720
  1.582533e-01   5.806809e-41   8.964102e-05   4.996524e-18   576
  1.585628e-01   4.641983e-41   7.732694e-05   5.610046e-18   444
  1.587554e-01   8.658594e-41   7.583279e-05   4.376535e-18   996
  1.589914e-01   9.237146e-41   6.334320e-05   5.935783e-18   432
  1.592145e-01   6.052525e-41   6.934834e-05   6.338953e-18   504
  1.594071e-01   1.034112e-40   3.126589e-05   6.658619e-18   504
  1.596815e-01   5.921562e-41   6.153164e-05   5.444623e-18   876
  1.599297e-01   7.374058e-41   7.081706e-05   6.120695e-18   504
  1.601882e-01   3.878356e-41   4.516342e-05   4.369944e-18   696
  1.604019e-01   4.753641e-41   3.860998e-05   6.628453e-18   492
  1.606926e-01   6.528726e-41   5.527206e-05   6.270298e-18   432
  1.609079e-01   6.836092e-41   5.175622e-05   4.606765e-18   768
  1.611631e-01   6.742319e-41   6.446933e-05   5.668468e-18   648
  1.614068e-01   4.958250e-41   4.205932e-05   5.263452e-18   456
  1.616868e-01   4.650194e-41   5.783839e-05   5.077251e-18   552
  1.618813e-01   8.446358e-41   3.964248e-05   6.023314e-18   648
  1.621489e-01   8.679277e-41   6.461501e-05   4.253737e-18   840
  1.624104e-01   7.057827e-41   3.081354e-05   7.110460e-18   432
  1.626721e-01   7.906203e-41   3.774132e-05   4.738636e-18   600
  1.628542e-01   6.525984e-41   4.021090e-05   7.446552e-18   432
  1.631600e-01   7.443109e-41   4.003387e-05   5.724038e-18   560
  1.633670e-01   7.275870e-41   6.336941e-05   4.738127e-18   840
  1.636263e-01   5.030599e-41   3.753463e-05   6.056174e-18   504
  1.638323e-01   5.126179e-41   7.660593e-05   4.931423e-18   696
  1.641226e-01   4.852583e-41   4.183943e-05   6.942704e-18   384
  1.643487e-01   5.676390e-41   6.128984e-05   4.590811e-18   576
  1.646222e-01   6.100222e-41   3.782503e-05   7.082893e-18   360
  1.648426e-01   5.641677e-41   5.633064e-05   4.935013e-18   828
  1.650804e-01   7.853271e-41   5.017290e-05   6.168162e-18   372
  1.652983e-01   7.509482e-41   7.662364e-05   5.769014e-18   576
  1.655869e-01   1.197642e-40   3.208989e-05   5.405429e-18   636
  1.657926e-01   6.374411e-41   6.186102e-05   4.921963e-18   648
  1.660708e-01   5.132005e-41   5.028625e-05   6.397578e-18   576
  1.662705e-01   8.157006e-41   8.111703e-05   5.731667e-18   528
  1.665361e-01   5.082351e-41   3.468088e-05   6.326725e-18   360
  1.667559e-01   4.940019e-41   7.977902e-05   4.435180e-18   672
  1.670430e-01   7.130431e-41   4.086413e-05   4.262265e-18   804
  1.672819e-01   5.973992e-41   4.507802e-05   7.399864e-18   408
  1.675462e-01   6.072244e-41   2.786312e-05   4.792195e-18   384
  1.677241e-01   4.358580e-41   6.376152e-05   5.911893e-18   480
  1.679752e-01   7.647600e-41   4.119929e-05   5.472904e-18   432
  1.682159e-01   7.626934e-41   7.592150e-05   5.449791e-18   648
  1.685009e-01   6.414626e-41   4.710893e-05   5.643181e-18   624
  1.687093e-01   5.294550e-41   4.284955e-05   6.916293e-18   456
  1.689940e-01   6.893822e-41   5.853629e-05   5.927023e-18   588
  1.691847e-01   5.921643e-41   3.734591e-05   4.636039e-18   600
  1.694632e-01   5.789289e-41   5.825046e-05   4.293111e-18   708
  1.696832e-01   9.797976e-41   3.669667e-05   5.793513e-18   360
  1.699263e-01   7.120081e-41   4.218379e-05   5.927792e-18   552
  1.701593e-01   7.206012e-41   2.959293e-05   7.480312e-18   288
  1.703959e-01   4.835106e-41   5.564280e-05   4.369338e-18   528
  1.706182e-01   7.620331e-41   3.753920e-05   4.910024e-18   456
  1.708665e-01   5.429081e-41   6.656515e-05   4.645537e-18   608
  1.711163e-01   4.710561e-41   3.220496e-05   4.909520e-18   504
  1.713892e-01   5.646498e-41   6.914223e-05   5.730269e-18   540
  1.716032e-01   9.829191e-41   7.422222e-05   7.601473e-18   360
  1.718339e-01   8.227874e-41   3.361162e-05   5.723854e-18   540
  1.720380e-01   6.896433e-41   2.885957e-05   5.522591e-18   576
  1.723347e-01   6.938700e-41   6.691555e-05   4.609450e-18   588
  1.726168e-01   6.992076e-41   9.232326e-05   4.912548e-18   672
  1.728592e-01   5.902026e-41   7.056345e-05   6.049611e-18   552
  1.730545e-01   5.446217e-41   7.059913e-05   7.228330e-18   144
  1.733038e-01   8.625344e-41   5.998121e-05   5.130914e-18   600
  1.735402e-01   7.437964e-41   7.516955e-05   5.065887e-18   504
  1.738025e-01   5.882126e-41   7.721430e-05   7.215407e-18   336
  1.740784e-01   5.226903e-41   8.678922e-05   4.232742e-18   600
  1.743256e-01   6.370941e-41   5.601092e-05   4.676114e-18   636
  1.745923e-01   9.674491e-41   4.503329e-05   7.828750e-18   384
  1.747793e-01   9.213165e-41   6.281612e-05   6.449448e-18   504
  1.750488e-01   7.267673e-41   2.636304e-05   8.241750e-18   240
  1.752616e-01   8.660537e-41   6.193054e-05   4.290371e-18   744
  1.755168e-01   6.481749e-41   4.228914e-05   4.490701e-18   648
  1.757436e-01   1.063088e-40   2.807279e-05   1.391559e-17   120
  1.760095e-01   6.605069e-41   4.409871e-05   4.239594e-18   564
  1.762103e-01   8.475716e-41   6.925969e-05   6.519856e-18   432
  1.764784e-01   4.633950e-41   5.375921e-05   5.652826e-18   480
  1.766803e-01   5.537380e-41   3.956814e-05   4.807447e-18   456
  1.769186e-01   7.996180e-41   6.547942e-05   5.657763e-18   444
  1.771890e-01   5.551753e-41   1.001870e-04   4.660753e-18   528
  1.774266e-01   5.492506e-41   7.440679e-05   8.292816e-18   264
  1.776571e-01   6.505430e-41   7.625589e-05   5.138247e-18   444
  1.779672e-01   8.369748e-41   8.352712e-05   4.504275e-18   696
  1.782246e-01   1.019593e-40   4.467309e-05   5.905388e-18   384
  1.784129e-01   9.731081e-41   5.644820e-05   5.967365e-18   432
  1.787057e-01   7.184118e-41   3.900306e-05   8.914165e-18   488
  1.788958e-01   8.780701e-41   5.878247e-05   5.616777e-18   480
  1.791714e-01   6.145285e-41   6.555462e-05   5.628863e-18   480
  1.793849e-01   6.857032e-41   2.750471e-05   5.399848e-18   240
  1.796272e-01   8.899498e-41   6.424882e-05   5.190967e-18   600
  1.798559e-01   5.236008e-41   5.598627e-05   6.454038e-18   288
  1.800993e-01   6.217445e-41   5.385469e-05   5.974106e-18   480
  1.803458e-01   5.992230e-41   9.579788e-05   4.487167e-18   504
  1.805885e-01   5.525273e-41   4.110325e-05   7.943047e-18   216
  1.808981e-01   1.049254e-40   6.729256e-05   6.370213e-18   504
  1.811392e-01   9.766240e-41   5.412370e-05   5.748298e-18   456
  1.814031e-01   8.622528e-41   3.104087e-05   8.654445e-18   384
  1.815779e-01   8.849346e-41   6.300174e-05   6.899993e-18   480
  1.818262e-01   6.963474e-41   5.532259e-05   5.459254e-18   504
  1.820564e-01   6.737094e-41   3.509319e-05   7.769424e-18   312
  1.823043e-01   6.954060e-41   5.655148e-05   6.015729e-18   492
  1.825238e-01   7.282275e-41   5.300385e-05   5.857896e-18   312
  1.828064e-01   6.154757e-41   8.610055e-05   3.615116e-18   576
  1.830551e-01   6.004886e-41   7.947777e-05   8.670365e-18   336
  1.832617e-01   4.745918e-41   6.119421e-05   5.240012e-18   240
  1.835481e-01   5.858296e-41   8.112802e-05   5.082533e-18   468
  1.837954e-01   5.764227e-41   5.079787e-05   9.535870e-18   192
  1.840542e-01   7.246228e-41   5.094927e-05   5.204546e-18   324
  1.842439e-01   1.212813e-40   3.697814e-05   4.894655e-18   600
  1.845024e-01   1.326484e-40   5.999324e-05   5.259630e-18   456
  1.846943e-01   1.084078e-40   2.698496e-05   6.978021e-18   336
  1.850125e-01   8.315161e-41   8.080061e-05   4.649807e-18   612
  1.852440e-01   5.397466e-41   6.781139e-05   7.512049e-18   144
  1.854629e-01   7.584672e-41   7.915330e-05   5.439505e-18   552
  1.857606e-01   4.270069e-41   3.117154e-05   3.720317e-18   264
  1.859288e-01   6.451766e-41   7.217008e-05   5.835680e-18   336
  1.861941e-01   6.260741e-41   4.768752e-05   4.610062e-18   384
  1.864242e-01   6.386069e-41   2.684336e-05   7.336020e-18   216
  1.866789e-01   6.458835e-41   5.691346e-05   4.961058e-18   344
  1.869112e-01   6.016006e-41   8.491756e-05   4.117083e-18   408
  1.871942e-01   1.132340e-40   6.525361e-05   7.811512e-18   264
  1.874450e-01   1.604201e-40   9.096676e-05   4.309070e-18   612
  1.876956e-01   1.182383e-40   4.681845e-05   6.285944e-18   408
  1.879533e-01   8.952812e-41   4.688574e-05   5.965113e-18   444
  1.881426e-01   9.556432e-41   2.622284e-05   1.298876e-17   120
  1.883963e-01   7.429120e-41   7.244892e-05   6.458273e-18   336
  1.885846e-01   6.233772e-41   2.517571e-05   5.914308e-18   288
  1.888390e-01   6.581572e-41   7.834725e-05   3.966970e-18   552
  1.891889e-01   7.963737e-41   0.000000e+00   1.181653e-17   72
  1.893687e-01   6.540714e-41   7.781878e-05   4.381700e-18   504
  1.895788e-01   5.363122e-41   2.504133e-05   4.980690e-18   216
  1.898511e-01   6.100065e-41   4.470956e-05   5.073916e-18   312
  1.900954e-01   7.043865e-41   5.090887e-05   3.753792e-18   336
  1.903283e-01   8.721425e-41   7.056539e-05   6.100638e-18   204
  1.905603e-01   1.351870e-40   8.200772e-05   7.233369e-18   504
  1.908063e-01   1.086321e-40   7.809491e-05   6.646188e-18   396
  1.910429e-01   1.052459e-40   7.161711e-05   5.815767e-18   312
  1.913297e-01   8.638144e-41   4.376572e-05   9.427517e-18   216
  1.915318e-01   7.414749e-41   2.375249e-05   7.584918e-18   168
  1.917774e-01   8.302020e-41   5.997637e-05   3.996610e-18   588
  1.920576e-01   6.574426e-41   8.141090e-05   4.619239e-18   240
  1.922754e-01   6.250264e-41   7.189946e-05   5.366358e-18   264
  1.925307e-01   7.676245e-41   8.891848e-05   6.856634e-18   288
  1.927573e-01   6.729467e-41   4.440219e-05   7.328340e-18   288
  1.930444e-01   8.375631e-41   4.170072e-05   4.233851e-18   288
  1.932378e-01   7.654491e-41   4.830681e-05   4.928363e-18   192
  1.934810e-01   5.618722e-41   5.140329e-05   3.633984e-18   264
  1.937128e-01   2.129145e-40   8.455129e-05   8.291204e-18   372
  1.939621e-01   1.308296e-40   9.131904e-05   1.073502e-17   360
  1.942665e-01   8.236428e-41   3.864708e-05   1.386715e-17   144
  1.944239e-01   9.187708e-41   5.367910e-05   5.953725e-18   296
  1.946722e-01   9.257401e-41   5.783646e-05   6.198626e-18   288
  1.949565e-01   8.407291e-41   8.643513e-05   4.265141e-18   480
  1.952017e-01   9.912333e-41   7.181934e-05   1.135253e-17   192
  1.954402e-01   7.748927e-41   7.703604e-05   6.816900e-18   192
  1.956569e-01   6.917084e-41   4.909597e-05   4.247214e-18   288
  1.959584e-01   8.414197e-41   4.273737e-05   3.526546e-18   108
  1.961102e-01   9.009959e-41   4.108675e-05   5.530950e-18   240
  1.963784e-01   6.909644e-41   7.664829e-05   3.876075e-18   384
  1.966538e-01   1.456293e-40   9.350223e-05   8.419046e-18   108
  1.968974e-01   1.323857e-40   5.482209e-05   7.139816e-18   348
  1.971535e-01   9.293580e-41   5.721449e-05   5.687580e-18   312
  1.973823e-01   9.671107e-41   5.559587e-05   1.254942e-17   96
  1.975926e-01   8.204693e-41   7.401586e-05   5.320736e-18   384
  1.978282e-01   6.233214e-41   5.090793e-05   6.001517e-18   144
  1.980586e-01   8.980196e-41   7.822228e-05   4.901662e-18   408
  1.983451e-01   7.561166e-41   3.489266e-05   5.222222e-18   144
  1.986157e-01   8.170141e-41   6.708152e-05   8.051927e-18   192
  1.987762e-01   9.193575e-41   7.550148e-05   8.210383e-18   144
  1.990378e-01   8.989337e-41   6.138549e-05   4.140477e-18   144
  1.992846e-01   7.619535e-41   7.502301e-05   6.243357e-18   336
  1.995869e-01   7.541955e-41   5.550751e-05   2.355150e-18   240
  1.997786e-01   6.915792e-41   2.520547e-05   7.246463e-18   96
  2.000459e-01   1.461409e-40   7.391551e-05   5.624485e-18   372
  2.003163e-01   9.498581e-41   8.792091e-05   8.825792e-18   132
  2.005538e-01   7.504916e-41   5.440441e-05   2.782681e-18   264
  2.007663e-01   8.837460e-41   4.178011e-05   1.099231e-17   168
  2.009931e-01   1.015927e-40   6.679837e-05   5.031597e-18   216
  2.011935e-01   6.841890e-41   4.086808e-05   6.007740e-18   216
  2.014852e-01   6.530764e-41   7.497591e-05   2.861743e-18   96
  2.017500e-01   7.805346e-41   4.891494e-05   8.115657e-18   120
  2.019928e-01   8.457865e-41   6.218465e-05   4.689127e-18   216
  2.021928e-01   8.636652e-41   2.717490e-05   3.826690e-18   200
  2.024576e-01   6.359381e-41   7.034415e-05   7.379584e-18   288
  2.027972e-01   6.695152e-41   1.850891e-05   1.366767e-18   144
  2.029402e-01   9.637803e-41   5.759860e-05   9.252630e-18   168
  2.032323e-01   1.257677e-40   6.482186e-05   6.819078e-18   159
  2.034603e-01   1.118703e-40   6.801371e-05   2.677329e-18   174
  2.036809e-01   8.083782e-41   6.167246e-05   2.902607e-18   144
  2.039698e-01   8.289212e-41   3.561139e-05   4.554662e-18   222
  2.041630e-01   1.094799e-40   3.593504e-05   4.258644e-18   168
  2.044967e-01   1.037432e-40   7.881934e-05   1.189240e-17   30
  2.046346e-01   1.050713e-40   6.959169e-05   2.139720e-18   72
  2.048942e-01   1.092559e-40   6.210975e-05   4.255434e-18   258
  2.051797e-01   9.737584e-41   3.890094e-05   2.336450e-18   264
  2.053225e-01   7.897346e-41   4.195079e-09   5.930460e-18   72
  2.056199e-01   8.021562e-41   7.710330e-05   2.716621e-18   174
  2.058892e-01   1.157516e-40   8.210077e-05   6.349368e-18   168
  2.061058e-01   8.921940e-41   2.568951e-09   1.668880e-18   48
  2.063382e-01   9.925111e-41   4.636424e-05   2.671446e-18   150
  2.066077e-01   9.798102e-41   8.529035e-05   4.638316e-18   168
  2.068780e-01   9.211084e-41   5.195492e-05   2.452054e-18   144
  2.071265e-01   6.340623e-41   4.853772e-05   6.379205e-18   102
  2.073116e-01   6.767455e-41   7.184416e-05   1.068017e-18   96
  2.076053e-01   8.421973e-41   7.130050e-05   7.528540e-19   120
  2.078228e-01   8.807569e-41   7.647166e-05   7.511844e-19   168
  2.080580e-01   1.428592e-40   5.646827e-05   4.115998e-18   126
  2.082585e-01   7.477300e-41   4.258836e-05   3.292620e-18   168
  2.085346e-01   1.003446e-40   6.829049e-05   1.809654e-18   72
  2.087759e-01   1.045181e-40   8.551492e-05   1.275501e-18   168
  2.089873e-01   9.801994e-41   2.344384e-05   5.922058e-18   78
  2.092770e-01   9.015995e-41   3.849304e-05   1.686186e-18   60
  2.095103e-01   1.238961e-40   6.244194e-05   8.995363e-18   96
  2.097522e-01   1.127588e-40   7.576810e-05   1.355651e-18   168
  2.099796e-01   7.314514e-41   4.794311e-05   2.952941e-18   86
  2.102181e-01   6.240645e-41   4.284977e-05   1.588102e-18   120
  2.105600e-01   1.184561e-40   3.055758e-05   1.264732e-18   168
  2.107444e-01   8.510531e-41   0.000000e+00   9.693747e-19   48
  2.109928e-01   9.093706e-41   5.567259e-05   3.402320e-18   120
  2.111355e-01   9.792397e-41   4.061540e-05   2.584710e-18   126
  2.114838e-01   1.028971e-40   7.143116e-05   1.990373e-18   96
  2.117099e-01   9.988454e-41   2.059722e-05   1.630377e-18   96
  2.118882e-01   9.686794e-41   2.422030e-09   1.367954e-18   72
  2.122681e-01   6.838017e-41   2.568951e-09   2.303038e-18   24
  2.125052e-01   8.996333e-41   4.238860e-05   1.656743e-18   120
  2.126902e-01   9.394130e-41   6.183193e-05   1.744466e-18   126
  2.128959e-01   6.396691e-41   5.154529e-05   1.201273e-18   96
  2.131362e-01   6.396150e-41   8.908530e-05   7.102720e-19   72
  2.134038e-01   1.158811e-40   3.853239e-05   9.197831e-19   144
  2.136239e-01   1.209203e-40   2.222458e-05   1.576777e-18   72
  2.138438e-01   1.408249e-40   4.439042e-05   3.425779e-18   54
  2.140373e-01   1.090464e-40   3.911854e-05   1.750948e-18   108
  2.144395e-01   8.277520e-41   3.834628e-05   1.968981e-18   72
  2.145647e-01   1.158004e-40   2.212712e-05   1.615528e-18   72
  2.148618e-01   6.174660e-41   4.449553e-09   1.057230e-18   24
  2.151428e-01   6.013954e-41   4.681088e-05   7.199074e-19   48
  2.153135e-01   9.969765e-41   3.565781e-05   1.744508e-18   102
  2.155704e-01   1.021224e-40   8.064314e-05   6.685605e-19   168
  2.159060e-01   8.069814e-41   4.398088e-05   9.067931e-19   72
  2.160304e-01   1.593907e-40   0.000000e+00   1.274523e-18   48
  2.162913e-01   9.498069e-41   7.564979e-05   1.046369e-18   120
  2.166356e-01   1.416941e-40   4.648832e-05   8.292281e-19   96
  2.169608e-01   8.537667e-41   4.110321e-09   6.165741e-18   30
  2.173472e-01   1.557960e-40   2.184227e-05   1.991998e-18   72
  2.175171e-01   8.814631e-41   2.568951e-09   1.586005e-18   24
  2.177352e-01   8.072558e-41   3.237565e-05   5.871607e-19   56
  2.179796e-01   9.456388e-41   4.620169e-05   3.015293e-19   96
  2.182720e-01   1.059566e-40   5.101796e-05   6.789366e-19   144
  2.184974e-01   9.770474e-41   2.896600e-05   2.213614e-18   54
  2.188250e-01   1.031553e-40   4.339413e-05   7.367648e-19   108
  2.191546e-01   6.708074e-41   2.297699e-05   3.135862e-18   48
  2.194683e-01   1.250104e-40   8.651572e-05   6.992070e-19   72
  2.202213e-01   1.071275e-40   5.716121e-05   1.902998e-18   78
  2.204299e-01   1.235928e-40   4.307814e-05   4.041859e-19   72
  2.206734e-01   9.273042e-41   4.302466e-05   4.206258e-19   72
  2.209281e-01   1.068828e-40   1.038232e-04   6.984873e-19   96
  2.211293e-01   1.081696e-40   4.293597e-05   2.658479e-19   72
  2.213721e-01   7.019606e-41   0.000000e+00   8.288354e-19   24
  2.216146e-01   1.148783e-40   8.567808e-05   8.302200e-19   72
  2.221623e-01   1.372562e-40   5.440820e-05   1.740882e-18   30
  2.222801e-01   1.782864e-40   0.000000e+00   2.360114e-18   24
  2.229135e-01   1.110297e-40   4.517907e-05   4.189836e-19   48
  2.231122e-01   1.039906e-40   9.722532e-05   7.283215e-19   120
  2.233799e-01   1.193838e-40   4.250917e-05   3.982959e-19   72
  2.236502e-01   1.038122e-40   4.245777e-05   6.881090e-19   36
  2.238360e-01   9.129189e-41   8.391632e-05   5.842273e-19   78
  2.243546e-01   1.373572e-40   4.488887e-05   7.080387e-19   48
  2.250269e-01   1.918667e-40   3.633045e-09   9.699639e-19   24
  2.255059e-01   1.219349e-40   3.125970e-05   2.545694e-19   56
  2.257471e-01   1.341330e-40   4.810277e-05   2.180184e-19   102
  2.260539e-01   1.285885e-40   3.425268e-09   3.772572e-19   72
  2.262321e-01   9.089682e-41   2.568951e-09   7.280288e-19   24
  2.265435e-01   1.216313e-40   4.445516e-05   3.681058e-19   48
  2.271206e-01   7.508198e-41   0.000000e+00   9.164465e-19   24
  2.278290e-01   1.846255e-40   0.000000e+00   1.881426e-18   6
  2.280499e-01   1.638991e-40   0.000000e+00   1.986757e-19   24
  2.281971e-01   1.422839e-40   4.161169e-05   1.873069e-19   72
  2.284659e-01   1.267728e-40   7.763053e-05   1.393628e-19   84
  2.287554e-01   7.755686e-41   0.000000e+00   6.034585e-19   24
  2.288435e-01   1.025881e-40   3.633045e-09   3.909485e-19   24
  2.292831e-01   9.612171e-41   4.449553e-09   6.136445e-19   24
  2.298972e-01   1.033845e-40   0.000000e+00   6.462329e-19   6
  2.306844e-01   1.525496e-40   4.365716e-05   1.014905e-19   48
  2.308735e-01   9.491686e-41   8.224294e-05   1.410198e-19   72
  2.311206e-01   1.185334e-40   4.357477e-05   2.714382e-19   48
  2.315124e-01   7.204779e-41   0.000000e+00   5.922618e-19   24
  2.320338e-01   1.347443e-40   0.000000e+00   1.224322e-18   6
  2.332028e-01   6.092663e-41   0.000000e+00   1.028039e-19   8
  2.332891e-01   1.261173e-40   2.568951e-09   2.319294e-19   48
  2.334962e-01   1.129555e-40   4.225843e-05   1.902631e-19   60
  2.338066e-01   9.582396e-41   0.000000e+00   4.677771e-19   24
  2.342369e-01   8.003518e-41   0.000000e+00   7.055147e-19   6
  2.358224e-01   1.777045e-40   0.000000e+00   1.357601e-19   24
  2.359505e-01   1.523514e-40   4.268279e-05   8.372498e-20   48
  2.361638e-01   1.031453e-40   0.000000e+00   3.249753e-19   24
  2.365047e-01   1.576584e-40   0.000000e+00   1.098076e-19   6
  2.384414e-01   1.080861e-40   3.981898e-05   3.950485e-20   36
  2.385821e-01   1.085954e-40   0.000000e+00   1.714127e-19   24
  2.388353e-01   1.490517e-40   0.000000e+00   3.490105e-19   6
  2.410389e-01   1.799990e-40   3.618719e-05   6.419309e-20   32
  2.412268e-01   1.329798e-40   0.000000e+00   2.209479e-20   6
  2.435949e-01   8.800693e-41   0.000000e+00   9.564130e-21   12
  2.436776e-01   7.635419e-41   0.000000e+00   1.212877e-19   6
  2.461858e-01   1.465357e-40   0.000000e+00   1.742123e-20   6
