# power spectrum of phi
# redshift z=3.000000
# k              Pk             sigma(k)       sigma(Pk)      count
  1.570796e-02   1.665564e-10   0.000000e+00   6.715020e-11   6
  2.221441e-02   7.466507e-11   0.000000e+00   1.491079e-11   12
  2.720699e-02   4.510098e-11   2.980232e-10   9.381581e-12   8
  3.141593e-02   1.303525e-10   0.000000e+00   1.406296e-11   6
  3.512407e-02   7.737551e-11   5.619580e-10   2.461431e-11   24
  3.847649e-02   9.680072e-11   5.619580e-10   1.660378e-11   24
  4.442883e-02   3.505107e-11   0.000000e+00   1.560297e-11   12
  4.712389e-02   3.822910e-11   6.357829e-10   6.732743e-12   30
  4.967294e-02   4.768898e-11   0.000000e+00   1.030942e-11   24
  5.209742e-02   4.067182e-11   9.733398e-10   1.012411e-11   24
  5.441398e-02   4.346991e-11   5.960464e-10   8.558339e-12   8
  5.663587e-02   3.676240e-11   7.947286e-10   4.682918e-12   24
  5.877382e-02   3.336082e-11   0.000000e+00   4.745767e-12   48
  6.283185e-02   3.955905e-11   0.000000e+00   1.740801e-11   6
  6.476559e-02   2.977307e-11   7.947286e-10   4.230765e-12   48
  6.664324e-02   2.761676e-11   7.492773e-10   2.984187e-12   36
  6.846942e-02   3.757747e-11   7.947286e-10   7.978829e-12   24
  7.024815e-02   2.240813e-11   1.123916e-09   3.612039e-12   24
  7.198293e-02   1.930252e-11   0.000000e+00   2.535714e-12   48
  7.367688e-02   2.629971e-11   1.123916e-09   3.750631e-12   24
  7.695299e-02   2.239808e-11   1.123916e-09   3.353813e-12   24
  7.853982e-02   1.378817e-11   0.000000e+00   2.310154e-12   30
  8.009521e-02   1.544240e-11   0.000000e+00   1.661147e-12   72
  8.162097e-02   1.529093e-11   1.192093e-09   3.213319e-12   32
  8.458997e-02   1.777184e-11   0.000000e+00   2.049866e-12   72
  8.603606e-02   1.089867e-11   0.000000e+00   1.617686e-12   48
  8.885766e-02   5.339730e-12   0.000000e+00   1.607601e-12   12
  9.023538e-02   1.035923e-11   0.000000e+00   1.502172e-12   48
  9.159238e-02   8.753518e-12   0.000000e+00   8.182029e-13   48
  9.292956e-02   1.098076e-11   1.123916e-09   1.443437e-12   48
  9.424778e-02   1.333049e-11   1.271566e-09   2.357678e-12   30
  9.554781e-02   1.361644e-11   0.000000e+00   2.952932e-12   24
  9.683039e-02   1.293236e-11   2.369423e-09   1.398862e-12   72
  9.934588e-02   6.659334e-12   0.000000e+00   1.394996e-12   24
  1.005800e-01   9.731987e-12   0.000000e+00   9.311596e-13   96
  1.017992e-01   7.324938e-12   0.000000e+00   1.077490e-12   48
  1.030040e-01   5.769938e-12   1.946680e-09   1.307716e-12   24
  1.041948e-01   4.164007e-12   1.946680e-09   8.667715e-13   24
  1.053722e-01   1.009659e-11   0.000000e+00   1.184754e-12   72
  1.065366e-01   7.888553e-12   0.000000e+00   1.167724e-12   48
  1.088280e-01   5.710129e-12   1.192093e-09   1.516276e-12   8
  1.099557e-01   9.936858e-12   1.412851e-09   1.303296e-12   54
  1.110721e-01   5.997197e-12   0.000000e+00   9.470163e-13   84
  1.121773e-01   7.947012e-12   0.000000e+00   1.123029e-12   48
  1.132717e-01   4.506295e-12   1.589457e-09   7.506716e-13   24
  1.143557e-01   5.804763e-12   2.119276e-09   6.465426e-13   72
  1.154295e-01   7.482542e-12   0.000000e+00   8.748591e-13   96
  1.175476e-01   9.154357e-12   0.000000e+00   9.933560e-13   48
  1.185925e-01   5.444784e-12   0.000000e+00   5.827344e-13   48
  1.196283e-01   4.951947e-12   0.000000e+00   9.594138e-13   24
  1.206552e-01   5.297678e-12   0.000000e+00   5.826595e-13   72
  1.226831e-01   4.985649e-12   0.000000e+00   6.018284e-13   72
  1.236846e-01   4.967940e-12   0.000000e+00   5.504034e-13   96
  1.256637e-01   8.624563e-12   0.000000e+00   3.617636e-12   6
  1.266416e-01   5.733873e-12   0.000000e+00   6.453937e-13   96
  1.276121e-01   5.963776e-12   1.589457e-09   6.357824e-13   96
  1.285752e-01   3.119251e-12   0.000000e+00   7.619751e-13   24
  1.295312e-01   4.250178e-12   1.589457e-09   4.979154e-13   48
  1.304801e-01   4.350687e-12   0.000000e+00   4.399480e-13   96
  1.314222e-01   4.088857e-12   0.000000e+00   6.215259e-13   48
  1.332865e-01   4.090497e-12   1.498555e-09   6.655251e-13   36
  1.342089e-01   4.074364e-12   2.753021e-09   5.195110e-13   48
  1.351250e-01   4.415490e-12   3.114687e-09   3.995669e-13   120
  1.360350e-01   3.938406e-12   0.000000e+00   5.352567e-13   56
  1.369388e-01   2.010824e-12   1.589457e-09   3.691441e-13   24
  1.378368e-01   3.038819e-12   0.000000e+00   2.844101e-13   96
  1.387290e-01   3.113391e-12   0.000000e+00   3.751815e-13   48
  1.404963e-01   4.225977e-12   2.247832e-09   7.400078e-13   24
  1.413717e-01   4.193126e-12   0.000000e+00   4.497724e-13   102
  1.422417e-01   4.936318e-12   1.589457e-09   7.926146e-13   48
  1.431064e-01   3.958816e-12   0.000000e+00   3.948755e-13   72
  1.439659e-01   3.540409e-12   0.000000e+00   3.432773e-13   48
  1.448203e-01   4.085976e-12   0.000000e+00   7.611377e-13   48
  1.456697e-01   3.397489e-12   3.596531e-09   3.204004e-13   120
  1.473538e-01   3.742031e-12   2.247832e-09   5.235871e-13   24
  1.481886e-01   2.619047e-12   2.119276e-09   2.276198e-13   144
  1.490188e-01   2.585838e-12   2.543132e-09   2.897835e-13   120
  1.498444e-01   2.522989e-12   2.247832e-09   3.758396e-13   48
  1.514821e-01   2.983391e-12   2.247832e-09   4.143679e-13   48
  1.522944e-01   2.379914e-12   2.247832e-09   2.225758e-13   96
  1.544390e-01   2.598502e-12   3.768959e-04   3.041346e-13   72
  1.555009e-01   2.302090e-12   1.998073e-09   1.848050e-13   108
  1.562923e-01   2.469232e-12   0.000000e+00   2.536769e-13   72
  1.570796e-01   1.635002e-12   0.000000e+00   3.510264e-13   30
  1.578631e-01   2.549568e-12   0.000000e+00   1.861668e-13   168
  1.586427e-01   3.157048e-12   0.000000e+00   3.498382e-13   48
  1.601904e-01   1.794918e-12   0.000000e+00   2.246545e-13   72
  1.609587e-01   2.496038e-12   0.000000e+00   2.645288e-13   96
  1.617234e-01   2.109554e-12   4.238553e-09   2.985157e-13   72
  1.624844e-01   2.327224e-12   0.000000e+00   2.396406e-13   72
  1.637639e-01   2.420010e-12   3.480039e-04   1.939285e-13   104
  1.647465e-01   2.052718e-12   2.997109e-09   1.514958e-13   144
  1.669779e-01   1.357440e-12   5.026305e-09   1.355721e-13   96
  1.677152e-01   1.329274e-12   0.000000e+00   1.403138e-13   96
  1.688876e-01   1.935022e-12   3.580185e-04   1.760144e-13   120
  1.699076e-01   1.617717e-12   0.000000e+00   1.348511e-13   120
  1.706322e-01   2.096694e-12   0.000000e+00   2.340642e-13   72
  1.720721e-01   2.199715e-12   0.000000e+00   2.709096e-13   48
  1.727876e-01   2.041534e-12   3.912510e-09   2.697668e-13   78
  1.737029e-01   2.017384e-12   3.205713e-04   1.675610e-13   168
  1.756204e-01   1.856801e-12   3.670694e-09   1.548541e-13   144
  1.763215e-01   2.288338e-12   2.997109e-09   1.655612e-13   144
  1.783549e-01   1.711934e-12   1.846233e-04   1.578224e-13   156
  1.790983e-01   1.555390e-12   3.893359e-09   3.453573e-13   48
  1.797859e-01   1.578165e-12   2.543132e-09   1.447547e-13   120
  1.804708e-01   1.214811e-12   0.000000e+00   1.653763e-13   48
  1.816818e-01   1.663895e-12   2.825996e-04   1.264817e-13   216
  1.831848e-01   9.258995e-13   0.000000e+00   1.100738e-13   48
  1.838570e-01   1.161464e-12   2.247832e-09   9.335321e-14   96
  1.848128e-01   1.396978e-12   3.302618e-04   1.290644e-13   168
  1.858591e-01   1.031451e-12   2.247832e-09   1.454027e-13   48
  1.865217e-01   1.526814e-12   0.000000e+00   1.490690e-13   96
  1.871820e-01   1.279745e-12   0.000000e+00   2.206607e-13   48
  1.884956e-01   1.708468e-12   2.543132e-09   2.195912e-13   30
  1.891489e-01   1.240362e-12   0.000000e+00   1.021451e-13   96
  1.899298e-01   1.358262e-12   2.595564e-04   1.013730e-13   240
  1.909339e-01   2.559456e-12   2.800239e-04   3.924547e-13   32
  1.917401e-01   1.004268e-12   0.000000e+00   7.214828e-14   168
  1.923825e-01   1.049708e-12   0.000000e+00   1.056968e-13   120
  1.936608e-01   1.121041e-12   4.738846e-09   1.474865e-13   72
  1.942968e-01   1.490318e-12   2.119276e-09   1.490647e-13   144
  1.949307e-01   1.127453e-12   0.000000e+00   1.001870e-13   96
  1.955626e-01   1.295189e-12   0.000000e+00   1.002139e-13   96
  1.968202e-01   1.900180e-12   0.000000e+00   2.383326e-13   72
  1.974460e-01   1.035347e-12   3.178914e-09   1.070793e-13   96
  1.986918e-01   1.692706e-12   0.000000e+00   3.130835e-13   24
  1.993117e-01   1.212854e-12   0.000000e+00   8.410659e-14   192
  2.000418e-01   1.125831e-12   2.376333e-04   9.351864e-14   132
  2.011601e-01   1.158947e-12   0.000000e+00   1.008551e-13   96
  2.017724e-01   7.221139e-13   0.000000e+00   7.114520e-14   96
  2.023829e-01   9.678716e-13   2.543132e-09   7.669947e-14   120
  2.035985e-01   1.009447e-12   0.000000e+00   1.086914e-13   48
  2.045948e-01   9.122890e-13   2.879924e-04   5.421854e-14   222
  2.054083e-01   1.115825e-12   0.000000e+00   9.797452e-14   120
  2.060080e-01   6.877273e-13   3.893359e-09   1.572877e-13   24
  2.068812e-01   1.243144e-12   2.972500e-04   7.853471e-14   312
  2.087838e-01   1.295090e-12   2.786838e-04   1.278485e-13   72
  2.095704e-01   9.140930e-13   3.893359e-09   9.049469e-14   96
  2.103781e-01   1.057802e-12   2.838009e-04   9.002261e-14   192
  2.113290e-01   9.015773e-13   3.596531e-09   1.021379e-13   120
  2.119120e-01   8.746202e-13   0.000000e+00   7.450657e-14   144
  2.130732e-01   1.002536e-12   0.000000e+00   1.316563e-13   48
  2.138985e-01   7.993794e-13   2.853717e-04   5.410200e-14   336
  2.148032e-01   8.361028e-13   0.000000e+00   7.695519e-14   48
  2.159488e-01   8.451544e-13   0.000000e+00   7.958426e-14   192
  2.165193e-01   5.994852e-13   0.000000e+00   6.917800e-14   48
  2.181411e-01   5.731721e-13   1.980854e-04   6.243533e-14   56
  2.189475e-01   7.697319e-13   2.544090e-04   4.571225e-14   336
  2.199115e-01   6.814902e-13   2.825702e-09   1.180954e-13   54
  2.207512e-01   7.346510e-13   2.794324e-04   4.952024e-14   240
  2.224945e-01   7.666590e-13   2.675587e-04   6.516101e-14   228
  2.232521e-01   7.139671e-13   2.997109e-09   8.848179e-14   72
  2.239875e-01   7.660304e-13   2.595385e-04   6.449927e-14   144
  2.249038e-01   7.439464e-13   0.000000e+00   7.211894e-14   96
  2.254517e-01   6.934463e-13   3.596531e-09   5.095614e-14   240
  2.265435e-01   4.262927e-13   3.178914e-09   6.229544e-14   24
  2.272424e-01   7.085888e-13   2.451321e-04   3.978247e-14   336
  2.281713e-01   4.220038e-13   0.000000e+00   4.639054e-14   72
  2.290193e-01   8.098732e-13   2.666265e-04   6.541583e-14   168
  2.297877e-01   6.827252e-13   0.000000e+00   8.560681e-14   72
  2.308590e-01   9.644180e-13   0.000000e+00   1.006932e-13   96
  2.316886e-01   5.244488e-13   2.646263e-04   3.659559e-14   216
  2.324566e-01   4.752391e-13   0.000000e+00   3.861924e-14   96
  2.335157e-01   6.199411e-13   3.178914e-09   4.291246e-14   192
  2.340434e-01   5.908205e-13   2.997109e-09   3.971835e-14   144
  2.350953e-01   3.975542e-13   0.000000e+00   4.082001e-14   48
  2.358236e-01   6.282359e-13   2.551309e-04   5.021446e-14   246
  2.368131e-01   7.264076e-13   2.352347e-04   6.731862e-14   168
  2.377046e-01   6.037365e-13   6.229375e-09   8.922330e-14   120
  2.382231e-01   5.253675e-13   0.000000e+00   4.233549e-14   240
  2.392566e-01   5.468398e-13   0.000000e+00   1.282725e-13   24
  2.400800e-01   5.279964e-13   2.517980e-04   3.024260e-14   360
  2.411056e-01   7.308112e-13   2.507265e-04   6.732941e-14   120
  2.418210e-01   5.813270e-13   0.000000e+00   5.348239e-14   144
  2.423307e-01   7.584365e-13   0.000000e+00   7.115297e-14   96
  2.438532e-01   5.257382e-13   0.000000e+00   4.135473e-14   144
  2.443586e-01   7.362145e-13   0.000000e+00   7.649310e-14   132
  2.450688e-01   4.681630e-13   2.474633e-04   3.915920e-14   176
  2.460999e-01   4.969723e-13   2.498881e-04   2.969691e-14   312
  2.473693e-01   5.299385e-13   0.000000e+00   6.759189e-14   96
  2.478675e-01   3.620411e-13   0.000000e+00   3.285876e-14   144
  2.486319e-01   4.951257e-13   2.473817e-04   3.440642e-14   312
  2.498505e-01   4.595684e-13   0.000000e+00   5.942962e-14   48
  2.503437e-01   4.455834e-13   3.178914e-09   3.266510e-14   192
  2.513274e-01   3.203058e-13   0.000000e+00   9.936866e-14   6
  2.519810e-01   4.446642e-13   2.307253e-04   2.721164e-14   288
  2.530395e-01   4.730965e-13   2.437763e-04   3.952754e-14   192
  2.537699e-01   4.290222e-13   7.476104e-09   3.181047e-14   216
  2.542556e-01   5.142088e-13   0.000000e+00   7.333943e-14   72
  2.554657e-01   5.008706e-13   2.414611e-04   5.343844e-14   192
  2.562693e-01   5.225471e-13   1.792979e-04   4.021612e-14   288
  2.571504e-01   3.570172e-13   0.000000e+00   7.816507e-14   24
  2.578312e-01   4.303110e-13   2.362101e-04   2.527860e-14   456
  2.590624e-01   4.275629e-13   0.000000e+00   8.865346e-14   48
  2.598231e-01   4.843857e-13   2.326575e-04   3.610002e-14   240
  2.606974e-01   5.059094e-13   2.351266e-04   3.668742e-14   216
  2.614326e-01   3.795070e-13   0.000000e+00   4.496234e-14   72
  2.619041e-01   3.163414e-13   8.123736e-09   2.638797e-14   168
  2.632353e-01   4.021748e-13   1.747662e-04   2.878573e-14   288
  2.639818e-01   4.414100e-13   2.312456e-04   3.672549e-14   168
  2.651809e-01   4.263820e-13   0.000000e+00   3.723673e-14   192
  2.656458e-01   3.041809e-13   2.997109e-09   2.017211e-14   144
  2.665730e-01   5.688217e-13   2.997109e-09   7.382421e-14   36
  2.673593e-01   3.150603e-13   2.111764e-04   1.927343e-14   342
  2.681111e-01   3.591586e-13   2.168525e-04   4.189044e-14   144
  2.690776e-01   4.176302e-13   2.274240e-04   3.203868e-14   384
  2.702500e-01   4.373419e-13   6.229375e-09   4.843560e-14   120
  2.708303e-01   4.248424e-13   2.027960e-04   2.664280e-14   264
  2.716161e-01   3.640915e-13   1.005261e-08   2.937906e-14   192
  2.723561e-01   3.151293e-13   2.185515e-04   2.952478e-14   152
  2.729753e-01   3.405887e-13   5.994218e-09   3.851733e-14   144
  2.742778e-01   2.457393e-13   1.414487e-04   2.112449e-14   216
  2.748807e-01   4.162258e-13   1.890132e-04   2.951712e-14   312
  2.759419e-01   3.318977e-13   2.190625e-04   2.426419e-14   240
  2.765672e-01   2.933887e-13   3.178914e-09   2.626595e-14   96
  2.777541e-01   2.149319e-13   2.094396e-04   1.793190e-14   144
  2.784857e-01   3.140583e-13   2.058607e-04   1.797395e-14   456
  2.796723e-01   1.926315e-13   0.000000e+00   1.588523e-14   120
  2.801131e-01   2.728074e-13   0.000000e+00   2.741099e-14   144
  2.809926e-01   2.680069e-13   4.495664e-09   2.787763e-14   24
  2.815564e-01   2.538919e-13   1.978798e-04   1.492487e-14   336
  2.825316e-01   2.828632e-13   2.182345e-04   2.477455e-14   198
  2.834454e-01   3.368001e-13   2.122205e-04   2.573343e-14   432
  2.844833e-01   4.608539e-13   6.357829e-09   7.433702e-14   48
  2.850248e-01   3.896355e-13   1.873540e-04   2.604978e-14   384
  2.859970e-01   3.111222e-13   2.156842e-04   3.687097e-14   144
  2.868780e-01   4.476930e-13   2.141460e-04   4.334020e-14   264
  2.879317e-01   2.560728e-13   0.000000e+00   2.441068e-14   48
  2.886387e-01   2.672810e-13   2.036179e-04   2.113473e-14   276
  2.893208e-01   3.062421e-13   1.845741e-04   2.979547e-14   192
  2.902325e-01   2.534608e-13   2.074207e-04   1.258520e-14   552
  2.913393e-01   1.943251e-13   5.086263e-09   2.499630e-14   120
  2.919972e-01   1.913468e-13   2.099609e-04   1.473790e-14   216
  2.926069e-01   2.166815e-13   5.086263e-09   1.865083e-14   120
  2.936961e-01   2.988991e-13   2.067600e-04   1.792603e-14   408
  2.947075e-01   7.760535e-14   4.495664e-09   1.057896e-14   24
  2.953347e-01   2.499985e-13   2.088648e-04   1.888115e-14   384
  2.962106e-01   1.845417e-13   2.040684e-04   1.245453e-14   240
  2.969712e-01   2.319749e-13   2.055628e-04   1.710601e-14   168
  2.980376e-01   1.622110e-13   0.000000e+00   1.786569e-14   120
  2.987251e-01   2.843241e-13   2.142884e-04   2.345617e-14   350
  2.998430e-01   2.743752e-13   3.527601e-04   2.058798e-14   384
  3.005110e-01   3.454431e-13   0.000000e+00   4.298062e-14   144
  3.017401e-01   2.261302e-13   4.238553e-09   2.203771e-14   288
  3.023819e-01   2.391944e-13   2.019242e-04   1.981347e-14   336
  3.032549e-01   1.823022e-13   1.838353e-04   1.800248e-14   168
  3.037776e-01   2.916945e-13   1.204945e-08   2.295705e-14   336
  3.048586e-01   1.696511e-13   1.908100e-04   1.142630e-14   288
  3.055078e-01   2.316542e-13   1.797918e-04   1.720643e-14   264
  3.066072e-01   2.133562e-13   0.000000e+00   1.961714e-14   240
  3.070093e-01   1.821414e-13   0.000000e+00   2.253590e-14   96
  3.084525e-01   2.193435e-13   2.445048e-04   1.716324e-14   360
  3.091260e-01   1.991750e-13   1.802420e-04   2.371282e-14   168
  3.099770e-01   2.009968e-13   1.964825e-04   1.232034e-14   456
  3.110018e-01   1.616746e-13   5.651403e-09   1.821046e-14   108
  3.115782e-01   1.266415e-13   1.971449e-04   8.060226e-15   264
  3.122973e-01   1.884828e-13   1.758853e-04   1.670323e-14   264
  3.132820e-01   1.943693e-13   1.659735e-04   1.131460e-14   312
  3.145081e-01   2.088019e-13   1.233364e-04   2.376551e-14   270
  3.150220e-01   2.416528e-13   1.565911e-04   2.429612e-14   240
  3.159458e-01   2.262306e-13   1.937229e-04   1.879968e-14   384
  3.165067e-01   1.747532e-13   6.357829e-09   1.314533e-14   192
  3.175962e-01   2.311073e-13   1.554368e-04   2.372394e-14   240
  3.182281e-01   2.323129e-13   1.918342e-04   1.831522e-14   336
  3.194167e-01   1.927286e-13   1.931178e-04   1.112815e-14   480
  3.203808e-01   2.488111e-13   4.238553e-09   3.527286e-14   72
  3.209194e-01   2.281503e-13   1.883074e-04   2.508497e-14   240
  3.216520e-01   1.665964e-13   1.769831e-04   1.190676e-14   312
  3.224917e-01   1.463067e-13   1.912763e-04   1.089601e-14   240
  3.237607e-01   1.787484e-13   1.453205e-04   1.376021e-14   408
  3.242630e-01   1.642864e-13   1.330785e-04   1.282059e-14   336
  3.252448e-01   1.677898e-13   1.689770e-04   1.415391e-14   264
  3.257273e-01   1.125921e-13   0.000000e+00   8.766647e-15   144
  3.270696e-01   1.611585e-13   2.342121e-04   1.199395e-14   464
  3.277768e-01   1.166499e-13   1.862466e-04   1.017416e-14   168
  3.284751e-01   1.483469e-13   1.696301e-04   1.421394e-14   336
  3.297371e-01   1.628342e-13   1.782296e-04   1.457396e-14   414
  3.304484e-01   3.085994e-13   1.855264e-04   3.195122e-14   216
  3.313598e-01   3.239113e-13   4.495664e-09   4.106248e-14   96
  3.317320e-01   1.698235e-13   1.101208e-08   1.699629e-14   384
  3.330355e-01   1.590137e-13   1.851680e-04   1.241892e-14   492
  3.337341e-01   2.008782e-13   1.810784e-04   1.697286e-14   240
  3.345237e-01   1.556065e-13   1.838580e-04   1.106707e-14   312
  3.356141e-01   8.961517e-14   1.837975e-04   8.761501e-15   192
  3.363048e-01   1.556108e-13   1.781220e-04   1.194949e-14   504
  3.372212e-01   1.693288e-13   1.179198e-04   1.463264e-14   408
  3.379427e-01   1.140875e-13   3.612619e-04   9.468401e-15   168
  3.388456e-01   1.869453e-13   1.716026e-04   1.336398e-14   288
  3.396033e-01   1.233922e-13   1.790820e-04   9.516219e-15   288
  3.403794e-01   9.796711e-14   1.801128e-04   6.459175e-15   432
  3.415052e-01   1.442705e-13   1.703267e-04   1.126339e-14   216
  3.421068e-01   1.246974e-13   1.699674e-04   9.276096e-15   360
  3.431777e-01   1.408833e-13   1.658865e-04   1.022903e-14   312
  3.441442e-01   2.134824e-13   0.000000e+00   3.594423e-14   48
  3.447014e-01   1.144790e-13   1.778543e-04   7.903262e-15   432
  3.456992e-01   1.149560e-13   2.966627e-04   9.539833e-15   414
  3.462885e-01   1.327198e-13   6.776666e-09   1.289684e-14   312
  3.473878e-01   1.505849e-13   2.603051e-04   1.290926e-14   528
  3.481296e-01   1.561036e-13   1.366381e-04   1.880374e-14   264
  3.490209e-01   1.522830e-13   1.620153e-04   1.372355e-14   480
  3.501854e-01   1.377924e-13   0.000000e+00   1.229666e-14   288
  3.506883e-01   1.110583e-13   1.740804e-04   1.170457e-14   168
  3.516084e-01   1.555704e-13   2.755688e-04   9.797833e-15   504
  3.526429e-01   2.364582e-13   4.238553e-09   3.016501e-14   144
  3.532937e-01   8.907043e-14   1.769812e-04   5.488609e-15   464
  3.542716e-01   1.026253e-13   2.597299e-04   7.854676e-15   432
  3.547358e-01   1.447854e-13   4.495664e-09   1.650106e-14   192
  3.559351e-01   9.644231e-14   1.925466e-04   8.339400e-15   396
  3.566434e-01   8.840149e-14   1.729600e-04   5.953547e-15   288
  3.573592e-01   9.331611e-14   1.708549e-04   7.681742e-15   336
  3.585027e-01   1.078067e-13   1.081887e-04   8.023966e-15   432
  3.592283e-01   1.156876e-13   2.804101e-04   9.383584e-15   360
  3.600431e-01   9.789860e-14   1.658667e-04   6.063235e-15   384
  3.612003e-01   9.102480e-14   1.464092e-04   8.278758e-15   198
  3.617579e-01   1.139143e-13   1.664197e-04   9.729596e-15   552
  3.627976e-01   1.704383e-13   2.329761e-04   2.089462e-14   432
  3.636656e-01   9.332962e-14   8.899106e-09   8.194506e-15   168
  3.643942e-01   1.630205e-13   2.888052e-04   1.478085e-14   480
  3.653579e-01   7.377726e-14   0.000000e+00   7.139586e-15   120
  3.657917e-01   1.206006e-13   2.358836e-04   9.957140e-15   336
  3.668502e-01   1.071340e-13   1.664122e-04   7.884426e-15   672
  3.678969e-01   1.270609e-13   2.420693e-04   8.278109e-15   528
  3.683844e-01   6.103769e-14   7.266090e-09   4.909064e-15   168
  3.695106e-01   1.298020e-13   2.700266e-04   1.128490e-14   456
  3.701979e-01   1.435445e-13   1.649075e-04   2.114209e-14   168
  3.709113e-01   1.028585e-13   1.646115e-04   7.527354e-15   504
  3.720973e-01   6.982453e-14   2.118297e-04   7.115814e-15   336
  3.728144e-01   1.052033e-13   1.527042e-04   9.171473e-15   312
  3.736099e-01   9.915045e-14   1.492023e-04   8.647237e-15   504
  3.746568e-01   8.083066e-14   1.035207e-04   4.894835e-15   432
  3.751490e-01   7.133180e-14   1.599738e-04   4.413603e-15   312
  3.761721e-01   7.845087e-14   1.639809e-04   5.481021e-15   384
  3.772403e-01   1.615573e-13   1.393208e-04   3.216810e-14   126
  3.778999e-01   1.144333e-13   2.446141e-04   9.202245e-15   492
  3.787423e-01   1.196431e-13   1.566756e-04   1.010786e-14   528
  3.797950e-01   8.437236e-14   1.591488e-04   7.505189e-15   480
  3.804477e-01   1.255319e-13   2.198632e-04   1.142826e-14   432
  3.813922e-01   1.127007e-13   1.728933e-04   9.338496e-15   440
  3.824891e-01   1.280077e-13   8.597912e-05   1.366039e-14   312
  3.829007e-01   9.040956e-14   1.288469e-04   9.832896e-15   480
  3.837450e-01   9.310292e-14   2.522797e-04   9.374473e-15   408
  3.849786e-01   1.315140e-13   1.510870e-04   1.165203e-14   360
  3.854998e-01   8.925128e-14   1.457935e-04   7.561066e-15   408
  3.864656e-01   6.667395e-14   1.483633e-04   6.084958e-15   456
  3.875531e-01   9.113552e-14   1.417988e-04   7.575722e-15   264
  3.881567e-01   8.426334e-14   1.538873e-04   8.138508e-15   384
  3.890354e-01   6.939925e-14   2.590801e-04   4.611855e-15   672
  3.900512e-01   1.060717e-13   1.549634e-04   1.212583e-14   240
  3.906373e-01   5.812325e-14   1.572490e-04   4.488012e-15   264
  3.914646e-01   4.911647e-14   1.939407e-04   3.413023e-15   624
  3.926991e-01   6.358211e-14   0.000000e+00   1.410392e-14   150
  3.931386e-01   1.149252e-13   2.173259e-04   8.991889e-15   600
  3.940655e-01   8.954513e-14   1.499928e-04   6.286203e-15   672
  3.951151e-01   7.986624e-14   1.410788e-04   1.054163e-14   336
  3.956998e-01   1.210504e-13   1.534526e-04   1.082021e-14   408
  3.966340e-01   9.976378e-14   1.530911e-04   1.220080e-14   408
  3.976732e-01   8.059570e-14   7.741108e-05   5.847646e-15   360
  3.983137e-01   9.582222e-14   2.842286e-04   8.825163e-15   456
  3.990874e-01   7.296903e-14   1.545652e-04   6.575833e-15   384
  4.000722e-01   4.739111e-14   1.426833e-04   4.213880e-15   348
  4.006044e-01   9.844685e-14   1.759003e-04   8.225377e-15   576
  4.016040e-01   6.078041e-14   1.448308e-04   4.493616e-15   504
  4.026266e-01   6.736918e-14   2.042754e-04   6.074046e-15   432
  4.035193e-01   6.297195e-14   2.779157e-04   4.231820e-15   576
  4.041559e-01   6.506991e-14   0.000000e+00   7.850115e-15   264
  4.051657e-01   6.337994e-14   2.211515e-04   3.770634e-15   768
  4.060439e-01   2.623676e-14   2.977401e-04   1.894149e-15   240
  4.067421e-01   6.914540e-14   2.625786e-04   9.751752e-15   192
  4.077592e-01   4.668510e-14   1.932899e-04   2.657893e-15   504
  4.085134e-01   8.171696e-14   2.604655e-04   7.226927e-15   590
  4.092368e-01   9.589781e-14   2.918373e-04   9.754885e-15   384
  4.101438e-01   6.694257e-14   2.438900e-04   5.778725e-15   504
  4.112389e-01   1.036584e-13   2.347064e-04   9.029904e-15   648
  4.123011e-01   6.129125e-14   6.374317e-05   6.263219e-15   504
  4.127294e-01   5.574756e-14   1.454101e-04   5.351629e-15   312
  4.134855e-01   9.443946e-14   2.095003e-04   7.903021e-15   576
  4.145236e-01   1.000403e-13   1.457924e-04   1.288310e-14   240
  4.151287e-01   4.945088e-14   1.473162e-04   3.238957e-15   552
  4.159853e-01   8.342857e-14   1.383265e-04   7.547723e-15   600
  4.172054e-01   6.403859e-14   1.689549e-04   5.360403e-15   600
  4.179389e-01   5.096040e-14   2.705679e-04   5.037079e-15   312
  4.186695e-01   7.272905e-14   2.356379e-04   6.075839e-15   480
  4.195820e-01   5.255099e-14   1.470154e-04   4.807742e-15   576
  4.203854e-01   7.788456e-14   2.367268e-04   7.598819e-15   408
  4.210983e-01   1.960634e-14   2.761527e-04   1.419054e-15   216
  4.220194e-01   4.716320e-14   2.115019e-04   3.579706e-15   516
  4.230063e-01   5.218852e-14   2.017943e-04   3.338445e-15   744
  4.240243e-01   5.922766e-14   1.347808e-04   4.614402e-15   462
  4.245995e-01   8.052341e-14   1.369852e-04   1.056005e-14   432
  4.254918e-01   8.069240e-14   1.270838e-04   6.734289e-15   648
  4.265409e-01   7.388532e-14   1.859472e-04   8.138597e-15   528
  4.273836e-01   6.065309e-14   2.239269e-04   4.731699e-15   600
  4.282256e-01   1.279182e-13   2.823132e-04   1.834497e-14   240
  4.290411e-01   6.067542e-14   2.162492e-04   5.092776e-15   720
  4.299890e-01   5.828506e-14   1.710922e-04   4.816130e-15   720
  4.310398e-01   1.564746e-14   0.000000e+00   1.439465e-15   144
  4.315927e-01   6.312483e-14   2.205891e-04   4.582538e-15   720
  4.323793e-01   6.653563e-14   1.322696e-04   5.940716e-15   384
  4.333641e-01   4.701105e-14   1.466278e-04   3.245962e-15   672
  4.342984e-01   7.682618e-14   2.567292e-04   7.403515e-15   336
  4.347447e-01   6.789200e-14   0.000000e+00   7.577689e-15   288
  4.358374e-01   5.048855e-14   2.031840e-04   3.998716e-15   776
  4.368489e-01   4.052132e-14   1.738547e-04   2.714215e-15   720
  4.376985e-01   3.350106e-14   1.400528e-04   2.722401e-15   432
  4.383780e-01   6.271317e-14   1.996629e-04   6.807681e-15   504
  4.391339e-01   4.533059e-14   1.398922e-04   3.351155e-15   528
  4.401917e-01   5.778336e-14   1.905949e-04   6.333468e-15   438
  4.410618e-01   7.276763e-14   2.218350e-04   7.550709e-15   624
  4.417176e-01   7.511779e-14   2.717180e-04   9.745166e-15   312
  4.426191e-01   7.887954e-14   1.463948e-04   5.929631e-15   696
  4.435512e-01   5.545053e-14   1.324608e-04   5.633123e-15   552
  4.445207e-01   6.979373e-14   1.024805e-04   7.435612e-15   516
  4.451205e-01   7.617656e-14   2.046970e-04   7.120846e-15   528
  4.458506e-01   2.058360e-14   1.331200e-04   1.061847e-15   528
  4.468878e-01   5.600565e-14   1.755583e-04   4.353410e-15   864
  4.475918e-01   5.149835e-14   2.404788e-04   4.953654e-15   408
  4.482965e-01   8.765679e-14   2.382549e-04   8.899541e-15   192
  4.492953e-01   3.759538e-14   1.971674e-04   3.312905e-15   720
  4.501385e-01   4.436111e-14   1.817980e-04   3.821966e-15   696
  4.511404e-01   4.195998e-14   1.963435e-04   2.969770e-15   720
  4.520570e-01   4.269110e-14   2.661201e-04   3.550345e-15   432
  4.525916e-01   2.424498e-14   1.566487e-04   2.419614e-15   264
  4.535534e-01   3.978067e-14   2.163249e-04   2.496542e-15   672
  4.544137e-01   4.067840e-14   2.214835e-04   2.813257e-15   600
  4.554346e-01   2.220811e-14   1.296784e-04   3.597621e-15   270
  4.559493e-01   5.820370e-14   1.952021e-04   6.874624e-15   528
  4.567673e-01   5.726720e-14   1.336675e-04   5.037826e-15   840
  4.578890e-01   7.059168e-14   2.555961e-04   4.960891e-15   888
  4.589254e-01   3.954975e-14   1.904380e-04   3.683228e-15   744
  4.598014e-01   4.893553e-14   9.785730e-05   4.448040e-15   456
  4.602370e-01   8.596187e-14   1.337280e-04   7.653700e-15   360
  4.609825e-01   4.986372e-14   1.158678e-04   8.512906e-15   384
  4.621264e-01   4.022508e-14   1.858509e-04   2.751627e-15   816
  4.629847e-01   4.752338e-14   2.696437e-04   3.586435e-15   824
  4.640279e-01   3.750458e-14   1.253432e-04   5.213308e-15   360
  4.645865e-01   4.248221e-14   1.849595e-04   3.143386e-15   624
  4.653553e-01   5.559166e-14   1.249856e-04   6.522366e-15   360
  4.663795e-01   3.526986e-14   1.700172e-04   2.784781e-15   876
  4.673045e-01   3.296286e-14   2.019296e-04   2.470612e-15   696
  4.682373e-01   2.296816e-14   1.303928e-04   2.179428e-15   336
  4.687264e-01   5.016097e-14   1.302463e-04   5.468309e-15   504
  4.695341e-01   3.726412e-14   1.313750e-04   3.704152e-15   672
  4.707324e-01   2.566442e-14   2.615370e-04   1.775201e-15   720
  4.715635e-01   5.000310e-14   1.975633e-04   4.545719e-15   774
  4.724808e-01   9.357126e-14   1.130801e-04   1.141955e-14   384
  4.729612e-01   6.158619e-14   2.176147e-04   6.476065e-15   528
  4.737068e-01   5.281559e-14   2.073989e-04   4.828028e-15   744
  4.749062e-01   5.588184e-14   1.710601e-04   4.314645e-15   768
  4.757025e-01   5.313964e-14   1.920278e-04   5.880845e-15   552
  4.766960e-01   3.415162e-14   2.092886e-04   2.797154e-15   696
  4.774351e-01   6.098334e-14   2.543221e-04   6.631621e-15   408
  4.780218e-01   5.094538e-14   1.098692e-04   5.155759e-15   504
  4.789519e-01   3.590292e-14   1.973758e-04   2.920535e-15   888
  4.798671e-01   3.806229e-14   2.051305e-04   4.148553e-15   648
  4.808184e-01   3.779084e-14   2.033722e-04   3.390743e-15   648
  4.817134e-01   3.704493e-14   2.192851e-04   2.937114e-15   792
  4.826614e-01   2.612670e-14   3.208291e-04   2.318874e-15   600
  4.833600e-01   1.706046e-14   2.174285e-04   1.230112e-15   456
  4.840953e-01   3.372359e-14   1.059654e-04   2.796272e-15   648
  4.850397e-01   2.444864e-14   2.066479e-04   1.714859e-15   936
  4.860593e-01   4.062291e-14   1.269084e-04   3.700341e-15   384
  4.869469e-01   1.195891e-14   0.000000e+00   1.799460e-15   198
  4.876318e-01   1.175996e-14   3.219776e-04   6.553388e-16   1224
  4.883707e-01   1.719987e-14   2.344988e-04   1.518148e-15   420
  4.892446e-01   1.319180e-14   2.269458e-04   1.039278e-15   792
  4.900991e-01   1.174339e-14   1.876648e-04   9.736844e-16   680
  4.910742e-01   1.052986e-14   1.723226e-04   1.043088e-15   600
  4.918588e-01   1.059995e-14   2.499151e-04   6.855272e-16   840
  4.929064e-01   9.633339e-15   1.179983e-04   7.371056e-16   432
  4.933067e-01   1.296052e-14   1.105800e-04   9.446430e-16   720
  4.941771e-01   9.076028e-15   2.214723e-04   5.251063e-16   960
  4.952596e-01   1.050149e-14   1.974263e-04   9.229465e-16   528
  4.960507e-01   1.087497e-14   2.018074e-04   7.424674e-16   624
  4.969923e-01   1.181738e-14   1.586192e-04   7.034137e-16   816
  4.979269e-01   9.939660e-15   2.608527e-04   7.507175e-16   696
  4.989597e-01   7.622646e-15   1.438612e-08   9.078790e-16   240
  4.993481e-01   1.066198e-14   1.538310e-04   8.052690e-16   672
  5.002149e-01   9.650699e-15   2.749181e-04   6.637157e-16   864
  5.011872e-01   6.347344e-15   2.109550e-04   3.600745e-16   816
  5.020636e-01   8.152338e-15   1.207434e-04   6.107284e-16   648
  5.030076e-01   1.247840e-14   1.234217e-04   8.561799e-16   843
  5.038089e-01   9.326007e-15   2.220660e-04   6.717271e-16   780
  5.047639e-01   8.565686e-15   1.191565e-04   1.289559e-15   216
  5.053529e-01   8.234802e-15   2.873328e-04   4.552283e-16   1056
  5.062588e-01   9.781945e-15   2.350705e-04   1.576745e-15   228
  5.070976e-01   1.141436e-14   2.926687e-04   8.162933e-16   924
  5.079587e-01   8.998753e-15   1.085637e-04   5.032092e-16   696
  5.088706e-01   9.272600e-15   1.932122e-04   6.892028e-16   996
  5.098035e-01   5.989876e-15   1.140687e-04   5.154182e-16   576
  5.107740e-01   1.051402e-14   1.760574e-04   1.125918e-15   552
  5.114815e-01   1.093481e-14   2.102064e-04   9.576871e-16   516
  5.121995e-01   8.830171e-15   3.056837e-04   5.517671e-16   744
  5.130199e-01   5.473157e-15   1.499561e-04   4.120367e-16   576
  5.137336e-01   6.432296e-15   1.543428e-04   3.823864e-16   792
  5.147477e-01   7.574209e-15   1.764424e-04   5.698026e-16   792
  5.154909e-01   7.923582e-15   1.902913e-04   6.119284e-16   720
  5.164960e-01   7.638213e-15   2.168883e-04   6.367647e-16   656
  5.174379e-01   6.288348e-15   2.368308e-04   3.759588e-16   816
  5.184034e-01   6.783803e-15   1.276952e-04   6.503097e-16   492
  5.189522e-01   7.424675e-15   1.836985e-04   6.444206e-16   552
  5.199822e-01   5.047389e-15   3.194294e-04   3.338223e-16   780
  5.206511e-01   6.144320e-15   1.962217e-04   4.794320e-16   528
  5.213718e-01   4.939548e-15   2.290504e-04   3.860120e-16   600
  5.224340e-01   6.713191e-15   1.903590e-04   3.306022e-16   900
  5.231662e-01   5.716733e-15   1.053860e-04   4.122345e-16   696
  5.241734e-01   5.462800e-15   2.664725e-04   3.925614e-16   696
  5.251479e-01   4.031088e-15   1.081054e-04   2.186025e-16   552
  5.259673e-01   4.423483e-15   1.257166e-04   3.508919e-16   708
  5.268258e-01   4.891464e-15   2.075652e-04   2.768621e-16   876
  5.277190e-01   7.148008e-15   1.102130e-04   1.159944e-15   216
  5.283184e-01   5.954818e-15   3.014475e-04   2.604083e-16   1032
  5.292161e-01   4.278462e-15   3.356286e-04   3.070650e-16   600
  5.301478e-01   3.391884e-15   1.601495e-04   2.148542e-16   600
  5.308585e-01   5.087938e-15   2.828090e-04   3.682851e-16   528
  5.316987e-01   5.005698e-15   1.552497e-04   3.149139e-16   732
  5.325837e-01   5.942865e-15   1.146378e-04   5.971949e-16   336
  5.336024e-01   4.013378e-15   1.633817e-04   2.238484e-16   912
  5.343638e-01   3.670425e-15   1.639857e-04   2.100357e-16   624
  5.351957e-01   3.792020e-15   1.381873e-04   2.462653e-16   768
  5.361666e-01   4.164474e-15   2.493171e-04   2.144154e-16   792
  5.371196e-01   4.169979e-15   1.236011e-04   2.520093e-16   660
  5.377977e-01   4.212200e-15   1.821461e-04   3.374514e-16   504
  5.384990e-01   3.178431e-15   2.975919e-04   2.091248e-16   480
  5.395501e-01   3.014416e-15   2.752337e-04   1.466078e-16   912
  5.403731e-01   4.215617e-15   3.065154e-04   3.326394e-16   432
  5.411504e-01   4.091478e-15   1.820016e-04   3.054341e-16   564
  5.418405e-01   3.423049e-15   1.742006e-04   1.997094e-16   600
  5.428119e-01   3.809045e-15   2.428192e-04   2.098511e-16   876
  5.435417e-01   4.675714e-15   1.091788e-04   6.219298e-16   264
  5.445477e-01   2.736997e-15   2.118499e-04   1.528608e-16   560
  5.453563e-01   3.326099e-15   1.439565e-04   1.877760e-16   840
  5.463378e-01   2.679358e-15   2.219395e-04   1.215768e-16   1008
  5.472454e-01   2.537325e-15   9.928084e-05   1.447778e-16   456
  5.480744e-01   3.138104e-15   1.286043e-04   1.825852e-16   576
  5.488407e-01   3.267224e-15   1.976142e-04   1.844264e-16   612
  5.498512e-01   3.024011e-15   1.765015e-04   1.682444e-16   780
  5.506755e-01   3.318497e-15   2.022627e-04   1.892502e-16   648
  5.515194e-01   3.239561e-15   9.425702e-05   2.974319e-16   312
  5.520587e-01   2.504269e-15   2.394916e-04   1.574521e-16   528
  5.529931e-01   2.440066e-15   3.127641e-04   1.141727e-16   720
  5.538866e-01   2.516773e-15   3.137436e-04   1.886581e-16   576
  5.549699e-01   2.770166e-15   2.706443e-04   2.395675e-16   444
  5.556439e-01   3.111962e-15   2.654148e-04   1.520718e-16   996
  5.564699e-01   2.322578e-15   2.217012e-04   1.694030e-16   432
  5.572506e-01   2.984273e-15   2.427192e-04   2.146773e-16   504
  5.579250e-01   1.897109e-15   1.094306e-04   1.101160e-16   504
  5.588852e-01   2.716714e-15   2.153608e-04   1.202620e-16   876
  5.597541e-01   2.234375e-15   2.478597e-04   1.595084e-16   504
  5.606589e-01   1.863271e-15   1.580720e-04   8.977006e-17   696
  5.614066e-01   2.277238e-15   1.351349e-04   1.243737e-16   492
  5.624240e-01   1.980059e-15   1.934522e-04   1.297776e-16   432
  5.631776e-01   2.531554e-15   1.811468e-04   1.185605e-16   768
  5.640708e-01   2.081175e-15   2.256427e-04   1.257351e-16   648
  5.649237e-01   1.827293e-15   1.472076e-04   1.155698e-16   456
  5.659038e-01   2.133453e-15   2.024344e-04   1.249389e-16   552
  5.665845e-01   1.949422e-15   1.387487e-04   1.032670e-16   648
  5.675213e-01   1.812916e-15   2.261525e-04   7.402691e-17   840
  5.684363e-01   2.067266e-15   1.078474e-04   1.169089e-16   432
  5.693524e-01   2.031336e-15   1.320946e-04   1.406902e-16   600
  5.699896e-01   2.209586e-15   1.407382e-04   1.363194e-16   432
  5.710598e-01   2.139356e-15   1.401185e-04   1.222257e-16   560
  5.717846e-01   1.674639e-15   2.217929e-04   7.605079e-17   840
  5.726922e-01   2.037278e-15   1.313712e-04   1.172805e-16   504
  5.734129e-01   1.770223e-15   2.681208e-04   1.030310e-16   696
  5.744289e-01   2.070238e-15   1.464380e-04   1.318904e-16   384
  5.752203e-01   1.503572e-15   2.145144e-04   8.494002e-17   576
  5.761776e-01   1.626154e-15   1.323876e-04   9.777381e-17   360
  5.769491e-01   1.784572e-15   1.971572e-04   8.180156e-17   828
  5.777814e-01   1.630871e-15   1.756051e-04   1.168543e-16   372
  5.785440e-01   1.509106e-15   2.681827e-04   8.101732e-17   576
  5.795542e-01   1.725750e-15   1.123146e-04   8.331642e-17   636
  5.802740e-01   1.639159e-15   2.165136e-04   8.187770e-17   648
  5.812477e-01   1.359134e-15   1.760019e-04   7.267607e-17   576
  5.819467e-01   1.435561e-15   2.839096e-04   9.473264e-17   528
  5.828762e-01   1.680957e-15   1.213831e-04   1.449267e-16   360
  5.836457e-01   1.230136e-15   2.792266e-04   5.766398e-17   672
  5.846504e-01   1.515989e-15   1.430245e-04   7.484315e-17   804
  5.854866e-01   1.437683e-15   1.577731e-04   8.401123e-17   408
  5.864116e-01   1.712269e-15   9.752092e-05   1.275138e-16   384
  5.870345e-01   1.241107e-15   2.231653e-04   8.068827e-17   480
  5.879130e-01   1.429129e-15   1.441975e-04   1.012519e-16   432
  5.887557e-01   1.670845e-15   2.657252e-04   9.058218e-17   648
  5.897530e-01   1.386652e-15   1.648813e-04   7.084595e-17   624
  5.904826e-01   1.311997e-15   1.499734e-04   7.151257e-17   456
  5.914788e-01   1.236039e-15   2.048770e-04   6.089514e-17   588
  5.921465e-01   1.184340e-15   1.307107e-04   5.732158e-17   600
  5.931212e-01   1.275503e-15   2.038766e-04   6.159304e-17   708
  5.938912e-01   1.319623e-15   1.284383e-04   9.046042e-17   360
  5.947420e-01   1.209589e-15   1.476433e-04   6.986988e-17   552
  5.955576e-01   9.138198e-16   1.035752e-04   7.154264e-17   288
  5.963856e-01   1.132471e-15   1.947498e-04   6.268528e-17   528
  5.971636e-01   1.526092e-15   1.313872e-04   8.402555e-17   456
  5.980328e-01   1.204337e-15   2.329780e-04   6.894349e-17   608
  5.989070e-01   9.631037e-16   1.127174e-04   5.281663e-17   504
  5.998623e-01   9.099894e-16   2.419978e-04   5.216569e-17   540
  6.006113e-01   1.196499e-15   2.597778e-04   8.272878e-17   360
  6.014188e-01   1.339609e-15   1.176407e-04   6.558629e-17   540
  6.021329e-01   1.023528e-15   1.010085e-04   5.274574e-17   576
  6.031714e-01   1.205742e-15   2.342044e-04   7.179390e-17   588
  6.041588e-01   1.131800e-15   3.231314e-04   5.288227e-17   672
  6.050070e-01   1.309530e-15   2.469721e-04   6.554218e-17   552
  6.056908e-01   8.435307e-16   2.470970e-04   8.659047e-17   144
  6.065633e-01   1.103882e-15   2.099342e-04   6.265586e-17   600
  6.073906e-01   7.399120e-16   2.630934e-04   4.636729e-17   504
  6.083088e-01   9.472982e-16   2.702501e-04   7.048332e-17   336
  6.092745e-01   9.773013e-16   3.037623e-04   5.000267e-17   600
  6.101395e-01   9.257116e-16   1.960382e-04   5.708048e-17   636
  6.110731e-01   1.182212e-15   1.576165e-04   8.739480e-17   384
  6.117276e-01   1.151024e-15   2.198564e-04   7.404287e-17   504
  6.126710e-01   9.157000e-16   9.227064e-05   7.808230e-17   240
  6.134155e-01   9.823661e-16   2.167569e-04   4.377400e-17   744
  6.143088e-01   7.968286e-16   1.480120e-04   4.139748e-17   648
  6.151027e-01   1.705934e-15   9.825476e-05   1.463394e-16   120
  6.160331e-01   7.999424e-16   1.543455e-04   4.221058e-17   564
  6.167362e-01   1.025368e-15   2.424089e-04   5.627659e-17   432
  6.176746e-01   9.270769e-16   1.881572e-04   5.945000e-17   480
  6.183811e-01   5.582955e-16   1.384885e-04   2.947048e-17   456
  6.192152e-01   9.217847e-16   2.291780e-04   5.203850e-17   444
  6.201616e-01   7.298570e-16   3.506544e-04   4.795998e-17   528
  6.209930e-01   9.201447e-16   2.604238e-04   7.801583e-17   264
  6.217998e-01   7.777645e-16   2.668956e-04   4.697201e-17   444
  6.228852e-01   8.507149e-16   2.923449e-04   4.441216e-17   696
  6.237861e-01   9.544276e-16   1.563558e-04   7.182494e-17   384
  6.244450e-01   6.975326e-16   1.975687e-04   3.789334e-17   432
  6.254698e-01   7.691414e-16   1.365107e-04   4.402785e-17   488
  6.261352e-01   8.487277e-16   2.057386e-04   4.718036e-17   480
  6.270999e-01   7.146214e-16   2.294412e-04   4.016703e-17   480
  6.278471e-01   6.091172e-16   9.626648e-05   3.906614e-17   240
  6.286954e-01   7.906659e-16   2.248709e-04   4.110494e-17   600
  6.294955e-01   5.604649e-16   1.959519e-04   3.730420e-17   288
  6.303474e-01   7.642671e-16   1.884914e-04   4.360900e-17   480
  6.312103e-01   5.563342e-16   3.352926e-04   3.754717e-17   504
  6.320598e-01   7.495034e-16   1.438614e-04   6.666601e-17   216
  6.331433e-01   8.299650e-16   2.355240e-04   4.532344e-17   504
  6.339871e-01   6.258922e-16   1.894329e-04   4.100633e-17   456
  6.349107e-01   9.107209e-16   1.086430e-04   5.705045e-17   384
  6.355225e-01   8.763374e-16   2.205061e-04   5.065664e-17   480
  6.363918e-01   5.321912e-16   1.936290e-04   3.587491e-17   504
  6.371972e-01   6.687023e-16   1.228262e-04   4.290579e-17   312
  6.380652e-01   7.277768e-16   1.979302e-04   4.313726e-17   492
  6.388334e-01   8.639790e-16   1.855135e-04   7.134356e-17   312
  6.398223e-01   6.143836e-16   3.013519e-04   3.584220e-17   576
  6.406929e-01   6.853835e-16   2.781722e-04   5.092869e-17   336
  6.414159e-01   4.655225e-16   2.141797e-04   3.653208e-17   240
  6.424183e-01   6.447122e-16   2.839481e-04   3.912085e-17   468
  6.432837e-01   5.734053e-16   1.777925e-04   5.351925e-17   192
  6.441896e-01   5.369586e-16   1.783224e-04   4.567485e-17   324
  6.448535e-01   6.092201e-16   1.294235e-04   3.295958e-17   600
  6.457583e-01   6.290487e-16   2.099764e-04   3.819615e-17   456
  6.464302e-01   6.266159e-16   9.444737e-05   5.121053e-17   336
  6.475438e-01   6.638720e-16   2.828021e-04   3.794260e-17   612
  6.483539e-01   5.126464e-16   2.373399e-04   7.481993e-17   144
  6.491201e-01   6.420650e-16   2.770366e-04   3.650284e-17   552
  6.501620e-01   4.271411e-16   1.091004e-04   3.254707e-17   264
  6.507507e-01   5.725461e-16   2.525953e-04   3.646055e-17   336
  6.516793e-01   5.403602e-16   1.669063e-04   3.147816e-17   384
  6.524847e-01   6.222382e-16   9.395175e-05   5.642340e-17   216
  6.533762e-01   3.810507e-16   1.991971e-04   3.044311e-17   344
  6.541891e-01   4.554287e-16   2.972114e-04   3.141880e-17   408
  6.551797e-01   5.674106e-16   2.283876e-04   4.644800e-17   264
  6.560575e-01   5.945298e-16   3.183837e-04   3.851546e-17   612
  6.569345e-01   6.995734e-16   1.638646e-04   4.545149e-17   408
  6.578364e-01   5.494367e-16   1.641001e-04   4.162334e-17   444
  6.584991e-01   9.760785e-16   9.177996e-05   1.065966e-16   120
  6.593870e-01   5.301240e-16   2.535712e-04   3.259937e-17   336
  6.600460e-01   4.773981e-16   8.811499e-05   3.346544e-17   288
  6.609366e-01   4.874748e-16   2.742154e-04   2.649393e-17   552
  6.621610e-01   5.519576e-16   0.000000e+00   6.758568e-17   72
  6.627906e-01   4.858269e-16   2.723657e-04   2.827736e-17   504
  6.635259e-01   3.191895e-16   8.764464e-05   3.267910e-17   216
  6.644787e-01   3.405031e-16   1.564835e-04   2.597907e-17   312
  6.653340e-01   3.871954e-16   1.781811e-04   2.335252e-17   336
  6.661492e-01   3.956998e-16   2.469789e-04   3.373548e-17   204
  6.669611e-01   6.024374e-16   2.870270e-04   3.928457e-17   504
  6.678221e-01   6.297461e-16   2.733322e-04   4.573025e-17   396
  6.686501e-01   4.559829e-16   2.506599e-04   3.059249e-17   312
  6.696540e-01   7.658660e-16   1.531800e-04   7.125166e-17   216
  6.703613e-01   3.600223e-16   8.313373e-05   3.033346e-17   168
  6.712208e-01   4.679694e-16   2.099173e-04   3.309607e-17   588
  6.722017e-01   4.068359e-16   2.849381e-04   4.373586e-17   240
  6.729637e-01   3.309999e-16   2.516481e-04   3.092380e-17   264
  6.738575e-01   4.234032e-16   3.112147e-04   3.382657e-17   288
  6.746505e-01   4.749422e-16   1.554077e-04   5.031364e-17   288
  6.756555e-01   4.353946e-16   1.459525e-04   3.521156e-17   288
  6.763322e-01   3.561818e-16   1.690738e-04   2.698759e-17   192
  6.771836e-01   2.568178e-16   1.799115e-04   1.775586e-17   264
  6.779946e-01   6.501811e-16   2.959295e-04   5.080863e-17   372
  6.788675e-01   5.729317e-16   3.196167e-04   4.160168e-17   360
  6.799329e-01   5.854483e-16   1.352648e-04   6.622745e-17   144
  6.804835e-01   3.484672e-16   1.878769e-04   3.553097e-17   296
  6.813527e-01   4.054612e-16   2.024276e-04   3.935767e-17   288
  6.823478e-01   3.594297e-16   3.025230e-04   2.655742e-17   480
  6.832061e-01   3.144106e-16   2.513677e-04   3.042407e-17   192
  6.840407e-01   4.014257e-16   2.696262e-04   4.057412e-17   192
  6.847993e-01   3.525137e-16   1.718359e-04   2.485104e-17   288
  6.858544e-01   1.770643e-16   1.495808e-04   1.957475e-17   108
  6.863859e-01   4.075849e-16   1.438036e-04   3.683355e-17   240
  6.873243e-01   2.548793e-16   2.682690e-04   1.543036e-17   384
  6.882884e-01   3.513247e-16   3.272578e-04   3.544901e-17   108
  6.891409e-01   5.505833e-16   1.918773e-04   4.505896e-17   348
  6.900373e-01   3.778195e-16   2.002507e-04   5.465335e-17   312
  6.908379e-01   3.517595e-16   1.945855e-04   6.456945e-17   96
  6.915741e-01   3.671766e-16   2.590555e-04   3.024947e-17   384
  6.923987e-01   3.900126e-16   1.781778e-04   4.066017e-17   144
  6.932053e-01   4.078803e-16   2.737780e-04   3.393491e-17   408
  6.942079e-01   2.082939e-16   1.221243e-04   2.032310e-17   144
  6.951550e-01   3.077372e-16   2.347853e-04   2.880469e-17   192
  6.957167e-01   3.594680e-16   2.642552e-04   3.255995e-17   144
  6.966323e-01   1.707707e-16   2.148492e-04   1.526772e-17   144
  6.974962e-01   3.210821e-16   2.625805e-04   2.628200e-17   336
  6.985541e-01   2.070871e-16   1.942763e-04   1.644224e-17   240
  6.992249e-01   2.888836e-16   8.821915e-05   3.578953e-17   96
  7.001605e-01   4.040115e-16   2.587043e-04   3.907346e-17   372
  7.011070e-01   2.890554e-16   3.077232e-04   3.664749e-17   132
  7.019384e-01   2.047255e-16   1.904154e-04   1.572978e-17   264
  7.026821e-01   3.693569e-16   1.462304e-04   3.674224e-17   168
  7.034759e-01   3.355226e-16   2.337943e-04   3.185989e-17   216
  7.041771e-01   2.625724e-16   1.430383e-04   4.209260e-17   216
  7.051983e-01   1.885432e-16   2.624157e-04   2.079970e-17   96
  7.061249e-01   3.524691e-16   1.712023e-04   4.348903e-17   120
  7.069747e-01   2.741992e-16   2.176463e-04   2.599795e-17   216
  7.076747e-01   2.217191e-16   9.511215e-05   1.745312e-17   200
  7.086015e-01   3.016043e-16   2.462045e-04   3.329208e-17   288
  7.097902e-01   1.319853e-16   6.478119e-05   1.081654e-17   144
  7.102908e-01   2.616090e-16   2.015951e-04   3.320218e-17   168
  7.113130e-01   3.219023e-16   2.268765e-04   4.711962e-17   159
  7.121109e-01   2.593057e-16   2.380480e-04   4.172358e-17   174
  7.128831e-01   2.066066e-16   2.158536e-04   1.897752e-17   144
  7.138943e-01   2.743759e-16   1.246398e-04   2.985475e-17   222
  7.145705e-01   1.854481e-16   1.257726e-04   1.985374e-17   168
  7.157386e-01   4.863943e-16   2.758677e-04   1.379261e-16   30
  7.162211e-01   6.520834e-17   2.435709e-04   7.647749e-18   72
  7.171298e-01   2.089703e-16   2.173841e-04   2.198739e-17   258
  7.181290e-01   1.778678e-16   1.361533e-04   1.444342e-17   264
  7.186286e-01   1.543406e-16   1.468278e-08   1.978937e-17   72
  7.196697e-01   1.225428e-16   2.698616e-04   1.044326e-17   174
  7.206123e-01   1.649104e-16   2.873527e-04   1.633197e-17   168
  7.213701e-01   9.718944e-17   8.991328e-09   1.299858e-17   48
  7.221837e-01   1.272175e-16   1.622748e-04   1.895661e-17   150
  7.231270e-01   2.124316e-16   2.985162e-04   1.907328e-17   168
  7.240729e-01   1.567349e-16   1.818422e-04   1.548890e-17   144
  7.249427e-01   2.583914e-16   1.698820e-04   3.626514e-17   102
  7.255906e-01   1.069687e-16   2.514545e-04   1.603612e-17   96
  7.266185e-01   9.893832e-17   2.495518e-04   8.412236e-18   120
  7.273797e-01   1.043679e-16   2.676508e-04   8.980685e-18   168
  7.282031e-01   2.022928e-16   1.976389e-04   3.066805e-17   126
  7.289046e-01   1.986271e-16   1.490593e-04   1.954277e-17   168
  7.298711e-01   1.296014e-16   2.390167e-04   1.836351e-17   72
  7.307158e-01   9.650566e-17   2.993022e-04   7.468462e-18   168
  7.314557e-01   1.551038e-16   8.205344e-05   2.334541e-17   78
  7.324696e-01   1.054939e-16   1.347256e-04   1.232852e-17   60
  7.332860e-01   2.636852e-16   2.185468e-04   2.751370e-17   96
  7.341327e-01   1.227626e-16   2.651884e-04   1.076200e-17   168
  7.349284e-01   1.130409e-16   1.678009e-04   1.281650e-17   86
  7.357634e-01   1.084600e-16   1.499742e-04   9.360940e-18   120
  7.369601e-01   1.095490e-16   1.069515e-04   8.371569e-18   168
  7.376055e-01   1.100831e-16   0.000000e+00   1.464132e-17   48
  7.384747e-01   1.518648e-16   1.948541e-04   1.812819e-17   120
  7.389742e-01   1.293514e-16   1.421539e-04   1.505700e-17   126
  7.401935e-01   9.789239e-17   2.500091e-04   9.786581e-18   96
  7.409848e-01   1.082612e-16   7.209028e-05   1.371103e-17   96
  7.416089e-01   1.202723e-16   8.477105e-09   1.404916e-17   72
  7.429385e-01   8.383615e-17   8.991328e-09   2.376337e-17   24
  7.437683e-01   1.282849e-16   1.483601e-04   1.320225e-17   120
  7.444157e-01   9.950742e-17   2.164118e-04   1.046244e-17   126
  7.451355e-01   8.018380e-17   1.804085e-04   1.067990e-17   96
  7.459766e-01   6.592861e-17   3.117986e-04   1.049087e-17   72
  7.469132e-01   1.109747e-16   1.348634e-04   1.110107e-17   144
  7.476836e-01   8.230700e-17   7.778603e-05   1.211259e-17   72
  7.484533e-01   1.363413e-16   1.553665e-04   1.882330e-17   54
  7.491306e-01   8.086786e-17   1.369149e-04   8.071579e-18   108
  7.505382e-01   1.107779e-16   1.342120e-04   1.305072e-17   72
  7.509765e-01   1.165388e-16   7.744493e-05   1.107109e-17   72
  7.520162e-01   1.052597e-16   1.557344e-08   2.736554e-17   24
  7.529998e-01   6.075087e-17   1.638381e-04   1.111903e-17   48
  7.535971e-01   1.075804e-16   1.248023e-04   1.562987e-17   102
  7.544963e-01   8.112533e-17   2.822510e-04   9.497880e-18   168
  7.556711e-01   7.795080e-17   1.539331e-04   7.094147e-18   72
  7.561064e-01   6.767463e-17   0.000000e+00   9.549665e-18   48
  7.570195e-01   1.139798e-16   2.647743e-04   1.166497e-17   120
  7.582245e-01   9.385379e-17   1.627091e-04   9.190893e-18   96
  7.593627e-01   1.386303e-16   1.438612e-08   3.080483e-17   30
  7.607153e-01   8.631198e-17   7.644796e-05   1.043793e-17   72
  7.613097e-01   1.281001e-16   8.991328e-09   2.257985e-17   24
  7.620733e-01   5.747430e-17   1.133148e-04   7.455222e-18   56
  7.629285e-01   5.712067e-17   1.617059e-04   5.439341e-18   96
  7.639519e-01   9.489914e-17   1.785629e-04   9.238743e-18   144
  7.647411e-01   8.737977e-17   1.013810e-04   1.485227e-17   54
  7.658874e-01   8.955587e-17   1.518795e-04   7.302472e-18   108
  7.670409e-01   9.445905e-17   8.041947e-05   1.724004e-17   48
  7.681392e-01   8.661167e-17   3.028050e-04   1.371123e-17   72
  7.707744e-01   1.052837e-16   2.000642e-04   1.263761e-17   78
  7.715046e-01   6.525680e-17   1.507735e-04   9.074684e-18   72
  7.723570e-01   5.333253e-17   1.505863e-04   6.635227e-18   72
  7.732482e-01   5.938092e-17   3.633813e-04   5.195368e-18   96
  7.739527e-01   7.438966e-17   1.502759e-04   8.078302e-18   72
  7.748024e-01   9.058972e-17   0.000000e+00   1.805948e-17   24
  7.756510e-01   6.467864e-17   2.998733e-04   7.715637e-18   72
  7.775680e-01   8.928273e-17   1.904287e-04   1.309178e-17   30
  7.779804e-01   7.345008e-17   0.000000e+00   1.970312e-17   24
  7.801973e-01   7.411225e-17   1.581267e-04   1.190815e-17   48
  7.808927e-01   6.737782e-17   3.402886e-04   6.682443e-18   120
  7.818296e-01   7.271162e-17   1.487821e-04   8.832729e-18   72
  7.827758e-01   8.688158e-17   1.486022e-04   1.434361e-17   36
  7.834261e-01   7.720984e-17   2.937071e-04   9.869750e-18   78
  7.852411e-01   7.063739e-17   1.571111e-04   8.530269e-18   48
  7.875942e-01   7.646579e-17   1.271566e-08   1.328882e-17   24
  7.892707e-01   5.160456e-17   1.094089e-04   6.045844e-18   56
  7.901149e-01   7.456451e-17   1.683597e-04   8.612964e-18   102
  7.911888e-01   6.999239e-17   1.198844e-08   8.776298e-18   72
  7.918122e-01   8.952417e-17   8.991328e-09   1.452338e-17   24
  7.929021e-01   6.129352e-17   1.555930e-04   9.770237e-18   48
  7.949223e-01   5.453446e-17   0.000000e+00   1.161158e-17   24
  7.974016e-01   1.505961e-16   0.000000e+00   5.174180e-17   6
  7.981748e-01   2.710987e-17   0.000000e+00   4.875026e-18   24
  7.986898e-01   7.604416e-17   1.456409e-04   8.510620e-18   72
  7.996307e-01   5.601910e-17   2.717068e-04   5.220655e-18   84
  8.006440e-01   3.726481e-17   0.000000e+00   7.765589e-18   24
  8.009521e-01   5.850875e-17   1.271566e-08   1.446768e-17   24
  8.024909e-01   7.787333e-17   1.557344e-08   1.628610e-17   24
  8.046403e-01   7.260149e-17   0.000000e+00   1.761695e-17   6
  8.073954e-01   4.495079e-17   1.528000e-04   7.486461e-18   48
  8.080572e-01   4.345776e-17   2.878503e-04   6.598894e-18   72
  8.089220e-01   6.783248e-17   1.525117e-04   6.171145e-18   48
  8.102934e-01   9.158659e-17   0.000000e+00   1.638427e-17   24
  8.121184e-01   6.691502e-17   0.000000e+00   1.181958e-17   6
  8.162097e-01   9.411252e-17   0.000000e+00   5.256209e-17   8
  8.165120e-01   7.011615e-17   8.991328e-09   8.251394e-18   48
  8.172369e-01   5.839912e-17   1.479045e-04   7.272049e-18   60
  8.183231e-01   9.618858e-17   0.000000e+00   1.672025e-17   24
  8.198293e-01   3.895772e-17   0.000000e+00   1.529242e-18   6
  8.253784e-01   4.328891e-17   0.000000e+00   9.863318e-18   24
  8.258266e-01   5.653787e-17   1.493898e-04   7.271924e-18   48
  8.265733e-01   4.253791e-17   0.000000e+00   9.374120e-18   24
  8.277664e-01   3.487138e-17   0.000000e+00   4.376657e-18   6
  8.345448e-01   6.779636e-17   1.393664e-04   1.179306e-17   36
  8.350375e-01   8.125394e-17   0.000000e+00   1.653581e-17   24
  8.359234e-01   9.231360e-17   0.000000e+00   2.699423e-17   6
  8.436361e-01   5.186609e-17   1.266552e-04   7.917873e-18   32
  8.442939e-01   2.428129e-17   0.000000e+00   9.968803e-18   6
  8.525822e-01   7.045774e-17   0.000000e+00   1.285564e-17   12
  8.528715e-01   1.873327e-17   0.000000e+00   4.395136e-18   6
  8.616502e-01   6.801107e-17   0.000000e+00   1.901339e-17   6
