# power spectrum of phi
# redshift z=2.925221
# k              Pk             sigma(k)       sigma(Pk)      count
  1.963495e-02   1.659864e-10   0.000000e+00   6.699610e-11   6
  2.776802e-02   6.750440e-11   0.000000e+00   1.350636e-11   12
  3.400874e-02   3.833519e-11   3.725290e-10   8.067798e-12   8
  3.926991e-02   1.072980e-10   0.000000e+00   1.168246e-11   6
  4.390509e-02   6.325894e-11   7.024475e-10   2.010459e-11   24
  4.809562e-02   7.945007e-11   7.024475e-10   1.373849e-11   24
  5.553604e-02   2.918818e-11   0.000000e+00   1.299561e-11   12
  5.890486e-02   3.249984e-11   7.947286e-10   5.668312e-12   30
  6.209118e-02   4.105709e-11   0.000000e+00   8.808966e-12   24
  6.512178e-02   3.538526e-11   1.216675e-09   8.786712e-12   24
  6.801748e-02   3.697472e-11   7.450581e-10   7.216146e-12   8
  7.079483e-02   3.120539e-11   9.934107e-10   3.974789e-12   24
  7.346727e-02   2.789088e-11   0.000000e+00   3.979227e-12   48
  7.853982e-02   3.102818e-11   0.000000e+00   1.366666e-11   6
  8.095699e-02   2.323046e-11   9.934107e-10   3.337547e-12   48
  8.330406e-02   2.091902e-11   9.365966e-10   2.321459e-12   36
  8.558678e-02   2.838036e-11   9.934107e-10   6.052208e-12   24
  8.781018e-02   1.665151e-11   1.404895e-09   2.641892e-12   24
  8.997866e-02   1.395742e-11   0.000000e+00   1.809934e-12   48
  9.209610e-02   1.829864e-11   1.404895e-09   2.644598e-12   24
  9.619124e-02   1.566477e-11   1.404895e-09   2.282950e-12   24
  9.817477e-02   9.236844e-12   0.000000e+00   1.578836e-12   30
  1.001190e-01   1.064738e-11   0.000000e+00   1.146326e-12   72
  1.020262e-01   1.031864e-11   1.490116e-09   2.203833e-12   32
  1.057375e-01   1.218330e-11   0.000000e+00   1.416764e-12   72
  1.075451e-01   7.254322e-12   0.000000e+00   1.094735e-12   48
  1.110721e-01   3.827321e-12   0.000000e+00   1.199838e-12   12
  1.127942e-01   7.433548e-12   0.000000e+00   1.061233e-12   48
  1.144905e-01   6.439318e-12   0.000000e+00   5.974489e-13   48
  1.161620e-01   7.906027e-12   1.404895e-09   1.061273e-12   48
  1.178097e-01   9.798072e-12   1.589457e-09   1.757458e-12   30
  1.194348e-01   1.028642e-11   0.000000e+00   2.185455e-12   24
  1.210380e-01   1.003798e-11   2.961779e-09   1.093061e-12   72
  1.241824e-01   4.844103e-12   0.000000e+00   1.088536e-12   24
  1.257251e-01   7.540963e-12   0.000000e+00   7.246938e-13   96
  1.272490e-01   5.775908e-12   0.000000e+00   8.819578e-13   48
  1.287550e-01   4.496103e-12   2.433349e-09   9.865943e-13   24
  1.302436e-01   3.101875e-12   2.433349e-09   6.482226e-13   24
  1.317153e-01   7.982448e-12   0.000000e+00   9.285473e-13   72
  1.331707e-01   6.197223e-12   0.000000e+00   8.973973e-13   48
  1.360350e-01   4.317234e-12   1.490116e-09   1.134676e-12   8
  1.374447e-01   7.854617e-12   1.766064e-09   1.060012e-12   54
  1.388401e-01   4.691880e-12   0.000000e+00   7.313839e-13   84
  1.402216e-01   6.313075e-12   0.000000e+00   8.684457e-13   48
  1.415897e-01   3.487852e-12   1.986821e-09   5.669273e-13   24
  1.429446e-01   4.402061e-12   2.649095e-09   4.801221e-13   72
  1.442869e-01   5.591454e-12   0.000000e+00   6.546814e-13   96
  1.469345e-01   6.656268e-12   0.000000e+00   7.171142e-13   48
  1.482407e-01   4.098467e-12   0.000000e+00   4.577084e-13   48
  1.495354e-01   3.631949e-12   0.000000e+00   6.993166e-13   24
  1.508189e-01   3.840059e-12   0.000000e+00   4.115678e-13   72
  1.533539e-01   3.534780e-12   0.000000e+00   4.299862e-13   72
  1.546058e-01   3.416327e-12   0.000000e+00   3.732693e-13   96
  1.570796e-01   5.734105e-12   0.000000e+00   2.446003e-12   6
  1.583021e-01   3.801741e-12   0.000000e+00   4.382015e-13   96
  1.595151e-01   3.946166e-12   1.986821e-09   4.191681e-13   96
  1.607190e-01   1.944653e-12   0.000000e+00   4.607241e-13   24
  1.619140e-01   2.807145e-12   1.986821e-09   3.383102e-13   48
  1.631002e-01   2.787391e-12   0.000000e+00   2.819943e-13   96
  1.642778e-01   2.673797e-12   0.000000e+00   4.326482e-13   48
  1.666081e-01   2.569290e-12   1.873193e-09   4.260787e-13   36
  1.677611e-01   2.520716e-12   3.441276e-09   3.295858e-13   48
  1.689063e-01   2.830246e-12   3.893359e-09   2.617073e-13   120
  1.700437e-01   2.600660e-12   0.000000e+00   3.625329e-13   56
  1.711736e-01   1.337328e-12   1.986821e-09   2.513453e-13   24
  1.722960e-01   1.984414e-12   0.000000e+00   1.955804e-13   96
  1.734112e-01   2.095579e-12   0.000000e+00   2.487860e-13   48
  1.756204e-01   2.705249e-12   2.809790e-09   4.678962e-13   24
  1.767146e-01   2.815765e-12   0.000000e+00   3.110266e-13   102
  1.778021e-01   3.205591e-12   1.986821e-09   5.258430e-13   48
  1.788829e-01   2.624251e-12   0.000000e+00   2.539038e-13   72
  1.799573e-01   2.360643e-12   0.000000e+00   2.315037e-13   48
  1.810253e-01   2.669874e-12   0.000000e+00   5.112386e-13   48
  1.820871e-01   2.343383e-12   4.495664e-09   2.126008e-13   120
  1.841922e-01   2.553083e-12   2.809790e-09   3.256615e-13   24
  1.852358e-01   1.844616e-12   2.649095e-09   1.592306e-13   144
  1.862735e-01   1.788658e-12   3.178914e-09   2.096063e-13   120
  1.873055e-01   1.770295e-12   2.809790e-09   2.791815e-13   48
  1.893526e-01   2.160178e-12   2.809790e-09   3.061018e-13   48
  1.903679e-01   1.727912e-12   2.809790e-09   1.589373e-13   96
  1.930487e-01   1.851967e-12   4.711199e-04   2.180769e-13   72
  1.943761e-01   1.687520e-12   2.497591e-09   1.408318e-13   108
  1.953653e-01   1.808209e-12   0.000000e+00   1.826250e-13   72
  1.963495e-01   1.150629e-12   0.000000e+00   2.283499e-13   30
  1.973288e-01   1.855627e-12   0.000000e+00   1.322172e-13   168
  1.983033e-01   2.309829e-12   0.000000e+00   2.423684e-13   48
  2.002380e-01   1.323709e-12   0.000000e+00   1.617993e-13   72
  2.011984e-01   1.819294e-12   0.000000e+00   1.960834e-13   96
  2.021542e-01   1.517710e-12   5.298191e-09   2.026239e-13   72
  2.031055e-01   1.694288e-12   0.000000e+00   1.653817e-13   72
  2.047049e-01   1.780985e-12   4.350048e-04   1.466114e-13   104
  2.059331e-01   1.493765e-12   3.746387e-09   1.066703e-13   144
  2.087224e-01   9.472282e-13   6.282881e-09   9.528542e-14   96
  2.096439e-01   9.864113e-13   0.000000e+00   1.031497e-13   96
  2.111095e-01   1.402897e-12   4.475232e-04   1.304057e-13   120
  2.123845e-01   1.171934e-12   0.000000e+00   9.904216e-14   120
  2.132902e-01   1.587177e-12   0.000000e+00   1.732330e-13   72
  2.150901e-01   1.568663e-12   0.000000e+00   1.798264e-13   48
  2.159845e-01   1.440413e-12   4.890638e-09   1.875056e-13   78
  2.171286e-01   1.360000e-12   4.007142e-04   1.131610e-13   168
  2.195255e-01   1.269168e-12   4.588368e-09   1.037298e-13   144
  2.204018e-01   1.602692e-12   3.746387e-09   1.133041e-13   144
  2.229436e-01   1.168614e-12   2.307791e-04   1.079463e-13   156
  2.238729e-01   1.079370e-12   4.866699e-09   2.342486e-13   48
  2.247323e-01   1.069995e-12   3.178914e-09   1.007086e-13   120
  2.255884e-01   9.181309e-13   0.000000e+00   1.423792e-13   48
  2.271022e-01   1.129862e-12   3.532495e-04   8.663379e-14   216
  2.289809e-01   5.813015e-13   0.000000e+00   6.997267e-14   48
  2.298212e-01   7.993008e-13   2.809790e-09   6.478746e-14   96
  2.310160e-01   9.427114e-13   4.128272e-04   8.439150e-14   168
  2.323239e-01   6.820443e-13   2.809790e-09   9.382211e-14   48
  2.331522e-01   9.602442e-13   0.000000e+00   8.922232e-14   96
  2.339775e-01   8.648747e-13   0.000000e+00   1.440574e-13   48
  2.356194e-01   1.137800e-12   3.178914e-09   1.427859e-13   30
  2.364362e-01   8.704344e-13   0.000000e+00   7.036910e-14   96
  2.374123e-01   8.751799e-13   3.244455e-04   6.536301e-14   240
  2.386674e-01   1.502683e-12   3.500299e-04   2.286589e-13   32
  2.396752e-01   6.648894e-13   0.000000e+00   4.602670e-14   168
  2.404781e-01   6.989285e-13   0.000000e+00   7.160140e-14   120
  2.420760e-01   7.548537e-13   5.923557e-09   9.554530e-14   72
  2.428710e-01   1.018879e-12   2.649095e-09   1.017243e-13   144
  2.436634e-01   7.565095e-13   0.000000e+00   6.746166e-14   96
  2.444532e-01   8.654023e-13   0.000000e+00   6.642926e-14   96
  2.460253e-01   1.249652e-12   0.000000e+00   1.499606e-13   72
  2.468075e-01   6.568191e-13   3.973643e-09   6.722407e-14   96
  2.483647e-01   1.192713e-12   0.000000e+00   2.321207e-13   24
  2.491396e-01   8.205049e-13   0.000000e+00   5.742987e-14   192
  2.500522e-01   7.557893e-13   2.970416e-04   6.434885e-14   132
  2.514501e-01   7.477474e-13   0.000000e+00   6.961327e-14   96
  2.522156e-01   4.883878e-13   0.000000e+00   4.687557e-14   96
  2.529787e-01   6.779320e-13   3.178914e-09   5.425441e-14   120
  2.544981e-01   7.091488e-13   0.000000e+00   6.947636e-14   48
  2.557435e-01   6.369297e-13   3.599905e-04   3.738421e-14   222
  2.567603e-01   7.737427e-13   0.000000e+00   6.828053e-14   120
  2.575100e-01   4.858610e-13   4.866699e-09   1.171168e-13   24
  2.586015e-01   8.206055e-13   3.715625e-04   5.047911e-14   312
  2.609797e-01   8.352786e-13   3.483547e-04   7.979828e-14   72
  2.619630e-01   6.443851e-13   4.866699e-09   6.212115e-14   96
  2.629726e-01   6.819935e-13   3.547511e-04   5.688954e-14   192
  2.641613e-01   6.531561e-13   4.495664e-09   7.442969e-14   120
  2.648900e-01   5.582099e-13   0.000000e+00   4.655455e-14   144
  2.663415e-01   7.330941e-13   0.000000e+00   9.729845e-14   48
  2.673732e-01   5.560240e-13   3.567146e-04   3.753754e-14   336
  2.685040e-01   6.100194e-13   0.000000e+00   5.974670e-14   48
  2.699360e-01   5.858377e-13   0.000000e+00   5.056023e-14   192
  2.706492e-01   4.004722e-13   0.000000e+00   4.946470e-14   48
  2.726764e-01   3.695005e-13   2.476067e-04   3.881560e-14   56
  2.736844e-01   5.292414e-13   3.180112e-04   3.148582e-14   336
  2.748894e-01   4.244214e-13   3.532127e-09   7.110977e-14   54
  2.759390e-01   4.980171e-13   3.492904e-04   3.234352e-14   240
  2.781181e-01   5.221965e-13   3.344484e-04   4.271084e-14   228
  2.790651e-01   5.022620e-13   3.746387e-09   5.908640e-14   72
  2.799844e-01   5.193827e-13   3.244231e-04   4.327020e-14   144
  2.811298e-01   5.029082e-13   0.000000e+00   4.815324e-14   96
  2.818146e-01   4.837533e-13   4.495664e-09   3.481569e-14   240
  2.831793e-01   2.825512e-13   3.973643e-09   4.308533e-14   24
  2.840530e-01   4.981963e-13   3.064151e-04   2.859930e-14   336
  2.852142e-01   2.993417e-13   0.000000e+00   3.322279e-14   72
  2.862741e-01   5.696524e-13   3.332831e-04   4.706234e-14   168
  2.872346e-01   4.944475e-13   0.000000e+00   6.453183e-14   72
  2.885737e-01   6.616468e-13   0.000000e+00   7.090614e-14   96
  2.896108e-01   3.684676e-13   3.307829e-04   2.554252e-14   216
  2.905708e-01   3.323102e-13   0.000000e+00   2.763138e-14   96
  2.918946e-01   4.464816e-13   3.973643e-09   3.224496e-14   192
  2.925542e-01   3.956717e-13   3.746387e-09   2.515388e-14   144
  2.938691e-01   2.785683e-13   0.000000e+00   2.787709e-14   48
  2.947794e-01   4.332334e-13   3.189136e-04   3.322288e-14   246
  2.960164e-01   4.891530e-13   2.940434e-04   4.375704e-14   168
  2.971308e-01   3.988683e-13   7.786718e-09   5.265361e-14   120
  2.977788e-01   3.542081e-13   0.000000e+00   2.575800e-14   240
  2.990707e-01   4.670182e-13   0.000000e+00   1.057051e-13   24
  3.001001e-01   3.554940e-13   3.147475e-04   1.935605e-14   360
  3.013820e-01   4.910412e-13   3.134082e-04   4.540625e-14   120
  3.022763e-01   3.987446e-13   0.000000e+00   3.716007e-14   144
  3.029133e-01   5.038490e-13   0.000000e+00   4.767743e-14   96
  3.048165e-01   3.349607e-13   0.000000e+00   2.707560e-14   144
  3.054482e-01   5.034975e-13   0.000000e+00   5.196361e-14   132
  3.063360e-01   3.281004e-13   3.093292e-04   2.853372e-14   176
  3.076248e-01   3.353540e-13   3.123602e-04   1.948139e-14   312
  3.092116e-01   3.409404e-13   0.000000e+00   4.130705e-14   96
  3.098343e-01   2.455298e-13   0.000000e+00   2.238464e-14   144
  3.107899e-01   3.243251e-13   3.092271e-04   2.250621e-14   312
  3.123131e-01   3.144215e-13   0.000000e+00   4.532249e-14   48
  3.129297e-01   3.174995e-13   3.973643e-09   2.344528e-14   192
  3.141593e-01   2.268799e-13   0.000000e+00   4.914620e-14   6
  3.149762e-01   3.033459e-13   2.884066e-04   1.841214e-14   288
  3.162994e-01   3.193701e-13   3.047203e-04   2.668378e-14   192
  3.172124e-01   2.946205e-13   9.345130e-09   2.250506e-14   216
  3.178195e-01   3.543817e-13   0.000000e+00   4.558529e-14   72
  3.193321e-01   3.379074e-13   3.018264e-04   3.772587e-14   192
  3.203366e-01   3.395926e-13   2.241224e-04   2.641176e-14   288
  3.214381e-01   2.623828e-13   0.000000e+00   5.546948e-14   24
  3.222890e-01   2.782864e-13   2.952626e-04   1.590557e-14   456
  3.238280e-01   3.216253e-13   0.000000e+00   6.222366e-14   48
  3.247789e-01   3.422744e-13   2.908218e-04   2.323993e-14   240
  3.258718e-01   3.323074e-13   2.939082e-04   2.467134e-14   216
  3.267908e-01   2.578712e-13   0.000000e+00   2.953041e-14   72
  3.273801e-01   2.162217e-13   1.015467e-08   1.703441e-14   168
  3.290441e-01   2.771119e-13   2.184577e-04   1.904398e-14   288
  3.299773e-01   2.910545e-13   2.890570e-04   2.443378e-14   168
  3.314762e-01   2.692700e-13   0.000000e+00   2.165590e-14   192
  3.320572e-01   2.178936e-13   3.746387e-09   1.401952e-14   144
  3.332162e-01   3.608236e-13   3.746387e-09   4.136821e-14   36
  3.341991e-01   2.104821e-13   2.639705e-04   1.209297e-14   342
  3.351389e-01   2.433101e-13   2.710657e-04   2.565071e-14   144
  3.363470e-01   2.801163e-13   2.842800e-04   2.157482e-14   384
  3.378125e-01   2.781069e-13   7.786718e-09   2.960321e-14   120
  3.385379e-01   2.855096e-13   2.534951e-04   1.721727e-14   264
  3.395201e-01   2.466299e-13   1.256576e-08   1.858523e-14   192
  3.404451e-01   2.207154e-13   2.731894e-04   2.074482e-14   152
  3.412191e-01   2.296669e-13   7.492773e-09   2.357435e-14   144
  3.428472e-01   1.809301e-13   1.768108e-04   1.524936e-14   216
  3.436008e-01   2.744782e-13   2.362665e-04   1.958477e-14   312
  3.449274e-01   2.257429e-13   2.738281e-04   1.668016e-14   240
  3.457090e-01   1.996242e-13   3.973643e-09   1.683007e-14   96
  3.471927e-01   1.516517e-13   2.617995e-04   1.226458e-14   144
  3.481071e-01   2.137342e-13   2.573258e-04   1.213650e-14   456
  3.495904e-01   1.290555e-13   0.000000e+00   1.104905e-14   120
  3.501414e-01   1.895304e-13   0.000000e+00   1.679087e-14   144
  3.512407e-01   1.834486e-13   5.619580e-09   2.102543e-14   24
  3.519456e-01   1.708411e-13   2.473498e-04   1.030147e-14   336
  3.531645e-01   1.995288e-13   2.727931e-04   1.828399e-14   198
  3.543067e-01   2.197610e-13   2.652756e-04   1.623121e-14   432
  3.556041e-01   2.813718e-13   7.947286e-09   4.958479e-14   48
  3.562810e-01   2.553232e-13   2.341925e-04   1.701805e-14   384
  3.574963e-01   2.117984e-13   2.696052e-04   2.483770e-14   144
  3.585975e-01   2.790061e-13   2.676825e-04   2.687196e-14   264
  3.599147e-01   1.934252e-13   0.000000e+00   1.864501e-14   48
  3.607984e-01   1.722502e-13   2.545223e-04   1.340676e-14   276
  3.616510e-01   2.079457e-13   2.307176e-04   1.950322e-14   192
  3.627906e-01   1.664456e-13   2.592759e-04   8.097594e-15   552
  3.641741e-01   1.437108e-13   6.357829e-09   1.580477e-14   120
  3.649965e-01   1.328295e-13   2.624511e-04   1.031998e-14   216
  3.657587e-01   1.523097e-13   6.357829e-09   1.303709e-14   120
  3.671201e-01   1.989594e-13   2.584500e-04   1.171663e-14   408
  3.683844e-01   5.013114e-14   5.619580e-09   6.957334e-15   24
  3.691684e-01   1.752593e-13   2.610810e-04   1.264310e-14   384
  3.702633e-01   1.294884e-13   2.550855e-04   9.149939e-15   240
  3.712141e-01   1.560656e-13   2.569535e-04   1.284922e-14   168
  3.725471e-01   1.146970e-13   0.000000e+00   1.241501e-14   120
  3.734064e-01   2.046864e-13   2.678605e-04   1.681310e-14   350
  3.748037e-01   1.820732e-13   4.409502e-04   1.344931e-14   384
  3.756388e-01   2.303175e-13   0.000000e+00   2.948867e-14   144
  3.771752e-01   1.540944e-13   5.298191e-09   1.535460e-14   288
  3.779773e-01   1.652038e-13   2.524053e-04   1.373054e-14   336
  3.790686e-01   1.260097e-13   2.297941e-04   1.285583e-14   168
  3.797219e-01   2.023070e-13   1.506181e-08   1.416841e-14   336
  3.810732e-01   1.156652e-13   2.385126e-04   7.656477e-15   288
  3.818848e-01   1.522598e-13   2.247398e-04   1.103820e-14   264
  3.832590e-01   1.493840e-13   0.000000e+00   1.517162e-14   240
  3.837616e-01   1.227211e-13   0.000000e+00   1.641675e-14   96
  3.855656e-01   1.428608e-13   3.056310e-04   1.051595e-14   360
  3.864075e-01   1.281452e-13   2.253025e-04   1.404467e-14   168
  3.874713e-01   1.409289e-13   2.456032e-04   8.442368e-15   456
  3.887523e-01   1.141992e-13   7.064254e-09   1.323219e-14   108
  3.894728e-01   8.865705e-14   2.464311e-04   5.834477e-15   264
  3.903716e-01   1.248070e-13   2.198567e-04   1.035499e-14   264
  3.916025e-01   1.305535e-13   2.074668e-04   8.005779e-15   312
  3.931351e-01   1.439269e-13   1.541705e-04   1.594235e-14   270
  3.937775e-01   1.638738e-13   1.957388e-04   1.487656e-14   240
  3.949323e-01   1.438670e-13   2.421536e-04   1.140366e-14   384
  3.956334e-01   1.237612e-13   7.947286e-09   8.543395e-15   192
  3.969952e-01   1.440784e-13   1.942960e-04   1.245701e-14   240
  3.977852e-01   1.486699e-13   2.397927e-04   1.142796e-14   336
  3.992708e-01   1.299594e-13   2.413972e-04   7.451283e-15   480
  4.004761e-01   1.433484e-13   5.298191e-09   2.018133e-14   72
  4.011493e-01   1.436708e-13   2.353842e-04   1.469825e-14   240
  4.020650e-01   1.188224e-13   2.212289e-04   8.412684e-15   312
  4.031147e-01   1.064804e-13   2.390954e-04   8.088535e-15   240
  4.047009e-01   1.187080e-13   1.816506e-04   9.250592e-15   408
  4.053288e-01   1.086576e-13   1.663482e-04   8.359317e-15   336
  4.065560e-01   1.121800e-13   2.112212e-04   9.211568e-15   264
  4.071591e-01   7.479221e-14   0.000000e+00   5.522972e-15   144
  4.088370e-01   1.071924e-13   2.927651e-04   7.267053e-15   464
  4.097211e-01   8.259885e-14   2.328083e-04   6.882593e-15   168
  4.105939e-01   1.003736e-13   2.120376e-04   9.147769e-15   336
  4.121713e-01   1.060748e-13   2.227870e-04   8.638180e-15   414
  4.130606e-01   1.964942e-13   2.319080e-04   1.947783e-14   216
  4.141998e-01   1.954832e-13   5.619580e-09   2.532115e-14   96
  4.146649e-01   1.160291e-13   1.376510e-08   1.091675e-14   384
  4.162944e-01   1.106049e-13   2.314600e-04   8.321668e-15   492
  4.171676e-01   1.388408e-13   2.263480e-04   1.131872e-14   240
  4.181546e-01   1.059186e-13   2.298225e-04   7.797323e-15   312
  4.195176e-01   6.995182e-14   2.297469e-04   6.729552e-15   192
  4.203810e-01   9.882148e-14   2.226525e-04   7.642868e-15   504
  4.215265e-01   1.157892e-13   1.473998e-04   9.179026e-15   408
  4.224284e-01   7.571756e-14   4.515774e-04   6.397707e-15   168
  4.235571e-01   1.300510e-13   2.145032e-04   8.837643e-15   288
  4.245041e-01   8.899739e-14   2.238525e-04   6.543680e-15   288
  4.254743e-01   6.905602e-14   2.251410e-04   4.662498e-15   432
  4.268815e-01   9.996190e-14   2.129084e-04   7.153325e-15   216
  4.276334e-01   8.786971e-14   2.124592e-04   6.299117e-15   360
  4.289721e-01   9.497902e-14   2.073582e-04   6.928053e-15   312
  4.301803e-01   1.183300e-13   0.000000e+00   1.842499e-14   48
  4.308767e-01   7.437653e-14   2.223178e-04   4.893247e-15   432
  4.321240e-01   8.476316e-14   3.708284e-04   7.166359e-15   414
  4.328606e-01   9.103754e-14   8.470833e-09   8.591559e-15   312
  4.342347e-01   9.930948e-14   3.253813e-04   8.560395e-15   528
  4.351620e-01   1.060051e-13   1.707976e-04   1.120035e-14   264
  4.362761e-01   1.034771e-13   2.025191e-04   8.607493e-15   480
  4.377318e-01   9.391429e-14   0.000000e+00   8.016300e-15   288
  4.383604e-01   7.343064e-14   2.176005e-04   6.977066e-15   168
  4.395105e-01   1.044968e-13   3.444610e-04   6.230834e-15   504
  4.408036e-01   1.665591e-13   5.298191e-09   1.943064e-14   144
  4.416171e-01   6.162056e-14   2.212265e-04   3.928529e-15   464
  4.428396e-01   7.183133e-14   3.246624e-04   5.020293e-15   432
  4.434197e-01   9.391209e-14   5.619580e-09   1.047538e-14   192
  4.449189e-01   6.802659e-14   2.406833e-04   6.255227e-15   396
  4.458042e-01   6.244626e-14   2.162000e-04   4.451561e-15   288
  4.466990e-01   6.273619e-14   2.135686e-04   5.004465e-15   336
  4.481283e-01   7.493980e-14   1.352359e-04   4.941901e-15   432
  4.490354e-01   8.015176e-14   3.505126e-04   5.870300e-15   360
  4.500539e-01   6.693929e-14   2.073334e-04   4.067272e-15   384
  4.515004e-01   5.916173e-14   1.830116e-04   5.112074e-15   198
  4.521974e-01   7.715872e-14   2.080246e-04   6.122266e-15   552
  4.534970e-01   1.176840e-13   2.912202e-04   1.428628e-14   432
  4.545821e-01   6.486753e-14   1.112388e-08   5.755565e-15   168
  4.554927e-01   1.123258e-13   3.610065e-04   1.002942e-14   480
  4.566974e-01   5.390977e-14   0.000000e+00   4.971034e-15   120
  4.572396e-01   7.767033e-14   2.948545e-04   5.972701e-15   336
  4.585628e-01   7.347618e-14   2.080152e-04   4.917752e-15   672
  4.598711e-01   8.801142e-14   3.025866e-04   5.555508e-15   528
  4.604805e-01   4.456108e-14   9.082613e-09   3.818935e-15   168
  4.618883e-01   9.010758e-14   3.375333e-04   7.489192e-15   456
  4.627474e-01   9.756757e-14   2.061344e-04   1.180079e-14   168
  4.636392e-01   6.993126e-14   2.057643e-04   4.553730e-15   504
  4.651216e-01   4.932855e-14   2.647872e-04   4.465915e-15   336
  4.660180e-01   6.926437e-14   1.908802e-04   6.116626e-15   312
  4.670124e-01   6.721704e-14   1.865029e-04   5.558719e-15   504
  4.683210e-01   5.313914e-14   1.294009e-04   3.187913e-15   432
  4.689362e-01   5.143293e-14   1.999672e-04   3.204232e-15   312
  4.702151e-01   5.679759e-14   2.049761e-04   3.756114e-15   384
  4.715504e-01   9.719620e-14   1.741510e-04   1.631974e-14   126
  4.723748e-01   7.453374e-14   3.057676e-04   5.550888e-15   492
  4.734278e-01   7.844406e-14   1.958445e-04   6.598477e-15   528
  4.747438e-01   5.429476e-14   1.989360e-04   4.831016e-15   480
  4.755596e-01   8.008502e-14   2.748289e-04   6.930387e-15   432
  4.767402e-01   7.228456e-14   2.161166e-04   5.058968e-15   440
  4.781114e-01   8.471644e-14   1.074739e-04   8.651393e-15   312
  4.786259e-01   5.790748e-14   1.610586e-04   5.480582e-15   480
  4.796813e-01   5.939844e-14   3.153497e-04   5.153184e-15   408
  4.812233e-01   9.007929e-14   1.888588e-04   8.044798e-15   360
  4.818747e-01   6.241715e-14   1.822418e-04   4.828802e-15   408
  4.830820e-01   4.794459e-14   1.854542e-04   4.179563e-15   456
  4.844414e-01   6.500742e-14   1.772485e-04   4.516653e-15   264
  4.851959e-01   5.487448e-14   1.923591e-04   5.044373e-15   384
  4.862943e-01   4.784275e-14   3.238501e-04   2.982058e-15   672
  4.875640e-01   6.742455e-14   1.937042e-04   7.000995e-15   240
  4.882967e-01   4.063803e-14   1.965613e-04   3.169758e-15   264
  4.893308e-01   3.571100e-14   2.424259e-04   2.200265e-15   624
  4.908739e-01   4.413431e-14   0.000000e+00   8.570163e-15   150
  4.914232e-01   7.645256e-14   2.716574e-04   5.938519e-15   600
  4.925819e-01   6.040925e-14   1.874909e-04   3.964606e-15   672
  4.938939e-01   5.521391e-14   1.763484e-04   7.083253e-15   336
  4.946248e-01   7.765855e-14   1.918157e-04   7.010973e-15   408
  4.957926e-01   6.154106e-14   1.913639e-04   6.923031e-15   408
  4.970915e-01   5.696963e-14   9.676385e-05   4.000341e-15   360
  4.978921e-01   6.378727e-14   3.552857e-04   4.913728e-15   456
  4.988592e-01   5.113362e-14   1.932065e-04   4.435980e-15   384
  5.000902e-01   3.402570e-14   1.783541e-04   2.950932e-15   348
  5.007554e-01   6.442908e-14   2.198754e-04   5.455286e-15   576
  5.020050e-01   4.423748e-14   1.810385e-04   3.598211e-15   504
  5.032833e-01   4.376718e-14   2.553443e-04   3.552570e-15   432
  5.043991e-01   4.574875e-14   3.473946e-04   3.044232e-15   576
  5.051948e-01   4.489285e-14   0.000000e+00   5.031520e-15   264
  5.064571e-01   4.299347e-14   2.764393e-04   2.364590e-15   768
  5.075549e-01   1.879600e-14   3.721752e-04   1.318508e-15   240
  5.084277e-01   4.889306e-14   3.282233e-04   5.438079e-15   192
  5.096990e-01   3.348452e-14   2.416124e-04   1.872764e-15   504
  5.106418e-01   5.699513e-14   3.255818e-04   4.437737e-15   590
  5.115460e-01   6.214066e-14   3.647966e-04   6.246019e-15   384
  5.126798e-01   4.317975e-14   3.048625e-04   3.340607e-15   504
  5.140486e-01   6.353328e-14   2.933830e-04   4.955694e-15   648
  5.153764e-01   4.011960e-14   7.967896e-05   3.378930e-15   504
  5.159117e-01   4.151201e-14   1.817627e-04   4.008107e-15   312
  5.168569e-01   6.568390e-14   2.618753e-04   5.404128e-15   576
  5.181545e-01   6.934107e-14   1.822405e-04   7.807907e-15   240
  5.189109e-01   3.424850e-14   1.841453e-04   2.146364e-15   552
  5.199816e-01   5.788782e-14   1.729082e-04   4.739801e-15   600
  5.215067e-01   3.937548e-14   2.111937e-04   2.881483e-15   600
  5.224237e-01   3.834658e-14   3.382099e-04   3.970797e-15   312
  5.233368e-01   4.935776e-14   2.945474e-04   3.867234e-15   480
  5.244775e-01   3.619104e-14   1.837693e-04   3.174175e-15   576
  5.254818e-01   4.889848e-14   2.959085e-04   4.814218e-15   408
  5.263729e-01   1.481695e-14   3.451909e-04   1.171790e-15   216
  5.275243e-01   3.260907e-14   2.643774e-04   2.280740e-15   516
  5.287578e-01   3.528347e-14   2.522429e-04   2.101633e-15   744
  5.300304e-01   4.125201e-14   1.684760e-04   2.897103e-15   462
  5.307494e-01   4.815606e-14   1.712315e-04   5.924298e-15   432
  5.318647e-01   5.463670e-14   1.588547e-04   4.538314e-15   648
  5.331761e-01   4.657290e-14   2.324340e-04   4.778298e-15   528
  5.342295e-01   4.174929e-14   2.799086e-04   3.164161e-15   600
  5.352820e-01   8.092344e-14   3.528915e-04   9.097253e-15   240
  5.363014e-01   4.281203e-14   2.703115e-04   3.329036e-15   720
  5.374863e-01   3.900928e-14   2.138653e-04   2.673393e-15   720
  5.387997e-01   1.425248e-14   0.000000e+00   1.552771e-15   144
  5.394909e-01   4.390397e-14   2.757364e-04   3.075957e-15   720
  5.404742e-01   4.638957e-14   1.653370e-04   4.083184e-15   384
  5.417051e-01   3.379641e-14   1.832848e-04   2.039651e-15   672
  5.428730e-01   4.790072e-14   3.209115e-04   4.193204e-15   336
  5.434308e-01   4.197497e-14   0.000000e+00   4.610307e-15   288
  5.447967e-01   3.638028e-14   2.539800e-04   2.816821e-15   776
  5.460612e-01   3.039657e-14   2.173184e-04   1.987320e-15   720
  5.471231e-01   2.471532e-14   1.750659e-04   1.866502e-15   432
  5.479725e-01   4.579679e-14   2.495786e-04   4.067685e-15   504
  5.489174e-01   3.441399e-14   1.748652e-04   2.449495e-15   528
  5.502396e-01   3.822948e-14   2.382437e-04   3.626628e-15   438
  5.513273e-01   4.509084e-14   2.772938e-04   4.666440e-15   624
  5.521470e-01   5.032376e-14   3.396475e-04   7.675812e-15   312
  5.532738e-01   4.734145e-14   1.829935e-04   3.071508e-15   696
  5.544390e-01   3.676699e-14   1.655760e-04   3.309450e-15   552
  5.556509e-01   4.352726e-14   1.281006e-04   4.300075e-15   516
  5.564006e-01   5.013175e-14   2.558713e-04   4.382457e-15   528
  5.573133e-01   1.483185e-14   1.664001e-04   7.044221e-16   528
  5.586097e-01   3.591780e-14   2.194479e-04   2.602184e-15   864
  5.594897e-01   3.180712e-14   3.005985e-04   2.938823e-15   408
  5.603706e-01   6.310746e-14   2.978186e-04   7.082076e-15   192
  5.616191e-01   2.713869e-14   2.464592e-04   2.121042e-15   720
  5.626731e-01   3.381660e-14   2.272475e-04   2.724097e-15   696
  5.639255e-01   3.157133e-14   2.454294e-04   2.109265e-15   720
  5.650713e-01   3.073664e-14   3.326501e-04   2.359957e-15   432
  5.657395e-01   1.942668e-14   1.958109e-04   1.832686e-15   264
  5.669418e-01   2.709739e-14   2.704061e-04   1.577171e-15   672
  5.680171e-01   2.838995e-14   2.768544e-04   1.915024e-15   600
  5.692933e-01   1.574176e-14   1.620980e-04   2.017015e-15   270
  5.699366e-01   3.583804e-14   2.440026e-04   3.625744e-15   528
  5.709591e-01   3.775284e-14   1.670843e-04   3.297692e-15   840
  5.723613e-01   4.694961e-14   3.194952e-04   3.451105e-15   888
  5.736568e-01   2.761821e-14   2.380474e-04   2.367101e-15   744
  5.747517e-01   3.153488e-14   1.223216e-04   2.997662e-15   456
  5.752963e-01   5.718252e-14   1.671601e-04   5.197043e-15   360
  5.762282e-01   3.406811e-14   1.448348e-04   5.255555e-15   384
  5.776580e-01   2.712756e-14   2.323137e-04   1.779608e-15   816
  5.787308e-01   3.217490e-14   3.370546e-04   2.245814e-15   824
  5.800348e-01   2.730060e-14   1.566791e-04   3.328743e-15   360
  5.807331e-01   2.787333e-14   2.311994e-04   1.941214e-15   624
  5.816941e-01   3.657404e-14   1.562320e-04   4.517112e-15   360
  5.829744e-01   2.690923e-14   2.125215e-04   2.198300e-15   876
  5.841306e-01   2.252557e-14   2.524119e-04   1.667738e-15   696
  5.852967e-01   1.875592e-14   1.629911e-04   1.560584e-15   336
  5.859080e-01   3.530089e-14   1.628079e-04   3.355867e-15   504
  5.869176e-01   2.457581e-14   1.642187e-04   2.198237e-15   672
  5.884155e-01   1.796042e-14   3.269213e-04   1.157476e-15   720
  5.894543e-01   3.293893e-14   2.469541e-04   2.814328e-15   774
  5.906010e-01   5.685657e-14   1.413501e-04   7.195011e-15   384
  5.912015e-01   4.151090e-14   2.720183e-04   4.174311e-15   528
  5.921335e-01   3.596426e-14   2.592486e-04   2.923238e-15   744
  5.936327e-01   3.660597e-14   2.138251e-04   2.820906e-15   768
  5.946281e-01   3.670875e-14   2.400348e-04   3.992679e-15   552
  5.958700e-01   2.481819e-14   2.616108e-04   1.968012e-15   696
  5.967938e-01   3.841642e-14   3.179026e-04   4.241555e-15   408
  5.975272e-01   3.536745e-14   1.373364e-04   3.654624e-15   504
  5.986899e-01   2.606896e-14   2.467198e-04   1.983168e-15   888
  5.998339e-01   2.499391e-14   2.564132e-04   2.236982e-15   648
  6.010230e-01   2.508170e-14   2.542153e-04   2.235345e-15   648
  6.021418e-01   2.752363e-14   2.741064e-04   2.298095e-15   792
  6.033268e-01   1.968954e-14   4.010364e-04   1.616522e-15   600
  6.042000e-01   1.329571e-14   2.717856e-04   9.232854e-16   456
  6.051191e-01   2.287680e-14   1.324567e-04   1.840442e-15   648
  6.062996e-01   1.758357e-14   2.583099e-04   1.237655e-15   936
  6.075741e-01   2.608232e-14   1.586356e-04   2.150588e-15   384
  6.086836e-01   1.615006e-14   0.000000e+00   2.102836e-15   198
  6.095398e-01   1.311850e-14   4.024720e-04   7.361397e-16   1224
  6.104634e-01   1.830019e-14   2.931235e-04   1.436429e-15   420
  6.115558e-01   1.643949e-14   2.836822e-04   1.286690e-15   792
  6.126238e-01   1.396496e-14   2.345810e-04   9.919777e-16   680
  6.138428e-01   1.229945e-14   2.154033e-04   1.106086e-15   600
  6.148235e-01   1.186835e-14   3.123938e-04   7.847773e-16   840
  6.161330e-01   1.319560e-14   1.474979e-04   9.396280e-16   432
  6.166334e-01   1.576326e-14   1.382250e-04   1.056464e-15   720
  6.177213e-01   1.130960e-14   2.768404e-04   6.593777e-16   960
  6.190745e-01   1.185882e-14   2.467829e-04   1.155006e-15   528
  6.200634e-01   1.374311e-14   2.522592e-04   1.035096e-15   624
  6.212404e-01   1.389691e-14   1.982740e-04   8.372148e-16   816
  6.224086e-01   1.201249e-14   3.260658e-04   7.636857e-16   696
  6.236996e-01   8.185763e-15   1.798266e-08   7.618866e-16   240
  6.241851e-01   1.326956e-14   1.922888e-04   9.798026e-16   672
  6.252686e-01   1.253768e-14   3.436476e-04   8.694075e-16   864
  6.264840e-01   8.195195e-15   2.636938e-04   5.082206e-16   816
  6.275795e-01   9.418896e-15   1.509292e-04   6.950011e-16   648
  6.287594e-01   1.441260e-14   1.542771e-04   9.849916e-16   843
  6.297611e-01   1.142082e-14   2.775825e-04   8.530313e-16   780
  6.309548e-01   1.234515e-14   1.489456e-04   2.442414e-15   216
  6.316911e-01   1.045874e-14   3.591661e-04   5.979420e-16   1056
  6.328235e-01   7.514740e-15   2.938382e-04   8.337043e-16   228
  6.338720e-01   1.506926e-14   3.658358e-04   1.042850e-15   924
  6.349484e-01   1.018787e-14   1.357046e-04   5.772799e-16   696
  6.360882e-01   1.069133e-14   2.415153e-04   7.009527e-16   996
  6.372543e-01   7.088953e-15   1.425858e-04   6.282730e-16   576
  6.384675e-01   1.212348e-14   2.200718e-04   1.295462e-15   552
  6.393519e-01   1.275212e-14   2.627580e-04   1.224518e-15   516
  6.402494e-01   1.137892e-14   3.821047e-04   8.319892e-16   744
  6.412749e-01   5.850782e-15   1.874451e-04   4.195734e-16   576
  6.421669e-01   8.204240e-15   1.929285e-04   5.250282e-16   792
  6.434346e-01   8.272461e-15   2.205530e-04   6.338157e-16   792
  6.443636e-01   8.920049e-15   2.378641e-04   6.876574e-16   720
  6.456200e-01   8.782214e-15   2.711104e-04   6.327586e-16   656
  6.467974e-01   8.326489e-15   2.960385e-04   5.549219e-16   816
  6.480043e-01   8.987326e-15   1.596190e-04   8.348426e-16   492
  6.486903e-01   9.063425e-15   2.296231e-04   6.935471e-16   552
  6.499778e-01   5.789128e-15   3.992867e-04   4.078424e-16   780
  6.508139e-01   6.503181e-15   2.452771e-04   4.331860e-16   528
  6.517148e-01   5.459610e-15   2.863130e-04   4.445156e-16   600
  6.530425e-01   7.941507e-15   2.379487e-04   4.175196e-16   900
  6.539577e-01   6.811866e-15   1.317325e-04   4.633794e-16   696
  6.552168e-01   7.338770e-15   3.330907e-04   5.232986e-16   696
  6.564349e-01   4.804824e-15   1.351317e-04   2.856082e-16   552
  6.574592e-01   5.265324e-15   1.571457e-04   3.867461e-16   708
  6.585322e-01   5.678430e-15   2.594565e-04   3.233317e-16   876
  6.596487e-01   7.384637e-15   1.377663e-04   1.159570e-15   216
  6.603980e-01   6.801827e-15   3.768094e-04   3.266446e-16   1032
  6.615201e-01   5.120659e-15   4.195357e-04   4.378087e-16   600
  6.626848e-01   4.177757e-15   2.001869e-04   3.272053e-16   600
  6.635732e-01   5.380150e-15   3.535112e-04   3.369448e-16   528
  6.646233e-01   5.643725e-15   1.940622e-04   4.170048e-16   732
  6.657296e-01   7.113503e-15   1.432973e-04   6.761528e-16   336
  6.670031e-01   4.385246e-15   2.042271e-04   2.711895e-16   912
  6.679548e-01   3.469788e-15   2.049821e-04   1.706219e-16   624
  6.689946e-01   4.465606e-15   1.727341e-04   2.671825e-16   768
  6.702082e-01   4.473756e-15   3.116463e-04   2.207499e-16   792
  6.713995e-01   4.937955e-15   1.545014e-04   2.848539e-16   660
  6.722471e-01   4.589568e-15   2.276826e-04   3.807586e-16   504
  6.731238e-01   3.668341e-15   3.719898e-04   2.506865e-16   480
  6.744376e-01   3.378929e-15   3.440421e-04   1.815063e-16   912
  6.754664e-01   5.053570e-15   3.831443e-04   4.055778e-16   432
  6.764380e-01   4.035425e-15   2.275021e-04   2.523779e-16   564
  6.773006e-01   3.929208e-15   2.177508e-04   2.155432e-16   600
  6.785149e-01   4.679399e-15   3.035240e-04   2.636470e-16   876
  6.794272e-01   5.011964e-15   1.364735e-04   4.989281e-16   264
  6.806846e-01   2.991788e-15   2.648123e-04   2.176182e-16   560
  6.816953e-01   4.177077e-15   1.799457e-04   2.518389e-16   840
  6.829222e-01   2.949720e-15   2.774244e-04   1.354921e-16   1008
  6.840568e-01   2.653237e-15   1.241010e-04   1.460179e-16   456
  6.850930e-01   3.214495e-15   1.607553e-04   1.725023e-16   576
  6.860509e-01   3.420521e-15   2.470177e-04   2.045119e-16   612
  6.873140e-01   3.324874e-15   2.206269e-04   1.834207e-16   780
  6.883444e-01   3.557657e-15   2.528284e-04   1.914972e-16   648
  6.893992e-01   2.765025e-15   1.178213e-04   2.168163e-16   312
  6.900734e-01   2.990427e-15   2.993645e-04   1.794596e-16   528
  6.912414e-01   2.601725e-15   3.909551e-04   1.151915e-16   720
  6.923583e-01   2.849406e-15   3.921794e-04   1.874142e-16   576
  6.937124e-01   3.247871e-15   3.383053e-04   2.772965e-16   444
  6.945549e-01   3.410940e-15   3.317685e-04   1.610266e-16   996
  6.955874e-01   2.343182e-15   2.771265e-04   1.496188e-16   432
  6.965633e-01   3.420535e-15   3.033990e-04   1.968335e-16   504
  6.974062e-01   2.141418e-15   1.367883e-04   1.300008e-16   504
  6.986065e-01   3.081746e-15   2.692009e-04   1.369960e-16   876
  6.996926e-01   2.515451e-15   3.098246e-04   1.832291e-16   504
  7.008236e-01   2.232270e-15   1.975899e-04   1.108265e-16   696
  7.017583e-01   2.403908e-15   1.689187e-04   1.385298e-16   492
  7.030300e-01   2.630680e-15   2.418152e-04   1.826911e-16   432
  7.039719e-01   2.779590e-15   2.264335e-04   1.437282e-16   768
  7.050885e-01   2.236120e-15   2.820533e-04   1.233908e-16   648
  7.061547e-01   2.504031e-15   1.840095e-04   1.792323e-16   456
  7.073798e-01   2.459672e-15   2.530430e-04   1.392484e-16   552
  7.082306e-01   2.169818e-15   1.734358e-04   1.211772e-16   648
  7.094016e-01   1.799305e-15   2.826907e-04   7.923419e-17   840
  7.105454e-01   2.393252e-15   1.348092e-04   1.254835e-16   432
  7.116906e-01   2.210496e-15   1.651183e-04   1.206905e-16   600
  7.124870e-01   2.267877e-15   1.759227e-04   1.287110e-16   432
  7.138248e-01   2.205289e-15   1.751482e-04   1.187438e-16   560
  7.147308e-01   1.856476e-15   2.772412e-04   7.349917e-17   840
  7.158652e-01   2.171116e-15   1.642140e-04   1.220253e-16   504
  7.167662e-01   2.031519e-15   3.351509e-04   1.015101e-16   696
  7.180362e-01   2.296710e-15   1.830475e-04   1.606983e-16   384
  7.190254e-01   1.667786e-15   2.681431e-04   8.160483e-17   576
  7.202219e-01   1.680628e-15   1.654845e-04   9.247072e-17   360
  7.211864e-01   2.040174e-15   2.464465e-04   9.742281e-17   828
  7.222268e-01   1.826809e-15   2.195064e-04   1.284177e-16   372
  7.231800e-01   1.751423e-15   3.352284e-04   8.025710e-17   576
  7.244428e-01   1.945037e-15   1.403933e-04   8.774799e-17   636
  7.253425e-01   1.839460e-15   2.706420e-04   9.282303e-17   648
  7.265596e-01   1.538796e-15   2.200024e-04   8.249853e-17   576
  7.274333e-01   1.845025e-15   3.548870e-04   1.073055e-16   528
  7.285953e-01   1.956598e-15   1.517289e-04   1.353016e-16   360
  7.295571e-01   1.381748e-15   3.490332e-04   5.725596e-17   672
  7.308130e-01   1.792617e-15   1.787806e-04   8.297818e-17   804
  7.318582e-01   1.559704e-15   1.972163e-04   8.542641e-17   408
  7.330145e-01   1.754540e-15   1.219011e-04   1.133292e-16   384
  7.337931e-01   1.391193e-15   2.789567e-04   8.712996e-17   480
  7.348913e-01   1.716302e-15   1.802469e-04   1.301629e-16   432
  7.359446e-01   1.995588e-15   3.321566e-04   8.902542e-17   648
  7.371913e-01   1.506499e-15   2.061016e-04   6.498867e-17   624
  7.381033e-01   1.295307e-15   1.874668e-04   7.440230e-17   456
  7.393486e-01   1.491544e-15   2.560963e-04   6.904976e-17   588
  7.401831e-01   1.330911e-15   1.633884e-04   6.285379e-17   600
  7.414016e-01   1.529995e-15   2.548458e-04   8.144950e-17   708
  7.423640e-01   1.459184e-15   1.605479e-04   1.014944e-16   360
  7.434275e-01   1.461033e-15   1.845541e-04   7.514504e-17   552
  7.444470e-01   1.142029e-15   1.294691e-04   9.645779e-17   288
  7.454820e-01   1.181874e-15   2.434372e-04   6.343094e-17   528
  7.464545e-01   1.733988e-15   1.642340e-04   8.392431e-17   456
  7.475410e-01   1.616759e-15   2.912225e-04   9.751002e-17   608
  7.486338e-01   1.238152e-15   1.408967e-04   6.591875e-17   504
  7.498278e-01   1.076553e-15   3.024972e-04   6.329379e-17   540
  7.507642e-01   1.350761e-15   3.247222e-04   7.663589e-17   360
  7.517735e-01   1.398720e-15   1.470509e-04   7.023806e-17   540
  7.526661e-01   1.230034e-15   1.262606e-04   6.347932e-17   576
  7.539642e-01   1.422321e-15   2.927555e-04   6.967407e-17   588
  7.551985e-01   1.141651e-15   4.039143e-04   5.131567e-17   672
  7.562588e-01   1.423037e-15   3.087151e-04   7.042515e-17   552
  7.571135e-01   8.752383e-16   3.088712e-04   8.923023e-17   144
  7.582042e-01   1.493159e-15   2.624178e-04   7.619583e-17   600
  7.592383e-01   8.938028e-16   3.288668e-04   4.613246e-17   504
  7.603860e-01   1.218949e-15   3.378126e-04   7.941459e-17   336
  7.615932e-01   1.126438e-15   3.797028e-04   5.386450e-17   600
  7.626744e-01   9.956944e-16   2.450478e-04   4.569400e-17   636
  7.638413e-01   1.058635e-15   1.970206e-04   6.128211e-17   384
  7.646595e-01   1.278560e-15   2.748205e-04   6.783279e-17   504
  7.658387e-01   9.480780e-16   1.153383e-04   9.420325e-17   240
  7.667694e-01   1.107356e-15   2.709461e-04   4.832765e-17   744
  7.678860e-01   9.479366e-16   1.850150e-04   4.828728e-17   648
  7.688783e-01   1.896605e-15   1.228185e-04   1.826119e-16   120
  7.700414e-01   1.094617e-15   1.929319e-04   5.182292e-17   564
  7.709202e-01   1.092763e-15   3.030111e-04   5.684851e-17   432
  7.720932e-01   1.011691e-15   2.351965e-04   5.766677e-17   480
  7.729764e-01   7.568524e-16   1.731106e-04   4.112710e-17   456
  7.740189e-01   1.002182e-15   2.864725e-04   5.070428e-17   444
  7.752020e-01   8.513711e-16   4.383180e-04   4.549450e-17   528
  7.762412e-01   9.713492e-16   3.255297e-04   7.874965e-17   264
  7.772498e-01   9.671067e-16   3.336195e-04   5.468105e-17   444
  7.786065e-01   1.032467e-15   3.654311e-04   4.063932e-17   696
  7.797327e-01   1.271079e-15   1.954448e-04   8.442413e-17   384
  7.805563e-01   8.150181e-16   2.469609e-04   4.807943e-17   432
  7.818373e-01   8.246045e-16   1.706384e-04   4.310542e-17   488
  7.826690e-01   1.000396e-15   2.571733e-04   5.797904e-17   480
  7.838749e-01   8.754323e-16   2.868014e-04   5.399668e-17   480
  7.848089e-01   7.401861e-16   1.203331e-04   4.620243e-17   240
  7.858692e-01   8.943758e-16   2.810886e-04   4.814834e-17   600
  7.868694e-01   6.348843e-16   2.449399e-04   3.809238e-17   288
  7.879343e-01   9.137955e-16   2.356143e-04   4.722551e-17   480
  7.890129e-01   6.623333e-16   4.191157e-04   3.487263e-17   504
  7.900748e-01   9.018411e-16   1.798267e-04   7.623194e-17   216
  7.914291e-01   9.521275e-16   2.944050e-04   5.590549e-17   504
  7.924838e-01   8.563390e-16   2.367912e-04   5.304196e-17   456
  7.936384e-01   1.052590e-15   1.358038e-04   7.443639e-17   384
  7.944031e-01   1.029170e-15   2.756326e-04   6.358272e-17   480
  7.954897e-01   7.556474e-16   2.420363e-04   4.438809e-17   504
  7.964966e-01   7.789159e-16   1.535327e-04   4.986283e-17   312
  7.975815e-01   9.299864e-16   2.474127e-04   5.102986e-17   492
  7.985417e-01   1.001059e-15   2.318919e-04   6.280688e-17   312
  7.997779e-01   7.890331e-16   3.766899e-04   4.244623e-17   576
  8.008661e-01   8.234666e-16   3.477153e-04   5.357065e-17   336
  8.017699e-01   4.578968e-16   2.677247e-04   3.438533e-17   240
  8.030228e-01   7.930442e-16   3.549351e-04   4.275421e-17   468
  8.041047e-01   6.572431e-16   2.222407e-04   5.134994e-17   192
  8.052370e-01   7.230840e-16   2.229031e-04   5.611957e-17   324
  8.060669e-01   7.564591e-16   1.617794e-04   3.897462e-17   600
  8.071978e-01   7.608782e-16   2.624704e-04   4.350098e-17   456
  8.080377e-01   7.235855e-16   1.180592e-04   5.268961e-17   336
  8.094297e-01   7.901490e-16   3.535027e-04   3.866811e-17   612
  8.104424e-01   5.791346e-16   2.966749e-04   7.759023e-17   144
  8.114002e-01   7.227864e-16   3.462957e-04   3.687958e-17   552
  8.127025e-01   5.423674e-16   1.363755e-04   4.009097e-17   264
  8.134384e-01   8.459711e-16   3.157441e-04   5.759671e-17   336
  8.145992e-01   6.244801e-16   2.086329e-04   3.770216e-17   384
  8.156059e-01   7.284649e-16   1.174397e-04   5.784659e-17   216
  8.167203e-01   4.850063e-16   2.489964e-04   3.134717e-17   344
  8.177364e-01   6.004366e-16   3.715143e-04   3.821508e-17   408
  8.189746e-01   6.415509e-16   2.854845e-04   4.926594e-17   264
  8.200718e-01   7.329612e-16   3.979796e-04   4.064093e-17   612
  8.211681e-01   8.710208e-16   2.048307e-04   4.662738e-17   408
  8.222956e-01   6.516597e-16   2.051251e-04   4.091895e-17   444
  8.231239e-01   1.224188e-15   1.147249e-04   1.269169e-16   120
  8.242338e-01   6.753447e-16   3.169640e-04   4.340538e-17   336
  8.250576e-01   5.429709e-16   1.101437e-04   4.607688e-17   288
  8.261708e-01   6.166330e-16   3.427692e-04   3.012604e-17   552
  8.277012e-01   6.318491e-16   0.000000e+00   1.843421e-16   72
  8.284882e-01   5.718365e-16   3.404572e-04   2.801505e-17   504
  8.294074e-01   4.421383e-16   1.095558e-04   4.129178e-17   216
  8.305983e-01   5.993367e-16   1.956043e-04   4.794347e-17   312
  8.316675e-01   4.891448e-16   2.227263e-04   3.480658e-17   336
  8.326865e-01   4.459430e-16   3.087236e-04   3.437552e-17   204
  8.337014e-01   7.157735e-16   3.587838e-04   4.964904e-17   504
  8.347777e-01   7.854164e-16   3.416652e-04   4.798934e-17   396
  8.358127e-01   6.337838e-16   3.133249e-04   3.864571e-17   312
  8.370674e-01   9.480359e-16   1.914750e-04   8.103052e-17   216
  8.379516e-01   4.500732e-16   1.039172e-04   3.977441e-17   168
  8.390260e-01   5.749453e-16   2.623966e-04   3.550187e-17   588
  8.402521e-01   4.105003e-16   3.561727e-04   3.416105e-17   240
  8.412047e-01   4.943481e-16   3.145601e-04   5.644040e-17   264
  8.423219e-01   5.185505e-16   3.890183e-04   4.171487e-17   288
  8.433131e-01   4.810098e-16   1.942596e-04   3.875269e-17   288
  8.445693e-01   5.862373e-16   1.824406e-04   4.523009e-17   288
  8.454153e-01   4.614845e-16   2.113423e-04   3.388674e-17   192
  8.464795e-01   3.481127e-16   2.248894e-04   2.460045e-17   264
  8.474933e-01   8.036739e-16   3.699119e-04   6.185241e-17   372
  8.485844e-01   7.500379e-16   3.995208e-04   5.407191e-17   360
  8.499161e-01   5.193053e-16   1.690810e-04   4.843835e-17   144
  8.506044e-01   4.542884e-16   2.348461e-04   4.457669e-17   296
  8.516909e-01   4.240102e-16   2.530345e-04   2.885021e-17   288
  8.529347e-01   4.389038e-16   3.781537e-04   3.425614e-17   480
  8.540076e-01   4.128368e-16   3.142096e-04   4.274194e-17   192
  8.550509e-01   4.429903e-16   3.370327e-04   3.471824e-17   192
  8.559992e-01   4.248741e-16   2.147949e-04   2.969607e-17   288
  8.573180e-01   3.228709e-16   1.869760e-04   2.866330e-17   108
  8.579823e-01   5.435886e-16   1.797545e-04   4.250426e-17   240
  8.591554e-01   3.485041e-16   3.353363e-04   2.069960e-17   384
  8.603605e-01   6.762498e-16   4.090722e-04   6.981796e-17   108
  8.614261e-01   6.879702e-16   2.398466e-04   5.533540e-17   348
  8.625466e-01   5.215638e-16   2.503134e-04   4.880153e-17   312
  8.635474e-01   4.242716e-16   2.432319e-04   7.065118e-17   96
  8.644677e-01   4.974344e-16   3.238194e-04   3.587143e-17   384
  8.654984e-01   5.454192e-16   2.227222e-04   6.655533e-17   144
  8.665066e-01   5.092790e-16   3.422225e-04   3.591070e-17   408
  8.677598e-01   2.665207e-16   1.526554e-04   2.023295e-17   144
  8.689437e-01   5.053415e-16   2.934816e-04   6.061028e-17   192
  8.696459e-01   4.716533e-16   3.303190e-04   4.328653e-17   144
  8.707904e-01   2.740465e-16   2.685615e-04   2.180403e-17   144
  8.718702e-01   4.098307e-16   3.282257e-04   2.638650e-17   336
  8.731927e-01   2.806031e-16   2.428454e-04   1.899096e-17   240
  8.740312e-01   3.156030e-16   1.102739e-04   4.699666e-17   96
  8.752007e-01   5.458164e-16   3.233803e-04   5.026430e-17   372
  8.763838e-01   4.317247e-16   3.846540e-04   6.534103e-17   132
  8.774230e-01   2.601313e-16   2.380193e-04   1.682452e-17   264
  8.783527e-01   5.241877e-16   1.827880e-04   5.539748e-17   168
  8.793449e-01   4.219674e-16   2.922429e-04   3.593339e-17   216
  8.802213e-01   3.872013e-16   1.787978e-04   5.047247e-17   216
  8.814979e-01   1.776364e-16   3.280196e-04   1.915012e-17   96
  8.826561e-01   5.093233e-16   2.140028e-04   6.663842e-17   120
  8.837183e-01   3.539747e-16   2.720578e-04   2.715040e-17   216
  8.845934e-01   2.550080e-16   1.188902e-04   1.719872e-17   200
  8.857519e-01   3.819692e-16   3.077557e-04   3.821122e-17   288
  8.872378e-01   1.820248e-16   8.097649e-05   1.470171e-17   144
  8.878635e-01   2.308219e-16   2.519939e-04   1.735597e-17   168
  8.891412e-01   3.427867e-16   2.835956e-04   3.490342e-17   159
  8.901386e-01   2.748380e-16   2.975600e-04   2.596234e-17   174
  8.911039e-01   3.152750e-16   2.698170e-04   3.072332e-17   144
  8.923678e-01   3.515271e-16   1.557998e-04   3.683374e-17   222
  8.932131e-01   2.623717e-16   1.572158e-04   2.065894e-17   168
  8.946732e-01   4.474716e-16   3.448346e-04   7.765904e-17   30
  8.952763e-01   1.801673e-16   3.044637e-04   2.105890e-17   72
  8.964123e-01   3.136684e-16   2.717302e-04   3.041742e-17   258
  8.976612e-01   2.903150e-16   1.701916e-04   2.047727e-17   264
  8.982857e-01   3.036660e-16   1.835347e-08   4.790761e-17   72
  8.995871e-01   1.723967e-16   3.373270e-04   1.382572e-17   174
  9.007654e-01   2.488812e-16   3.591909e-04   2.237465e-17   168
  9.017127e-01   1.405845e-16   1.123916e-08   1.660596e-17   48
  9.027297e-01   2.134919e-16   2.028435e-04   2.017387e-17   150
  9.039088e-01   3.128250e-16   3.731453e-04   2.642987e-17   168
  9.050911e-01   2.140958e-16   2.273028e-04   1.837115e-17   144
  9.061784e-01   3.511846e-16   2.123525e-04   4.484497e-17   102
  9.069882e-01   1.924213e-16   3.143182e-04   1.657725e-17   96
  9.082731e-01   1.542355e-16   3.119397e-04   1.253158e-17   120
  9.092246e-01   1.382063e-16   3.345635e-04   1.288341e-17   168
  9.102538e-01   2.897524e-16   2.470487e-04   2.618101e-17   126
  9.111308e-01   2.475732e-16   1.863241e-04   3.172278e-17   168
  9.123389e-01   1.758195e-16   2.987709e-04   2.846860e-17   72
  9.133947e-01   1.652535e-16   3.741278e-04   1.326160e-17   168
  9.143196e-01   2.028602e-16   1.025668e-04   3.265648e-17   78
  9.155870e-01   2.203056e-16   1.684070e-04   2.489981e-17   60
  9.166075e-01   3.319409e-16   2.731835e-04   3.707179e-17   96
  9.176659e-01   2.063259e-16   3.314854e-04   1.891649e-17   168
  9.186605e-01   1.794363e-16   2.097511e-04   1.644319e-17   86
  9.197042e-01   1.438392e-16   1.874678e-04   1.068209e-17   120
  9.212002e-01   1.402385e-16   1.336894e-04   9.284593e-18   168
  9.220069e-01   1.155233e-16   0.000000e+00   1.414461e-17   48
  9.230934e-01   2.186771e-16   2.435676e-04   2.748937e-17   120
  9.237177e-01   1.726706e-16   1.776924e-04   1.664867e-17   126
  9.252418e-01   2.011520e-16   3.125113e-04   2.069137e-17   96
  9.262310e-01   1.952138e-16   9.011285e-05   1.764306e-17   96
  9.270111e-01   1.722453e-16   1.059638e-08   1.975553e-17   72
  9.286731e-01   1.781466e-16   1.123916e-08   3.923716e-17   24
  9.297104e-01   2.236119e-16   1.854501e-04   2.190214e-17   120
  9.305196e-01   1.927770e-16   2.705147e-04   2.465634e-17   126
  9.314194e-01   1.457184e-16   2.255107e-04   1.672194e-17   96
  9.324708e-01   1.039559e-16   3.897482e-04   1.154690e-17   72
  9.336415e-01   1.809413e-16   1.685792e-04   1.293156e-17   144
  9.346046e-01   1.926780e-16   9.723254e-05   2.258205e-17   72
  9.355666e-01   1.882444e-16   1.942081e-04   3.266316e-17   54
  9.364132e-01   1.928662e-16   1.711436e-04   2.068209e-17   108
  9.381728e-01   1.526560e-16   1.677650e-04   1.988749e-17   72
  9.387206e-01   2.282451e-16   9.680617e-05   2.165617e-17   72
  9.400202e-01   1.401615e-16   1.946680e-08   2.498525e-17   24
  9.412498e-01   1.232699e-16   2.047976e-04   1.523899e-17   48
  9.419964e-01   1.539156e-16   1.560029e-04   1.613735e-17   102
  9.431203e-01   1.411158e-16   3.528137e-04   1.278253e-17   168
  9.445889e-01   1.202987e-16   1.924163e-04   1.151171e-17   72
  9.451330e-01   1.684453e-16   0.000000e+00   2.364145e-17   48
  9.462744e-01   1.760918e-16   3.309678e-04   1.751437e-17   120
  9.477807e-01   1.555694e-16   2.033864e-04   1.468864e-17   96
  9.492033e-01   2.055468e-16   1.798266e-08   3.943157e-17   30
  9.508942e-01   2.038577e-16   9.555995e-05   2.413435e-17   72
  9.516372e-01   1.546377e-16   1.123916e-08   3.280020e-17   24
  9.525916e-01   9.965388e-17   1.416435e-04   1.382506e-17   56
  9.536606e-01   9.096349e-17   2.021324e-04   7.481820e-18   96
  9.549399e-01   1.395906e-16   2.232036e-04   9.910394e-18   144
  9.559263e-01   1.521863e-16   1.267263e-04   1.975574e-17   54
  9.573592e-01   1.212975e-16   1.898493e-04   1.072373e-17   108
  9.588012e-01   2.210554e-16   1.005243e-04   2.701856e-17   48
  9.601739e-01   1.549537e-16   3.785063e-04   1.750729e-17   72
  9.634680e-01   1.360533e-16   2.500803e-04   1.197821e-17   78
  9.643808e-01   1.151536e-16   1.884669e-04   1.701666e-17   72
  9.654462e-01   9.647649e-17   1.882329e-04   1.135329e-17   72
  9.665603e-01   1.502019e-16   4.542266e-04   1.459105e-17   96
  9.674408e-01   1.685980e-16   1.878449e-04   1.531879e-17   72
  9.685029e-01   1.059514e-16   0.000000e+00   1.898161e-17   24
  9.695638e-01   1.528597e-16   3.748416e-04   1.518928e-17   72
  9.719599e-01   2.320324e-16   2.380359e-04   3.569381e-17   30
  9.724755e-01   1.265727e-16   0.000000e+00   1.976381e-17   24
  9.752466e-01   8.860340e-17   1.976584e-04   9.791868e-18   48
  9.761159e-01   1.167521e-16   4.253608e-04   9.179308e-18   120
  9.772870e-01   1.137058e-16   1.859776e-04   1.324796e-17   72
  9.784697e-01   9.630580e-17   1.857528e-04   1.416280e-17   36
  9.792826e-01   1.352001e-16   3.671339e-04   1.670803e-17   78
  9.815513e-01   1.307954e-16   1.963888e-04   1.704394e-17   48
  9.844928e-01   8.149082e-17   1.589457e-08   1.546197e-17   24
  9.865884e-01   1.206641e-16   1.367612e-04   1.516961e-17   56
  9.876436e-01   1.152016e-16   2.104496e-04   8.646747e-18   102
  9.889860e-01   1.413383e-16   1.498555e-08   1.560806e-17   72
  9.897653e-01   1.394741e-16   1.123916e-08   2.690920e-17   24
  9.911277e-01   1.068033e-16   1.944913e-04   1.118552e-17   48
  9.936528e-01   1.177378e-16   0.000000e+00   2.000927e-17   24
  9.967520e-01   9.796467e-17   0.000000e+00   2.017416e-17   6
  9.977185e-01   9.513989e-17   0.000000e+00   1.382798e-17   24
  9.983623e-01   1.027476e-16   1.820511e-04   9.804530e-18   72
  9.995384e-01   8.445405e-17   3.396336e-04   1.387418e-17   84
  1.000805e+00   1.433559e-16   0.000000e+00   3.191055e-17   24
  1.001190e+00   1.515112e-16   1.589457e-08   2.729100e-17   24
  1.003114e+00   1.111436e-16   1.946680e-08   1.430888e-17   24
  1.005800e+00   8.537387e-17   0.000000e+00   2.501325e-17   6
  1.009244e+00   1.006199e-16   1.910001e-04   1.857186e-17   48
  1.010072e+00   1.301316e-16   3.598129e-04   1.592522e-17   72
  1.011152e+00   1.073588e-16   1.906396e-04   1.879157e-17   48
  1.012867e+00   1.591584e-16   0.000000e+00   2.386660e-17   24
  1.015148e+00   5.307673e-17   0.000000e+00   2.552457e-17   6
  1.020262e+00   6.708649e-17   0.000000e+00   1.501675e-17   8
  1.020640e+00   9.750344e-17   1.123916e-08   1.527175e-17   48
  1.021546e+00   8.494500e-17   1.848806e-04   1.042041e-17   60
  1.022904e+00   1.402614e-16   0.000000e+00   2.394877e-17   24
  1.024787e+00   2.798902e-16   0.000000e+00   1.068308e-16   6
  1.031723e+00   9.033330e-17   0.000000e+00   1.331804e-17   24
  1.032283e+00   9.917582e-17   1.867372e-04   2.490065e-17   48
  1.033217e+00   1.702661e-16   0.000000e+00   3.894556e-17   24
  1.034708e+00   7.427631e-17   0.000000e+00   3.409458e-17   6
  1.043181e+00   5.498938e-17   1.742080e-04   7.607476e-18   36
  1.043797e+00   1.222047e-16   0.000000e+00   1.870513e-17   24
  1.044904e+00   1.487518e-16   0.000000e+00   6.149274e-17   6
  1.054545e+00   1.073660e-16   1.583190e-04   1.628756e-17   32
  1.055367e+00   1.728774e-16   0.000000e+00   1.577295e-17   6
  1.065728e+00   7.748653e-17   0.000000e+00   1.088731e-17   12
  1.066089e+00   6.606961e-17   0.000000e+00   1.966596e-17   6
  1.077063e+00   1.112995e-16   0.000000e+00   2.346554e-17   6
