# power spectrum of delta
# redshift z=1.000000
# k              Pk             sigma(k)       sigma(Pk)      count
  2.094395e-02   2.844998e-03   1.873193e-10   1.153679e-03   6
  4.041873e-02   1.788017e-02   7.123136e-03   4.269003e-03   50
  6.490740e-02   6.178845e-02   7.704015e-03   5.122697e-03   146
  8.919218e-02   1.136683e-01   6.515352e-03   6.928830e-03   258
  1.152383e-01   1.570841e-01   7.588046e-03   7.316379e-03   488
  1.414449e-01   2.428007e-01   7.538441e-03   9.562725e-03   698
  1.659742e-01   2.838166e-01   7.050465e-03   9.716447e-03   906
  1.914641e-01   3.595435e-01   7.471609e-03   1.010571e-02   1334
  2.173330e-01   4.275417e-01   6.995022e-03   1.037897e-02   1610
  2.424567e-01   5.060154e-01   7.345390e-03   1.152477e-02   2024
  2.678993e-01   6.024393e-01   7.580509e-03   1.178580e-02   2538
  2.938190e-01   6.872763e-01   7.447628e-03   1.264473e-02   3074
  3.195712e-01   7.499786e-01   7.220239e-03   1.260110e-02   3530
  3.446864e-01   8.453896e-01   7.270973e-03   1.301463e-02   4056
  3.699787e-01   9.318661e-01   7.428541e-03   1.384831e-02   4814
  3.958636e-01   1.033008e+00   7.424289e-03   1.414870e-02   5570
  4.214096e-01   1.143350e+00   7.192216e-03   1.501747e-02   6090
  4.461528e-01   1.305040e+00   7.017327e-03   1.623472e-02   6674
  4.716496e-01   1.391800e+00   7.522617e-03   1.532900e-02   8000
  4.976255e-01   1.516713e+00   7.432317e-03   1.649296e-02   8690
  5.234355e-01   1.659234e+00   7.563486e-03   1.703821e-02   9762
  5.488848e-01   1.810085e+00   7.139761e-03   1.791745e-02   10262
  5.740202e-01   1.939666e+00   7.208672e-03   1.826029e-02   11384
  5.998726e-01   2.136021e+00   7.605282e-03   1.857988e-02   12978
  6.254488e-01   2.269964e+00   7.225996e-03   2.024073e-02   13322
  6.507142e-01   2.398697e+00   7.369919e-03   1.949037e-02   14858
  6.762540e-01   2.580356e+00   7.250774e-03   2.063100e-02   15858
  7.016736e-01   2.755485e+00   7.353014e-03   2.134283e-02   17120
  7.269255e-01   2.956260e+00   7.307103e-03   2.187060e-02   18206
  7.526206e-01   3.133929e+00   7.525550e-03   2.198447e-02   20282
  7.783742e-01   3.318771e+00   7.276293e-03   2.281750e-02   20946
  8.037396e-01   3.511347e+00   7.373172e-03   2.339626e-02   22514
  8.292023e-01   3.705486e+00   7.345694e-03   2.410673e-02   23936
  8.546745e-01   3.890623e+00   7.347089e-03   2.467439e-02   25458
  8.800992e-01   4.173014e+00   7.329232e-03   2.564040e-02   26882
  9.054925e-01   4.436335e+00   7.338127e-03   2.642263e-02   28514
  9.311790e-01   4.617927e+00   7.460228e-03   2.628205e-02   30740
  9.568777e-01   4.918688e+00   7.357333e-03   2.778224e-02   31866
  9.821952e-01   5.184298e+00   7.331624e-03   2.873076e-02   33314
  1.007650e+00   5.274750e+00   7.414657e-03   2.817428e-02   35666
  1.033253e+00   5.674952e+00   7.318024e-03   2.951092e-02   37242
  1.058762e+00   5.897389e+00   7.338439e-03   3.007595e-02   39008
  1.084162e+00   6.199519e+00   7.377341e-03   3.081240e-02   40874
  1.109663e+00   6.387145e+00   7.384274e-03   3.126678e-02   43134
  1.135231e+00   6.714659e+00   7.323407e-03   3.181640e-02   44906
  1.160648e+00   6.946809e+00   7.324475e-03   3.196564e-02   46688
  1.186063e+00   7.202713e+00   7.393303e-03   3.276292e-02   49106
  1.211638e+00   7.535016e+00   7.403029e-03   3.347995e-02   51498
  1.237270e+00   7.918279e+00   7.385683e-03   3.457754e-02   53570
  1.262712e+00   8.124809e+00   7.321723e-03   3.443645e-02   55226
  1.288093e+00   8.447092e+00   7.341969e-03   3.516768e-02   57708
  1.313634e+00   8.854168e+00   7.407574e-03   3.627974e-02   60530
  1.339301e+00   9.051062e+00   7.432212e-03   3.596672e-02   63050
  1.364534e+00   9.438835e+00   7.161349e-03   3.750524e-02   63138
  1.389920e+00   9.737569e+00   7.475118e-03   3.758659e-02   68594
  1.415805e+00   1.006516e+01   7.439430e-03   3.793028e-02   70664
  1.441273e+00   1.052370e+01   7.308630e-03   3.974319e-02   71594
  1.466675e+00   1.075786e+01   7.411357e-03   3.943978e-02   75438
  1.492191e+00   1.118353e+01   7.301996e-03   4.046638e-02   77258
  1.517767e+00   1.146644e+01   7.436078e-03   4.057190e-02   81128
  1.543221e+00   1.187947e+01   7.296345e-03   4.165547e-02   82098
  1.568696e+00   1.224062e+01   7.424693e-03   4.191600e-02   86690
  1.594426e+00   1.251997e+01   7.389266e-03   4.211912e-02   89306
  1.619960e+00   1.284012e+01   7.318410e-03   4.278825e-02   91074
  1.645323e+00   1.334236e+01   7.332853e-03   4.383347e-02   93908
  1.670710e+00   1.359950e+01   7.343977e-03   4.383682e-02   97106
  1.696187e+00   1.395267e+01   7.356873e-03   4.436599e-02   100370
  1.721752e+00   1.439341e+01   7.394531e-03   4.494604e-02   103914
  1.747332e+00   1.476663e+01   7.360597e-03   4.549297e-02   106616
  1.772874e+00   1.508977e+01   7.362187e-03   4.569197e-02   109850
  1.798406e+00   1.548164e+01   7.360683e-03   4.619425e-02   112842
  1.823780e+00   1.579863e+01   7.293039e-03   4.688373e-02   114914
  1.849190e+00   1.629919e+01   7.358923e-03   4.731751e-02   119582
  1.874776e+00   1.661423e+01   7.367534e-03   4.762644e-02   122888
  1.900308e+00   1.709586e+01   7.385270e-03   4.843463e-02   126090
  1.925820e+00   1.748346e+01   7.366580e-03   4.897648e-02   129482
  1.951341e+00   1.781676e+01   7.334265e-03   4.924842e-02   132818
  1.976809e+00   1.824160e+01   7.322888e-03   4.958287e-02   135810
  2.002209e+00   1.859540e+01   7.346060e-03   5.007355e-02   139304
  2.027792e+00   1.906171e+01   7.442133e-03   5.019571e-02   145022
  2.053380e+00   1.947100e+01   7.308775e-03   5.118795e-02   146370
  2.078794e+00   1.976278e+01   7.334480e-03   5.090764e-02   150338
  2.104269e+00   2.022029e+01   7.371946e-03   5.190678e-02   154544
  2.129794e+00   2.051564e+01   7.373878e-03   5.196684e-02   158546
  2.155453e+00   2.096478e+01   7.427055e-03   5.184238e-02   163602
  2.180972e+00   2.135513e+01   7.309285e-03   5.300819e-02   164642
  2.206370e+00   2.162813e+01   7.351997e-03   5.272404e-02   169790
  2.231837e+00   2.220315e+01   7.324438e-03   5.362729e-02   173136
  2.257387e+00   2.251590e+01   7.423329e-03   5.347343e-02   179090
  2.282912e+00   2.290348e+01   7.329232e-03   5.393890e-02   180890
  2.308457e+00   2.331279e+01   7.404053e-03   5.394637e-02   187434
  2.333949e+00   2.368263e+01   7.276406e-03   5.523229e-02   188000
  2.359383e+00   2.414429e+01   7.426870e-03   5.470399e-02   195338
  2.384874e+00   2.446305e+01   7.330167e-03   5.520267e-02   197246
  2.410353e+00   2.490196e+01   7.377053e-03   5.537060e-02   203394
  2.435901e+00   2.523488e+01   7.347720e-03   5.604732e-02   206834
  2.461361e+00   2.571154e+01   7.352103e-03   5.643491e-02   210728
  2.486883e+00   2.589800e+01   7.408456e-03   5.588117e-02   216930
  2.512465e+00   2.660392e+01   7.356142e-03   5.704838e-02   220226
  2.537932e+00   2.704072e+01   7.338615e-03   5.698479e-02   224018
  2.563367e+00   2.739925e+01   7.347478e-03   5.737372e-02   228644
  2.588906e+00   2.764708e+01   7.404034e-03   5.709233e-02   235098
  2.614571e+00   2.810378e+01   7.419460e-03   5.737628e-02   240098
  2.640032e+00   2.840108e+01   7.303768e-03   5.808965e-02   240794
  2.665399e+00   2.885562e+01   7.353580e-03   5.810107e-02   247626
  2.690948e+00   2.912592e+01   7.383215e-03   5.817389e-02   253472
  2.716502e+00   2.953508e+01   7.379669e-03   5.847420e-02   257594
  2.741989e+00   2.988656e+01   7.366069e-03   5.819223e-02   261954
  2.767506e+00   3.037700e+01   7.373825e-03   5.885592e-02   267830
  2.793068e+00   3.070819e+01   7.364123e-03   5.915570e-02   272474
  2.818538e+00   3.107075e+01   7.347491e-03   5.941136e-02   276008
  2.843958e+00   3.140429e+01   7.368971e-03   5.931941e-02   281754
  2.869505e+00   3.185610e+01   7.394802e-03   5.957112e-02   288578
  2.895121e+00   3.204130e+01   7.386730e-03   5.970662e-02   293450
  2.920590e+00   3.220092e+01   7.325223e-03   5.943608e-02   295680
  2.946058e+00   3.276511e+01   7.393210e-03   5.954103e-02   304022
  2.971618e+00   3.316156e+01   7.353750e-03   6.011643e-02   307994
  2.997119e+00   3.346232e+01   7.361330e-03   6.016032e-02   313338
  3.022499e+00   3.383539e+01   7.291353e-03   6.031921e-02   315722
  3.048006e+00   3.436029e+01   7.422779e-03   6.031477e-02   327056
  3.073649e+00   3.445738e+01   7.377998e-03   6.028527e-02   330098
  3.099149e+00   3.486853e+01   7.360021e-03   6.066936e-02   334650
  3.124623e+00   3.515891e+01   7.344466e-03   6.032083e-02   340238
  3.150029e+00   3.561757e+01   7.295384e-03   6.111762e-02   343616
  3.175592e+00   3.581724e+01   7.449711e-03   6.039830e-02   355986
  3.201196e+00   3.621720e+01   7.341603e-03   6.069116e-02   356162
  3.226615e+00   3.650646e+01   7.337068e-03   6.086178e-02   362354
  3.252120e+00   3.688342e+01   7.358113e-03   6.073007e-02   369474
  3.277642e+00   3.714230e+01   7.364375e-03   6.081522e-02   374696
  3.303139e+00   3.744424e+01   7.372139e-03   6.081796e-02   380774
  3.328682e+00   3.780686e+01   7.376858e-03   6.103862e-02   387530
  3.354217e+00   3.802524e+01   7.353481e-03   6.067182e-02   392346
  3.379688e+00   3.850770e+01   7.345952e-03   6.115734e-02   397490
  3.405140e+00   3.863403e+01   7.351647e-03   6.096352e-02   404024
  3.430725e+00   3.916131e+01   7.408667e-03   6.110765e-02   413538
  3.456243e+00   3.953584e+01   7.315991e-03   6.142013e-02   414266
  3.481684e+00   3.961800e+01   7.363540e-03   6.108497e-02   423350
  3.507212e+00   3.988594e+01   7.356884e-03   6.108772e-02   429224
  3.532706e+00   4.022370e+01   7.357692e-03   6.113765e-02   434898
  3.558224e+00   4.049239e+01   7.391743e-03   6.111947e-02   442754
  3.583745e+00   4.074551e+01   7.358544e-03   6.089306e-02   447842
  3.609237e+00   4.101185e+01   7.340691e-03   6.131943e-02   453906
  3.634764e+00   4.122931e+01   7.379481e-03   6.095940e-02   462008
  3.660246e+00   4.154096e+01   7.346019e-03   6.098829e-02   465746
  3.685744e+00   4.195609e+01   7.382125e-03   6.119696e-02   475518
  3.711289e+00   4.239076e+01   7.343917e-03   6.138138e-02   480074
  3.736776e+00   4.240815e+01   7.361129e-03   6.112785e-02   486704
  3.762257e+00   4.287072e+01   7.371796e-03   6.132350e-02   493682
  3.787731e+00   4.287423e+01   7.348094e-03   6.086489e-02   499458
  3.813253e+00   4.320387e+01   7.384327e-03   6.075812e-02   508874
  3.838784e+00   4.346423e+01   7.356201e-03   6.081739e-02   513530
  3.864291e+00   4.372397e+01   7.371075e-03   6.069597e-02   521652
  3.889813e+00   4.403798e+01   7.360567e-03   6.066620e-02   527762
  3.915341e+00   4.432166e+01   7.382957e-03   6.084089e-02   535898
  3.940780e+00   4.448826e+01   7.313419e-03   6.068112e-02   538074
  3.966243e+00   4.491090e+01   7.379204e-03   6.070629e-02   550562
  3.991852e+00   4.503821e+01   7.396797e-03   6.037949e-02   558392
  4.017351e+00   4.519480e+01   7.345294e-03   6.045390e-02   560522
  4.042795e+00   4.554218e+01   7.371024e-03   6.038473e-02   570366
  4.068286e+00   4.580776e+01   7.342311e-03   6.053478e-02   576290
  4.093801e+00   4.591205e+01   7.381356e-03   6.015665e-02   586016
  4.119292e+00   4.599301e+01   7.350810e-03   6.023648e-02   590178
  4.144811e+00   4.639078e+01   7.396764e-03   5.998474e-02   602090
  4.170363e+00   4.659937e+01   7.345928e-03   5.991112e-02   605834
  4.195849e+00   4.687444e+01   7.364704e-03   6.010000e-02   614210
  4.221384e+00   4.699955e+01   7.384356e-03   5.969830e-02   623076
  4.246873e+00   4.722027e+01   7.343391e-03   6.003613e-02   627194
  4.272356e+00   4.742912e+01   7.375414e-03   5.954676e-02   637706
  4.297876e+00   4.758233e+01   7.362245e-03   5.953227e-02   644178
  4.323354e+00   4.777108e+01   7.348692e-03   5.949489e-02   651056
  4.348869e+00   4.793028e+01   7.374286e-03   5.895971e-02   661130
  4.374409e+00   4.825025e+01   7.373714e-03   5.911279e-02   668106
  4.399910e+00   4.843361e+01   7.359532e-03   5.912693e-02   674894
  4.425387e+00   4.862078e+01   7.342198e-03   5.904401e-02   682082
  4.450903e+00   4.893438e+01   7.375276e-03   5.909321e-02   692480
  4.476432e+00   4.910489e+01   7.375072e-03   5.875193e-02   699258
  4.501885e+00   4.897726e+01   7.336800e-03   5.855354e-02   704354
  4.527378e+00   4.922583e+01   7.372539e-03   5.840529e-02   716810
  4.552863e+00   4.945418e+01   7.328466e-03   5.844635e-02   720138
  4.578399e+00   4.951078e+01   7.414456e-03   5.760528e-02   736064
  4.603934e+00   4.965954e+01   7.335916e-03   5.789954e-02   736742
  4.629437e+00   4.997689e+01   7.381231e-03   5.785034e-02   750090
  4.654964e+00   5.005260e+01   7.349212e-03   5.774595e-02   754778
  4.680441e+00   5.025177e+01   7.358059e-03   5.757413e-02   763712
  4.705924e+00   5.043488e+01   7.355793e-03   5.760823e-02   771890
  4.731472e+00   5.063159e+01   7.394109e-03   5.725789e-02   784290
  4.756995e+00   5.081036e+01   7.346113e-03   5.749455e-02   787274
  4.782410e+00   5.098523e+01   7.329464e-03   5.739162e-02   794726
  4.807954e+00   5.111217e+01   7.402272e-03   5.688958e-02   811632
  4.833545e+00   5.125072e+01   7.368121e-03   5.677207e-02   815426
  4.859026e+00   5.146414e+01   7.349814e-03   5.698280e-02   822146
  4.884516e+00   5.167717e+01   7.358509e-03   5.682835e-02   832738
  4.910059e+00   5.178531e+01   7.375884e-03   5.663660e-02   842752
  4.935559e+00   5.173351e+01   7.355268e-03   5.638244e-02   848018
  4.961031e+00   5.194401e+01   7.365136e-03   5.623375e-02   858614
  4.986536e+00   5.200586e+01   7.354438e-03   5.617555e-02   867330
  5.012024e+00   5.214718e+01   7.346916e-03   5.579841e-02   875066
  5.037521e+00   5.234927e+01   7.371761e-03   5.580663e-02   886040
  5.063098e+00   5.253729e+01   7.401096e-03   5.561530e-02   899058
  5.088646e+00   5.259285e+01   7.339706e-03   5.543946e-02   901322
  5.114060e+00   5.277579e+01   7.325146e-03   5.541826e-02   907922
  5.139544e+00   5.287818e+01   7.388109e-03   5.505665e-02   924548
  5.165087e+00   5.304923e+01   7.360044e-03   5.508967e-02   930522
  5.190617e+00   5.305195e+01   7.378221e-03   5.491985e-02   941906
  5.216116e+00   5.336591e+01   7.347520e-03   5.502512e-02   946802
  5.241631e+00   5.352043e+01   7.385776e-03   5.474283e-02   961866
  5.267164e+00   5.352186e+01   7.346424e-03   5.450217e-02   966104
  5.292642e+00   5.352939e+01   7.367530e-03   5.434022e-02   977090
  5.318144e+00   5.375040e+01   7.368347e-03   5.409383e-02   987006
  5.343657e+00   5.393346e+01   7.358130e-03   5.414610e-02   996410
  5.369188e+00   5.382832e+01   7.367897e-03   5.366684e-02   1007018
  5.394677e+00   5.401355e+01   7.351679e-03   5.375069e-02   1012712
  5.420186e+00   5.417480e+01   7.395231e-03   5.359685e-02   1028394
  5.445709e+00   5.432733e+01   7.345496e-03   5.365623e-02   1032434
  5.471171e+00   5.442807e+01   7.349295e-03   5.343081e-02   1042658
  5.496689e+00   5.439698e+01   7.385049e-03   5.309898e-02   1056696
  5.522177e+00   5.460556e+01   7.337841e-03   5.324969e-02   1060142
  5.547700e+00   5.471389e+01   7.394181e-03   5.281095e-02   1078706
  5.573233e+00   5.475987e+01   7.345490e-03   5.290016e-02   1081002
  5.598698e+00   5.487388e+01   7.356737e-03   5.254382e-02   1092818
  5.624194e+00   5.487063e+01   7.359845e-03   5.234312e-02   1103072
  5.649718e+00   5.500281e+01   7.383227e-03   5.223976e-02   1115930
  5.675249e+00   5.498936e+01   7.366868e-03   5.201980e-02   1123602
  5.700727e+00   5.519366e+01   7.346065e-03   5.201870e-02   1131638
  5.726216e+00   5.512170e+01   7.358860e-03   5.176969e-02   1144112
  5.751763e+00   5.526177e+01   7.388963e-03   5.138372e-02   1157706
  5.777272e+00   5.549619e+01   7.350537e-03   5.162562e-02   1161674
  5.802757e+00   5.555683e+01   7.364804e-03   5.154127e-02   1175642
  5.828289e+00   5.545908e+01   7.364879e-03   5.095617e-02   1186250
  5.853783e+00   5.543233e+01   7.351825e-03   5.092435e-02   1192968
  5.879270e+00   5.553956e+01   7.377555e-03   5.067214e-02   1207214
  5.904809e+00   5.560635e+01   7.374073e-03   5.055079e-02   1218290
  5.930311e+00   5.559756e+01   7.347396e-03   5.042527e-02   1224522
  5.955783e+00   5.578529e+01   7.359483e-03   5.018944e-02   1236722
  5.981289e+00   5.570106e+01   7.367166e-03   4.988390e-02   1248896
  6.006817e+00   5.593274e+01   7.371668e-03   4.998895e-02   1260186
  6.032316e+00   5.604765e+01   7.353402e-03   4.982398e-02   1267634
  6.057797e+00   5.596749e+01   7.357581e-03   4.962440e-02   1279670
  6.083302e+00   5.602532e+01   7.362654e-03   4.939556e-02   1291400
  6.108840e+00   5.612655e+01   7.382392e-03   4.933877e-02   1304898
  6.134379e+00   5.613358e+01   7.372474e-03   4.914811e-02   1313426
  6.159855e+00   5.617224e+01   7.343986e-03   4.903737e-02   1320482
  6.185330e+00   5.621133e+01   7.353712e-03   4.873151e-02   1334370
  6.210891e+00   5.627165e+01   7.394115e-03   4.859307e-02   1351712
  6.236415e+00   5.632890e+01   7.346193e-03   4.853194e-02   1353278
  6.261886e+00   5.623749e+01   7.359241e-03   4.827082e-02   1368162
  6.287403e+00   5.626653e+01   7.358316e-03   4.810596e-02   1379666
  6.312867e+00   5.635444e+01   7.336863e-03   4.803978e-02   1385120
  6.338363e+00   5.644872e+01   7.390988e-03   4.775923e-02   1406378
  6.363941e+00   5.640345e+01   7.377138e-03   4.752064e-02   1415970
  6.389439e+00   5.643624e+01   7.340919e-03   4.745360e-02   1420394
  6.414933e+00   5.650003e+01   7.374625e-03   4.724709e-02   1438250
  6.440436e+00   5.649642e+01   7.345189e-03   4.715623e-02   1444116
  6.465918e+00   5.658137e+01   7.362911e-03   4.699081e-02   1458842
  6.491438e+00   5.653814e+01   7.371056e-03   4.666065e-02   1471610
  6.516921e+00   5.652953e+01   7.340542e-03   4.655477e-02   1477866
  6.542403e+00   5.649943e+01   7.359540e-03   4.624582e-02   1493810
  6.567923e+00   5.647956e+01   7.367977e-03   4.610610e-02   1506032
  6.593462e+00   5.656919e+01   7.384462e-03   4.593535e-02   1519802
  6.618983e+00   5.662045e+01   7.361122e-03   4.595469e-02   1527654
  6.644490e+00   5.670920e+01   7.360487e-03   4.584310e-02   1540874
  6.669967e+00   5.663429e+01   7.340671e-03   4.562260e-02   1547576
  6.695454e+00   5.671461e+01   7.378056e-03   4.551111e-02   1566738
  6.720978e+00   5.655197e+01   7.357950e-03   4.516076e-02   1575554
  6.746515e+00   5.660364e+01   7.375144e-03   4.496217e-02   1591874
  6.772051e+00   5.662094e+01   7.359599e-03   4.487893e-02   1599482
  6.797518e+00   5.655906e+01   7.347453e-03   4.473209e-02   1607916
  6.823032e+00   5.667609e+01   7.389035e-03   4.452733e-02   1629482
  6.848574e+00   5.669015e+01   7.359831e-03   4.444525e-02   1635530
  6.874038e+00   5.670985e+01   7.342653e-03   4.432402e-02   1644018
  6.899504e+00   5.660754e+01   7.357156e-03   4.402471e-02   1660064
  6.925011e+00   5.661593e+01   7.363592e-03   4.385329e-02   1673666
  6.950564e+00   5.664172e+01   7.390464e-03   4.362325e-02   1691178
  6.976082e+00   5.667383e+01   7.347487e-03   4.363541e-02   1694150
  7.001548e+00   5.673356e+01   7.350123e-03   4.345916e-02   1708466
  7.027045e+00   5.654086e+01   7.361935e-03   4.320941e-02   1722752
  7.052524e+00   5.661956e+01   7.354998e-03   4.314029e-02   1731882
  7.078022e+00   5.657143e+01   7.376293e-03   4.284585e-02   1750730
  7.103585e+00   5.648296e+01   7.376736e-03   4.266811e-02   1764962
  7.129099e+00   5.653415e+01   7.346959e-03   4.262210e-02   1769370
  7.154581e+00   5.654829e+01   7.369608e-03   4.242305e-02   1786676
  7.180090e+00   5.653871e+01   7.362830e-03   4.235178e-02   1798370
  7.205609e+00   5.640127e+01   7.369089e-03   4.198228e-02   1813482
  7.231123e+00   5.655912e+01   7.357571e-03   4.206937e-02   1822898
  7.256627e+00   5.650259e+01   7.370928e-03   4.180075e-02   1838432
  7.282155e+00   5.648399e+01   7.373386e-03   4.162265e-02   1852058
  7.307666e+00   5.645033e+01   7.361505e-03   4.154369e-02   1861794
  7.333149e+00   5.642414e+01   7.358806e-03   4.138568e-02   1874162
  7.358623e+00   5.639372e+01   7.351475e-03   4.115886e-02   1886534
  7.384164e+00   5.643998e+01   7.389981e-03   4.100113e-02   1909464
  7.409699e+00   5.624868e+01   7.358477e-03   4.079415e-02   1912946
  7.435162e+00   5.627473e+01   7.351519e-03   4.075833e-02   1925258
  7.460671e+00   5.628051e+01   7.371944e-03   4.047674e-02   1945418
  7.486184e+00   5.619173e+01   7.352028e-03   4.029019e-02   1952280
  7.511686e+00   5.618421e+01   7.379041e-03   4.012978e-02   1971218
  7.537194e+00   5.606139e+01   7.359560e-03   3.994452e-02   1980254
  7.562688e+00   5.607227e+01   7.358769e-03   3.981920e-02   1994922
  7.588210e+00   5.608147e+01   7.370704e-03   3.968476e-02   2011754
  7.613722e+00   5.608371e+01   7.354168e-03   3.954159e-02   2020208
  7.639221e+00   5.605680e+01   7.367104e-03   3.933513e-02   2037402
  7.664736e+00   5.586520e+01   7.359654e-03   3.906324e-02   2049602
  7.690250e+00   5.590876e+01   7.365832e-03   3.894602e-02   2064338
  7.715745e+00   5.581047e+01   7.353552e-03   3.884709e-02   2074316
  7.741258e+00   5.576770e+01   7.373699e-03   3.864591e-02   2094450
  7.766807e+00   5.576989e+01   7.374515e-03   3.857006e-02   2107706
  7.792299e+00   5.579885e+01   7.347257e-03   3.847852e-02   2113538
  7.817752e+00   5.567877e+01   7.344616e-03   3.827653e-02   2128170
  7.843265e+00   5.568107e+01   7.375784e-03   3.812829e-02   2150936
  7.868810e+00   5.560298e+01   7.372240e-03   3.797263e-02   2162258
  7.894314e+00   5.557047e+01   7.357042e-03   3.779956e-02   2172390
  7.919814e+00   5.543686e+01   7.359669e-03   3.757675e-02   2188754
  7.945318e+00   5.554384e+01   7.355894e-03   3.750699e-02   2201210
  7.970811e+00   5.538278e+01   7.361815e-03   3.728033e-02   2215424
  7.996321e+00   5.530712e+01   7.373640e-03   3.710135e-02   2233338
  8.021821e+00   5.533823e+01   7.348152e-03   3.707790e-02   2241386
  8.047325e+00   5.524468e+01   7.369047e-03   3.688208e-02   2262218
  8.072811e+00   5.530937e+01   7.340615e-03   3.677195e-02   2267196
  8.098334e+00   5.511176e+01   7.391919e-03   3.649006e-02   2297690
  8.123880e+00   5.506883e+01   7.353296e-03   3.643924e-02   2300042
  8.149358e+00   5.499514e+01   7.355116e-03   3.626111e-02   2314410
  8.174853e+00   5.487755e+01   7.364016e-03   3.605637e-02   2332226
  8.200370e+00   5.493336e+01   7.363783e-03   3.597976e-02   2346968
  8.225880e+00   5.484154e+01   7.363679e-03   3.587126e-02   2360762
  8.251385e+00   5.479473e+01   7.363335e-03   3.563764e-02   2375298
  8.276899e+00   5.464011e+01   7.364839e-03   3.538192e-02   2391758
  8.302392e+00   5.459722e+01   7.345323e-03   3.529470e-02   2400032
  8.327865e+00   5.449542e+01   7.360986e-03   3.511988e-02   2418330
  8.353397e+00   5.446210e+01   7.385056e-03   3.491345e-02   2441042
  8.378926e+00   5.435871e+01   7.355046e-03   3.486270e-02   2447330
  8.404430e+00   5.441802e+01   7.363966e-03   3.474125e-02   2465546
  8.429938e+00   5.438220e+01   7.362381e-03   3.464370e-02   2478000
  8.455444e+00   5.425363e+01   7.372873e-03   3.446668e-02   2496422
  8.480958e+00   5.417809e+01   7.359921e-03   3.432973e-02   2508626
  8.506457e+00   5.408142e+01   7.359874e-03   3.415612e-02   2523594
  8.531943e+00   5.393962e+01   7.354810e-03   3.393371e-02   2536610
  8.557440e+00   5.386115e+01   7.367062e-03   3.383583e-02   2555912
  8.582965e+00   5.381957e+01   7.373258e-03   3.367584e-02   2573226
  8.608463e+00   5.377584e+01   7.350246e-03   3.359804e-02   2580434
  8.633977e+00   5.368312e+01   7.382539e-03   3.330846e-02   2607638
  8.659504e+00   5.365076e+01   7.354705e-03   3.331237e-02   2613008
  8.685007e+00   5.349544e+01   7.374775e-03   3.309292e-02   2634234
  8.710521e+00   5.344521e+01   7.365901e-03   3.299996e-02   2646434
  8.736014e+00   5.333096e+01   7.357753e-03   3.278749e-02   2660666
  8.761523e+00   5.325737e+01   7.366036e-03   3.258202e-02   2680338
  8.787049e+00   5.307387e+01   7.368477e-03   3.242303e-02   2695256
  8.812547e+00   5.302502e+01   7.360019e-03   3.230510e-02   2707022
  8.838022e+00   5.298367e+01   7.351255e-03   3.227557e-02   2721162
  8.863511e+00   5.290279e+01   7.360651e-03   3.203962e-02   2740514
  8.889023e+00   5.279717e+01   7.370397e-03   3.186693e-02   2758280
  8.914550e+00   5.273492e+01   7.375473e-03   3.177638e-02   2776034
  8.940075e+00   5.269977e+01   7.364824e-03   3.165277e-02   2788938
  8.965571e+00   5.252613e+01   7.355281e-03   3.146697e-02   2801642
  8.991062e+00   5.245070e+01   7.359515e-03   3.127181e-02   2819726
  9.016572e+00   5.235504e+01   7.364020e-03   3.114203e-02   2837352
  9.042084e+00   5.229440e+01   7.365325e-03   3.105703e-02   2853026
  9.067570e+00   5.219047e+01   7.351217e-03   3.090637e-02   2863538
  9.093065e+00   5.209035e+01   7.368240e-03   3.072177e-02   2887418
  9.118561e+00   5.214368e+01   7.345507e-03   3.072134e-02   2895354
  9.144102e+00   5.187967e+01   7.396156e-03   3.033733e-02   2930456
  9.169632e+00   5.191564e+01   7.347558e-03   3.041822e-02   2925938
  9.195115e+00   5.176713e+01   7.369936e-03   3.024169e-02   2952582
  9.220649e+00   5.169387e+01   7.366998e-03   3.009223e-02   2969474
  9.246148e+00   5.148329e+01   7.348604e-03   2.993782e-02   2977016
  9.271627e+00   5.151953e+01   7.363963e-03   2.985708e-02   2999034
  9.297144e+00   5.139724e+01   7.367021e-03   2.965481e-02   3018434
  9.322671e+00   5.136760e+01   7.363225e-03   2.956128e-02   3033914
  9.348164e+00   5.115372e+01   7.350790e-03   2.942468e-02   3043922
  9.373674e+00   5.106173e+01   7.378658e-03   2.921477e-02   3071604
  9.399208e+00   5.096126e+01   7.364437e-03   2.908465e-02   3082658
  9.424683e+00   5.095582e+01   7.343930e-03   2.905344e-02   3091082
  9.450174e+00   5.078596e+01   7.370312e-03   2.875947e-02   3119970
  9.475668e+00   5.074972e+01   7.342076e-03   2.878424e-02   3124880
  9.501187e+00   5.061860e+01   7.387781e-03   2.854821e-02   3160466
  9.526720e+00   5.040919e+01   7.353834e-03   2.844292e-02   3161970
  9.552200e+00   5.038251e+01   7.358644e-03   2.827851e-02   3181886
  9.577710e+00   5.028608e+01   7.363037e-03   2.816198e-02   3202250
  9.603235e+00   5.015511e+01   7.367464e-03   2.802842e-02   3219800
  9.628740e+00   5.001179e+01   7.361386e-03   2.784226e-02   3232482
  9.654236e+00   4.995979e+01   7.363665e-03   2.778119e-02   3251810
  9.679757e+00   4.989356e+01   7.367017e-03   2.761109e-02   3272330
  9.705247e+00   4.976405e+01   7.343493e-03   2.753856e-02   3277920
  9.730748e+00   4.961646e+01   7.381314e-03   2.734864e-02   3311078
  9.756278e+00   4.960768e+01   7.359562e-03   2.727152e-02   3319466
  9.781786e+00   4.941850e+01   7.365569e-03   2.710960e-02   3340162
  9.807269e+00   4.933609e+01   7.343717e-03   2.701959e-02   3347074
  9.832748e+00   4.932455e+01   7.367839e-03   2.691845e-02   3374672
  9.858288e+00   4.916230e+01   7.381311e-03   2.676044e-02   3398114
  9.883813e+00   4.906575e+01   7.360458e-03   2.664791e-02   3405930
  9.909307e+00   4.891522e+01   7.362166e-03   2.649133e-02   3424982
  9.934811e+00   4.886632e+01   7.361617e-03   2.637753e-02   3443618
  9.960343e+00   4.881372e+01   7.376339e-03   2.627035e-02   3467568
  9.985863e+00   4.862003e+01   7.361737e-03   2.617399e-02   3476762
  1.001135e+01   4.850089e+01   7.355785e-03   2.603020e-02   3492818
  1.003685e+01   4.841111e+01   7.365884e-03   2.586246e-02   3517154
  1.006235e+01   4.828823e+01   7.353534e-03   2.579194e-02   3527568
  1.008784e+01   4.825312e+01   7.373687e-03   2.566868e-02   3553130
  1.011337e+01   4.809886e+01   7.371166e-03   2.550783e-02   3571094
  1.013889e+01   4.800692e+01   7.364397e-03   2.543309e-02   3587850
  1.016439e+01   4.783521e+01   7.355054e-03   2.529758e-02   3601106
  1.018988e+01   4.773838e+01   7.360039e-03   2.514507e-02   3620672
  1.021537e+01   4.771040e+01   7.361210e-03   2.509745e-02   3639354
  1.024088e+01   4.752620e+01   7.368257e-03   2.490281e-02   3661394
  1.026641e+01   4.746433e+01   7.368852e-03   2.479916e-02   3679610
  1.029192e+01   4.732993e+01   7.362580e-03   2.470289e-02   3695180
  1.031742e+01   4.720469e+01   7.359296e-03   2.454275e-02   3711954
  1.034292e+01   4.711210e+01   7.367860e-03   2.445841e-02   3733202
  1.036843e+01   4.696811e+01   7.365749e-03   2.427643e-02   3751322
  1.039394e+01   4.687815e+01   7.361539e-03   2.418997e-02   3769554
  1.041945e+01   4.675075e+01   7.359581e-03   2.406074e-02   3786200
  1.044496e+01   4.673583e+01   7.371530e-03   2.398438e-02   3808850
  1.047045e+01   4.656680e+01   7.353767e-03   2.388853e-02   3819702
  1.049595e+01   4.646853e+01   7.364517e-03   2.377062e-02   3845738
  1.052147e+01   4.629674e+01   7.364071e-03   2.362091e-02   3863258
  1.054698e+01   4.618392e+01   7.365668e-03   2.351089e-02   3881216
  1.057247e+01   4.605685e+01   7.357553e-03   2.342519e-02   3895314
  1.059797e+01   4.597069e+01   7.370497e-03   2.329365e-02   3922562
  1.062349e+01   4.583813e+01   7.355939e-03   2.318212e-02   3934418
  1.064898e+01   4.574321e+01   7.361556e-03   2.304126e-02   3956076
  1.067449e+01   4.563800e+01   7.362690e-03   2.296535e-02   3975842
  1.070001e+01   4.545657e+01   7.369647e-03   2.275562e-02   3998378
  1.072552e+01   4.541586e+01   7.360187e-03   2.273564e-02   4011746
  1.075102e+01   4.522001e+01   7.358748e-03   2.257684e-02   4030794
  1.077653e+01   4.518534e+01   7.368798e-03   2.248771e-02   4055528
  1.080205e+01   4.502519e+01   7.363030e-03   2.236820e-02   4069946
  1.082756e+01   4.489474e+01   7.367951e-03   2.225244e-02   4092678
  1.085306e+01   4.477397e+01   7.355822e-03   2.215839e-02   4107098
  1.087857e+01   4.468169e+01   7.362404e-03   2.205711e-02   4129736
  1.090407e+01   4.453648e+01   7.359481e-03   2.190656e-02   4145754
  1.092957e+01   4.442585e+01   7.369499e-03   2.181035e-02   4170842
  1.095508e+01   4.435235e+01   7.357224e-03   2.174868e-02   4184906
  1.098058e+01   4.422021e+01   7.358443e-03   2.163112e-02   4205450
  1.100608e+01   4.412113e+01   7.360823e-03   2.151916e-02   4224720
  1.103161e+01   4.399010e+01   7.380198e-03   2.137757e-02   4254854
  1.105711e+01   4.391193e+01   7.344334e-03   2.133035e-02   4254938
  1.108260e+01   4.384761e+01   7.371571e-03   2.121503e-02   4290330
  1.110811e+01   4.368345e+01   7.358208e-03   2.109974e-02   4302314
  1.113362e+01   4.352079e+01   7.364088e-03   2.098767e-02   4326032
  1.115915e+01   4.342117e+01   7.377284e-03   2.084984e-02   4353090
  1.118466e+01   4.331285e+01   7.349556e-03   2.082371e-02   4356146
  1.121013e+01   4.319180e+01   7.352742e-03   2.069439e-02   4378574
  1.123564e+01   4.307796e+01   7.377840e-03   2.055101e-02   4413248
  1.126118e+01   4.293410e+01   7.366166e-03   2.047133e-02   4424802
  1.128668e+01   4.287104e+01   7.364098e-03   2.040490e-02   4444034
  1.131219e+01   4.276297e+01   7.363642e-03   2.029299e-02   4465586
  1.133769e+01   4.267345e+01   7.353009e-03   2.022532e-02   4479666
  1.136318e+01   4.243629e+01   7.365560e-03   2.003182e-02   4505720
  1.138870e+01   4.240370e+01   7.370625e-03   1.998454e-02   4529126
  1.141421e+01   4.225397e+01   7.359704e-03   1.988275e-02   4544154
  1.143971e+01   4.214686e+01   7.357713e-03   1.980105e-02   4562906
  1.146519e+01   4.204817e+01   7.356098e-03   1.969109e-02   4580720
  1.149070e+01   4.192917e+01   7.377889e-03   1.958317e-02   4614554
  1.151625e+01   4.179472e+01   7.370249e-03   1.947665e-02   4631226
  1.154175e+01   4.169601e+01   7.354640e-03   1.940784e-02   4642154
  1.156724e+01   4.159138e+01   7.360155e-03   1.928702e-02   4667270
  1.159275e+01   4.148831e+01   7.366053e-03   1.917841e-02   4690992
  1.161824e+01   4.135421e+01   7.353419e-03   1.912794e-02   4702298
  1.164376e+01   4.130836e+01   7.379504e-03   1.903388e-02   4740218
  1.166926e+01   4.109457e+01   7.346684e-03   1.892129e-02   4740866
  1.169475e+01   4.097924e+01   7.367183e-03   1.879146e-02   4775322
  1.172027e+01   4.089092e+01   7.367339e-03   1.871301e-02   4794272
  1.174578e+01   4.072648e+01   7.365354e-03   1.860138e-02   4812758
  1.177128e+01   4.065909e+01   7.362022e-03   1.853770e-02   4833354
  1.179679e+01   4.057810e+01   7.361861e-03   1.845965e-02   4855682
  1.182230e+01   4.041831e+01   7.365173e-03   1.834768e-02   4877120
  1.184781e+01   4.036317e+01   7.365583e-03   1.827467e-02   4897602
  1.187332e+01   4.017828e+01   7.364961e-03   1.815992e-02   4920170
  1.189882e+01   4.008688e+01   7.357188e-03   1.807782e-02   4935938
  1.192432e+01   3.999576e+01   7.366829e-03   1.800147e-02   4962578
  1.194984e+01   3.991378e+01   7.367150e-03   1.791722e-02   4983252
  1.197533e+01   3.975966e+01   7.358547e-03   1.783755e-02   4998410
  1.200083e+01   3.960157e+01   7.363119e-03   1.772303e-02   5023826
  1.202634e+01   3.953488e+01   7.368453e-03   1.763337e-02   5050674
  1.205184e+01   3.942792e+01   7.349977e-03   1.758890e-02   5059520
  1.207735e+01   3.930885e+01   7.376343e-03   1.746586e-02   5097362
  1.210287e+01   3.922839e+01   7.359761e-03   1.742053e-02   5106546
  1.212837e+01   3.914041e+01   7.369257e-03   1.730019e-02   5136398
  1.215387e+01   3.902203e+01   7.350552e-03   1.723297e-02   5146346
  1.217939e+01   3.891145e+01   7.380991e-03   1.711914e-02   5187608
  1.220490e+01   3.877083e+01   7.351254e-03   1.710589e-02   5187162
  1.223039e+01   3.863757e+01   7.364954e-03   1.696903e-02   5220698
  1.225591e+01   3.856714e+01   7.362195e-03   1.689074e-02   5242010
  1.228140e+01   3.847075e+01   7.352108e-03   1.683405e-02   5255064
  1.230690e+01   3.836722e+01   7.370377e-03   1.670362e-02   5289398
  1.233242e+01   3.823458e+01   7.364557e-03   1.664709e-02   5307410
  1.235792e+01   3.814727e+01   7.356514e-03   1.659912e-02   5323754
  1.238344e+01   3.801432e+01   7.372115e-03   1.648325e-02   5357538
  1.240897e+01   3.795042e+01   7.367164e-03   1.642737e-02   5375144
  1.243447e+01   3.781282e+01   7.359861e-03   1.633383e-02   5391050
  1.245997e+01   3.772102e+01   7.365813e-03   1.625642e-02   5417274
  1.248547e+01   3.758326e+01   7.358548e-03   1.616864e-02   5436014
  1.251096e+01   3.748211e+01   7.352162e-03   1.606558e-02   5454842
  1.253647e+01   3.737644e+01   7.369982e-03   1.597950e-02   5489040
  1.256199e+01   3.730212e+01   7.364184e-03   1.594126e-02   5505674
  1.258748e+01   3.721256e+01   7.358601e-03   1.588936e-02   5524586
  1.261298e+01   3.710136e+01   7.359769e-03   1.579780e-02   5549594
  1.263849e+01   3.698614e+01   7.366034e-03   1.571710e-02   5575056
  1.266400e+01   3.686619e+01   7.364145e-03   1.562597e-02   5594414
  1.268953e+01   3.674479e+01   7.375176e-03   1.553766e-02   5626658
  1.271505e+01   3.667123e+01   7.360146e-03   1.549458e-02   5639490
  1.274055e+01   3.658463e+01   7.357793e-03   1.543126e-02   5660474
  1.276605e+01   3.646753e+01   7.360634e-03   1.535547e-02   5684504
  1.279154e+01   3.634378e+01   7.354965e-03   1.527416e-02   5702562
  1.281705e+01   3.625224e+01   7.376626e-03   1.518111e-02   5742026
  1.284255e+01   3.620918e+01   7.345672e-03   1.515086e-02   5740826
  1.286803e+01   3.605279e+01   7.360457e-03   1.505377e-02   5775308
  1.289354e+01   3.595735e+01   7.372581e-03   1.498029e-02   5807154
  1.291908e+01   3.585279e+01   7.371265e-03   1.491315e-02   5827970
  1.294459e+01   3.577156e+01   7.360656e-03   1.485966e-02   5844290
  1.297010e+01   3.569590e+01   7.362134e-03   1.478870e-02   5870442
  1.299560e+01   3.558672e+01   7.356552e-03   1.473067e-02   5887208
  1.302110e+01   3.552605e+01   7.370271e-03   1.465258e-02   5919842
  1.304660e+01   3.540554e+01   7.354747e-03   1.459603e-02   5932014
  1.307209e+01   3.529113e+01   7.357369e-03   1.450706e-02   5958818
  1.309759e+01   3.522753e+01   7.365999e-03   1.446174e-02   5987642
  1.312311e+01   3.513219e+01   7.366757e-03   1.437882e-02   6009728
  1.314863e+01   3.500015e+01   7.370476e-03   1.431570e-02   6035874
  1.317415e+01   3.493436e+01   7.369198e-03   1.426434e-02   6059690
  1.319966e+01   3.482551e+01   7.356915e-03   1.419963e-02   6073922
  1.322514e+01   3.476106e+01   7.356187e-03   1.413428e-02   6096372
  1.325063e+01   3.465948e+01   7.360768e-03   1.407816e-02   6123098
  1.327615e+01   3.459563e+01   7.374395e-03   1.401323e-02   6157658
  1.330167e+01   3.442973e+01   7.361831e-03   1.391749e-02   6171266
  1.332717e+01   3.441259e+01   7.362589e-03   1.387710e-02   6196482
  1.335268e+01   3.433467e+01   7.365698e-03   1.383855e-02   6222032
  1.337820e+01   3.421790e+01   7.369124e-03   1.376481e-02   6246818
  1.340371e+01   3.412105e+01   7.363974e-03   1.369050e-02   6268254
  1.342922e+01   3.403427e+01   7.364153e-03   1.364573e-02   6294554
  1.345472e+01   3.397018e+01   7.355777e-03   1.359210e-02   6309464
  1.348021e+01   3.388619e+01   7.365106e-03   1.354114e-02   6339666
  1.350573e+01   3.382575e+01   7.369440e-03   1.347770e-02   6368186
  1.353123e+01   3.372545e+01   7.353942e-03   1.344049e-02   6380882
  1.355672e+01   3.368415e+01   7.363610e-03   1.340143e-02   6413450
  1.358223e+01   3.359068e+01   7.361843e-03   1.332893e-02   6434724
  1.360774e+01   3.351390e+01   7.365450e-03   1.327487e-02   6461474
  1.363324e+01   3.341342e+01   7.364122e-03   1.322707e-02   6485474
  1.365875e+01   3.332242e+01   7.362534e-03   1.315057e-02   6508890
  1.368425e+01   3.328224e+01   7.356621e-03   1.313330e-02   6528602
  1.370977e+01   3.320307e+01   7.373802e-03   1.305261e-02   6568424
  1.373529e+01   3.311262e+01   7.360519e-03   1.301029e-02   6579162
  1.376079e+01   3.303451e+01   7.359495e-03   1.295103e-02   6603218
  1.378631e+01   3.297542e+01   7.372150e-03   1.291064e-02   6641054
  1.381181e+01   3.287428e+01   7.346730e-03   1.286457e-02   6641912
  1.383730e+01   3.287023e+01   7.374212e-03   1.282433e-02   6688722
  1.386282e+01   3.274820e+01   7.359472e-03   1.276896e-02   6700898
  1.388831e+01   3.272242e+01   7.359551e-03   1.274798e-02   6727946
  1.391382e+01   3.263850e+01   7.362069e-03   1.268251e-02   6755274
  1.393934e+01   3.253741e+01   7.367642e-03   1.262246e-02   6784424
  1.396485e+01   3.249968e+01   7.361152e-03   1.259327e-02   6801806
  1.399035e+01   3.244108e+01   7.358943e-03   1.255644e-02   6825698
  1.401587e+01   3.236464e+01   7.372377e-03   1.248979e-02   6863514
  1.404138e+01   3.229294e+01   7.355192e-03   1.246023e-02   6871520
  1.406687e+01   3.227740e+01   7.359434e-03   1.243309e-02   6900482
  1.409238e+01   3.216871e+01   7.371023e-03   1.234782e-02   6936570
  1.411789e+01   3.214975e+01   7.357534e-03   1.235197e-02   6949610
  1.414338e+01   3.207274e+01   7.351558e-03   1.230848e-02   6970166
  1.416887e+01   3.201538e+01   7.363810e-03   1.226537e-02   7006560
  1.419440e+01   3.198493e+01   7.371064e-03   1.222530e-02   7036850
  1.421990e+01   3.190208e+01   7.355844e-03   1.219029e-02   7047602
  1.424540e+01   3.185297e+01   7.365844e-03   1.215094e-02   7084130
  1.427091e+01   3.180894e+01   7.358968e-03   1.211755e-02   7103250
  1.429642e+01   3.176950e+01   7.365504e-03   1.209560e-02   7132808
  1.432193e+01   3.171282e+01   7.367556e-03   1.204494e-02   7159430
  1.434744e+01   3.168384e+01   7.357573e-03   1.202857e-02   7176954
  1.437295e+01   3.159933e+01   7.367516e-03   1.197839e-02   7212698
  1.439846e+01   3.155765e+01   7.361724e-03   1.195697e-02   7231208
  1.442396e+01   3.154590e+01   7.362341e-03   1.193230e-02   7256874
  1.444946e+01   3.145767e+01   7.363130e-03   1.189240e-02   7284314
  1.447498e+01   3.143622e+01   7.368689e-03   1.187508e-02   7315058
  1.450050e+01   3.137162e+01   7.366464e-03   1.182985e-02   7338758
  1.452600e+01   3.136712e+01   7.359164e-03   1.182297e-02   7357008
  1.455150e+01   3.135811e+01   7.367042e-03   1.180149e-02   7389506
  1.457701e+01   3.128347e+01   7.362832e-03   1.177131e-02   7412042
  1.460251e+01   3.127386e+01   7.356940e-03   1.175204e-02   7433994
  1.462800e+01   3.121443e+01   7.359469e-03   1.172216e-02   7462256
  1.465350e+01   3.122489e+01   7.365169e-03   1.171346e-02   7492106
  1.467902e+01   3.115005e+01   7.370617e-03   1.167436e-02   7523602
  1.470454e+01   3.114070e+01   7.367107e-03   1.165044e-02   7547422
  1.473006e+01   3.111422e+01   7.364744e-03   1.164371e-02   7572218
  1.475558e+01   3.112426e+01   7.371346e-03   1.163259e-02   7603424
  1.478109e+01   3.106305e+01   7.359050e-03   1.160380e-02   7616802
  1.480659e+01   3.105515e+01   7.362658e-03   1.160247e-02   7649330
  1.483208e+01   3.105511e+01   7.352521e-03   1.160267e-02   7664930
  1.485757e+01   3.103524e+01   7.365392e-03   1.156175e-02   7703616
  1.488308e+01   3.103339e+01   7.365807e-03   1.157803e-02   7730054
  1.490860e+01   3.099930e+01   7.365842e-03   1.155811e-02   7757186
  1.493411e+01   3.100654e+01   7.365056e-03   1.155094e-02   7783034
  1.495960e+01   3.099667e+01   7.353264e-03   1.155887e-02   7797762
  1.498510e+01   3.096905e+01   7.367356e-03   1.153973e-02   7838864
  1.501060e+01   3.098992e+01   7.358532e-03   1.153731e-02   7854218
  1.503612e+01   3.102307e+01   7.376203e-03   1.153627e-02   7900890
  1.506163e+01   3.096506e+01   7.354089e-03   1.153466e-02   7906142
  1.508712e+01   3.094292e+01   7.357433e-03   1.153364e-02   7923347
  1.511263e+01   3.086444e+01   7.370254e-03   1.148840e-02   7924812
  1.513814e+01   3.074494e+01   7.360918e-03   1.145316e-02   7899788
  1.516364e+01   3.060808e+01   7.359931e-03   1.142943e-02   7886192
  1.518914e+01   3.053196e+01   7.362526e-03   1.139777e-02   7875224
  1.521466e+01   3.041703e+01   7.367555e-03   1.135341e-02   7864992
  1.524017e+01   3.027028e+01   7.363815e-03   1.132029e-02   7848128
  1.526569e+01   3.018123e+01   7.365639e-03   1.128649e-02   7838144
  1.529119e+01   3.010310e+01   7.356494e-03   1.126736e-02   7813752
  1.531668e+01   2.998100e+01   7.357571e-03   1.123112e-02   7800092
  1.534219e+01   2.989205e+01   7.368755e-03   1.120525e-02   7797992
  1.536769e+01   2.977742e+01   7.350868e-03   1.117631e-02   7764648
  1.539319e+01   2.967565e+01   7.370782e-03   1.113234e-02   7769852
  1.541871e+01   2.958665e+01   7.360152e-03   1.112388e-02   7744688
  1.544422e+01   2.945569e+01   7.365679e-03   1.107349e-02   7736588
  1.546972e+01   2.937795e+01   7.358180e-03   1.106269e-02   7713312
  1.549524e+01   2.926475e+01   7.373389e-03   1.101971e-02   7713944
  1.552075e+01   2.917640e+01   7.350912e-03   1.099698e-02   7676276
  1.554624e+01   2.904536e+01   7.363264e-03   1.095378e-02   7675248
  1.557174e+01   2.894576e+01   7.357247e-03   1.092775e-02   7652180
  1.559724e+01   2.885044e+01   7.365471e-03   1.090341e-02   7645184
  1.562275e+01   2.876971e+01   7.360925e-03   1.087663e-02   7626080
  1.564826e+01   2.866892e+01   7.366056e-03   1.085595e-02   7615392
  1.567378e+01   2.853133e+01   7.370367e-03   1.081065e-02   7603052
  1.569929e+01   2.847175e+01   7.356256e-03   1.080661e-02   7573520
  1.572479e+01   2.838592e+01   7.365219e-03   1.077117e-02   7567620
  1.575029e+01   2.826105e+01   7.358287e-03   1.074718e-02   7543724
  1.577579e+01   2.817305e+01   7.366900e-03   1.071277e-02   7537580
  1.580130e+01   2.808949e+01   7.360085e-03   1.068553e-02   7515276
  1.582682e+01   2.797109e+01   7.368584e-03   1.064379e-02   7508024
  1.585232e+01   2.788345e+01   7.356465e-03   1.064054e-02   7478168
  1.587782e+01   2.779151e+01   7.366698e-03   1.059588e-02   7471568
  1.590333e+01   2.768681e+01   7.361988e-03   1.057616e-02   7451580
  1.592884e+01   2.760056e+01   7.364933e-03   1.055563e-02   7437332
  1.595435e+01   2.753948e+01   7.366683e-03   1.054311e-02   7422200
  1.597987e+01   2.741710e+01   7.368560e-03   1.048215e-02   7408464
  1.600537e+01   2.730081e+01   7.357152e-03   1.046609e-02   7381436
  1.603087e+01   2.725128e+01   7.361393e-03   1.045919e-02   7368068
  1.605637e+01   2.714417e+01   7.365998e-03   1.042681e-02   7355760
  1.608189e+01   2.707325e+01   7.368054e-03   1.040673e-02   7341512
  1.610740e+01   2.694643e+01   7.354934e-03   1.037800e-02   7310384
  1.613289e+01   2.684087e+01   7.369710e-03   1.034242e-02   7306904
  1.615839e+01   2.675501e+01   7.350512e-03   1.033705e-02   7271520
  1.618389e+01   2.668829e+01   7.374702e-03   1.030202e-02   7279508
  1.620941e+01   2.662920e+01   7.357344e-03   1.030673e-02   7244240
  1.623493e+01   2.653202e+01   7.376406e-03   1.025660e-02   7244700
  1.626044e+01   2.643144e+01   7.355374e-03   1.023164e-02   7207652
  1.628593e+01   2.633285e+01   7.361057e-03   1.021307e-02   7196144
  1.631143e+01   2.625502e+01   7.362174e-03   1.019229e-02   7177356
  1.633693e+01   2.618392e+01   7.362825e-03   1.017884e-02   7160180
  1.636245e+01   2.604650e+01   7.370725e-03   1.012785e-02   7151288
  1.638795e+01   2.597851e+01   7.353531e-03   1.012783e-02   7115144
  1.641345e+01   2.589647e+01   7.373850e-03   1.009682e-02   7116408
  1.643897e+01   2.582773e+01   7.362977e-03   1.007469e-02   7089080
  1.646448e+01   2.576080e+01   7.363158e-03   1.006460e-02   7071440
  1.649000e+01   2.568286e+01   7.368165e-03   1.003917e-02   7057152
  1.651550e+01   2.555920e+01   7.360184e-03   1.001621e-02   7031192
  1.654100e+01   2.550951e+01   7.358334e-03   1.000824e-02   7011524
  1.656649e+01   2.541941e+01   7.357440e-03   9.983000e-03   6991508
  1.659200e+01   2.532603e+01   7.371649e-03   9.934779e-03   6985368
  1.661751e+01   2.525637e+01   7.360719e-03   9.931198e-03   6956864
  1.664303e+01   2.517758e+01   7.372565e-03   9.903927e-03   6950408
  1.666852e+01   2.507527e+01   7.345081e-03   9.909230e-03   6904704
  1.669402e+01   2.498674e+01   7.377135e-03   9.862029e-03   6915128
  1.671955e+01   2.490041e+01   7.361587e-03   9.853913e-03   6882644
  1.674506e+01   2.481926e+01   7.362339e-03   9.817086e-03   6864864
  1.677056e+01   2.475861e+01   7.358325e-03   9.808973e-03   6840020
  1.679606e+01   2.468002e+01   7.361850e-03   9.801024e-03   6823808
  1.682158e+01   2.458323e+01   7.370568e-03   9.774040e-03   6813512
  1.684709e+01   2.451649e+01   7.357165e-03   9.765930e-03   6780336
  1.687258e+01   2.442360e+01   7.363664e-03   9.725328e-03   6766004
  1.689808e+01   2.434025e+01   7.357090e-03   9.719745e-03   6740540
  1.692358e+01   2.431260e+01   7.366252e-03   9.708750e-03   6730704
  1.694910e+01   2.421352e+01   7.361983e-03   9.687983e-03   6706004
  1.697460e+01   2.415512e+01   7.361235e-03   9.688603e-03   6683744
  1.700011e+01   2.407592e+01   7.363257e-03   9.654396e-03   6667236
  1.702562e+01   2.399043e+01   7.365144e-03   9.635900e-03   6648788
  1.705114e+01   2.389303e+01   7.367921e-03   9.609976e-03   6628136
  1.707663e+01   2.383779e+01   7.351941e-03   9.607338e-03   6593768
  1.710212e+01   2.380144e+01   7.365092e-03   9.598955e-03   6588000
  1.712763e+01   2.370918e+01   7.356684e-03   9.589661e-03   6558152
  1.715313e+01   2.361019e+01   7.367216e-03   9.541405e-03   6545360
  1.717866e+01   2.354481e+01   7.370316e-03   9.529565e-03   6529080
  1.720418e+01   2.348773e+01   7.365012e-03   9.535757e-03   6504260
  1.722968e+01   2.341563e+01   7.354679e-03   9.529668e-03   6472376
  1.725517e+01   2.335265e+01   7.364913e-03   9.506621e-03   6459464
  1.728069e+01   2.324313e+01   7.364806e-03   9.476960e-03   6439404
  1.730620e+01   2.321005e+01   7.367021e-03   9.471650e-03   6419420
  1.733171e+01   2.311647e+01   7.359477e-03   9.450573e-03   6390248
  1.735722e+01   2.303692e+01   7.370209e-03   9.433472e-03   6379044
  1.738274e+01   2.295933e+01   7.364805e-03   9.414957e-03   6354716
  1.740825e+01   2.292992e+01   7.362326e-03   9.406324e-03   6329300
  1.743374e+01   2.285573e+01   7.354434e-03   9.407749e-03   6299340
  1.745924e+01   2.278255e+01   7.369008e-03   9.393747e-03   6292424
  1.748476e+01   2.271934e+01   7.361822e-03   9.385958e-03   6264092
  1.751025e+01   2.265502e+01   7.361303e-03   9.369610e-03   6239072
  1.753575e+01   2.257926e+01   7.364182e-03   9.344315e-03   6219636
  1.756126e+01   2.252322e+01   7.365459e-03   9.331485e-03   6200672
  1.758676e+01   2.244629e+01   7.354792e-03   9.328341e-03   6168488
  1.761225e+01   2.235711e+01   7.366868e-03   9.305585e-03   6155100
  1.763778e+01   2.232562e+01   7.374735e-03   9.292542e-03   6140564
  1.766330e+01   2.224370e+01   7.356736e-03   9.280464e-03   6104576
  1.768879e+01   2.217591e+01   7.356830e-03   9.275191e-03   6080268
  1.771426e+01   2.214569e+01   7.355752e-03   9.287674e-03   6055400
  1.773977e+01   2.207598e+01   7.374071e-03   9.251016e-03   6049688
  1.776530e+01   2.200343e+01   7.362019e-03   9.239237e-03   6015848
  1.779080e+01   2.193889e+01   7.363376e-03   9.241162e-03   5991420
  1.781630e+01   2.189388e+01   7.369316e-03   9.226578e-03   5974820
  1.784182e+01   2.184703e+01   7.360963e-03   9.229495e-03   5947448
  1.786732e+01   2.177595e+01   7.362250e-03   9.213108e-03   5923188
  1.789283e+01   2.170939e+01   7.368233e-03   9.206868e-03   5903792
  1.791834e+01   2.164917e+01   7.360679e-03   9.199027e-03   5876888
  1.794384e+01   2.159189e+01   7.359115e-03   9.202740e-03   5851548
  1.796934e+01   2.154904e+01   7.369521e-03   9.192603e-03   5833976
  1.799485e+01   2.145984e+01   7.362511e-03   9.169753e-03   5804648
  1.802036e+01   2.140380e+01   7.366394e-03   9.161960e-03   5785436
  1.804587e+01   2.135775e+01   7.362829e-03   9.170691e-03   5757924
  1.807137e+01   2.131466e+01   7.364266e-03   9.166295e-03   5734076
  1.809688e+01   2.124834e+01   7.362633e-03   9.152089e-03   5710904
  1.812238e+01   2.120036e+01   7.357815e-03   9.152888e-03   5684592
  1.814789e+01   2.115336e+01   7.369347e-03   9.149676e-03   5667008
  1.817339e+01   2.109363e+01   7.352004e-03   9.143319e-03   5628872
  1.819890e+01   2.101669e+01   7.376112e-03   9.120388e-03   5625296
  1.822443e+01   2.097446e+01   7.359811e-03   9.137428e-03   5586396
  1.824992e+01   2.093018e+01   7.363976e-03   9.128717e-03   5562752
  1.827543e+01   2.089055e+01   7.368307e-03   9.124025e-03   5543288
  1.830095e+01   2.082128e+01   7.361075e-03   9.129719e-03   5514936
  1.832645e+01   2.076514e+01   7.360427e-03   9.105970e-03   5488412
  1.835195e+01   2.073155e+01   7.356876e-03   9.120074e-03   5459912
  1.837745e+01   2.066922e+01   7.369207e-03   9.090881e-03   5445384
  1.840297e+01   2.061926e+01   7.355744e-03   9.117651e-03   5410448
  1.842847e+01   2.058082e+01   7.366238e-03   9.111486e-03   5390852
  1.845397e+01   2.053440e+01   7.361704e-03   9.111345e-03   5361824
  1.847949e+01   2.049429e+01   7.370949e-03   9.116485e-03   5345160
  1.850501e+01   2.045565e+01   7.359278e-03   9.129449e-03   5309888
  1.853050e+01   2.039893e+01   7.364417e-03   9.117515e-03   5286260
  1.855600e+01   2.034929e+01   7.359553e-03   9.113051e-03   5259756
  1.858151e+01   2.029564e+01   7.359778e-03   9.109855e-03   5235572
  1.860702e+01   2.027087e+01   7.364327e-03   9.122871e-03   5210384
  1.863251e+01   2.021758e+01   7.358248e-03   9.130052e-03   5179164
  1.865803e+01   2.015794e+01   7.376584e-03   9.112864e-03   5167808
  1.868355e+01   2.012234e+01   7.352310e-03   9.124339e-03   5123300
  1.870904e+01   2.008232e+01   7.369172e-03   9.137487e-03   5107160
  1.873456e+01   2.005042e+01   7.368357e-03   9.135248e-03   5081688
  1.876007e+01   2.000358e+01   7.360408e-03   9.139310e-03   5051384
  1.878558e+01   1.993722e+01   7.361240e-03   9.125881e-03   5024528
  1.881107e+01   1.990654e+01   7.360943e-03   9.142491e-03   4996908
  1.883658e+01   1.987871e+01   7.364190e-03   9.145663e-03   4974536
  1.886210e+01   1.981709e+01   7.361858e-03   9.136684e-03   4946240
  1.888760e+01   1.979316e+01   7.362011e-03   9.167796e-03   4916312
  1.891310e+01   1.975764e+01   7.365781e-03   9.171170e-03   4891872
  1.893861e+01   1.971027e+01   7.359935e-03   9.178427e-03   4863080
  1.896411e+01   1.968405e+01   7.363820e-03   9.183122e-03   4837184
  1.898962e+01   1.963118e+01   7.365154e-03   9.170922e-03   4809516
  1.901513e+01   1.959870e+01   7.367668e-03   9.200469e-03   4786016
  1.904066e+01   1.956915e+01   7.362936e-03   9.211089e-03   4756532
  1.906615e+01   1.952911e+01   7.355541e-03   9.213539e-03   4722672
  1.909164e+01   1.950838e+01   7.357278e-03   9.241443e-03   4695668
  1.911714e+01   1.945430e+01   7.367373e-03   9.244320e-03   4675412
  1.914266e+01   1.946318e+01   7.360950e-03   9.269168e-03   4642904
  1.916815e+01   1.940205e+01   7.361738e-03   9.261577e-03   4613208
  1.919364e+01   1.937739e+01   7.360267e-03   9.294781e-03   4585184
  1.921915e+01   1.937262e+01   7.368214e-03   9.321225e-03   4564448
  1.924468e+01   1.929457e+01   7.369038e-03   9.297922e-03   4535604
  1.927019e+01   1.929836e+01   7.360161e-03   9.346258e-03   4500320
  1.929568e+01   1.923457e+01   7.359546e-03   9.328730e-03   4473992
  1.932120e+01   1.921183e+01   7.369740e-03   9.346478e-03   4452456
  1.934671e+01   1.917355e+01   7.357914e-03   9.377186e-03   4413848
  1.937220e+01   1.915465e+01   7.362825e-03   9.391644e-03   4388180
  1.939771e+01   1.912213e+01   7.365077e-03   9.404118e-03   4362464
  1.942321e+01   1.911021e+01   7.355796e-03   9.449492e-03   4326744
  1.944872e+01   1.906699e+01   7.380752e-03   9.437305e-03   4311212
  1.947426e+01   1.905533e+01   7.366840e-03   9.482736e-03   4276172
  1.949977e+01   1.901379e+01   7.354915e-03   9.513949e-03   4241916
  1.952526e+01   1.899261e+01   7.362787e-03   9.513437e-03   4215584
  1.955075e+01   1.897198e+01   7.353834e-03   9.546167e-03   4180232
  1.957624e+01   1.893761e+01   7.362652e-03   9.552724e-03   4157928
  1.960176e+01   1.888863e+01   7.368259e-03   9.558227e-03   4130960
  1.962728e+01   1.890394e+01   7.365942e-03   9.610186e-03   4097120
  1.965278e+01   1.886237e+01   7.365192e-03   9.630489e-03   4068488
  1.967829e+01   1.881499e+01   7.360466e-03   9.625062e-03   4038360
  1.970381e+01   1.881807e+01   7.371094e-03   9.673136e-03   4012616
  1.972932e+01   1.880418e+01   7.361291e-03   9.709075e-03   3976556
  1.975481e+01   1.874913e+01   7.357987e-03   9.705467e-03   3947544
  1.978032e+01   1.874566e+01   7.362998e-03   9.754937e-03   3920432
  1.980583e+01   1.872499e+01   7.359438e-03   9.791165e-03   3885884
  1.983132e+01   1.870500e+01   7.360820e-03   9.819913e-03   3856280
  1.985682e+01   1.869199e+01   7.365713e-03   9.847123e-03   3829752
  1.988235e+01   1.869226e+01   7.371114e-03   9.878823e-03   3801356
  1.990787e+01   1.862588e+01   7.363721e-03   9.907818e-03   3765392
  1.993335e+01   1.863008e+01   7.353719e-03   9.949465e-03   3731424
  1.995886e+01   1.861862e+01   7.367192e-03   9.980524e-03   3709580
  1.998438e+01   1.862981e+01   7.361933e-03   1.003925e-02   3674216
  2.000987e+01   1.859623e+01   7.356510e-03   1.005616e-02   3639564
  2.003537e+01   1.854036e+01   7.364401e-03   1.008410e-02   3614840
  2.006090e+01   1.854043e+01   7.367408e-03   1.012620e-02   3584480
  2.008639e+01   1.852624e+01   7.353185e-03   1.018932e-02   3543536
  2.011189e+01   1.850498e+01   7.374777e-03   1.020455e-02   3524472
  2.013741e+01   1.850656e+01   7.356469e-03   1.026823e-02   3486212
  2.016292e+01   1.848467e+01   7.368358e-03   1.028837e-02   3458324
  2.018842e+01   1.844557e+01   7.359377e-03   1.033989e-02   3421488
  2.021391e+01   1.847452e+01   7.359374e-03   1.039558e-02   3392336
  2.023944e+01   1.843998e+01   7.367410e-03   1.043312e-02   3365456
  2.026495e+01   1.842847e+01   7.356390e-03   1.048934e-02   3326160
  2.029043e+01   1.841207e+01   7.362952e-03   1.054085e-02   3296720
  2.031593e+01   1.837171e+01   7.356687e-03   1.057785e-02   3263744
  2.034146e+01   1.837992e+01   7.379127e-03   1.060302e-02   3240128
  2.036697e+01   1.833912e+01   7.354400e-03   1.068556e-02   3194856
  2.039245e+01   1.831232e+01   7.363268e-03   1.071516e-02   3169232
  2.041798e+01   1.835469e+01   7.370164e-03   1.078948e-02   3141728
  2.044350e+01   1.830998e+01   7.359626e-03   1.084084e-02   3101772
  2.046897e+01   1.830059e+01   7.354183e-03   1.089727e-02   3066728
  2.049449e+01   1.827732e+01   7.376458e-03   1.093240e-02   3046004
  2.052003e+01   1.824798e+01   7.358193e-03   1.100173e-02   3004592
  2.054552e+01   1.822180e+01   7.363615e-03   1.104871e-02   2971608
  2.057101e+01   1.818808e+01   7.361977e-03   1.107904e-02   2939036
  2.059652e+01   1.818420e+01   7.370191e-03   1.116583e-02   2910536
  2.062204e+01   1.818347e+01   7.362511e-03   1.121894e-02   2873400
  2.064753e+01   1.815575e+01   7.355932e-03   1.127850e-02   2837216
  2.067303e+01   1.817134e+01   7.367558e-03   1.136913e-02   2810636
  2.069855e+01   1.812770e+01   7.359230e-03   1.143757e-02   2774580
  2.072405e+01   1.812748e+01   7.361180e-03   1.151134e-02   2739152
  2.074953e+01   1.810602e+01   7.356054e-03   1.158127e-02   2704292
  2.077505e+01   1.809059e+01   7.372093e-03   1.164579e-02   2678756
  2.080060e+01   1.804405e+01   7.372667e-03   1.168274e-02   2642748
  2.082609e+01   1.800215e+01   7.355862e-03   1.174577e-02   2600696
  2.085158e+01   1.797854e+01   7.371415e-03   1.181779e-02   2575352
  2.087712e+01   1.799024e+01   7.365344e-03   1.189922e-02   2541108
  2.090261e+01   1.792744e+01   7.347421e-03   1.196864e-02   2498504
  2.092809e+01   1.784311e+01   7.364501e-03   1.200134e-02   2469308
  2.095359e+01   1.786613e+01   7.358218e-03   1.213838e-02   2435388
  2.097910e+01   1.783565e+01   7.361621e-03   1.219474e-02   2402516
  2.100463e+01   1.776455e+01   7.372541e-03   1.222675e-02   2368496
  2.103013e+01   1.770047e+01   7.365274e-03   1.227668e-02   2330924
  2.105562e+01   1.770626e+01   7.357516e-03   1.238876e-02   2296560
  2.108114e+01   1.765940e+01   7.370522e-03   1.244747e-02   2265656
  2.110666e+01   1.760637e+01   7.364605e-03   1.248730e-02   2226968
  2.113214e+01   1.754722e+01   7.356650e-03   1.256516e-02   2191452
  2.115765e+01   1.748144e+01   7.359422e-03   1.264713e-02   2159024
  2.118315e+01   1.744389e+01   7.354652e-03   1.270859e-02   2120888
  2.120863e+01   1.732991e+01   7.360281e-03   1.272104e-02   2086840
  2.123414e+01   1.728627e+01   7.367404e-03   1.276821e-02   2053864
  2.125965e+01   1.721165e+01   7.362214e-03   1.283064e-02   2016296
  2.128517e+01   1.714681e+01   7.376346e-03   1.286136e-02   1984592
  2.131070e+01   1.703770e+01   7.366785e-03   1.289300e-02   1946748
  2.133620e+01   1.697701e+01   7.358336e-03   1.297321e-02   1909961
  2.136172e+01   1.688472e+01   7.369335e-03   1.295736e-02   1881074
  2.138723e+01   1.682764e+01   7.353272e-03   1.302710e-02   1846236
  2.141271e+01   1.673722e+01   7.353027e-03   1.302888e-02   1816016
  2.143821e+01   1.668128e+01   7.364414e-03   1.307075e-02   1789688
  2.146373e+01   1.664075e+01   7.367059e-03   1.315377e-02   1761398
  2.148924e+01   1.652074e+01   7.364203e-03   1.317904e-02   1732776
  2.151476e+01   1.654216e+01   7.378034e-03   1.325337e-02   1709114
  2.154028e+01   1.646397e+01   7.361373e-03   1.331440e-02   1678730
  2.156578e+01   1.640143e+01   7.360283e-03   1.334834e-02   1653240
  2.159128e+01   1.635169e+01   7.362665e-03   1.337647e-02   1628972
  2.161678e+01   1.634100e+01   7.354145e-03   1.349980e-02   1602134
  2.164226e+01   1.627727e+01   7.351852e-03   1.353157e-02   1577790
  2.166777e+01   1.622217e+01   7.365106e-03   1.358617e-02   1556390
  2.169328e+01   1.623431e+01   7.363741e-03   1.371632e-02   1531178
  2.171878e+01   1.614234e+01   7.367215e-03   1.370482e-02   1508624
  2.174432e+01   1.610702e+01   7.379867e-03   1.376131e-02   1488408
  2.176984e+01   1.606844e+01   7.360535e-03   1.389728e-02   1461536
  2.179533e+01   1.603816e+01   7.359978e-03   1.390798e-02   1439936
  2.182084e+01   1.598536e+01   7.368240e-03   1.396205e-02   1420236
  2.184635e+01   1.596526e+01   7.354083e-03   1.408550e-02   1395920
  2.187182e+01   1.591700e+01   7.348894e-03   1.408380e-02   1374290
  2.189733e+01   1.589153e+01   7.368260e-03   1.414876e-02   1356858
  2.192284e+01   1.582913e+01   7.353545e-03   1.427043e-02   1332536
  2.194835e+01   1.581261e+01   7.379252e-03   1.429959e-02   1316414
  2.197387e+01   1.579330e+01   7.366748e-03   1.439291e-02   1293962
  2.199937e+01   1.572822e+01   7.362470e-03   1.445269e-02   1273482
  2.202489e+01   1.573521e+01   7.375678e-03   1.452499e-02   1256762
  2.205041e+01   1.567203e+01   7.355512e-03   1.459327e-02   1234202
  2.207589e+01   1.569814e+01   7.355961e-03   1.474333e-02   1215660
  2.210140e+01   1.563812e+01   7.362722e-03   1.470841e-02   1198550
  2.212689e+01   1.559692e+01   7.345464e-03   1.486597e-02   1176740
  2.215237e+01   1.552052e+01   7.361360e-03   1.487114e-02   1160594
  2.217791e+01   1.552032e+01   7.383144e-03   1.501191e-02   1145724
  2.220344e+01   1.544679e+01   7.364325e-03   1.504196e-02   1124066
  2.222892e+01   1.547203e+01   7.360199e-03   1.518428e-02   1106036
  2.225444e+01   1.549018e+01   7.379911e-03   1.526870e-02   1092552
  2.227997e+01   1.543795e+01   7.356292e-03   1.535436e-02   1071674
  2.230546e+01   1.542386e+01   7.356182e-03   1.543607e-02   1054892
  2.233097e+01   1.540704e+01   7.362191e-03   1.553021e-02   1039716
  2.235646e+01   1.537433e+01   7.344170e-03   1.566253e-02   1020260
  2.238194e+01   1.535345e+01   7.363080e-03   1.574355e-02   1006052
  2.240746e+01   1.534131e+01   7.368590e-03   1.588061e-02   990320
  2.243298e+01   1.529069e+01   7.374664e-03   1.594219e-02   974484
  2.245849e+01   1.525958e+01   7.369296e-03   1.602801e-02   958076
  2.248401e+01   1.525432e+01   7.373538e-03   1.611298e-02   943556
  2.250952e+01   1.525291e+01   7.354611e-03   1.628009e-02   926022
  2.253501e+01   1.525021e+01   7.359085e-03   1.639909e-02   911804
  2.256052e+01   1.519511e+01   7.355702e-03   1.641901e-02   896528
  2.258600e+01   1.516159e+01   7.344635e-03   1.659746e-02   880212
  2.261149e+01   1.517232e+01   7.364479e-03   1.670810e-02   867710
  2.263701e+01   1.514611e+01   7.370589e-03   1.684551e-02   853388
  2.266252e+01   1.509563e+01   7.367301e-03   1.685286e-02   838166
  2.268805e+01   1.509306e+01   7.381192e-03   1.700381e-02   825540
  2.271357e+01   1.506727e+01   7.365295e-03   1.712203e-02   810080
  2.273908e+01   1.508728e+01   7.362407e-03   1.725625e-02   796262
  2.276457e+01   1.507940e+01   7.352413e-03   1.745022e-02   781884
  2.279007e+01   1.503840e+01   7.360578e-03   1.749439e-02   769622
  2.281556e+01   1.503291e+01   7.339853e-03   1.763566e-02   754166
  2.284103e+01   1.506249e+01   7.355328e-03   1.785431e-02   742100
  2.286654e+01   1.503342e+01   7.374452e-03   1.796500e-02   730446
  2.289209e+01   1.504007e+01   7.385778e-03   1.810793e-02   718304
  2.291762e+01   1.501351e+01   7.365776e-03   1.827461e-02   703454
  2.294311e+01   1.494898e+01   7.366068e-03   1.831087e-02   691062
  2.296863e+01   1.501235e+01   7.373610e-03   1.853968e-02   679814
  2.299415e+01   1.497668e+01   7.354244e-03   1.872635e-02   666260
  2.301963e+01   1.501905e+01   7.345385e-03   1.895663e-02   653550
  2.304511e+01   1.502137e+01   7.349203e-03   1.909568e-02   641942
  2.307060e+01   1.504163e+01   7.353105e-03   1.922441e-02   630194
  2.309610e+01   1.497436e+01   7.369121e-03   1.933819e-02   619172
  2.312162e+01   1.496768e+01   7.375923e-03   1.947979e-02   607758
  2.314716e+01   1.501488e+01   7.384041e-03   1.976086e-02   597014
  2.317270e+01   1.495279e+01   7.376712e-03   1.980016e-02   585206
  2.319820e+01   1.498563e+01   7.354974e-03   2.011199e-02   572598
  2.322367e+01   1.496701e+01   7.349032e-03   2.035789e-02   561686
  2.324917e+01   1.498805e+01   7.353239e-03   2.045231e-02   551558
  2.327468e+01   1.498508e+01   7.357285e-03   2.062830e-02   541098
  2.330014e+01   1.494873e+01   7.325793e-03   2.081642e-02   527966
  2.332562e+01   1.501279e+01   7.376852e-03   2.108980e-02   520622
  2.335117e+01   1.502060e+01   7.386148e-03   2.131983e-02   510302
  2.337672e+01   1.501384e+01   7.382565e-03   2.143848e-02   499614
  2.340224e+01   1.506425e+01   7.375292e-03   2.176710e-02   489302
  2.342778e+01   1.505742e+01   7.375236e-03   2.200536e-02   479678
  2.345329e+01   1.501688e+01   7.352971e-03   2.223144e-02   468666
  2.347875e+01   1.506333e+01   7.329761e-03   2.241768e-02   457910
  2.350421e+01   1.505347e+01   7.344495e-03   2.265706e-02   449510
  2.352971e+01   1.508047e+01   7.353075e-03   2.300501e-02   440310
  2.355521e+01   1.508303e+01   7.364334e-03   2.326863e-02   430934
  2.358073e+01   1.504495e+01   7.379513e-03   2.337711e-02   422024
  2.360625e+01   1.508825e+01   7.381391e-03   2.370560e-02   412886
  2.363179e+01   1.517611e+01   7.386646e-03   2.413062e-02   404310
  2.365734e+01   1.515640e+01   7.381267e-03   2.437152e-02   395438
  2.368286e+01   1.510344e+01   7.347485e-03   2.454521e-02   385298
  2.370833e+01   1.515386e+01   7.341789e-03   2.487304e-02   376776
  2.373377e+01   1.512657e+01   7.320960e-03   2.525246e-02   367430
  2.375924e+01   1.514342e+01   7.349948e-03   2.535393e-02   360302
  2.378474e+01   1.527799e+01   7.357710e-03   2.598289e-02   351830
  2.381028e+01   1.527426e+01   7.399637e-03   2.628407e-02   345024
  2.383584e+01   1.525367e+01   7.384100e-03   2.646196e-02   335918
  2.386136e+01   1.528018e+01   7.381599e-03   2.684438e-02   327878
  2.388688e+01   1.534059e+01   7.378710e-03   2.726111e-02   320250
  2.391241e+01   1.536459e+01   7.361769e-03   2.768113e-02   312296
  2.393791e+01   1.535767e+01   7.334340e-03   2.804921e-02   303926
  2.396337e+01   1.531387e+01   7.333206e-03   2.842923e-02   296502
  2.398881e+01   1.548249e+01   7.315382e-03   2.898212e-02   288248
  2.401426e+01   1.545194e+01   7.359470e-03   2.939974e-02   282206
  2.403980e+01   1.554875e+01   7.394961e-03   2.978042e-02   275822
  2.406537e+01   1.558758e+01   7.399099e-03   3.027226e-02   268560
  2.409092e+01   1.558691e+01   7.390828e-03   3.078800e-02   261206
  2.411646e+01   1.569302e+01   7.386125e-03   3.136777e-02   254360
  2.414200e+01   1.565640e+01   7.370012e-03   3.171170e-02   247506
  2.416750e+01   1.569494e+01   7.331579e-03   3.215182e-02   240086
  2.419295e+01   1.572587e+01   7.312198e-03   3.286041e-02   233168
  2.421838e+01   1.578737e+01   7.318970e-03   3.348844e-02   226806
  2.424380e+01   1.582091e+01   7.330089e-03   3.396739e-02   220280
  2.426931e+01   1.579316e+01   7.407244e-03   3.427225e-02   215702
  2.429491e+01   1.580075e+01   7.413551e-03   3.476407e-02   209408
  2.432046e+01   1.589959e+01   7.383828e-03   3.537806e-02   202518
  2.434601e+01   1.589332e+01   7.402521e-03   3.596096e-02   197222
  2.437157e+01   1.602708e+01   7.373169e-03   3.669349e-02   190880
  2.439709e+01   1.602758e+01   7.342463e-03   3.740268e-02   184794
  2.442253e+01   1.609076e+01   7.292030e-03   3.845515e-02   178328
  2.444792e+01   1.610122e+01   7.290434e-03   3.875225e-02   172838
  2.447328e+01   1.613452e+01   7.291834e-03   3.952387e-02   167016
  2.449879e+01   1.625317e+01   7.431836e-03   4.025988e-02   163976
  2.452446e+01   1.624361e+01   7.449486e-03   4.092629e-02   158486
  2.455006e+01   1.640893e+01   7.404019e-03   4.204415e-02   152384
  2.457560e+01   1.645040e+01   7.394682e-03   4.306613e-02   147462
  2.460114e+01   1.646964e+01   7.357903e-03   4.366526e-02   142112
  2.462663e+01   1.646210e+01   7.336378e-03   4.444812e-02   137102
  2.465211e+01   1.646707e+01   7.316252e-03   4.536502e-02   132144
  2.467752e+01   1.654921e+01   7.283118e-03   4.647682e-02   127010
  2.470284e+01   1.668592e+01   7.253132e-03   4.769203e-02   121832
  2.472829e+01   1.678501e+01   7.397873e-03   4.857359e-02   119096
  2.475392e+01   1.685829e+01   7.444805e-03   4.993569e-02   114702
  2.477956e+01   1.694113e+01   7.462789e-03   5.127402e-02   110312
  2.480517e+01   1.706381e+01   7.434308e-03   5.247427e-02   105734
  2.483076e+01   1.705685e+01   7.397566e-03   5.359228e-02   101544
  2.485627e+01   1.711225e+01   7.301752e-03   5.528495e-02   96824
  2.488168e+01   1.710932e+01   7.246997e-03   5.647072e-02   92582
  2.490698e+01   1.739378e+01   7.204423e-03   5.854626e-02   88248
  2.493224e+01   1.738818e+01   7.257535e-03   5.996745e-02   84728
  2.495776e+01   1.753993e+01   7.453949e-03   6.141837e-02   82454
  2.498353e+01   1.746377e+01   7.531963e-03   6.175362e-02   79076
  2.500921e+01   1.766275e+01   7.439378e-03   6.483913e-02   74568
  2.503475e+01   1.769595e+01   7.405401e-03   6.593950e-02   71054
  2.506026e+01   1.797211e+01   7.359057e-03   6.917725e-02   67544
  2.508578e+01   1.801395e+01   7.350851e-03   7.049936e-02   64440
  2.511127e+01   1.815422e+01   7.285050e-03   7.330365e-02   60902
  2.513667e+01   1.825835e+01   7.239842e-03   7.570531e-02   57656
  2.516188e+01   1.820424e+01   7.131070e-03   7.834796e-02   53976
  2.518711e+01   1.846823e+01   7.280183e-03   8.077157e-02   51806
  2.521267e+01   1.851407e+01   7.484844e-03   8.279008e-02   49688
  2.523842e+01   1.839964e+01   7.555911e-03   8.484023e-02   46856
  2.526422e+01   1.873315e+01   7.597859e-03   8.962155e-02   44256
  2.529008e+01   1.864801e+01   7.559996e-03   9.078704e-02   41654
  2.531583e+01   1.891950e+01   7.348482e-03   9.693607e-02   38612
  2.534123e+01   1.878762e+01   7.062272e-03   1.009601e-01   35496
  2.536623e+01   1.916596e+01   6.874760e-03   1.069955e-01   32768
  2.539091e+01   1.920884e+01   6.774850e-03   1.105725e-01   30254
  2.541583e+01   1.938445e+01   7.146931e-03   1.129152e-01   29024
  2.544166e+01   1.953334e+01   7.771822e-03   1.162345e-01   28176
  2.546816e+01   1.947909e+01   8.033691e-03   1.223086e-01   26336
  2.549464e+01   1.961512e+01   7.802484e-03   1.269340e-01   23822
  2.552058e+01   2.003347e+01   7.252601e-03   1.389922e-01   21096
  2.554587e+01   2.000604e+01   6.879531e-03   1.451923e-01   19016
  2.557068e+01   2.017623e+01   6.569579e-03   1.540186e-01   17024
  2.559507e+01   2.033127e+01   6.425255e-03   1.646879e-01   15360
  2.561919e+01   2.056066e+01   6.295402e-03   1.746886e-01   13814
  2.564393e+01   2.082319e+01   6.997366e-03   1.825601e-01   13112
  2.567113e+01   2.019731e+01   8.707019e-03   1.747779e-01   13520
  2.569910e+01   2.097564e+01   8.295570e-03   1.950700e-01   11124
  2.572577e+01   2.083278e+01   7.121835e-03   2.217376e-01   9080
  2.575089e+01   2.131354e+01   6.225623e-03   2.513341e-01   7526
  2.577504e+01   2.143074e+01   6.069238e-03   2.592392e-01   6504
  2.579905e+01   2.149357e+01   6.054644e-03   2.922912e-01   5624
  2.582307e+01   2.143244e+01   6.043297e-03   3.158113e-01   4808
  2.584710e+01   2.183763e+01   6.034656e-03   3.464484e-01   4056
  2.587276e+01   2.181529e+01   7.717166e-03   3.397110e-01   3704
  2.590170e+01   2.200970e+01   9.550888e-03   3.603885e-01   3560
  2.593119e+01   2.245143e+01   6.077834e-03   5.084681e-01   1934
  2.595529e+01   2.272927e+01   6.014157e-03   6.000580e-01   1464
  2.597932e+01   2.251419e+01   6.009183e-03   6.754679e-01   1064
  2.600334e+01   2.256252e+01   6.000632e-03   8.788174e-01   728
  2.602731e+01   2.311712e+01   5.983389e-03   1.068017e+00   456
  2.605118e+01   2.557029e+01   5.942607e-03   1.735402e+00   248
  2.607479e+01   1.738250e+01   5.817994e-03   1.910523e+00   104
  2.609756e+01   2.720721e+01   5.233565e-03   4.010272e+00   24
