# power spectrum of delta
# redshift z=50.000000
# k              Pk             sigma(k)       sigma(Pk)      count
  2.094395e-02   4.442527e-06   1.873193e-10   1.805213e-06   6
  4.041873e-02   2.788536e-05   7.123136e-03   6.739927e-06   50
  6.490740e-02   9.906039e-05   7.704015e-03   8.358393e-06   146
  8.919218e-02   1.807928e-04   6.515352e-03   1.067252e-05   258
  1.152383e-01   2.363793e-04   7.588046e-03   1.110884e-05   488
  1.414449e-01   3.674580e-04   7.538441e-03   1.535027e-05   698
  1.659742e-01   4.292009e-04   7.050465e-03   1.455474e-05   906
  1.914641e-01   5.014083e-04   7.471609e-03   1.388444e-05   1334
  2.173330e-01   5.766876e-04   6.995022e-03   1.409949e-05   1610
  2.424567e-01   6.856727e-04   7.345390e-03   1.563607e-05   2024
  2.678993e-01   7.648244e-04   7.580509e-03   1.538424e-05   2538
  2.938190e-01   8.204387e-04   7.447628e-03   1.561630e-05   3074
  3.195712e-01   9.362835e-04   7.220239e-03   1.668333e-05   3530
  3.446864e-01   9.788320e-04   7.270973e-03   1.535515e-05   4056
  3.699787e-01   1.075356e-03   7.428541e-03   1.577539e-05   4814
  3.958636e-01   1.105901e-03   7.424289e-03   1.513005e-05   5570
  4.214096e-01   1.209584e-03   7.192216e-03   1.584082e-05   6090
  4.461528e-01   1.297833e-03   7.017327e-03   1.636542e-05   6674
  4.716496e-01   1.332107e-03   7.522617e-03   1.465426e-05   8000
  4.976255e-01   1.440240e-03   7.432317e-03   1.541424e-05   8690
  5.234355e-01   1.471160e-03   7.563486e-03   1.536865e-05   9762
  5.488848e-01   1.527799e-03   7.139761e-03   1.472448e-05   10262
  5.740202e-01   1.608700e-03   7.208672e-03   1.538311e-05   11384
  5.998726e-01   1.633022e-03   7.605282e-03   1.450065e-05   12978
  6.254488e-01   1.745952e-03   7.225996e-03   1.529272e-05   13322
  6.507142e-01   1.736391e-03   7.369919e-03   1.438160e-05   14858
  6.762540e-01   1.822318e-03   7.250774e-03   1.459009e-05   15858
  7.016736e-01   1.836517e-03   7.353014e-03   1.407017e-05   17120
  7.269255e-01   1.936608e-03   7.307103e-03   1.465265e-05   18206
  7.526206e-01   1.981505e-03   7.525550e-03   1.404503e-05   20282
  7.783742e-01   2.001205e-03   7.276293e-03   1.371181e-05   20946
  8.037396e-01   2.072307e-03   7.373172e-03   1.393579e-05   22514
  8.292023e-01   2.117131e-03   7.345694e-03   1.374478e-05   23936
  8.546745e-01   2.192471e-03   7.347089e-03   1.410354e-05   25458
  8.800992e-01   2.214637e-03   7.329232e-03   1.362834e-05   26882
  9.054925e-01   2.316141e-03   7.338127e-03   1.382809e-05   28514
  9.311790e-01   2.353673e-03   7.460228e-03   1.345354e-05   30740
  9.568777e-01   2.336542e-03   7.357333e-03   1.334227e-05   31866
  9.821952e-01   2.432323e-03   7.331624e-03   1.352933e-05   33314
  1.007650e+00   2.433221e-03   7.414657e-03   1.303545e-05   35666
  1.033253e+00   2.526359e-03   7.318024e-03   1.340157e-05   37242
  1.058762e+00   2.548596e-03   7.338439e-03   1.307985e-05   39008
  1.084162e+00   2.567347e-03   7.377341e-03   1.280539e-05   40874
  1.109663e+00   2.575258e-03   7.384274e-03   1.249885e-05   43134
  1.135231e+00   2.675215e-03   7.323407e-03   1.278192e-05   44906
  1.160648e+00   2.699096e-03   7.324475e-03   1.264021e-05   46688
  1.186063e+00   2.762898e-03   7.393303e-03   1.262432e-05   49106
  1.211638e+00   2.787523e-03   7.403029e-03   1.227943e-05   51498
  1.237270e+00   2.843013e-03   7.385683e-03   1.234796e-05   53570
  1.262712e+00   2.860592e-03   7.321723e-03   1.231432e-05   55226
  1.288093e+00   2.911857e-03   7.341969e-03   1.221324e-05   57708
  1.313634e+00   2.922972e-03   7.407574e-03   1.205923e-05   60530
  1.339301e+00   2.982004e-03   7.432212e-03   1.196512e-05   63050
  1.364534e+00   2.987893e-03   7.161349e-03   1.197599e-05   63138
  1.389920e+00   3.058861e-03   7.475118e-03   1.178676e-05   68594
  1.415805e+00   3.074745e-03   7.439430e-03   1.167985e-05   70664
  1.441273e+00   3.102497e-03   7.308630e-03   1.168577e-05   71594
  1.466675e+00   3.129528e-03   7.411357e-03   1.154624e-05   75438
  1.492191e+00   3.184914e-03   7.301996e-03   1.164156e-05   77258
  1.517767e+00   3.211574e-03   7.436078e-03   1.138004e-05   81128
  1.543221e+00   3.245235e-03   7.296345e-03   1.143094e-05   82098
  1.568696e+00   3.277809e-03   7.424693e-03   1.124822e-05   86690
  1.594426e+00   3.337139e-03   7.389266e-03   1.131908e-05   89306
  1.619960e+00   3.368184e-03   7.318410e-03   1.117288e-05   91074
  1.645323e+00   3.387517e-03   7.332853e-03   1.116596e-05   93908
  1.670710e+00   3.381480e-03   7.343977e-03   1.093760e-05   97106
  1.696187e+00   3.463245e-03   7.356873e-03   1.103145e-05   100370
  1.721752e+00   3.469830e-03   7.394531e-03   1.095531e-05   103914
  1.747332e+00   3.492329e-03   7.360597e-03   1.077631e-05   106616
  1.772874e+00   3.531754e-03   7.362187e-03   1.067591e-05   109850
  1.798406e+00   3.539553e-03   7.360683e-03   1.071238e-05   112842
  1.823780e+00   3.576568e-03   7.293039e-03   1.068344e-05   114914
  1.849190e+00   3.623445e-03   7.358923e-03   1.058694e-05   119582
  1.874776e+00   3.619626e-03   7.367534e-03   1.040762e-05   122888
  1.900308e+00   3.660940e-03   7.385270e-03   1.034420e-05   126090
  1.925820e+00   3.719103e-03   7.366580e-03   1.041781e-05   129482
  1.951341e+00   3.728115e-03   7.334265e-03   1.034521e-05   132818
  1.976809e+00   3.748483e-03   7.322888e-03   1.029437e-05   135810
  2.002209e+00   3.785931e-03   7.346060e-03   1.028226e-05   139304
  2.027792e+00   3.818516e-03   7.442133e-03   1.015021e-05   145022
  2.053380e+00   3.820213e-03   7.308775e-03   1.016152e-05   146370
  2.078794e+00   3.851542e-03   7.334480e-03   1.002025e-05   150338
  2.104269e+00   3.919566e-03   7.371946e-03   1.009289e-05   154544
  2.129794e+00   3.921671e-03   7.373878e-03   9.979016e-06   158546
  2.155453e+00   3.966136e-03   7.427055e-03   9.929999e-06   163602
  2.180972e+00   3.971572e-03   7.309285e-03   9.811926e-06   164642
  2.206370e+00   3.989995e-03   7.351997e-03   9.812958e-06   169790
  2.231837e+00   3.991611e-03   7.324438e-03   9.694200e-06   173136
  2.257387e+00   4.059824e-03   7.423329e-03   9.696119e-06   179090
  2.282912e+00   4.067951e-03   7.329232e-03   9.670988e-06   180890
  2.308457e+00   4.082013e-03   7.404053e-03   9.504491e-06   187434
  2.333949e+00   4.125266e-03   7.276406e-03   9.576425e-06   188000
  2.359383e+00   4.152723e-03   7.426870e-03   9.492367e-06   195338
  2.384874e+00   4.165340e-03   7.330167e-03   9.448058e-06   197246
  2.410353e+00   4.184416e-03   7.377053e-03   9.402634e-06   203394
  2.435901e+00   4.221986e-03   7.347720e-03   9.347698e-06   206834
  2.461361e+00   4.203177e-03   7.352103e-03   9.231062e-06   210728
  2.486883e+00   4.254912e-03   7.408456e-03   9.260687e-06   216930
  2.512465e+00   4.254916e-03   7.356142e-03   9.141443e-06   220226
  2.537932e+00   4.271525e-03   7.338615e-03   9.142462e-06   224018
  2.563367e+00   4.307386e-03   7.347478e-03   9.169123e-06   228644
  2.588906e+00   4.351773e-03   7.404034e-03   9.071414e-06   235098
  2.614571e+00   4.376590e-03   7.419460e-03   9.006723e-06   240098
  2.640032e+00   4.373201e-03   7.303768e-03   9.011857e-06   240794
  2.665399e+00   4.405624e-03   7.353580e-03   8.907191e-06   247626
  2.690948e+00   4.402860e-03   7.383215e-03   8.777518e-06   253472
  2.716502e+00   4.449591e-03   7.379669e-03   8.842983e-06   257594
  2.741989e+00   4.471450e-03   7.366069e-03   8.808380e-06   261954
  2.767506e+00   4.484783e-03   7.373825e-03   8.746485e-06   267830
  2.793068e+00   4.524433e-03   7.364123e-03   8.725555e-06   272474
  2.818538e+00   4.520841e-03   7.347491e-03   8.672076e-06   276008
  2.843958e+00   4.532492e-03   7.368971e-03   8.570451e-06   281754
  2.869505e+00   4.549306e-03   7.394802e-03   8.527254e-06   288578
  2.895121e+00   4.567319e-03   7.386730e-03   8.492841e-06   293450
  2.920590e+00   4.610427e-03   7.325223e-03   8.503514e-06   295680
  2.946058e+00   4.606057e-03   7.393210e-03   8.418087e-06   304022
  2.971618e+00   4.621208e-03   7.353750e-03   8.376499e-06   307994
  2.997119e+00   4.641172e-03   7.361330e-03   8.390591e-06   313338
  3.022499e+00   4.680271e-03   7.291353e-03   8.388827e-06   315722
  3.048006e+00   4.668731e-03   7.422779e-03   8.238350e-06   327056
  3.073649e+00   4.708657e-03   7.377998e-03   8.274294e-06   330098
  3.099149e+00   4.710489e-03   7.360021e-03   8.192446e-06   334650
  3.124623e+00   4.749674e-03   7.344466e-03   8.211911e-06   340238
  3.150029e+00   4.752891e-03   7.295384e-03   8.180454e-06   343616
  3.175592e+00   4.781092e-03   7.449711e-03   8.091053e-06   355986
  3.201196e+00   4.812645e-03   7.341603e-03   8.083256e-06   356162
  3.226615e+00   4.817308e-03   7.337068e-03   8.108015e-06   362354
  3.252120e+00   4.831552e-03   7.358113e-03   8.042332e-06   369474
  3.277642e+00   4.867013e-03   7.364375e-03   8.023952e-06   374696
  3.303139e+00   4.884790e-03   7.372139e-03   7.934627e-06   380774
  3.328682e+00   4.874263e-03   7.376858e-03   7.912321e-06   387530
  3.354217e+00   4.910606e-03   7.353481e-03   7.897495e-06   392346
  3.379688e+00   4.931405e-03   7.345952e-03   7.893871e-06   397490
  3.405140e+00   4.929110e-03   7.351647e-03   7.851869e-06   404024
  3.430725e+00   4.964811e-03   7.408667e-03   7.808145e-06   413538
  3.456243e+00   4.973718e-03   7.315991e-03   7.810165e-06   414266
  3.481684e+00   4.983930e-03   7.363540e-03   7.705636e-06   423350
  3.507212e+00   4.982891e-03   7.356884e-03   7.662945e-06   429224
  3.532706e+00   5.008833e-03   7.357692e-03   7.689657e-06   434898
  3.558224e+00   5.017086e-03   7.391743e-03   7.594063e-06   442754
  3.583745e+00   5.037395e-03   7.358544e-03   7.593533e-06   447842
  3.609237e+00   5.049089e-03   7.340691e-03   7.601309e-06   453906
  3.634764e+00   5.086899e-03   7.379481e-03   7.552581e-06   462008
  3.660246e+00   5.100440e-03   7.346019e-03   7.533159e-06   465746
  3.685744e+00   5.093965e-03   7.382125e-03   7.477546e-06   475518
  3.711289e+00   5.104080e-03   7.343917e-03   7.455055e-06   480074
  3.736776e+00   5.137020e-03   7.361129e-03   7.435841e-06   486704
  3.762257e+00   5.129294e-03   7.371796e-03   7.355870e-06   493682
  3.787731e+00   5.166379e-03   7.348094e-03   7.375070e-06   499458
  3.813253e+00   5.186149e-03   7.384327e-03   7.343963e-06   508874
  3.838784e+00   5.181972e-03   7.356201e-03   7.290614e-06   513530
  3.864291e+00   5.201604e-03   7.371075e-03   7.295840e-06   521652
  3.889813e+00   5.210067e-03   7.360567e-03   7.266701e-06   527762
  3.915341e+00   5.227480e-03   7.382957e-03   7.196229e-06   535898
  3.940780e+00   5.239419e-03   7.313419e-03   7.194044e-06   538074
  3.966243e+00   5.275513e-03   7.379204e-03   7.157406e-06   550562
  3.991852e+00   5.282109e-03   7.396797e-03   7.138600e-06   558392
  4.017351e+00   5.282360e-03   7.345294e-03   7.127247e-06   560522
  4.042795e+00   5.312369e-03   7.371024e-03   7.086556e-06   570366
  4.068286e+00   5.309285e-03   7.342311e-03   7.076721e-06   576290
  4.093801e+00   5.329095e-03   7.381356e-03   7.009101e-06   586016
  4.119292e+00   5.334449e-03   7.350810e-03   6.989907e-06   590178
  4.144811e+00   5.356335e-03   7.396764e-03   6.968327e-06   602090
  4.170363e+00   5.358330e-03   7.345928e-03   6.938378e-06   605834
  4.195849e+00   5.376384e-03   7.364704e-03   6.912098e-06   614210
  4.221384e+00   5.402368e-03   7.384356e-03   6.911718e-06   623076
  4.246873e+00   5.404128e-03   7.343391e-03   6.886778e-06   627194
  4.272356e+00   5.402002e-03   7.375414e-03   6.819427e-06   637706
  4.297876e+00   5.422390e-03   7.362245e-03   6.815918e-06   644178
  4.323354e+00   5.425559e-03   7.348692e-03   6.793884e-06   651056
  4.348869e+00   5.445450e-03   7.374286e-03   6.768859e-06   661130
  4.374409e+00   5.467829e-03   7.373714e-03   6.730803e-06   668106
  4.399910e+00   5.459739e-03   7.359532e-03   6.703257e-06   674894
  4.425387e+00   5.482222e-03   7.342198e-03   6.705583e-06   682082
  4.450903e+00   5.513679e-03   7.375276e-03   6.683708e-06   692480
  4.476432e+00   5.503831e-03   7.375072e-03   6.630171e-06   699258
  4.501885e+00   5.520168e-03   7.336800e-03   6.641972e-06   704354
  4.527378e+00   5.529484e-03   7.372539e-03   6.600361e-06   716810
  4.552863e+00   5.546809e-03   7.328466e-03   6.602333e-06   720138
  4.578399e+00   5.541005e-03   7.414456e-03   6.518754e-06   736064
  4.603934e+00   5.556969e-03   7.335916e-03   6.515469e-06   736742
  4.629437e+00   5.577488e-03   7.381231e-03   6.511893e-06   750090
  4.654964e+00   5.581930e-03   7.349212e-03   6.503196e-06   754778
  4.680441e+00   5.582178e-03   7.358059e-03   6.469076e-06   763712
  4.705924e+00   5.613581e-03   7.355793e-03   6.461949e-06   771890
  4.731472e+00   5.609071e-03   7.394109e-03   6.387224e-06   784290
  4.756995e+00   5.620173e-03   7.346113e-03   6.397488e-06   787274
  4.782410e+00   5.622204e-03   7.329464e-03   6.347252e-06   794726
  4.807954e+00   5.648969e-03   7.402272e-03   6.325075e-06   811632
  4.833545e+00   5.659461e-03   7.368121e-03   6.328555e-06   815426
  4.859026e+00   5.662699e-03   7.349814e-03   6.320056e-06   822146
  4.884516e+00   5.676715e-03   7.358509e-03   6.273979e-06   832738
  4.910059e+00   5.676919e-03   7.375884e-03   6.239486e-06   842752
  4.935559e+00   5.701910e-03   7.355268e-03   6.249388e-06   848018
  4.961031e+00   5.706259e-03   7.365136e-03   6.216939e-06   858614
  4.986536e+00   5.715452e-03   7.354438e-03   6.183279e-06   867330
  5.012024e+00   5.731253e-03   7.346916e-03   6.194067e-06   875066
  5.037521e+00   5.735220e-03   7.371761e-03   6.149933e-06   886040
  5.063098e+00   5.739066e-03   7.401096e-03   6.117312e-06   899058
  5.088646e+00   5.756845e-03   7.339706e-03   6.112636e-06   901322
  5.114060e+00   5.751938e-03   7.325146e-03   6.095211e-06   907922
  5.139544e+00   5.766241e-03   7.388109e-03   6.046653e-06   924548
  5.165087e+00   5.785199e-03   7.360044e-03   6.050008e-06   930522
  5.190617e+00   5.789416e-03   7.378221e-03   6.026613e-06   941906
  5.216116e+00   5.794637e-03   7.347520e-03   6.020245e-06   946802
  5.241631e+00   5.803235e-03   7.385776e-03   5.983880e-06   961866
  5.267164e+00   5.816229e-03   7.346424e-03   5.979906e-06   966104
  5.292642e+00   5.811584e-03   7.367530e-03   5.937403e-06   977090
  5.318144e+00   5.838060e-03   7.368347e-03   5.941369e-06   987006
  5.343657e+00   5.845279e-03   7.358130e-03   5.897224e-06   996410
  5.369188e+00   5.842868e-03   7.367897e-03   5.869341e-06   1007018
  5.394677e+00   5.865629e-03   7.351679e-03   5.885434e-06   1012712
  5.420186e+00   5.857434e-03   7.395231e-03   5.824782e-06   1028394
  5.445709e+00   5.869341e-03   7.345496e-03   5.829855e-06   1032434
  5.471171e+00   5.875712e-03   7.349295e-03   5.814300e-06   1042658
  5.496689e+00   5.889849e-03   7.385049e-03   5.796771e-06   1056696
  5.522177e+00   5.896061e-03   7.337841e-03   5.784929e-06   1060142
  5.547700e+00   5.912732e-03   7.394181e-03   5.756651e-06   1078706
  5.573233e+00   5.925334e-03   7.345490e-03   5.759697e-06   1081002
  5.598698e+00   5.921210e-03   7.356737e-03   5.711103e-06   1092818
  5.624194e+00   5.923111e-03   7.359845e-03   5.682111e-06   1103072
  5.649718e+00   5.950406e-03   7.383227e-03   5.678218e-06   1115930
  5.675249e+00   5.944033e-03   7.366868e-03   5.667180e-06   1123602
  5.700727e+00   5.938460e-03   7.346065e-03   5.637175e-06   1131638
  5.726216e+00   5.970311e-03   7.358860e-03   5.648718e-06   1144112
  5.751763e+00   5.966757e-03   7.388963e-03   5.602357e-06   1157706
  5.777272e+00   5.959029e-03   7.350537e-03   5.591678e-06   1161674
  5.802757e+00   5.985963e-03   7.364804e-03   5.583772e-06   1175642
  5.828289e+00   5.987840e-03   7.364879e-03   5.545824e-06   1186250
  5.853783e+00   6.001922e-03   7.351825e-03   5.547995e-06   1192968
  5.879270e+00   6.003865e-03   7.377555e-03   5.515293e-06   1207214
  5.904809e+00   6.006020e-03   7.374073e-03   5.503795e-06   1218290
  5.930311e+00   6.013999e-03   7.347396e-03   5.491254e-06   1224522
  5.955783e+00   6.024739e-03   7.359483e-03   5.481846e-06   1236722
  5.981289e+00   6.032786e-03   7.367166e-03   5.450298e-06   1248896
  6.006817e+00   6.041560e-03   7.371668e-03   5.432110e-06   1260186
  6.032316e+00   6.040815e-03   7.353402e-03   5.417462e-06   1267634
  6.057797e+00   6.050373e-03   7.357581e-03   5.402313e-06   1279670
  6.083302e+00   6.063697e-03   7.362654e-03   5.381857e-06   1291400
  6.108840e+00   6.055130e-03   7.382392e-03   5.362980e-06   1304898
  6.134379e+00   6.083191e-03   7.372474e-03   5.364169e-06   1313426
  6.159855e+00   6.084490e-03   7.343986e-03   5.349209e-06   1320482
  6.185330e+00   6.073613e-03   7.353712e-03   5.313008e-06   1334370
  6.210891e+00   6.085160e-03   7.394115e-03   5.296345e-06   1351712
  6.236415e+00   6.099461e-03   7.346193e-03   5.305529e-06   1353278
  6.261886e+00   6.087993e-03   7.359241e-03   5.258964e-06   1368162
  6.287403e+00   6.103141e-03   7.358316e-03   5.248505e-06   1379666
  6.312867e+00   6.115369e-03   7.336863e-03   5.254939e-06   1385120
  6.338363e+00   6.116301e-03   7.390988e-03   5.219015e-06   1406378
  6.363941e+00   6.123046e-03   7.377138e-03   5.199868e-06   1415970
  6.389439e+00   6.128694e-03   7.340919e-03   5.195062e-06   1420394
  6.414933e+00   6.138795e-03   7.374625e-03   5.177141e-06   1438250
  6.440436e+00   6.143364e-03   7.345189e-03   5.170674e-06   1444116
  6.465918e+00   6.136977e-03   7.362911e-03   5.128477e-06   1458842
  6.491438e+00   6.162718e-03   7.371056e-03   5.129643e-06   1471610
  6.516921e+00   6.155288e-03   7.340542e-03   5.124408e-06   1477866
  6.542403e+00   6.161396e-03   7.359540e-03   5.087946e-06   1493810
  6.567923e+00   6.166202e-03   7.367977e-03   5.076137e-06   1506032
  6.593462e+00   6.165170e-03   7.384462e-03   5.065029e-06   1519802
  6.618983e+00   6.170087e-03   7.361122e-03   5.047278e-06   1527654
  6.644490e+00   6.189865e-03   7.360487e-03   5.040004e-06   1540874
  6.669967e+00   6.187369e-03   7.340671e-03   5.041963e-06   1547576
  6.695454e+00   6.193217e-03   7.378056e-03   5.010549e-06   1566738
  6.720978e+00   6.192165e-03   7.357950e-03   4.997851e-06   1575554
  6.746515e+00   6.210321e-03   7.375144e-03   4.978399e-06   1591874
  6.772051e+00   6.203027e-03   7.359599e-03   4.963130e-06   1599482
  6.797518e+00   6.218939e-03   7.347453e-03   4.963425e-06   1607916
  6.823032e+00   6.214969e-03   7.389035e-03   4.928485e-06   1629482
  6.848574e+00   6.222220e-03   7.359831e-03   4.920595e-06   1635530
  6.874038e+00   6.232101e-03   7.342653e-03   4.915614e-06   1644018
  6.899504e+00   6.224836e-03   7.357156e-03   4.894137e-06   1660064
  6.925011e+00   6.243455e-03   7.363592e-03   4.886352e-06   1673666
  6.950564e+00   6.234754e-03   7.390464e-03   4.856906e-06   1691178
  6.976082e+00   6.244513e-03   7.347487e-03   4.856778e-06   1694150
  7.001548e+00   6.245201e-03   7.350123e-03   4.831640e-06   1708466
  7.027045e+00   6.255235e-03   7.361935e-03   4.818149e-06   1722752
  7.052524e+00   6.255954e-03   7.354998e-03   4.806531e-06   1731882
  7.078022e+00   6.267208e-03   7.376293e-03   4.801626e-06   1750730
  7.103585e+00   6.272502e-03   7.376736e-03   4.786831e-06   1764962
  7.129099e+00   6.267628e-03   7.346959e-03   4.766439e-06   1769370
  7.154581e+00   6.278314e-03   7.369608e-03   4.757354e-06   1786676
  7.180090e+00   6.278810e-03   7.362830e-03   4.740925e-06   1798370
  7.205609e+00   6.304126e-03   7.369089e-03   4.744535e-06   1813482
  7.231123e+00   6.298714e-03   7.357571e-03   4.726713e-06   1822898
  7.256627e+00   6.284246e-03   7.370928e-03   4.699429e-06   1838432
  7.282155e+00   6.291255e-03   7.373386e-03   4.682089e-06   1852058
  7.307666e+00   6.299682e-03   7.361505e-03   4.679940e-06   1861794
  7.333149e+00   6.293215e-03   7.358806e-03   4.659224e-06   1874162
  7.358623e+00   6.302259e-03   7.351475e-03   4.655475e-06   1886534
  7.384164e+00   6.293892e-03   7.389981e-03   4.617796e-06   1909464
  7.409699e+00   6.312356e-03   7.358477e-03   4.618580e-06   1912946
  7.435162e+00   6.318757e-03   7.351519e-03   4.612796e-06   1925258
  7.460671e+00   6.313709e-03   7.371944e-03   4.586040e-06   1945418
  7.486184e+00   6.330866e-03   7.352028e-03   4.602128e-06   1952280
  7.511686e+00   6.331905e-03   7.379041e-03   4.580275e-06   1971218
  7.537194e+00   6.327467e-03   7.359560e-03   4.557370e-06   1980254
  7.562688e+00   6.335484e-03   7.358769e-03   4.551987e-06   1994922
  7.588210e+00   6.343978e-03   7.370704e-03   4.537213e-06   2011754
  7.613722e+00   6.341125e-03   7.354168e-03   4.520028e-06   2020208
  7.639221e+00   6.331039e-03   7.367104e-03   4.504642e-06   2037402
  7.664736e+00   6.349745e-03   7.359654e-03   4.497683e-06   2049602
  7.690250e+00   6.354270e-03   7.365832e-03   4.480353e-06   2064338
  7.715745e+00   6.349891e-03   7.353552e-03   4.476626e-06   2074316
  7.741258e+00   6.346936e-03   7.373699e-03   4.448067e-06   2094450
  7.766807e+00   6.363235e-03   7.374515e-03   4.456812e-06   2107706
  7.792299e+00   6.362359e-03   7.347257e-03   4.440729e-06   2113538
  7.817752e+00   6.374708e-03   7.344616e-03   4.435162e-06   2128170
  7.843265e+00   6.377885e-03   7.375784e-03   4.414685e-06   2150936
  7.868810e+00   6.370176e-03   7.372240e-03   4.397465e-06   2162258
  7.894314e+00   6.376452e-03   7.357042e-03   4.392762e-06   2172390
  7.919814e+00   6.384975e-03   7.359669e-03   4.386136e-06   2188754
  7.945318e+00   6.379915e-03   7.355894e-03   4.372049e-06   2201210
  7.970811e+00   6.393275e-03   7.361815e-03   4.356289e-06   2215424
  7.996321e+00   6.377857e-03   7.373640e-03   4.333755e-06   2233338
  8.021821e+00   6.392547e-03   7.348152e-03   4.336158e-06   2241386
  8.047325e+00   6.402526e-03   7.369047e-03   4.328686e-06   2262218
  8.072811e+00   6.395300e-03   7.340615e-03   4.317358e-06   2267196
  8.098334e+00   6.400736e-03   7.391919e-03   4.285763e-06   2297690
  8.123880e+00   6.416485e-03   7.353296e-03   4.302358e-06   2300042
  8.149358e+00   6.416539e-03   7.355116e-03   4.286942e-06   2314410
  8.174853e+00   6.408575e-03   7.364016e-03   4.268738e-06   2332226
  8.200370e+00   6.414977e-03   7.363783e-03   4.255176e-06   2346968
  8.225880e+00   6.426163e-03   7.363679e-03   4.256037e-06   2360762
  8.251385e+00   6.417255e-03   7.363335e-03   4.229587e-06   2375298
  8.276899e+00   6.433058e-03   7.364839e-03   4.226433e-06   2391758
  8.302392e+00   6.417118e-03   7.345323e-03   4.210312e-06   2400032
  8.327865e+00   6.429623e-03   7.360986e-03   4.197968e-06   2418330
  8.353397e+00   6.426232e-03   7.385056e-03   4.181004e-06   2441042
  8.378926e+00   6.432339e-03   7.355046e-03   4.185212e-06   2447330
  8.404430e+00   6.430361e-03   7.363966e-03   4.162703e-06   2465546
  8.429938e+00   6.425319e-03   7.362381e-03   4.149983e-06   2478000
  8.455444e+00   6.453653e-03   7.372873e-03   4.152340e-06   2496422
  8.480958e+00   6.443380e-03   7.359921e-03   4.141324e-06   2508626
  8.506457e+00   6.449542e-03   7.359874e-03   4.130745e-06   2523594
  8.531943e+00   6.446524e-03   7.354810e-03   4.123010e-06   2536610
  8.557440e+00   6.444192e-03   7.367062e-03   4.108730e-06   2555912
  8.582965e+00   6.455090e-03   7.373258e-03   4.098846e-06   2573226
  8.608463e+00   6.443918e-03   7.350246e-03   4.079454e-06   2580434
  8.633977e+00   6.451641e-03   7.382539e-03   4.064874e-06   2607638
  8.659504e+00   6.458186e-03   7.354705e-03   4.069614e-06   2613008
  8.685007e+00   6.463716e-03   7.374775e-03   4.058461e-06   2634234
  8.710521e+00   6.461559e-03   7.365901e-03   4.047111e-06   2646434
  8.736014e+00   6.468852e-03   7.357753e-03   4.040468e-06   2660666
  8.761523e+00   6.467383e-03   7.366036e-03   4.023226e-06   2680338
  8.787049e+00   6.465384e-03   7.368477e-03   4.009821e-06   2695256
  8.812547e+00   6.468906e-03   7.360019e-03   4.016140e-06   2707022
  8.838022e+00   6.472507e-03   7.351255e-03   3.997712e-06   2721162
  8.863511e+00   6.472843e-03   7.360651e-03   3.981377e-06   2740514
  8.889023e+00   6.471010e-03   7.370397e-03   3.970819e-06   2758280
  8.914550e+00   6.472727e-03   7.375473e-03   3.960038e-06   2776034
  8.940075e+00   6.482647e-03   7.364824e-03   3.958494e-06   2788938
  8.965571e+00   6.484180e-03   7.355281e-03   3.951594e-06   2801642
  8.991062e+00   6.484333e-03   7.359515e-03   3.934455e-06   2819726
  9.016572e+00   6.488299e-03   7.364020e-03   3.926181e-06   2837352
  9.042084e+00   6.488879e-03   7.365325e-03   3.924727e-06   2853026
  9.067570e+00   6.472008e-03   7.351217e-03   3.899660e-06   2863538
  9.093065e+00   6.492126e-03   7.368240e-03   3.896206e-06   2887418
  9.118561e+00   6.493499e-03   7.345507e-03   3.894007e-06   2895354
  9.144102e+00   6.488808e-03   7.396156e-03   3.865516e-06   2930456
  9.169632e+00   6.499257e-03   7.347558e-03   3.878640e-06   2925938
  9.195115e+00   6.492580e-03   7.369936e-03   3.856073e-06   2952582
  9.220649e+00   6.500408e-03   7.366998e-03   3.853326e-06   2969474
  9.246148e+00   6.491982e-03   7.348604e-03   3.842372e-06   2977016
  9.271627e+00   6.488660e-03   7.363963e-03   3.824530e-06   2999034
  9.297144e+00   6.492770e-03   7.367021e-03   3.813590e-06   3018434
  9.322671e+00   6.497547e-03   7.363225e-03   3.813796e-06   3033914
  9.348164e+00   6.507274e-03   7.350790e-03   3.812770e-06   3043922
  9.373674e+00   6.500453e-03   7.378658e-03   3.794596e-06   3071604
  9.399208e+00   6.499968e-03   7.364437e-03   3.787828e-06   3082658
  9.424683e+00   6.505108e-03   7.343930e-03   3.782465e-06   3091082
  9.450174e+00   6.502630e-03   7.370312e-03   3.760618e-06   3119970
  9.475668e+00   6.513549e-03   7.342076e-03   3.766055e-06   3124880
  9.501187e+00   6.501619e-03   7.387781e-03   3.744892e-06   3160466
  9.526720e+00   6.513477e-03   7.353834e-03   3.750155e-06   3161970
  9.552200e+00   6.508455e-03   7.358644e-03   3.728839e-06   3181886
  9.577710e+00   6.512296e-03   7.363037e-03   3.727086e-06   3202250
  9.603235e+00   6.517590e-03   7.367464e-03   3.717194e-06   3219800
  9.628740e+00   6.511366e-03   7.361386e-03   3.706133e-06   3232482
  9.654236e+00   6.521275e-03   7.363665e-03   3.704373e-06   3251810
  9.679757e+00   6.510973e-03   7.367017e-03   3.681009e-06   3272330
  9.705247e+00   6.527488e-03   7.343493e-03   3.687960e-06   3277920
  9.730748e+00   6.513008e-03   7.381314e-03   3.667636e-06   3311078
  9.756278e+00   6.527839e-03   7.359562e-03   3.673012e-06   3319466
  9.781786e+00   6.524050e-03   7.365569e-03   3.654365e-06   3340162
  9.807269e+00   6.526572e-03   7.343717e-03   3.656211e-06   3347074
  9.832748e+00   6.529760e-03   7.367839e-03   3.634429e-06   3374672
  9.858288e+00   6.530023e-03   7.381311e-03   3.627895e-06   3398114
  9.883813e+00   6.534066e-03   7.360458e-03   3.626904e-06   3405930
  9.909307e+00   6.527813e-03   7.362166e-03   3.614982e-06   3424982
  9.934811e+00   6.522492e-03   7.361617e-03   3.605688e-06   3443618
  9.960343e+00   6.531122e-03   7.376339e-03   3.591076e-06   3467568
  9.985863e+00   6.545083e-03   7.361737e-03   3.605788e-06   3476762
  1.001135e+01   6.538204e-03   7.355785e-03   3.590535e-06   3492818
  1.003685e+01   6.532390e-03   7.365884e-03   3.568861e-06   3517154
  1.006235e+01   6.536543e-03   7.353534e-03   3.569134e-06   3527568
  1.008784e+01   6.539939e-03   7.373687e-03   3.559876e-06   3553130
  1.011337e+01   6.542709e-03   7.371166e-03   3.552363e-06   3571094
  1.013889e+01   6.536397e-03   7.364397e-03   3.541951e-06   3587850
  1.016439e+01   6.547095e-03   7.355054e-03   3.544559e-06   3601106
  1.018988e+01   6.547842e-03   7.360039e-03   3.532464e-06   3620672
  1.021537e+01   6.544791e-03   7.361210e-03   3.518704e-06   3639354
  1.024088e+01   6.542439e-03   7.368257e-03   3.506381e-06   3661394
  1.026641e+01   6.553989e-03   7.368852e-03   3.506565e-06   3679610
  1.029192e+01   6.550399e-03   7.362580e-03   3.498968e-06   3695180
  1.031742e+01   6.543877e-03   7.359296e-03   3.485689e-06   3711954
  1.034292e+01   6.549645e-03   7.367860e-03   3.480516e-06   3733202
  1.036843e+01   6.552804e-03   7.365749e-03   3.477129e-06   3751322
  1.039394e+01   6.553103e-03   7.361539e-03   3.470125e-06   3769554
  1.041945e+01   6.548713e-03   7.359581e-03   3.459029e-06   3786200
  1.044496e+01   6.548487e-03   7.371530e-03   3.443604e-06   3808850
  1.047045e+01   6.556248e-03   7.353767e-03   3.447948e-06   3819702
  1.049595e+01   6.558818e-03   7.364517e-03   3.438344e-06   3845738
  1.052147e+01   6.551084e-03   7.364071e-03   3.428363e-06   3863258
  1.054698e+01   6.562332e-03   7.365668e-03   3.430361e-06   3881216
  1.057247e+01   6.564956e-03   7.357553e-03   3.422082e-06   3895314
  1.059797e+01   6.560933e-03   7.370497e-03   3.411167e-06   3922562
  1.062349e+01   6.556432e-03   7.355939e-03   3.398514e-06   3934418
  1.064898e+01   6.558540e-03   7.361556e-03   3.392808e-06   3956076
  1.067449e+01   6.568466e-03   7.362690e-03   3.391142e-06   3975842
  1.070001e+01   6.561099e-03   7.369647e-03   3.375310e-06   3998378
  1.072552e+01   6.567575e-03   7.360187e-03   3.377565e-06   4011746
  1.075102e+01   6.572416e-03   7.358748e-03   3.373929e-06   4030794
  1.077653e+01   6.571361e-03   7.368798e-03   3.362118e-06   4055528
  1.080205e+01   6.572878e-03   7.363030e-03   3.356279e-06   4069946
  1.082756e+01   6.575072e-03   7.367951e-03   3.352313e-06   4092678
  1.085306e+01   6.561949e-03   7.355822e-03   3.338572e-06   4107098
  1.087857e+01   6.570925e-03   7.362404e-03   3.335233e-06   4129736
  1.090407e+01   6.571670e-03   7.359481e-03   3.325739e-06   4145754
  1.092957e+01   6.575135e-03   7.369499e-03   3.318146e-06   4170842
  1.095508e+01   6.577080e-03   7.357224e-03   3.323149e-06   4184906
  1.098058e+01   6.573883e-03   7.358443e-03   3.313039e-06   4205450
  1.100608e+01   6.575421e-03   7.360823e-03   3.306601e-06   4224720
  1.103161e+01   6.576784e-03   7.380198e-03   3.291789e-06   4254854
  1.105711e+01   6.574314e-03   7.344334e-03   3.294226e-06   4254938
  1.108260e+01   6.579836e-03   7.371571e-03   3.283536e-06   4290330
  1.110811e+01   6.572228e-03   7.358208e-03   3.272442e-06   4302314
  1.113362e+01   6.582931e-03   7.364088e-03   3.271411e-06   4326032
  1.115915e+01   6.585634e-03   7.377284e-03   3.263778e-06   4353090
  1.118466e+01   6.583254e-03   7.349556e-03   3.256404e-06   4356146
  1.121013e+01   6.580400e-03   7.352742e-03   3.255738e-06   4378574
  1.123564e+01   6.586035e-03   7.377840e-03   3.237031e-06   4413248
  1.126118e+01   6.594512e-03   7.366166e-03   3.244601e-06   4424802
  1.128668e+01   6.585286e-03   7.364098e-03   3.231828e-06   4444034
  1.131219e+01   6.586975e-03   7.363642e-03   3.223382e-06   4465586
  1.133769e+01   6.597601e-03   7.353009e-03   3.225449e-06   4479666
  1.136318e+01   6.590265e-03   7.365560e-03   3.213611e-06   4505720
  1.138870e+01   6.594840e-03   7.370625e-03   3.211589e-06   4529126
  1.141421e+01   6.587175e-03   7.359704e-03   3.200002e-06   4544154
  1.143971e+01   6.595727e-03   7.357713e-03   3.200156e-06   4562906
  1.146519e+01   6.598939e-03   7.356098e-03   3.195445e-06   4580720
  1.149070e+01   6.598025e-03   7.377889e-03   3.183671e-06   4614554
  1.151625e+01   6.599292e-03   7.370249e-03   3.179236e-06   4631226
  1.154175e+01   6.596373e-03   7.354640e-03   3.173396e-06   4642154
  1.156724e+01   6.593302e-03   7.360155e-03   3.167028e-06   4667270
  1.159275e+01   6.603167e-03   7.366053e-03   3.162122e-06   4690992
  1.161824e+01   6.608289e-03   7.353419e-03   3.160604e-06   4702298
  1.164376e+01   6.604243e-03   7.379504e-03   3.142524e-06   4740218
  1.166926e+01   6.594473e-03   7.346684e-03   3.139079e-06   4740866
  1.169475e+01   6.603658e-03   7.367183e-03   3.134881e-06   4775322
  1.172027e+01   6.608191e-03   7.367339e-03   3.130425e-06   4794272
  1.174578e+01   6.611974e-03   7.365354e-03   3.126084e-06   4812758
  1.177128e+01   6.607990e-03   7.362022e-03   3.121658e-06   4833354
  1.179679e+01   6.605696e-03   7.361861e-03   3.116746e-06   4855682
  1.182230e+01   6.606062e-03   7.365173e-03   3.110345e-06   4877120
  1.184781e+01   6.615527e-03   7.365583e-03   3.103786e-06   4897602
  1.187332e+01   6.612789e-03   7.364961e-03   3.099116e-06   4920170
  1.189882e+01   6.615344e-03   7.357188e-03   3.096222e-06   4935938
  1.192432e+01   6.612700e-03   7.366829e-03   3.084173e-06   4962578
  1.194984e+01   6.617110e-03   7.367150e-03   3.082139e-06   4983252
  1.197533e+01   6.623634e-03   7.358547e-03   3.080831e-06   4998410
  1.200083e+01   6.615592e-03   7.363119e-03   3.068731e-06   5023826
  1.202634e+01   6.625684e-03   7.368453e-03   3.065514e-06   5050674
  1.205184e+01   6.627098e-03   7.349977e-03   3.066928e-06   5059520
  1.207735e+01   6.625065e-03   7.376343e-03   3.055216e-06   5097362
  1.210287e+01   6.629524e-03   7.359761e-03   3.058434e-06   5106546
  1.212837e+01   6.619856e-03   7.369257e-03   3.041012e-06   5136398
  1.215387e+01   6.629201e-03   7.350552e-03   3.044830e-06   5146346
  1.217939e+01   6.624846e-03   7.380991e-03   3.029825e-06   5187608
  1.220490e+01   6.633437e-03   7.351254e-03   3.038789e-06   5187162
  1.223039e+01   6.637376e-03   7.364954e-03   3.026285e-06   5220698
  1.225591e+01   6.632395e-03   7.362195e-03   3.021071e-06   5242010
  1.228140e+01   6.644821e-03   7.352108e-03   3.023529e-06   5255064
  1.230690e+01   6.640388e-03   7.370377e-03   3.011681e-06   5289398
  1.233242e+01   6.641703e-03   7.364557e-03   3.003408e-06   5307410
  1.235792e+01   6.641641e-03   7.356514e-03   3.006052e-06   5323754
  1.238344e+01   6.641268e-03   7.372115e-03   2.995939e-06   5357538
  1.240897e+01   6.651337e-03   7.367164e-03   2.993740e-06   5375144
  1.243447e+01   6.645527e-03   7.359861e-03   2.993233e-06   5391050
  1.245997e+01   6.650364e-03   7.365813e-03   2.986231e-06   5417274
  1.248547e+01   6.648221e-03   7.358548e-03   2.981056e-06   5436014
  1.251096e+01   6.642465e-03   7.352162e-03   2.973876e-06   5454842
  1.253647e+01   6.658958e-03   7.369982e-03   2.972167e-06   5489040
  1.256199e+01   6.657890e-03   7.364184e-03   2.968932e-06   5505674
  1.258748e+01   6.658240e-03   7.358601e-03   2.958163e-06   5524586
  1.261298e+01   6.665378e-03   7.359769e-03   2.963401e-06   5549594
  1.263849e+01   6.664398e-03   7.366034e-03   2.956118e-06   5575056
  1.266400e+01   6.666351e-03   7.364145e-03   2.948427e-06   5594414
  1.268953e+01   6.669230e-03   7.375176e-03   2.944007e-06   5626658
  1.271505e+01   6.666347e-03   7.360146e-03   2.940569e-06   5639490
  1.274055e+01   6.668816e-03   7.357793e-03   2.936206e-06   5660474
  1.276605e+01   6.675046e-03   7.360634e-03   2.937751e-06   5684504
  1.279154e+01   6.670791e-03   7.354965e-03   2.930474e-06   5702562
  1.281705e+01   6.674238e-03   7.376626e-03   2.921310e-06   5742026
  1.284255e+01   6.675487e-03   7.345672e-03   2.919806e-06   5740826
  1.286803e+01   6.671772e-03   7.360457e-03   2.914966e-06   5775308
  1.289354e+01   6.682732e-03   7.372581e-03   2.913448e-06   5807154
  1.291908e+01   6.673290e-03   7.371265e-03   2.899965e-06   5827970
  1.294459e+01   6.683651e-03   7.360656e-03   2.905009e-06   5844290
  1.297010e+01   6.684543e-03   7.362134e-03   2.898689e-06   5870442
  1.299560e+01   6.691729e-03   7.356552e-03   2.898547e-06   5887208
  1.302110e+01   6.686658e-03   7.370271e-03   2.890255e-06   5919842
  1.304660e+01   6.694902e-03   7.354747e-03   2.887281e-06   5932014
  1.307209e+01   6.696581e-03   7.357369e-03   2.883039e-06   5958818
  1.309759e+01   6.697756e-03   7.365999e-03   2.880994e-06   5987642
  1.312311e+01   6.708776e-03   7.366757e-03   2.883997e-06   6009728
  1.314863e+01   6.709974e-03   7.370476e-03   2.874033e-06   6035874
  1.317415e+01   6.697823e-03   7.369198e-03   2.863039e-06   6059690
  1.319966e+01   6.701169e-03   7.356915e-03   2.863519e-06   6073922
  1.322514e+01   6.706618e-03   7.356187e-03   2.866214e-06   6096372
  1.325063e+01   6.710028e-03   7.360768e-03   2.859679e-06   6123098
  1.327615e+01   6.704440e-03   7.374395e-03   2.851120e-06   6157658
  1.330167e+01   6.711840e-03   7.361831e-03   2.849240e-06   6171266
  1.332717e+01   6.708819e-03   7.362589e-03   2.845278e-06   6196482
  1.335268e+01   6.713256e-03   7.365698e-03   2.837777e-06   6222032
  1.337820e+01   6.718600e-03   7.369124e-03   2.840607e-06   6246818
  1.340371e+01   6.723165e-03   7.363974e-03   2.837619e-06   6268254
  1.342922e+01   6.713122e-03   7.364153e-03   2.831311e-06   6294554
  1.345472e+01   6.719044e-03   7.355777e-03   2.829817e-06   6309464
  1.348021e+01   6.718546e-03   7.365106e-03   2.821457e-06   6339666
  1.350573e+01   6.725626e-03   7.369440e-03   2.815827e-06   6368186
  1.353123e+01   6.720810e-03   7.353942e-03   2.815118e-06   6380882
  1.355672e+01   6.731656e-03   7.363610e-03   2.816086e-06   6413450
  1.358223e+01   6.727377e-03   7.361843e-03   2.812177e-06   6434724
  1.360774e+01   6.726796e-03   7.365450e-03   2.805738e-06   6461474
  1.363324e+01   6.726445e-03   7.364122e-03   2.798499e-06   6485474
  1.365875e+01   6.733135e-03   7.362534e-03   2.797207e-06   6508890
  1.368425e+01   6.723438e-03   7.356621e-03   2.789334e-06   6528602
  1.370977e+01   6.738927e-03   7.373802e-03   2.791766e-06   6568424
  1.373529e+01   6.736407e-03   7.360519e-03   2.792387e-06   6579162
  1.376079e+01   6.728269e-03   7.359495e-03   2.781239e-06   6603218
  1.378631e+01   6.726343e-03   7.372150e-03   2.772955e-06   6641054
  1.381181e+01   6.732836e-03   7.346730e-03   2.778587e-06   6641912
  1.383730e+01   6.734815e-03   7.374212e-03   2.772724e-06   6688722
  1.386282e+01   6.728800e-03   7.359472e-03   2.768772e-06   6700898
  1.388831e+01   6.734537e-03   7.359551e-03   2.768707e-06   6727946
  1.391382e+01   6.731339e-03   7.362069e-03   2.759724e-06   6755274
  1.393934e+01   6.732321e-03   7.367642e-03   2.756906e-06   6784424
  1.396485e+01   6.724687e-03   7.361152e-03   2.751415e-06   6801806
  1.399035e+01   6.724537e-03   7.358943e-03   2.746649e-06   6825698
  1.401587e+01   6.725046e-03   7.372377e-03   2.742918e-06   6863514
  1.404138e+01   6.722527e-03   7.355192e-03   2.744228e-06   6871520
  1.406687e+01   6.729203e-03   7.359434e-03   2.741330e-06   6900482
  1.409238e+01   6.729106e-03   7.371023e-03   2.732084e-06   6936570
  1.411789e+01   6.716064e-03   7.357534e-03   2.729891e-06   6949610
  1.414338e+01   6.707302e-03   7.351558e-03   2.719275e-06   6970166
  1.416887e+01   6.713081e-03   7.363810e-03   2.719464e-06   7006560
  1.419440e+01   6.709929e-03   7.371064e-03   2.714037e-06   7036850
  1.421990e+01   6.695286e-03   7.355844e-03   2.706902e-06   7047602
  1.424540e+01   6.686997e-03   7.365844e-03   2.699854e-06   7084130
  1.427091e+01   6.685013e-03   7.358968e-03   2.695849e-06   7103250
  1.429642e+01   6.678808e-03   7.365504e-03   2.692418e-06   7132808
  1.432193e+01   6.675582e-03   7.367556e-03   2.687200e-06   7159430
  1.434744e+01   6.665112e-03   7.357573e-03   2.685189e-06   7176954
  1.437295e+01   6.649068e-03   7.367516e-03   2.668227e-06   7212698
  1.439846e+01   6.637183e-03   7.361724e-03   2.666416e-06   7231208
  1.442396e+01   6.636311e-03   7.362341e-03   2.662562e-06   7256874
  1.444946e+01   6.608359e-03   7.363130e-03   2.651646e-06   7284314
  1.447498e+01   6.596407e-03   7.368689e-03   2.644141e-06   7315058
  1.450050e+01   6.582412e-03   7.366464e-03   2.636697e-06   7338758
  1.452600e+01   6.563682e-03   7.359164e-03   2.629289e-06   7357008
  1.455150e+01   6.540772e-03   7.367042e-03   2.616719e-06   7389506
  1.457701e+01   6.516180e-03   7.362832e-03   2.608106e-06   7412042
  1.460251e+01   6.488606e-03   7.356940e-03   2.593548e-06   7433994
  1.462800e+01   6.461416e-03   7.359469e-03   2.584575e-06   7462256
  1.465350e+01   6.433414e-03   7.365169e-03   2.572933e-06   7492106
  1.467902e+01   6.390790e-03   7.370617e-03   2.556445e-06   7523602
  1.470454e+01   6.349033e-03   7.367107e-03   2.536587e-06   7547422
  1.473006e+01   6.307482e-03   7.364744e-03   2.525396e-06   7572218
  1.475558e+01   6.250233e-03   7.371346e-03   2.503888e-06   7603424
  1.478109e+01   6.196911e-03   7.359050e-03   2.489513e-06   7616802
  1.480659e+01   6.122300e-03   7.362658e-03   2.460594e-06   7649330
  1.483208e+01   6.052540e-03   7.352521e-03   2.438547e-06   7664930
  1.485757e+01   5.965670e-03   7.365392e-03   2.405091e-06   7703616
  1.488308e+01   5.881068e-03   7.365807e-03   2.380321e-06   7730054
  1.490860e+01   5.770089e-03   7.365842e-03   2.346350e-06   7757186
  1.493411e+01   5.639574e-03   7.365056e-03   2.300663e-06   7783034
  1.495960e+01   5.498204e-03   7.353264e-03   2.257284e-06   7797762
  1.498510e+01   5.333203e-03   7.367356e-03   2.201659e-06   7838864
  1.501060e+01   5.144911e-03   7.358532e-03   2.151620e-06   7854218
  1.503612e+01   4.943977e-03   7.376203e-03   2.090035e-06   7900890
  1.506163e+01   4.555313e-03   7.354089e-03   1.961937e-06   7906142
  1.508712e+01   4.218217e-03   7.357433e-03   1.847865e-06   7923347
  1.511263e+01   3.977710e-03   7.370254e-03   1.756552e-06   7924812
  1.513814e+01   3.748966e-03   7.360918e-03   1.668795e-06   7899788
  1.516364e+01   3.541659e-03   7.359931e-03   1.587434e-06   7886192
  1.518914e+01   3.360246e-03   7.362526e-03   1.518387e-06   7875224
  1.521466e+01   3.201116e-03   7.367555e-03   1.452474e-06   7864992
  1.524017e+01   3.051403e-03   7.363815e-03   1.391785e-06   7848128
  1.526569e+01   2.912551e-03   7.365639e-03   1.334775e-06   7838144
  1.529119e+01   2.796561e-03   7.356494e-03   1.286933e-06   7813752
  1.531668e+01   2.680579e-03   7.357571e-03   1.238872e-06   7800092
  1.534219e+01   2.579457e-03   7.368755e-03   1.193452e-06   7797992
  1.536769e+01   2.486565e-03   7.350868e-03   1.157154e-06   7764648
  1.539319e+01   2.398925e-03   7.370782e-03   1.119580e-06   7769852
  1.541871e+01   2.319118e-03   7.360152e-03   1.085026e-06   7744688
  1.544422e+01   2.243740e-03   7.365679e-03   1.052321e-06   7736588
  1.546972e+01   2.174416e-03   7.358180e-03   1.020753e-06   7713312
  1.549524e+01   2.111251e-03   7.373389e-03   9.921197e-07   7713944
  1.552075e+01   2.050146e-03   7.350912e-03   9.673393e-07   7676276
  1.554624e+01   1.994385e-03   7.363264e-03   9.427965e-07   7675248
  1.557174e+01   1.939986e-03   7.357247e-03   9.183370e-07   7652180
  1.559724e+01   1.890730e-03   7.365471e-03   8.944589e-07   7645184
  1.562275e+01   1.844533e-03   7.360925e-03   8.737105e-07   7626080
  1.564826e+01   1.798922e-03   7.366056e-03   8.542294e-07   7615392
  1.567378e+01   1.757194e-03   7.370367e-03   8.327918e-07   7603052
  1.569929e+01   1.716247e-03   7.356256e-03   8.158189e-07   7573520
  1.572479e+01   1.678916e-03   7.365219e-03   7.979549e-07   7567620
  1.575029e+01   1.642837e-03   7.358287e-03   7.821691e-07   7543724
  1.577579e+01   1.607261e-03   7.366900e-03   7.644525e-07   7537580
  1.580130e+01   1.574319e-03   7.360085e-03   7.484902e-07   7515276
  1.582682e+01   1.539775e-03   7.368584e-03   7.326240e-07   7508024
  1.585232e+01   1.512376e-03   7.356465e-03   7.197100e-07   7478168
  1.587782e+01   1.482926e-03   7.366698e-03   7.046060e-07   7471568
  1.590333e+01   1.454884e-03   7.361988e-03   6.931022e-07   7451580
  1.592884e+01   1.427989e-03   7.364933e-03   6.786852e-07   7437332
  1.595435e+01   1.403672e-03   7.366683e-03   6.676820e-07   7422200
  1.597987e+01   1.379109e-03   7.368560e-03   6.559524e-07   7408464
  1.600537e+01   1.354027e-03   7.357152e-03   6.450767e-07   7381436
  1.603087e+01   1.331068e-03   7.361393e-03   6.323151e-07   7368068
  1.605637e+01   1.310708e-03   7.365998e-03   6.231574e-07   7355760
  1.608189e+01   1.288256e-03   7.368054e-03   6.106006e-07   7341512
  1.610740e+01   1.266971e-03   7.354934e-03   6.025225e-07   7310384
  1.613289e+01   1.247983e-03   7.369710e-03   5.922860e-07   7306904
  1.615839e+01   1.230458e-03   7.350512e-03   5.847604e-07   7271520
  1.618389e+01   1.210265e-03   7.374702e-03   5.732672e-07   7279508
  1.620941e+01   1.191570e-03   7.357344e-03   5.642021e-07   7244240
  1.623493e+01   1.175039e-03   7.376406e-03   5.569349e-07   7244700
  1.626044e+01   1.157802e-03   7.355374e-03   5.472858e-07   7207652
  1.628593e+01   1.141278e-03   7.361057e-03   5.399966e-07   7196144
  1.631143e+01   1.124407e-03   7.362174e-03   5.317269e-07   7177356
  1.633693e+01   1.108817e-03   7.362825e-03   5.240237e-07   7160180
  1.636245e+01   1.093781e-03   7.370725e-03   5.162753e-07   7151288
  1.638795e+01   1.080142e-03   7.353531e-03   5.099733e-07   7115144
  1.641345e+01   1.065582e-03   7.373850e-03   5.021669e-07   7116408
  1.643897e+01   1.052225e-03   7.362977e-03   4.963585e-07   7089080
  1.646448e+01   1.037224e-03   7.363158e-03   4.889934e-07   7071440
  1.649000e+01   1.025223e-03   7.368165e-03   4.817889e-07   7057152
  1.651550e+01   1.012209e-03   7.360184e-03   4.765826e-07   7031192
  1.654100e+01   9.999185e-04   7.358334e-03   4.697878e-07   7011524
  1.656649e+01   9.868946e-04   7.357440e-03   4.644832e-07   6991508
  1.659200e+01   9.745882e-04   7.371649e-03   4.570839e-07   6985368
  1.661751e+01   9.655159e-04   7.360719e-03   4.534838e-07   6956864
  1.664303e+01   9.539419e-04   7.372565e-03   4.474135e-07   6950408
  1.666852e+01   9.426995e-04   7.345081e-03   4.425821e-07   6904704
  1.669402e+01   9.320459e-04   7.377135e-03   4.357754e-07   6915128
  1.671955e+01   9.205338e-04   7.361587e-03   4.302459e-07   6882644
  1.674506e+01   9.104229e-04   7.362339e-03   4.262726e-07   6864864
  1.677056e+01   9.010581e-04   7.358325e-03   4.219747e-07   6840020
  1.679606e+01   8.918581e-04   7.361850e-03   4.177173e-07   6823808
  1.682158e+01   8.820518e-04   7.370568e-03   4.116357e-07   6813512
  1.684709e+01   8.716829e-04   7.357165e-03   4.067885e-07   6780336
  1.687258e+01   8.635706e-04   7.363664e-03   4.025489e-07   6766004
  1.689808e+01   8.539382e-04   7.357090e-03   3.981081e-07   6740540
  1.692358e+01   8.463292e-04   7.366252e-03   3.936961e-07   6730704
  1.694910e+01   8.366509e-04   7.361983e-03   3.896145e-07   6706004
  1.697460e+01   8.292740e-04   7.361235e-03   3.857358e-07   6683744
  1.700011e+01   8.222011e-04   7.363257e-03   3.830011e-07   6667236
  1.702562e+01   8.127183e-04   7.365144e-03   3.777290e-07   6648788
  1.705114e+01   8.053328e-04   7.367921e-03   3.742464e-07   6628136
  1.707663e+01   7.976562e-04   7.351941e-03   3.708943e-07   6593768
  1.710212e+01   7.904213e-04   7.365092e-03   3.670226e-07   6588000
  1.712763e+01   7.833111e-04   7.356684e-03   3.640721e-07   6558152
  1.715313e+01   7.766494e-04   7.367216e-03   3.605442e-07   6545360
  1.717866e+01   7.690424e-04   7.370316e-03   3.570374e-07   6529080
  1.720418e+01   7.628001e-04   7.365012e-03   3.540859e-07   6504260
  1.722968e+01   7.562324e-04   7.354679e-03   3.513833e-07   6472376
  1.725517e+01   7.491285e-04   7.364913e-03   3.477688e-07   6459464
  1.728069e+01   7.423727e-04   7.364806e-03   3.442236e-07   6439404
  1.730620e+01   7.381954e-04   7.367021e-03   3.428651e-07   6419420
  1.733171e+01   7.311091e-04   7.359477e-03   3.395569e-07   6390248
  1.735722e+01   7.255257e-04   7.370209e-03   3.362054e-07   6379044
  1.738274e+01   7.194742e-04   7.364805e-03   3.339808e-07   6354716
  1.740825e+01   7.136063e-04   7.362326e-03   3.311496e-07   6329300
  1.743374e+01   7.080613e-04   7.354434e-03   3.291919e-07   6299340
  1.745924e+01   7.030675e-04   7.369008e-03   3.259220e-07   6292424
  1.748476e+01   6.979109e-04   7.361822e-03   3.235026e-07   6264092
  1.751025e+01   6.924784e-04   7.361303e-03   3.210713e-07   6239072
  1.753575e+01   6.871493e-04   7.364182e-03   3.188078e-07   6219636
  1.756126e+01   6.824029e-04   7.365459e-03   3.167111e-07   6200672
  1.758676e+01   6.775552e-04   7.354792e-03   3.148441e-07   6168488
  1.761225e+01   6.719855e-04   7.366868e-03   3.118551e-07   6155100
  1.763778e+01   6.676672e-04   7.374735e-03   3.096486e-07   6140564
  1.766330e+01   6.631126e-04   7.356736e-03   3.081860e-07   6104576
  1.768879e+01   6.595262e-04   7.356830e-03   3.070090e-07   6080268
  1.771426e+01   6.542382e-04   7.355752e-03   3.046678e-07   6055400
  1.773977e+01   6.497071e-04   7.374071e-03   3.026992e-07   6049688
  1.776530e+01   6.460851e-04   7.362019e-03   3.009682e-07   6015848
  1.779080e+01   6.430703e-04   7.363376e-03   2.997863e-07   5991420
  1.781630e+01   6.391939e-04   7.369316e-03   2.981580e-07   5974820
  1.784182e+01   6.342481e-04   7.360963e-03   2.960531e-07   5947448
  1.786732e+01   6.301368e-04   7.362250e-03   2.944753e-07   5923188
  1.789283e+01   6.271933e-04   7.368233e-03   2.931570e-07   5903792
  1.791834e+01   6.234342e-04   7.360679e-03   2.919811e-07   5876888
  1.794384e+01   6.196384e-04   7.359115e-03   2.905016e-07   5851548
  1.796934e+01   6.160723e-04   7.369521e-03   2.894126e-07   5833976
  1.799485e+01   6.125149e-04   7.362511e-03   2.877344e-07   5804648
  1.802036e+01   6.096639e-04   7.366394e-03   2.864243e-07   5785436
  1.804587e+01   6.058526e-04   7.362829e-03   2.851613e-07   5757924
  1.807137e+01   6.030796e-04   7.364266e-03   2.840361e-07   5734076
  1.809688e+01   5.996965e-04   7.362633e-03   2.831007e-07   5710904
  1.812238e+01   5.968433e-04   7.357815e-03   2.820540e-07   5684592
  1.814789e+01   5.946368e-04   7.369347e-03   2.813608e-07   5667008
  1.817339e+01   5.908553e-04   7.352004e-03   2.796675e-07   5628872
  1.819890e+01   5.884415e-04   7.376112e-03   2.789617e-07   5625296
  1.822443e+01   5.844999e-04   7.359811e-03   2.777487e-07   5586396
  1.824992e+01   5.823747e-04   7.363976e-03   2.773518e-07   5562752
  1.827543e+01   5.808017e-04   7.368307e-03   2.766708e-07   5543288
  1.830095e+01   5.774250e-04   7.361075e-03   2.754106e-07   5514936
  1.832645e+01   5.744309e-04   7.360427e-03   2.748123e-07   5488412
  1.835195e+01   5.723558e-04   7.356876e-03   2.742194e-07   5459912
  1.837745e+01   5.707691e-04   7.369207e-03   2.737763e-07   5445384
  1.840297e+01   5.684630e-04   7.355744e-03   2.737482e-07   5410448
  1.842847e+01   5.655979e-04   7.366238e-03   2.723031e-07   5390852
  1.845397e+01   5.635905e-04   7.361704e-03   2.719437e-07   5361824
  1.847949e+01   5.610797e-04   7.370949e-03   2.711723e-07   5345160
  1.850501e+01   5.588314e-04   7.359278e-03   2.705815e-07   5309888
  1.853050e+01   5.574267e-04   7.364417e-03   2.710227e-07   5286260
  1.855600e+01   5.555641e-04   7.359553e-03   2.709974e-07   5259756
  1.858151e+01   5.533488e-04   7.359778e-03   2.703440e-07   5235572
  1.860702e+01   5.517999e-04   7.364327e-03   2.701144e-07   5210384
  1.863251e+01   5.496984e-04   7.358248e-03   2.692745e-07   5179164
  1.865803e+01   5.479935e-04   7.376584e-03   2.691286e-07   5167808
  1.868355e+01   5.458703e-04   7.352310e-03   2.690987e-07   5123300
  1.870904e+01   5.442348e-04   7.369172e-03   2.687560e-07   5107160
  1.873456e+01   5.427479e-04   7.368357e-03   2.686774e-07   5081688
  1.876007e+01   5.414037e-04   7.360408e-03   2.686753e-07   5051384
  1.878558e+01   5.396914e-04   7.361240e-03   2.688865e-07   5024528
  1.881107e+01   5.383476e-04   7.360943e-03   2.689595e-07   4996908
  1.883658e+01   5.371832e-04   7.364190e-03   2.692828e-07   4974536
  1.886210e+01   5.355438e-04   7.361858e-03   2.692909e-07   4946240
  1.888760e+01   5.340465e-04   7.362011e-03   2.691285e-07   4916312
  1.891310e+01   5.324148e-04   7.365781e-03   2.691447e-07   4891872
  1.893861e+01   5.309607e-04   7.359935e-03   2.686703e-07   4863080
  1.896411e+01   5.304954e-04   7.363820e-03   2.697194e-07   4837184
  1.898962e+01   5.285967e-04   7.365154e-03   2.698751e-07   4809516
  1.901513e+01   5.274680e-04   7.367668e-03   2.699579e-07   4786016
  1.904066e+01   5.260996e-04   7.362936e-03   2.701430e-07   4756532
  1.906615e+01   5.257140e-04   7.355541e-03   2.710263e-07   4722672
  1.909164e+01   5.246500e-04   7.357278e-03   2.716313e-07   4695668
  1.911714e+01   5.239710e-04   7.367373e-03   2.711537e-07   4675412
  1.914266e+01   5.223641e-04   7.360950e-03   2.721556e-07   4642904
  1.916815e+01   5.210023e-04   7.361738e-03   2.722046e-07   4613208
  1.919364e+01   5.210511e-04   7.360267e-03   2.733606e-07   4585184
  1.921915e+01   5.191170e-04   7.368214e-03   2.726022e-07   4564448
  1.924468e+01   5.194751e-04   7.369038e-03   2.746173e-07   4535604
  1.927019e+01   5.181564e-04   7.360161e-03   2.747289e-07   4500320
  1.929568e+01   5.174006e-04   7.359546e-03   2.760212e-07   4473992
  1.932120e+01   5.167661e-04   7.369740e-03   2.764286e-07   4452456
  1.934671e+01   5.163058e-04   7.357914e-03   2.775354e-07   4413848
  1.937220e+01   5.152089e-04   7.362825e-03   2.780665e-07   4388180
  1.939771e+01   5.150095e-04   7.365077e-03   2.786527e-07   4362464
  1.942321e+01   5.145119e-04   7.355796e-03   2.801227e-07   4326744
  1.944872e+01   5.136877e-04   7.380752e-03   2.800878e-07   4311212
  1.947426e+01   5.127553e-04   7.366840e-03   2.810942e-07   4276172
  1.949977e+01   5.128851e-04   7.354915e-03   2.826282e-07   4241916
  1.952526e+01   5.123105e-04   7.362787e-03   2.835963e-07   4215584
  1.955075e+01   5.115908e-04   7.353834e-03   2.840659e-07   4180232
  1.957624e+01   5.115107e-04   7.362652e-03   2.856558e-07   4157928
  1.960176e+01   5.101683e-04   7.368259e-03   2.859612e-07   4130960
  1.962728e+01   5.099024e-04   7.365942e-03   2.871306e-07   4097120
  1.965278e+01   5.093970e-04   7.365192e-03   2.884342e-07   4068488
  1.967829e+01   5.095846e-04   7.360466e-03   2.896316e-07   4038360
  1.970381e+01   5.090384e-04   7.371094e-03   2.908444e-07   4012616
  1.972932e+01   5.096204e-04   7.361291e-03   2.931537e-07   3976556
  1.975481e+01   5.083990e-04   7.357987e-03   2.933214e-07   3947544
  1.978032e+01   5.084192e-04   7.362998e-03   2.945769e-07   3920432
  1.980583e+01   5.073946e-04   7.359438e-03   2.956522e-07   3885884
  1.983132e+01   5.070883e-04   7.360820e-03   2.978974e-07   3856280
  1.985682e+01   5.081046e-04   7.365713e-03   2.989793e-07   3829752
  1.988235e+01   5.073443e-04   7.371114e-03   3.000482e-07   3801356
  1.990787e+01   5.064782e-04   7.363721e-03   3.015644e-07   3765392
  1.993335e+01   5.060304e-04   7.353719e-03   3.029722e-07   3731424
  1.995886e+01   5.054218e-04   7.367192e-03   3.032143e-07   3709580
  1.998438e+01   5.054764e-04   7.361933e-03   3.059339e-07   3674216
  2.000987e+01   5.047753e-04   7.356510e-03   3.072800e-07   3639564
  2.003537e+01   5.048986e-04   7.364401e-03   3.094554e-07   3614840
  2.006090e+01   5.054360e-04   7.367408e-03   3.107526e-07   3584480
  2.008639e+01   5.050150e-04   7.353185e-03   3.132199e-07   3543536
  2.011189e+01   5.043173e-04   7.374777e-03   3.137566e-07   3524472
  2.013741e+01   5.052775e-04   7.356469e-03   3.165380e-07   3486212
  2.016292e+01   5.055995e-04   7.368358e-03   3.190790e-07   3458324
  2.018842e+01   5.040364e-04   7.359377e-03   3.194500e-07   3421488
  2.021391e+01   5.045647e-04   7.359374e-03   3.216336e-07   3392336
  2.023944e+01   5.040234e-04   7.367410e-03   3.234880e-07   3365456
  2.026495e+01   5.032615e-04   7.356390e-03   3.255548e-07   3326160
  2.029043e+01   5.026186e-04   7.362952e-03   3.267331e-07   3296720
  2.031593e+01   5.037937e-04   7.356687e-03   3.298444e-07   3263744
  2.034146e+01   5.032654e-04   7.379127e-03   3.304967e-07   3240128
  2.036697e+01   5.024951e-04   7.354400e-03   3.328510e-07   3194856
  2.039245e+01   5.023593e-04   7.363268e-03   3.352024e-07   3169232
  2.041798e+01   5.025672e-04   7.370164e-03   3.372405e-07   3141728
  2.044350e+01   5.018437e-04   7.359626e-03   3.398037e-07   3101772
  2.046897e+01   5.002302e-04   7.354183e-03   3.400723e-07   3066728
  2.049449e+01   5.017831e-04   7.376458e-03   3.441103e-07   3046004
  2.052003e+01   5.011196e-04   7.358193e-03   3.456548e-07   3004592
  2.054552e+01   4.998435e-04   7.363615e-03   3.469524e-07   2971608
  2.057101e+01   4.990081e-04   7.361977e-03   3.488453e-07   2939036
  2.059652e+01   4.992181e-04   7.370191e-03   3.512071e-07   2910536
  2.062204e+01   4.986844e-04   7.362511e-03   3.542373e-07   2873400
  2.064753e+01   4.973023e-04   7.355932e-03   3.557786e-07   2837216
  2.067303e+01   4.974124e-04   7.367558e-03   3.581568e-07   2810636
  2.069855e+01   4.960994e-04   7.359230e-03   3.600876e-07   2774580
  2.072405e+01   4.962581e-04   7.361180e-03   3.620281e-07   2739152
  2.074953e+01   4.947786e-04   7.356054e-03   3.645816e-07   2704292
  2.077505e+01   4.938917e-04   7.372093e-03   3.667568e-07   2678756
  2.080060e+01   4.928669e-04   7.372667e-03   3.685677e-07   2642748
  2.082609e+01   4.901833e-04   7.355862e-03   3.691501e-07   2600696
  2.085158e+01   4.897377e-04   7.371415e-03   3.706297e-07   2575352
  2.087712e+01   4.900050e-04   7.365344e-03   3.746089e-07   2541108
  2.090261e+01   4.881965e-04   7.347421e-03   3.763220e-07   2498504
  2.092809e+01   4.847427e-04   7.364501e-03   3.758768e-07   2469308
  2.095359e+01   4.856566e-04   7.358218e-03   3.801510e-07   2435388
  2.097910e+01   4.832901e-04   7.361621e-03   3.818097e-07   2402516
  2.100463e+01   4.793843e-04   7.372541e-03   3.795054e-07   2368496
  2.103013e+01   4.783403e-04   7.365274e-03   3.844658e-07   2330924
  2.105562e+01   4.771681e-04   7.357516e-03   3.851292e-07   2296560
  2.108114e+01   4.750085e-04   7.370522e-03   3.855500e-07   2265656
  2.110666e+01   4.707405e-04   7.364605e-03   3.849270e-07   2226968
  2.113214e+01   4.688508e-04   7.356650e-03   3.850331e-07   2191452
  2.115765e+01   4.659706e-04   7.359422e-03   3.850528e-07   2159024
  2.118315e+01   4.638009e-04   7.354652e-03   3.877372e-07   2120888
  2.120863e+01   4.592881e-04   7.360281e-03   3.843901e-07   2086840
  2.123414e+01   4.560728e-04   7.367404e-03   3.830846e-07   2053864
  2.125965e+01   4.529075e-04   7.362214e-03   3.841493e-07   2016296
  2.128517e+01   4.491614e-04   7.376346e-03   3.797312e-07   1984592
  2.131070e+01   4.431998e-04   7.366785e-03   3.774761e-07   1946748
  2.133620e+01   4.388878e-04   7.358336e-03   3.745155e-07   1909961
  2.136172e+01   4.359775e-04   7.369335e-03   3.721742e-07   1881074
  2.138723e+01   4.323999e-04   7.353272e-03   3.701498e-07   1846236
  2.141271e+01   4.297716e-04   7.353027e-03   3.708314e-07   1816016
  2.143821e+01   4.267854e-04   7.364414e-03   3.689086e-07   1789688
  2.146373e+01   4.241351e-04   7.367059e-03   3.677713e-07   1761398
  2.148924e+01   4.222778e-04   7.364203e-03   3.668592e-07   1732776
  2.151476e+01   4.202799e-04   7.378034e-03   3.658952e-07   1709114
  2.154028e+01   4.185937e-04   7.361373e-03   3.673373e-07   1678730
  2.156578e+01   4.161253e-04   7.360283e-03   3.664546e-07   1653240
  2.159128e+01   4.139387e-04   7.362665e-03   3.661446e-07   1628972
  2.161678e+01   4.122432e-04   7.354145e-03   3.659037e-07   1602134
  2.164226e+01   4.109483e-04   7.351852e-03   3.663394e-07   1577790
  2.166777e+01   4.100324e-04   7.365106e-03   3.672256e-07   1556390
  2.169328e+01   4.083420e-04   7.363741e-03   3.671256e-07   1531178
  2.171878e+01   4.062571e-04   7.367215e-03   3.674404e-07   1508624
  2.174432e+01   4.047589e-04   7.379867e-03   3.682640e-07   1488408
  2.176984e+01   4.042972e-04   7.360535e-03   3.694176e-07   1461536
  2.179533e+01   4.026687e-04   7.359978e-03   3.697546e-07   1439936
  2.182084e+01   4.013340e-04   7.368240e-03   3.686778e-07   1420236
  2.184635e+01   4.014183e-04   7.354083e-03   3.718396e-07   1395920
  2.187182e+01   3.999187e-04   7.348894e-03   3.724902e-07   1374290
  2.189733e+01   3.986129e-04   7.368260e-03   3.732522e-07   1356858
  2.192284e+01   3.972560e-04   7.353545e-03   3.746526e-07   1332536
  2.194835e+01   3.972195e-04   7.379252e-03   3.749773e-07   1316414
  2.197387e+01   3.961822e-04   7.366748e-03   3.769439e-07   1293962
  2.199937e+01   3.957257e-04   7.362470e-03   3.792896e-07   1273482
  2.202489e+01   3.950718e-04   7.375678e-03   3.794900e-07   1256762
  2.205041e+01   3.940417e-04   7.355512e-03   3.814506e-07   1234202
  2.207589e+01   3.935007e-04   7.355961e-03   3.839380e-07   1215660
  2.210140e+01   3.928398e-04   7.362722e-03   3.847144e-07   1198550
  2.212689e+01   3.923466e-04   7.345464e-03   3.866136e-07   1176740
  2.215237e+01   3.924520e-04   7.361360e-03   3.886199e-07   1160594
  2.217791e+01   3.920299e-04   7.383144e-03   3.901777e-07   1145724
  2.220344e+01   3.916165e-04   7.364325e-03   3.930261e-07   1124066
  2.222892e+01   3.905228e-04   7.360199e-03   3.934502e-07   1106036
  2.225444e+01   3.910405e-04   7.379911e-03   3.966259e-07   1092552
  2.227997e+01   3.911361e-04   7.356292e-03   3.995565e-07   1071674
  2.230546e+01   3.906439e-04   7.356182e-03   4.015498e-07   1054892
  2.233097e+01   3.908962e-04   7.362191e-03   4.043608e-07   1039716
  2.235646e+01   3.892375e-04   7.344170e-03   4.070005e-07   1020260
  2.238194e+01   3.889866e-04   7.363080e-03   4.080680e-07   1006052
  2.240746e+01   3.901057e-04   7.368590e-03   4.132316e-07   990320
  2.243298e+01   3.897739e-04   7.374664e-03   4.144481e-07   974484
  2.245849e+01   3.892268e-04   7.369296e-03   4.166674e-07   958076
  2.248401e+01   3.900229e-04   7.373538e-03   4.197154e-07   943556
  2.250952e+01   3.909316e-04   7.354611e-03   4.240099e-07   926022
  2.253501e+01   3.896071e-04   7.359085e-03   4.248753e-07   911804
  2.256052e+01   3.907091e-04   7.355702e-03   4.296292e-07   896528
  2.258600e+01   3.911956e-04   7.344635e-03   4.338982e-07   880212
  2.261149e+01   3.908334e-04   7.364479e-03   4.351935e-07   867710
  2.263701e+01   3.904146e-04   7.370589e-03   4.382583e-07   853388
  2.266252e+01   3.910782e-04   7.367301e-03   4.435873e-07   838166
  2.268805e+01   3.926322e-04   7.381192e-03   4.474676e-07   825540
  2.271357e+01   3.928826e-04   7.365295e-03   4.535450e-07   810080
  2.273908e+01   3.926626e-04   7.362407e-03   4.543999e-07   796262
  2.276457e+01   3.934781e-04   7.352413e-03   4.595151e-07   781884
  2.279007e+01   3.955068e-04   7.360578e-03   4.663275e-07   769622
  2.281556e+01   3.952740e-04   7.339853e-03   4.687941e-07   754166
  2.284103e+01   3.944255e-04   7.355328e-03   4.725869e-07   742100
  2.286654e+01   3.957653e-04   7.374452e-03   4.757035e-07   730446
  2.289209e+01   3.965549e-04   7.385778e-03   4.821762e-07   718304
  2.291762e+01   3.977875e-04   7.365776e-03   4.882387e-07   703454
  2.294311e+01   3.987504e-04   7.366068e-03   4.931952e-07   691062
  2.296863e+01   3.985784e-04   7.373610e-03   4.973675e-07   679814
  2.299415e+01   3.999270e-04   7.354244e-03   5.021493e-07   666260
  2.301963e+01   3.998837e-04   7.345385e-03   5.080679e-07   653550
  2.304511e+01   4.013096e-04   7.349203e-03   5.127645e-07   641942
  2.307060e+01   4.032525e-04   7.353105e-03   5.207930e-07   630194
  2.309610e+01   4.034156e-04   7.369121e-03   5.243926e-07   619172
  2.312162e+01   4.043887e-04   7.375923e-03   5.317152e-07   607758
  2.314716e+01   4.051946e-04   7.384041e-03   5.351595e-07   597014
  2.317270e+01   4.056747e-04   7.376712e-03   5.425632e-07   585206
  2.319820e+01   4.072917e-04   7.354974e-03   5.507222e-07   572598
  2.322367e+01   4.076764e-04   7.349032e-03   5.537871e-07   561686
  2.324917e+01   4.099269e-04   7.353239e-03   5.646493e-07   551558
  2.327468e+01   4.108887e-04   7.357285e-03   5.713536e-07   541098
  2.330014e+01   4.113941e-04   7.325793e-03   5.769680e-07   527966
  2.332562e+01   4.135738e-04   7.376852e-03   5.844512e-07   520622
  2.335117e+01   4.143744e-04   7.386148e-03   5.914607e-07   510302
  2.337672e+01   4.158505e-04   7.382565e-03   5.985380e-07   499614
  2.340224e+01   4.170334e-04   7.375292e-03   6.065542e-07   489302
  2.342778e+01   4.187409e-04   7.375236e-03   6.147466e-07   479678
  2.345329e+01   4.208750e-04   7.352971e-03   6.241975e-07   468666
  2.347875e+01   4.209540e-04   7.329761e-03   6.318472e-07   457910
  2.350421e+01   4.230040e-04   7.344495e-03   6.423010e-07   449510
  2.352971e+01   4.238355e-04   7.353075e-03   6.476839e-07   440310
  2.355521e+01   4.253926e-04   7.364334e-03   6.614183e-07   430934
  2.358073e+01   4.262822e-04   7.379513e-03   6.656015e-07   422024
  2.360625e+01   4.292540e-04   7.381391e-03   6.774927e-07   412886
  2.363179e+01   4.321583e-04   7.386646e-03   6.892707e-07   404310
  2.365734e+01   4.315687e-04   7.381267e-03   6.944180e-07   395438
  2.368286e+01   4.345123e-04   7.347485e-03   7.074062e-07   385298
  2.370833e+01   4.365593e-04   7.341789e-03   7.205487e-07   376776
  2.373377e+01   4.363860e-04   7.320960e-03   7.296340e-07   367430
  2.375924e+01   4.402432e-04   7.349948e-03   7.427016e-07   360302
  2.378474e+01   4.422879e-04   7.357710e-03   7.565397e-07   351830
  2.381028e+01   4.445248e-04   7.399637e-03   7.697224e-07   345024
  2.383584e+01   4.460407e-04   7.384100e-03   7.777832e-07   335918
  2.386136e+01   4.473848e-04   7.381599e-03   7.921461e-07   327878
  2.388688e+01   4.506925e-04   7.378710e-03   8.063433e-07   320250
  2.391241e+01   4.519582e-04   7.361769e-03   8.190011e-07   312296
  2.393791e+01   4.541062e-04   7.334340e-03   8.330048e-07   303926
  2.396337e+01   4.563492e-04   7.333206e-03   8.488730e-07   296502
  2.398881e+01   4.598843e-04   7.315382e-03   8.662809e-07   288248
  2.401426e+01   4.598505e-04   7.359470e-03   8.738392e-07   282206
  2.403980e+01   4.629309e-04   7.394961e-03   8.870789e-07   275822
  2.406537e+01   4.657800e-04   7.399099e-03   9.092310e-07   268560
  2.409092e+01   4.689023e-04   7.390828e-03   9.324110e-07   261206
  2.411646e+01   4.702926e-04   7.386125e-03   9.436348e-07   254360
  2.414200e+01   4.745606e-04   7.370012e-03   9.657906e-07   247506
  2.416750e+01   4.776444e-04   7.331579e-03   9.838308e-07   240086
  2.419295e+01   4.757725e-04   7.312198e-03   9.951802e-07   233168
  2.421838e+01   4.783431e-04   7.318970e-03   1.017833e-06   226806
  2.424380e+01   4.830137e-04   7.330089e-03   1.043386e-06   220280
  2.426931e+01   4.872577e-04   7.407244e-03   1.059645e-06   215702
  2.429491e+01   4.894938e-04   7.413551e-03   1.081663e-06   209408
  2.432046e+01   4.886935e-04   7.383828e-03   1.098069e-06   202518
  2.434601e+01   4.934971e-04   7.402521e-03   1.125088e-06   197222
  2.437157e+01   4.950758e-04   7.373169e-03   1.150401e-06   190880
  2.439709e+01   5.008866e-04   7.342463e-03   1.174502e-06   184794
  2.442253e+01   5.039902e-04   7.292030e-03   1.208031e-06   178328
  2.444792e+01   5.081689e-04   7.290434e-03   1.242591e-06   172838
  2.447328e+01   5.068617e-04   7.291834e-03   1.255910e-06   167016
  2.449879e+01   5.102044e-04   7.431836e-03   1.277670e-06   163976
  2.452446e+01   5.124931e-04   7.449486e-03   1.298838e-06   158486
  2.455006e+01   5.205893e-04   7.404019e-03   1.353552e-06   152384
  2.457560e+01   5.226903e-04   7.394682e-03   1.379087e-06   147462
  2.460114e+01   5.248674e-04   7.357903e-03   1.408525e-06   142112
  2.462663e+01   5.305226e-04   7.336378e-03   1.458514e-06   137102
  2.465211e+01   5.284206e-04   7.316252e-03   1.470621e-06   132144
  2.467752e+01   5.343653e-04   7.283118e-03   1.511638e-06   127010
  2.470284e+01   5.344495e-04   7.253132e-03   1.553128e-06   121832
  2.472829e+01   5.415396e-04   7.397873e-03   1.581526e-06   119096
  2.475392e+01   5.460697e-04   7.444805e-03   1.624629e-06   114702
  2.477956e+01   5.449648e-04   7.462789e-03   1.667865e-06   110312
  2.480517e+01   5.495929e-04   7.434308e-03   1.719935e-06   105734
  2.483076e+01   5.581455e-04   7.397566e-03   1.755948e-06   101544
  2.485627e+01   5.580434e-04   7.301752e-03   1.805480e-06   96824
  2.488168e+01   5.619215e-04   7.246997e-03   1.857462e-06   92582
  2.490698e+01   5.673961e-04   7.204423e-03   1.907696e-06   88248
  2.493224e+01   5.631378e-04   7.257535e-03   1.967174e-06   84728
  2.495776e+01   5.754689e-04   7.453949e-03   2.030959e-06   82454
  2.498353e+01   5.776307e-04   7.531963e-03   2.080887e-06   79076
  2.500921e+01   5.758952e-04   7.439378e-03   2.126426e-06   74568
  2.503475e+01   5.837459e-04   7.405401e-03   2.232477e-06   71054
  2.506026e+01   5.895866e-04   7.359057e-03   2.280005e-06   67544
  2.508578e+01   5.962425e-04   7.350851e-03   2.358602e-06   64440
  2.511127e+01   5.988664e-04   7.285050e-03   2.462008e-06   60902
  2.513667e+01   6.097696e-04   7.239842e-03   2.551911e-06   57656
  2.516188e+01   6.125466e-04   7.131070e-03   2.656738e-06   53976
  2.518711e+01   6.101057e-04   7.280183e-03   2.696301e-06   51806
  2.521267e+01   6.151590e-04   7.484844e-03   2.793644e-06   49688
  2.523842e+01   6.216638e-04   7.555911e-03   2.874866e-06   46856
  2.526422e+01   6.234508e-04   7.597859e-03   2.965897e-06   44256
  2.529008e+01   6.384655e-04   7.559996e-03   3.159519e-06   41654
  2.531583e+01   6.364984e-04   7.348482e-03   3.298052e-06   38612
  2.534123e+01   6.385963e-04   7.062272e-03   3.409542e-06   35496
  2.536623e+01   6.426199e-04   6.874760e-03   3.541964e-06   32768
  2.539091e+01   6.486564e-04   6.774850e-03   3.728359e-06   30254
  2.541583e+01   6.491111e-04   7.146931e-03   3.851840e-06   29024
  2.544166e+01   6.651414e-04   7.771822e-03   4.015348e-06   28176
  2.546816e+01   6.741568e-04   8.033691e-03   4.168352e-06   26336
  2.549464e+01   6.681938e-04   7.802484e-03   4.330695e-06   23822
  2.552058e+01   6.795478e-04   7.252601e-03   4.755876e-06   21096
  2.554587e+01   6.769518e-04   6.879531e-03   4.930268e-06   19016
  2.557068e+01   6.866978e-04   6.569579e-03   5.231063e-06   17024
  2.559507e+01   6.922393e-04   6.425255e-03   5.639507e-06   15360
  2.561919e+01   6.914817e-04   6.295402e-03   5.898642e-06   13814
  2.564393e+01   6.910810e-04   6.997366e-03   6.044548e-06   13112
  2.567113e+01   7.014505e-04   8.707019e-03   5.925784e-06   13520
  2.569910e+01   7.044227e-04   8.295570e-03   6.621587e-06   11124
  2.572577e+01   6.981347e-04   7.121835e-03   7.306804e-06   9080
  2.575089e+01   7.376055e-04   6.225623e-03   8.523778e-06   7526
  2.577504e+01   7.326034e-04   6.069238e-03   9.023604e-06   6504
  2.579905e+01   7.460830e-04   6.054644e-03   9.960272e-06   5624
  2.582307e+01   7.465366e-04   6.043297e-03   1.091424e-05   4808
  2.584710e+01   7.225061e-04   6.034656e-03   1.162199e-05   4056
  2.587276e+01   7.626996e-04   7.717166e-03   1.246134e-05   3704
  2.590170e+01   7.607309e-04   9.550888e-03   1.304934e-05   3560
  2.593119e+01   7.556497e-04   6.077834e-03   1.687421e-05   1934
  2.595529e+01   7.778703e-04   6.014157e-03   2.013116e-05   1464
  2.597932e+01   7.890343e-04   6.009183e-03   2.503296e-05   1064
  2.600334e+01   7.957801e-04   6.000632e-03   2.831708e-05   728
  2.602731e+01   8.080225e-04   5.983389e-03   3.843283e-05   456
  2.605118e+01   8.202351e-04   5.942607e-03   5.222172e-05   248
  2.607479e+01   7.684383e-04   5.817994e-03   6.822629e-05   104
  2.609756e+01   5.526354e-04   5.233565e-03   7.651765e-05   24
