# power spectrum of phi
# redshift z=50.000000
# k              Pk             sigma(k)       sigma(Pk)      count
  2.094395e-02   1.235041e-10   1.873193e-10   4.978946e-11   6
  4.041873e-02   4.699526e-11   7.123136e-03   7.644980e-12   50
  6.490740e-02   3.108647e-11   7.704015e-03   2.796228e-12   146
  8.919218e-02   1.569071e-11   6.515352e-03   9.683443e-13   258
  1.152383e-01   7.183383e-12   7.588046e-03   3.268756e-13   488
  1.414449e-01   5.032119e-12   7.538441e-03   2.077760e-13   698
  1.659742e-01   3.093282e-12   7.050465e-03   1.080189e-13   906
  1.914641e-01   2.012329e-12   7.471609e-03   5.552026e-14   1334
  2.173330e-01   1.397419e-12   6.995022e-03   3.453578e-14   1610
  2.424567e-01   1.073749e-12   7.345390e-03   2.477549e-14   2024
  2.678993e-01   7.935671e-13   7.580509e-03   1.578832e-14   2538
  2.938190e-01   5.895055e-13   7.447628e-03   1.122981e-14   3074
  3.195712e-01   4.799325e-13   7.220239e-03   8.394194e-15   3530
  3.446864e-01   3.713348e-13   7.270973e-03   5.780323e-15   4056
  3.699787e-01   3.074373e-13   7.428541e-03   4.474214e-15   4814
  3.958636e-01   2.419833e-13   7.424289e-03   3.307560e-15   5570
  4.214096e-01   2.057574e-13   7.192216e-03   2.681193e-15   6090
  4.461528e-01   1.755560e-13   7.017327e-03   2.205041e-15   6674
  4.716496e-01   1.444203e-13   7.522617e-03   1.585431e-15   8000
  4.976255e-01   1.258003e-13   7.432317e-03   1.338695e-15   8690
  5.234355e-01   1.050121e-13   7.563486e-03   1.093784e-15   9762
  5.488848e-01   9.007802e-14   7.139761e-03   8.611136e-16   10262
  5.740202e-01   7.934257e-14   7.208672e-03   7.522542e-16   11384
  5.998726e-01   6.749684e-14   7.605282e-03   5.931718e-16   12978
  6.254488e-01   6.113515e-14   7.225996e-03   5.323884e-16   13322
  6.507142e-01   5.186372e-14   7.369919e-03   4.268136e-16   14858
  6.762540e-01   4.666232e-14   7.250774e-03   3.699027e-16   15858
  7.016736e-01   4.060604e-14   7.353014e-03   3.091406e-16   17120
  7.269255e-01   3.714483e-14   7.307103e-03   2.795835e-16   18206
  7.526206e-01   3.305660e-14   7.525550e-03   2.321485e-16   20282
  7.783742e-01   2.920135e-14   7.276293e-03   1.985621e-16   20946
  8.037396e-01   2.660134e-14   7.373172e-03   1.776790e-16   22514
  8.292023e-01   2.397617e-14   7.345694e-03   1.544965e-16   23936
  8.546745e-01   2.200176e-14   7.347089e-03   1.406169e-16   25458
  8.800992e-01   1.976383e-14   7.329232e-03   1.207986e-16   26882
  9.054925e-01   1.844115e-14   7.338127e-03   1.092394e-16   28514
  9.311790e-01   1.675935e-14   7.460228e-03   9.499851e-17   30740
  9.568777e-01   1.492785e-14   7.357333e-03   8.467219e-17   31866
  9.821952e-01   1.399456e-14   7.331624e-03   7.728158e-17   33314
  1.007650e+00   1.264100e-14   7.414657e-03   6.723696e-17   35666
  1.033253e+00   1.187009e-14   7.318024e-03   6.252186e-17   37242
  1.058762e+00   1.085973e-14   7.338439e-03   5.529546e-17   39008
  1.084162e+00   9.951366e-15   7.377341e-03   4.929043e-17   40874
  1.109663e+00   9.097260e-15   7.384274e-03   4.384418e-17   43134
  1.135231e+00   8.626209e-15   7.323407e-03   4.088653e-17   44906
  1.160648e+00   7.963310e-15   7.324475e-03   3.700457e-17   46688
  1.186063e+00   7.478646e-15   7.393303e-03   3.391082e-17   49106
  1.211638e+00   6.927607e-15   7.403029e-03   3.029531e-17   51498
  1.237270e+00   6.499897e-15   7.385683e-03   2.804045e-17   53570
  1.262712e+00   6.027704e-15   7.321723e-03   2.576513e-17   55226
  1.288093e+00   5.666601e-15   7.341969e-03   2.360035e-17   57708
  1.313634e+00   5.258778e-15   7.407574e-03   2.152532e-17   60530
  1.339301e+00   4.965270e-15   7.432212e-03   1.977074e-17   63050
  1.364534e+00   4.617312e-15   7.161349e-03   1.836757e-17   63138
  1.389920e+00   4.391475e-15   7.475118e-03   1.678914e-17   68594
  1.415805e+00   4.099464e-15   7.439430e-03   1.544543e-17   70664
  1.441273e+00   3.852688e-15   7.308630e-03   1.440300e-17   71594
  1.466675e+00   3.624061e-15   7.411357e-03   1.326955e-17   75438
  1.492191e+00   3.442683e-15   7.301996e-03   1.249899e-17   77258
  1.517767e+00   3.242759e-15   7.436078e-03   1.139946e-17   81128
  1.543221e+00   3.066270e-15   7.296345e-03   1.071940e-17   82098
  1.568696e+00   2.900457e-15   7.424693e-03   9.872054e-18   86690
  1.594426e+00   2.767987e-15   7.389266e-03   9.317354e-18   89306
  1.619960e+00   2.622007e-15   7.318410e-03   8.633030e-18   91074
  1.645323e+00   2.478085e-15   7.332853e-03   8.106394e-18   93908
  1.670710e+00   2.326485e-15   7.343977e-03   7.467234e-18   97106
  1.696187e+00   2.243085e-15   7.356873e-03   7.091299e-18   100370
  1.721752e+00   2.117043e-15   7.394531e-03   6.632453e-18   103914
  1.747332e+00   2.008686e-15   7.360597e-03   6.149791e-18   106616
  1.772874e+00   1.917104e-15   7.362187e-03   5.752273e-18   109850
  1.798406e+00   1.814634e-15   7.360683e-03   5.449438e-18   112842
  1.823780e+00   1.733777e-15   7.293039e-03   5.140315e-18   114914
  1.849190e+00   1.661744e-15   7.358923e-03   4.816956e-18   119582
  1.874776e+00   1.571816e-15   7.367534e-03   4.486746e-18   122888
  1.900308e+00   1.505890e-15   7.385270e-03   4.221713e-18   126090
  1.925820e+00   1.450189e-15   7.366580e-03   4.029599e-18   129482
  1.951341e+00   1.379421e-15   7.334265e-03   3.798397e-18   132818
  1.976809e+00   1.316877e-15   7.322888e-03   3.588694e-18   135810
  2.002209e+00   1.264207e-15   7.346060e-03   3.407767e-18   139304
  2.027792e+00   1.211998e-15   7.442133e-03   3.197611e-18   145022
  2.053380e+00   1.153156e-15   7.308775e-03   3.044289e-18   146370
  2.078794e+00   1.106783e-15   7.334480e-03   2.857132e-18   150338
  2.104269e+00   1.072944e-15   7.371946e-03   2.741884e-18   154544
  2.129794e+00   1.022934e-15   7.373878e-03   2.582300e-18   158546
  2.155453e+00   9.863829e-16   7.427055e-03   2.450541e-18   163602
  2.180972e+00   9.422871e-16   7.309285e-03   2.310156e-18   164642
  2.206370e+00   9.039152e-16   7.351997e-03   2.205776e-18   169790
  2.231837e+00   8.638152e-16   7.324438e-03   2.081820e-18   173136
  2.257387e+00   8.395018e-16   7.423329e-03   1.989651e-18   179090
  2.282912e+00   8.043348e-16   7.329232e-03   1.897948e-18   180890
  2.308457e+00   7.719400e-16   7.404053e-03   1.783609e-18   187434
  2.333949e+00   7.466692e-16   7.276406e-03   1.719926e-18   188000
  2.359383e+00   7.198595e-16   7.426870e-03   1.632912e-18   195338
  2.384874e+00   6.916776e-16   7.330167e-03   1.556804e-18   197246
  2.410353e+00   6.660386e-16   7.377053e-03   1.485513e-18   203394
  2.435901e+00   6.443160e-16   7.347720e-03   1.415568e-18   206834
  2.461361e+00   6.154217e-16   7.352103e-03   1.341749e-18   210728
  2.486883e+00   5.978009e-16   7.408456e-03   1.291129e-18   216930
  2.512465e+00   5.738798e-16   7.356142e-03   1.223389e-18   220226
  2.537932e+00   5.534152e-16   7.338615e-03   1.175638e-18   224018
  2.563367e+00   5.363051e-16   7.347478e-03   1.133103e-18   228644
  2.588906e+00   5.207687e-16   7.404034e-03   1.077314e-18   235098
  2.614571e+00   5.035941e-16   7.419460e-03   1.028903e-18   240098
  2.640032e+00   4.840873e-16   7.303768e-03   9.901335e-19   240794
  2.665399e+00   4.693742e-16   7.353580e-03   9.415622e-19   247626
  2.690948e+00   4.515910e-16   7.383215e-03   8.934375e-19   253472
  2.716502e+00   4.394917e-16   7.379669e-03   8.669101e-19   257594
  2.741989e+00   4.255094e-16   7.366069e-03   8.318659e-19   261954
  2.767506e+00   4.113009e-16   7.373825e-03   7.961705e-19   267830
  2.793068e+00   3.999993e-16   7.364123e-03   7.656708e-19   272474
  2.818538e+00   3.854635e-16   7.347491e-03   7.338024e-19   276008
  2.843958e+00   3.728660e-16   7.368971e-03   6.996019e-19   281754
  2.869505e+00   3.611586e-16   7.394802e-03   6.719323e-19   288578
  2.895121e+00   3.499396e-16   7.386730e-03   6.457465e-19   293450
  2.920590e+00   3.411403e-16   7.325223e-03   6.245503e-19   295680
  2.946058e+00   3.292176e-16   7.393210e-03   5.972531e-19   304022
  2.971618e+00   3.191509e-16   7.353750e-03   5.743102e-19   307994
  2.997119e+00   3.097345e-16   7.361330e-03   5.558522e-19   313338
  3.022499e+00   3.020286e-16   7.291353e-03   5.373948e-19   315722
  3.048006e+00   2.913538e-16   7.422779e-03   5.102820e-19   327056
  3.073649e+00   2.841990e-16   7.377998e-03   4.955827e-19   330098
  3.099149e+00   2.751167e-16   7.360021e-03   4.749233e-19   334650
  3.124623e+00   2.684763e-16   7.344466e-03   4.607688e-19   340238
  3.150029e+00   2.601278e-16   7.295384e-03   4.444313e-19   343616
  3.175592e+00   2.534120e-16   7.449711e-03   4.257228e-19   355986
  3.201196e+00   2.470544e-16   7.341603e-03   4.119172e-19   356162
  3.226615e+00   2.396232e-16   7.337068e-03   4.004689e-19   362354
  3.252120e+00   2.328774e-16   7.358113e-03   3.848225e-19   369474
  3.277642e+00   2.274096e-16   7.364375e-03   3.722002e-19   374696
  3.303139e+00   2.213043e-16   7.372139e-03   3.568994e-19   380774
  3.328682e+00   2.141538e-16   7.376858e-03   3.451020e-19   387530
  3.354217e+00   2.092836e-16   7.353481e-03   3.341830e-19   392346
  3.379688e+00   2.039344e-16   7.345952e-03   3.241343e-19   397490
  3.405140e+00   1.978283e-16   7.351647e-03   3.128754e-19   404024
  3.430725e+00   1.934377e-16   7.408667e-03   3.020449e-19   413538
  3.456243e+00   1.881376e-16   7.315991e-03   2.933400e-19   414266
  3.481684e+00   1.830935e-16   7.363540e-03   2.811227e-19   423350
  3.507212e+00   1.778143e-16   7.356884e-03   2.715486e-19   429224
  3.532706e+00   1.736717e-16   7.357692e-03   2.647856e-19   434898
  3.558224e+00   1.690250e-16   7.391743e-03   2.540398e-19   442754
  3.583745e+00   1.649506e-16   7.358544e-03   2.469046e-19   447842
  3.609237e+00   1.607344e-16   7.340691e-03   2.403361e-19   453906
  3.634764e+00   1.574787e-16   7.379481e-03   2.322418e-19   462008
  3.660246e+00   1.535653e-16   7.346019e-03   2.252755e-19   465746
  3.685744e+00   1.491723e-16   7.382125e-03   2.174294e-19   475518
  3.711289e+00   1.454170e-16   7.343917e-03   2.108946e-19   480074
  3.736776e+00   1.424235e-16   7.361129e-03   2.047485e-19   486704
  3.762257e+00   1.384392e-16   7.371796e-03   1.972023e-19   493682
  3.787731e+00   1.357427e-16   7.348094e-03   1.924609e-19   499458
  3.813253e+00   1.326539e-16   7.384327e-03   1.865610e-19   508874
  3.838784e+00   1.290885e-16   7.356201e-03   1.804221e-19   513530
  3.864291e+00   1.262103e-16   7.371075e-03   1.758502e-19   521652
  3.889813e+00   1.231536e-16   7.360567e-03   1.706175e-19   527762
  3.915341e+00   1.203911e-16   7.382957e-03   1.646511e-19   535898
  3.940780e+00   1.175860e-16   7.313419e-03   1.603869e-19   538074
  3.966243e+00   1.154141e-16   7.379204e-03   1.555622e-19   550562
  3.991852e+00   1.126434e-16   7.396797e-03   1.512530e-19   558392
  4.017351e+00   1.098372e-16   7.345294e-03   1.472627e-19   560522
  4.042795e+00   1.077154e-16   7.371024e-03   1.427671e-19   570366
  4.068286e+00   1.049925e-16   7.342311e-03   1.390498e-19   576290
  4.093801e+00   1.028008e-16   7.381356e-03   1.343428e-19   586016
  4.119292e+00   1.004066e-16   7.350810e-03   1.307312e-19   590178
  4.144811e+00   9.836737e-17   7.396764e-03   1.271676e-19   602090
  4.170363e+00   9.603305e-17   7.345928e-03   1.235776e-19   605834
  4.195849e+00   9.405771e-17   7.364704e-03   1.201905e-19   614210
  4.221384e+00   9.225425e-17   7.384356e-03   1.172918e-19   623076
  4.246873e+00   9.011061e-17   7.343391e-03   1.141331e-19   627194
  4.272356e+00   8.795936e-17   7.375414e-03   1.103607e-19   637706
  4.297876e+00   8.622319e-17   7.362245e-03   1.077235e-19   644178
  4.323354e+00   8.428307e-17   7.348692e-03   1.049349e-19   651056
  4.348869e+00   8.263741e-17   7.374286e-03   1.021152e-19   661130
  4.374409e+00   8.106799e-17   7.373714e-03   9.919972e-20   668106
  4.399910e+00   7.909575e-17   7.359532e-03   9.655071e-20   674894
  4.425387e+00   7.762201e-17   7.342198e-03   9.440000e-20   682082
  4.450903e+00   7.631407e-17   7.375276e-03   9.198027e-20   692480
  4.476432e+00   7.447304e-17   7.375072e-03   8.919937e-20   699258
  4.501885e+00   7.302664e-17   7.336800e-03   8.737634e-20   704354
  4.527378e+00   7.152929e-17   7.372539e-03   8.491029e-20   716810
  4.552863e+00   7.016680e-17   7.328466e-03   8.306551e-20   720138
  4.578399e+00   6.856709e-17   7.414456e-03   8.023275e-20   736064
  4.603934e+00   6.726303e-17   7.335916e-03   7.843909e-20   736742
  4.629437e+00   6.604785e-17   7.381231e-03   7.669230e-20   750090
  4.654964e+00   6.467354e-17   7.349212e-03   7.494111e-20   754778
  4.680441e+00   6.329385e-17   7.358059e-03   7.296175e-20   763712
  4.705924e+00   6.229087e-17   7.355793e-03   7.132063e-20   771890
  4.731472e+00   6.091816e-17   7.394109e-03   6.900755e-20   784290
  4.756995e+00   5.974944e-17   7.346113e-03   6.765539e-20   787274
  4.782410e+00   5.852757e-17   7.329464e-03   6.575365e-20   794726
  4.807954e+00   5.757880e-17   7.402272e-03   6.415232e-20   811632
  4.833545e+00   5.649150e-17   7.368121e-03   6.285822e-20   815426
  4.859026e+00   5.535832e-17   7.349814e-03   6.150635e-20   822146
  4.884516e+00   5.435259e-17   7.358509e-03   5.978618e-20   832738
  4.910059e+00   5.323990e-17   7.375884e-03   5.824120e-20   842752
  4.935559e+00   5.239625e-17   7.355268e-03   5.716378e-20   848018
  4.961031e+00   5.137398e-17   7.365136e-03   5.571938e-20   858614
  4.986536e+00   5.041866e-17   7.354438e-03   5.430447e-20   867330
  5.012024e+00   4.954503e-17   7.346916e-03   5.329729e-20   875066
  5.037521e+00   4.860504e-17   7.371761e-03   5.189557e-20   886040
  5.063098e+00   4.767039e-17   7.401096e-03   5.059656e-20   899058
  5.088646e+00   4.686820e-17   7.339706e-03   4.954618e-20   901322
  5.114060e+00   4.591878e-17   7.325146e-03   4.845028e-20   907922
  5.139544e+00   4.513617e-17   7.388109e-03   4.715123e-20   924548
  5.165087e+00   4.440930e-17   7.360044e-03   4.626183e-20   930522
  5.190617e+00   4.358575e-17   7.378221e-03   4.520725e-20   941906
  5.216116e+00   4.279030e-17   7.347520e-03   4.430150e-20   946802
  5.241631e+00   4.202442e-17   7.385776e-03   4.317110e-20   961866
  5.267164e+00   4.132222e-17   7.346424e-03   4.233879e-20   966104
  5.292642e+00   4.051153e-17   7.367530e-03   4.124153e-20   977090
  5.318144e+00   3.992692e-17   7.368347e-03   4.050018e-20   987006
  5.343657e+00   3.922702e-17   7.358130e-03   3.944787e-20   996410
  5.369188e+00   3.847963e-17   7.367897e-03   3.852812e-20   1007018
  5.394677e+00   3.791589e-17   7.351679e-03   3.792759e-20   1012712
  5.420186e+00   3.716506e-17   7.395231e-03   3.685271e-20   1028394
  5.445709e+00   3.655143e-17   7.345496e-03   3.619418e-20   1032434
  5.471171e+00   3.592489e-17   7.349295e-03   3.545522e-20   1042658
  5.496689e+00   3.535452e-17   7.385049e-03   3.469090e-20   1056696
  5.522177e+00   3.475595e-17   7.337841e-03   3.400655e-20   1060142
  5.547700e+00   3.422469e-17   7.394181e-03   3.324063e-20   1078706
  5.573233e+00   3.367963e-17   7.345490e-03   3.264926e-20   1081002
  5.598698e+00   3.305496e-17   7.356737e-03   3.181281e-20   1092818
  5.624194e+00   3.248202e-17   7.359845e-03   3.109240e-20   1103072
  5.649718e+00   3.205578e-17   7.383227e-03   3.051937e-20   1115930
  5.675249e+00   3.146030e-17   7.366868e-03   2.994237e-20   1123602
  5.700727e+00   3.087042e-17   7.346065e-03   2.924464e-20   1131638
  5.726216e+00   3.049597e-17   7.358860e-03   2.879865e-20   1144112
  5.751763e+00   2.995281e-17   7.388963e-03   2.807355e-20   1157706
  5.777272e+00   2.939703e-17   7.350537e-03   2.754189e-20   1161674
  5.802757e+00   2.901926e-17   7.364804e-03   2.702500e-20   1175642
  5.828289e+00   2.852882e-17   7.364879e-03   2.638434e-20   1186250
  5.853783e+00   2.811225e-17   7.351825e-03   2.594695e-20   1192968
  5.879270e+00   2.764521e-17   7.377555e-03   2.536715e-20   1207214
  5.904809e+00   2.718650e-17   7.374073e-03   2.488799e-20   1218290
  5.930311e+00   2.676213e-17   7.347396e-03   2.441356e-20   1224522
  5.955783e+00   2.636211e-17   7.359483e-03   2.396281e-20   1236722
  5.981289e+00   2.595523e-17   7.367166e-03   2.342898e-20   1248896
  6.006817e+00   2.556748e-17   7.371668e-03   2.297444e-20   1260186
  6.032316e+00   2.513673e-17   7.353402e-03   2.252592e-20   1267634
  6.057797e+00   2.476459e-17   7.357581e-03   2.211386e-20   1279670
  6.083302e+00   2.441010e-17   7.362654e-03   2.166299e-20   1291400
  6.108840e+00   2.397873e-17   7.382392e-03   2.123765e-20   1304898
  6.134379e+00   2.369600e-17   7.372474e-03   2.089424e-20   1313426
  6.159855e+00   2.331737e-17   7.343986e-03   2.050475e-20   1320482
  6.185330e+00   2.290232e-17   7.353712e-03   2.004291e-20   1334370
  6.210891e+00   2.258094e-17   7.394115e-03   1.967012e-20   1351712
  6.236415e+00   2.227000e-17   7.346193e-03   1.938383e-20   1353278
  6.261886e+00   2.187200e-17   7.359241e-03   1.890569e-20   1368162
  6.287403e+00   2.157827e-17   7.358316e-03   1.857348e-20   1379666
  6.312867e+00   2.128487e-17   7.336863e-03   1.831138e-20   1385120
  6.338363e+00   2.095395e-17   7.390988e-03   1.789991e-20   1406378
  6.363941e+00   2.064771e-17   7.377138e-03   1.755494e-20   1415970
  6.389439e+00   2.034368e-17   7.340919e-03   1.727143e-20   1420394
  6.414933e+00   2.006132e-17   7.374625e-03   1.694607e-20   1438250
  6.440436e+00   1.976717e-17   7.345189e-03   1.666667e-20   1444116
  6.465918e+00   1.944404e-17   7.362911e-03   1.628409e-20   1458842
  6.491438e+00   1.922420e-17   7.371056e-03   1.603476e-20   1471610
  6.516921e+00   1.890982e-17   7.340542e-03   1.578332e-20   1477866
  6.542403e+00   1.863741e-17   7.359540e-03   1.542407e-20   1493810
  6.567923e+00   1.837398e-17   7.367977e-03   1.517006e-20   1506032
  6.593462e+00   1.809337e-17   7.384462e-03   1.490562e-20   1519802
  6.618983e+00   1.783420e-17   7.361122e-03   1.463134e-20   1527654
  6.644490e+00   1.762057e-17   7.360487e-03   1.438854e-20   1540874
  6.669967e+00   1.735609e-17   7.340671e-03   1.419266e-20   1547576
  6.695454e+00   1.711576e-17   7.378056e-03   1.389717e-20   1566738
  6.720978e+00   1.685849e-17   7.357950e-03   1.365786e-20   1575554
  6.746515e+00   1.665945e-17   7.375144e-03   1.340804e-20   1591874
  6.772051e+00   1.639525e-17   7.359599e-03   1.317570e-20   1599482
  6.797518e+00   1.619722e-17   7.347453e-03   1.298273e-20   1607916
  6.823032e+00   1.595263e-17   7.389035e-03   1.270732e-20   1629482
  6.848574e+00   1.573876e-17   7.359831e-03   1.250403e-20   1635530
  6.874038e+00   1.553358e-17   7.342653e-03   1.230834e-20   1644018
  6.899504e+00   1.529450e-17   7.357156e-03   1.208832e-20   1660064
  6.925011e+00   1.512458e-17   7.363592e-03   1.190046e-20   1673666
  6.950564e+00   1.488576e-17   7.390464e-03   1.165866e-20   1691178
  6.976082e+00   1.469587e-17   7.347487e-03   1.149502e-20   1694150
  7.001548e+00   1.448744e-17   7.350123e-03   1.127539e-20   1708466
  7.027045e+00   1.430692e-17   7.361935e-03   1.108001e-20   1722752
  7.052524e+00   1.411149e-17   7.354998e-03   1.090980e-20   1731882
  7.078022e+00   1.393923e-17   7.376293e-03   1.075077e-20   1750730
  7.103585e+00   1.375285e-17   7.376736e-03   1.056099e-20   1764962
  7.129099e+00   1.355057e-17   7.346959e-03   1.037096e-20   1769370
  7.154581e+00   1.338909e-17   7.369608e-03   1.021663e-20   1786676
  7.180090e+00   1.320612e-17   7.362830e-03   1.004532e-20   1798370
  7.205609e+00   1.307673e-17   7.369089e-03   9.914181e-21   1813482
  7.231123e+00   1.288434e-17   7.357571e-03   9.745553e-21   1822898
  7.256627e+00   1.267975e-17   7.370928e-03   9.556984e-21   1838432
  7.282155e+00   1.252308e-17   7.373386e-03   9.394199e-21   1852058
  7.307666e+00   1.237013e-17   7.361505e-03   9.266671e-21   1861794
  7.333149e+00   1.219066e-17   7.358806e-03   9.103698e-21   1874162
  7.358623e+00   1.204358e-17   7.351475e-03   8.976639e-21   1886534
  7.384164e+00   1.186566e-17   7.389981e-03   8.780678e-21   1909464
  7.409699e+00   1.174484e-17   7.358477e-03   8.673949e-21   1912946
  7.435162e+00   1.159772e-17   7.351519e-03   8.542691e-21   1925258
  7.460671e+00   1.143410e-17   7.371944e-03   8.386808e-21   1945418
  7.486184e+00   1.131827e-17   7.352028e-03   8.313801e-21   1952280
  7.511686e+00   1.117248e-17   7.379041e-03   8.167889e-21   1971218
  7.537194e+00   1.101666e-17   7.359560e-03   8.019025e-21   1980254
  7.562688e+00   1.088715e-17   7.358769e-03   7.910820e-21   1994922
  7.588210e+00   1.075811e-17   7.370704e-03   7.780099e-21   2011754
  7.613722e+00   1.061479e-17   7.354168e-03   7.652902e-21   2020208
  7.639221e+00   1.046119e-17   7.367104e-03   7.529543e-21   2037402
  7.664736e+00   1.035554e-17   7.359654e-03   7.421895e-21   2049602
  7.690250e+00   1.023194e-17   7.365832e-03   7.302706e-21   2064338
  7.715745e+00   1.009255e-17   7.353552e-03   7.203575e-21   2074316
  7.741258e+00   9.962696e-18   7.373699e-03   7.071080e-21   2094450
  7.766807e+00   9.862599e-18   7.374515e-03   7.001495e-21   2107706
  7.792299e+00   9.733585e-18   7.347257e-03   6.883757e-21   2113538
  7.817752e+00   9.630249e-18   7.344616e-03   6.792823e-21   2128170
  7.843265e+00   9.513989e-18   7.375784e-03   6.676973e-21   2150936
  7.868810e+00   9.384493e-18   7.372240e-03   6.569628e-21   2162258
  7.894314e+00   9.275848e-18   7.357042e-03   6.481628e-21   2172390
  7.919814e+00   9.173142e-18   7.359669e-03   6.395499e-21   2188754
  7.945318e+00   9.053340e-18   7.355894e-03   6.299400e-21   2201210
  7.970811e+00   8.959557e-18   7.361815e-03   6.195055e-21   2215424
  7.996321e+00   8.829274e-18   7.373640e-03   6.094580e-21   2233338
  8.021821e+00   8.740377e-18   7.348152e-03   6.022583e-21   2241386
  8.047325e+00   8.648262e-18   7.369047e-03   5.943183e-21   2262218
  8.072811e+00   8.533429e-18   7.340615e-03   5.856354e-21   2267196
  8.098334e+00   8.437443e-18   7.391919e-03   5.742092e-21   2297690
  8.123880e+00   8.355061e-18   7.353296e-03   5.699671e-21   2300042
  8.149358e+00   8.255863e-18   7.355116e-03   5.613233e-21   2314410
  8.174853e+00   8.146148e-18   7.364016e-03   5.522739e-21   2332226
  8.200370e+00   8.056146e-18   7.363783e-03   5.440885e-21   2346968
  8.225880e+00   7.975312e-18   7.363679e-03   5.379272e-21   2360762
  8.251385e+00   7.868941e-18   7.363335e-03   5.285367e-21   2375298
  8.276899e+00   7.794894e-18   7.364839e-03   5.220670e-21   2391758
  8.302392e+00   7.682628e-18   7.345323e-03   5.137771e-21   2400032
  8.327865e+00   7.609701e-18   7.360986e-03   5.067683e-21   2418330
  8.353397e+00   7.515582e-18   7.385056e-03   4.989620e-21   2441042
  8.378926e+00   7.433818e-18   7.355046e-03   4.935662e-21   2447330
  8.404430e+00   7.345933e-18   7.363966e-03   4.856260e-21   2465546
  8.429938e+00   7.254241e-18   7.362381e-03   4.783819e-21   2478000
  8.455444e+00   7.204044e-18   7.372873e-03   4.737365e-21   2496422
  8.480958e+00   7.109714e-18   7.359921e-03   4.671772e-21   2508626
  8.506457e+00   7.034441e-18   7.359874e-03   4.608041e-21   2523594
  8.531943e+00   6.950075e-18   7.354810e-03   4.547167e-21   2536610
  8.557440e+00   6.867236e-18   7.367062e-03   4.477715e-21   2555912
  8.582965e+00   6.802509e-18   7.373258e-03   4.422147e-21   2573226
  8.608463e+00   6.713325e-18   7.350246e-03   4.352331e-21   2580434
  8.633977e+00   6.643603e-18   7.382539e-03   4.287137e-21   2607638
  8.659504e+00   6.577564e-18   7.354705e-03   4.247010e-21   2613008
  8.685007e+00   6.510341e-18   7.374775e-03   4.193445e-21   2634234
  8.710521e+00   6.433855e-18   7.365901e-03   4.130227e-21   2646434
  8.736014e+00   6.368472e-18   7.357753e-03   4.079723e-21   2660666
  8.761523e+00   6.296265e-18   7.366036e-03   4.018677e-21   2680338
  8.787049e+00   6.226404e-18   7.368477e-03   3.964393e-21   2695256
  8.812547e+00   6.161513e-18   7.360019e-03   3.930939e-21   2707022
  8.838022e+00   6.094608e-18   7.351255e-03   3.865803e-21   2721162
  8.863511e+00   6.028887e-18   7.360651e-03   3.811574e-21   2740514
  8.889023e+00   5.961710e-18   7.370397e-03   3.763263e-21   2758280
  8.914550e+00   5.898443e-18   7.375473e-03   3.712958e-21   2776034
  8.940075e+00   5.844027e-18   7.364824e-03   3.674581e-21   2788938
  8.965571e+00   5.780189e-18   7.355281e-03   3.625605e-21   2801642
  8.991062e+00   5.717076e-18   7.359515e-03   3.572173e-21   2819726
  9.016572e+00   5.661150e-18   7.364020e-03   3.529774e-21   2837352
  9.042084e+00   5.601637e-18   7.365325e-03   3.492875e-21   2853026
  9.067570e+00   5.525962e-18   7.351217e-03   3.433007e-21   2863538
  9.093065e+00   5.483431e-18   7.368240e-03   3.395573e-21   2887418
  9.118561e+00   5.426546e-18   7.345507e-03   3.359283e-21   2895354
  9.144102e+00   5.365947e-18   7.396156e-03   3.301246e-21   2930456
  9.169632e+00   5.318795e-18   7.347558e-03   3.280398e-21   2925938
  9.195115e+00   5.255782e-18   7.369936e-03   3.226297e-21   2952582
  9.220649e+00   5.206953e-18   7.366998e-03   3.193232e-21   2969474
  9.246148e+00   5.146567e-18   7.348604e-03   3.151590e-21   2977016
  9.271627e+00   5.090463e-18   7.363963e-03   3.105407e-21   2999034
  9.297144e+00   5.039652e-18   7.367021e-03   3.063562e-21   3018434
  9.322671e+00   4.992117e-18   7.363225e-03   3.035962e-21   3033914
  9.348164e+00   4.946484e-18   7.350790e-03   3.002958e-21   3043922
  9.373674e+00   4.891567e-18   7.378658e-03   2.961582e-21   3071604
  9.399208e+00   4.841417e-18   7.364437e-03   2.928046e-21   3082658
  9.424683e+00   4.795197e-18   7.343930e-03   2.895048e-21   3091082
  9.450174e+00   4.743266e-18   7.370312e-03   2.847648e-21   3119970
  9.475668e+00   4.702740e-18   7.342076e-03   2.824521e-21   3124880
  9.501187e+00   4.649041e-18   7.387781e-03   2.785017e-21   3160466
  9.526720e+00   4.609713e-18   7.353834e-03   2.760595e-21   3161970
  9.552200e+00   4.558750e-18   7.358644e-03   2.717904e-21   3181886
  9.577710e+00   4.515868e-18   7.363037e-03   2.691501e-21   3202250
  9.603235e+00   4.474627e-18   7.367464e-03   2.657477e-21   3219800
  9.628740e+00   4.425556e-18   7.361386e-03   2.623883e-21   3232482
  9.654236e+00   4.387656e-18   7.363665e-03   2.597442e-21   3251810
  9.679757e+00   4.336285e-18   7.367017e-03   2.555735e-21   3272330
  9.705247e+00   4.304917e-18   7.343493e-03   2.538273e-21   3277920
  9.730748e+00   4.255187e-18   7.381314e-03   2.504019e-21   3311078
  9.756278e+00   4.221845e-18   7.359562e-03   2.481693e-21   3319466
  9.781786e+00   4.177060e-18   7.365569e-03   2.445129e-21   3340162
  9.807269e+00   4.137841e-18   7.343717e-03   2.424004e-21   3347074
  9.832748e+00   4.099280e-18   7.367839e-03   2.385802e-21   3374672
  9.858288e+00   4.060911e-18   7.381311e-03   2.363243e-21   3398114
  9.883813e+00   4.023224e-18   7.360458e-03   2.340493e-21   3405930
  9.909307e+00   3.980571e-18   7.362166e-03   2.311296e-21   3424982
  9.934811e+00   3.938264e-18   7.361617e-03   2.283504e-21   3443618
  9.960343e+00   3.906943e-18   7.376339e-03   2.254575e-21   3467568
  9.985863e+00   3.878458e-18   7.361737e-03   2.244161e-21   3476762
  1.001135e+01   3.836320e-18   7.355785e-03   2.213300e-21   3492818
  1.003685e+01   3.794606e-18   7.365884e-03   2.178193e-21   3517154
  1.006235e+01   3.763252e-18   7.353534e-03   2.161898e-21   3527568
  1.008784e+01   3.729215e-18   7.373687e-03   2.136619e-21   3553130
  1.011337e+01   3.695760e-18   7.371166e-03   2.113987e-21   3571094
  1.013889e+01   3.656992e-18   7.364397e-03   2.086737e-21   3587850
  1.016439e+01   3.628287e-18   7.355054e-03   2.071183e-21   3601106
  1.018988e+01   3.595001e-18   7.360039e-03   2.045078e-21   3620672
  1.021537e+01   3.560442e-18   7.361210e-03   2.019529e-21   3639354
  1.024088e+01   3.525170e-18   7.368257e-03   1.994758e-21   3661394
  1.026641e+01   3.498559e-18   7.368852e-03   1.977889e-21   3679610
  1.029192e+01   3.464111e-18   7.362580e-03   1.955342e-21   3695180
  1.031742e+01   3.429909e-18   7.359296e-03   1.933557e-21   3711954
  1.034292e+01   3.401193e-18   7.367860e-03   1.913177e-21   3733202
  1.036843e+01   3.371313e-18   7.365749e-03   1.895270e-21   3751322
  1.039394e+01   3.339516e-18   7.361539e-03   1.873448e-21   3769554
  1.041945e+01   3.307702e-18   7.359581e-03   1.852860e-21   3786200
  1.044496e+01   3.278245e-18   7.371530e-03   1.829381e-21   3808850
  1.047045e+01   3.252022e-18   7.353767e-03   1.815708e-21   3819702
  1.049595e+01   3.223445e-18   7.364517e-03   1.795345e-21   3845738
  1.052147e+01   3.190690e-18   7.364071e-03   1.775451e-21   3863258
  1.054698e+01   3.168380e-18   7.365668e-03   1.762150e-21   3881216
  1.057247e+01   3.141256e-18   7.357553e-03   1.744001e-21   3895314
  1.059797e+01   3.110745e-18   7.370497e-03   1.723247e-21   3922562
  1.062349e+01   3.080276e-18   7.355939e-03   1.700956e-21   3934418
  1.064898e+01   3.054855e-18   7.361556e-03   1.685374e-21   3956076
  1.067449e+01   3.032044e-18   7.362690e-03   1.671054e-21   3975842
  1.070001e+01   3.002337e-18   7.369647e-03   1.649086e-21   3998378
  1.072552e+01   2.978552e-18   7.360187e-03   1.636916e-21   4011746
  1.075102e+01   2.953931e-18   7.358748e-03   1.621702e-21   4030794
  1.077653e+01   2.927989e-18   7.368798e-03   1.602792e-21   4055528
  1.080205e+01   2.904259e-18   7.363030e-03   1.588833e-21   4069946
  1.082756e+01   2.879398e-18   7.367951e-03   1.574373e-21   4092678
  1.085306e+01   2.848069e-18   7.355822e-03   1.554258e-21   4107098
  1.087857e+01   2.826917e-18   7.362404e-03   1.539754e-21   4129736
  1.090407e+01   2.804631e-18   7.359481e-03   1.525378e-21   4145754
  1.092957e+01   2.781130e-18   7.369499e-03   1.508971e-21   4170842
  1.095508e+01   2.758070e-18   7.357224e-03   1.498708e-21   4184906
  1.098058e+01   2.732482e-18   7.358443e-03   1.481968e-21   4205450
  1.100608e+01   2.710887e-18   7.360823e-03   1.468490e-21   4224720
  1.103161e+01   2.688721e-18   7.380198e-03   1.452012e-21   4254854
  1.105711e+01   2.664302e-18   7.344334e-03   1.441541e-21   4254938
  1.108260e+01   2.643942e-18   7.371571e-03   1.424459e-21   4290330
  1.110811e+01   2.617601e-18   7.358208e-03   1.408095e-21   4302314
  1.113362e+01   2.600913e-18   7.364088e-03   1.397413e-21   4326032
  1.115915e+01   2.580623e-18   7.377284e-03   1.384305e-21   4353090
  1.118466e+01   2.557195e-18   7.349556e-03   1.369676e-21   4356146
  1.121013e+01   2.534314e-18   7.352742e-03   1.358235e-21   4378574
  1.123564e+01   2.515930e-18   7.377840e-03   1.340264e-21   4413248
  1.126118e+01   2.499268e-18   7.366166e-03   1.335332e-21   4424802
  1.128668e+01   2.475135e-18   7.364098e-03   1.320048e-21   4444034
  1.131219e+01   2.454573e-18   7.363642e-03   1.305602e-21   4465586
  1.133769e+01   2.438508e-18   7.353009e-03   1.297842e-21   4479666
  1.136318e+01   2.417126e-18   7.365560e-03   1.283793e-21   4505720
  1.138870e+01   2.398801e-18   7.370625e-03   1.273927e-21   4529126
  1.141421e+01   2.374766e-18   7.359704e-03   1.257787e-21   4544154
  1.143971e+01   2.358888e-18   7.357713e-03   1.249070e-21   4562906
  1.146519e+01   2.341584e-18   7.356098e-03   1.238487e-21   4580720
  1.149070e+01   2.321241e-18   7.377889e-03   1.223597e-21   4614554
  1.151625e+01   2.303916e-18   7.370249e-03   1.214678e-21   4631226
  1.154175e+01   2.284463e-18   7.354640e-03   1.203346e-21   4642154
  1.156724e+01   2.264222e-18   7.360155e-03   1.191656e-21   4667270
  1.159275e+01   2.250533e-18   7.366053e-03   1.182434e-21   4690992
  1.161824e+01   2.234331e-18   7.353419e-03   1.173139e-21   4702298
  1.164376e+01   2.214796e-18   7.379504e-03   1.157332e-21   4740218
  1.166926e+01   2.193474e-18   7.346684e-03   1.148060e-21   4740866
  1.169475e+01   2.179305e-18   7.367183e-03   1.138827e-21   4775322
  1.172027e+01   2.164480e-18   7.367339e-03   1.129800e-21   4794272
  1.174578e+01   2.148815e-18   7.365354e-03   1.120024e-21   4812758
  1.177128e+01   2.130132e-18   7.362022e-03   1.110546e-21   4833354
  1.179679e+01   2.112447e-18   7.361861e-03   1.100683e-21   4855682
  1.182230e+01   2.096190e-18   7.365173e-03   1.090439e-21   4877120
  1.184781e+01   2.083741e-18   7.365583e-03   1.081180e-21   4897602
  1.187332e+01   2.066278e-18   7.364961e-03   1.072403e-21   4920170
  1.189882e+01   2.051129e-18   7.357188e-03   1.064384e-21   4935938
  1.192432e+01   2.033897e-18   7.366829e-03   1.051890e-21   4962578
  1.194984e+01   2.020383e-18   7.367150e-03   1.044928e-21   4983252
  1.197533e+01   2.007127e-18   7.358547e-03   1.038216e-21   4998410
  1.200083e+01   1.988522e-18   7.363119e-03   1.025465e-21   5023826
  1.202634e+01   1.976705e-18   7.368453e-03   1.018106e-21   5050674
  1.205184e+01   1.961739e-18   7.349977e-03   1.012186e-21   5059520
  1.207735e+01   1.946781e-18   7.376343e-03   1.000706e-21   5097362
  1.210287e+01   1.933468e-18   7.359761e-03   9.963586e-22   5106546
  1.212837e+01   1.915740e-18   7.369257e-03   9.828352e-22   5136398
  1.215387e+01   1.903444e-18   7.350552e-03   9.772238e-22   5146346
  1.217939e+01   1.888646e-18   7.380991e-03   9.675656e-22   5187608
  1.220490e+01   1.877625e-18   7.351254e-03   9.647938e-22   5187162
  1.223039e+01   1.864494e-18   7.364954e-03   9.538942e-22   5220698
  1.225591e+01   1.848738e-18   7.362195e-03   9.456956e-22   5242010
  1.228140e+01   1.838386e-18   7.352108e-03   9.397999e-22   5255064
  1.230690e+01   1.824454e-18   7.370377e-03   9.313146e-22   5289398
  1.233242e+01   1.810683e-18   7.364557e-03   9.219135e-22   5307410
  1.235792e+01   1.797477e-18   7.356514e-03   9.165005e-22   5323754
  1.238344e+01   1.783714e-18   7.372115e-03   9.077926e-22   5357538
  1.240897e+01   1.773758e-18   7.367164e-03   9.013279e-22   5375144
  1.243447e+01   1.759832e-18   7.359861e-03   8.971436e-22   5391050
  1.245997e+01   1.748382e-18   7.365813e-03   8.891308e-22   5417274
  1.248547e+01   1.734374e-18   7.358548e-03   8.806520e-22   5436014
  1.251096e+01   1.720184e-18   7.352162e-03   8.738932e-22   5454842
  1.253647e+01   1.713459e-18   7.369982e-03   8.684119e-22   5489040
  1.256199e+01   1.700021e-18   7.364184e-03   8.614245e-22   5505674
  1.258748e+01   1.687593e-18   7.358601e-03   8.529445e-22   5524586
  1.261298e+01   1.676556e-18   7.359769e-03   8.475590e-22   5549594
  1.263849e+01   1.665804e-18   7.366034e-03   8.422561e-22   5575056
  1.266400e+01   1.654496e-18   7.364145e-03   8.351568e-22   5594414
  1.268953e+01   1.643376e-18   7.375176e-03   8.288994e-22   5626658
  1.271505e+01   1.630893e-18   7.360146e-03   8.229266e-22   5639490
  1.274055e+01   1.619768e-18   7.357793e-03   8.165737e-22   5660474
  1.276605e+01   1.610555e-18   7.360634e-03   8.125211e-22   5684504
  1.279154e+01   1.598306e-18   7.354965e-03   8.065335e-22   5702562
  1.281705e+01   1.587533e-18   7.376626e-03   7.986500e-22   5742026
  1.284255e+01   1.576000e-18   7.345672e-03   7.918435e-22   5740826
  1.286803e+01   1.564103e-18   7.360457e-03   7.861056e-22   5775308
  1.289354e+01   1.557361e-18   7.372581e-03   7.828818e-22   5807154
  1.291908e+01   1.544122e-18   7.371265e-03   7.742171e-22   5827970
  1.294459e+01   1.535909e-18   7.360656e-03   7.711576e-22   5844290
  1.297010e+01   1.524457e-18   7.362134e-03   7.642269e-22   5870442
  1.299560e+01   1.516811e-18   7.356552e-03   7.610542e-22   5887208
  1.302110e+01   1.505670e-18   7.370271e-03   7.551067e-22   5919842
  1.304660e+01   1.496798e-18   7.354747e-03   7.491788e-22   5932014
  1.307209e+01   1.486597e-18   7.357369e-03   7.433122e-22   5958818
  1.309759e+01   1.476650e-18   7.365999e-03   7.385950e-22   5987642
  1.312311e+01   1.470140e-18   7.366757e-03   7.368662e-22   6009728
  1.314863e+01   1.460046e-18   7.370476e-03   7.291851e-22   6035874
  1.317415e+01   1.446790e-18   7.369198e-03   7.216586e-22   6059690
  1.319966e+01   1.438566e-18   7.356915e-03   7.181910e-22   6073922
  1.322514e+01   1.430145e-18   7.356187e-03   7.149281e-22   6096372
  1.325063e+01   1.421723e-18   7.360768e-03   7.101167e-22   6123098
  1.327615e+01   1.410831e-18   7.374395e-03   7.039372e-22   6157658
  1.330167e+01   1.403248e-18   7.361831e-03   6.994525e-22   6171266
  1.332717e+01   1.392733e-18   7.362589e-03   6.944001e-22   6196482
  1.335268e+01   1.385106e-18   7.365698e-03   6.900467e-22   6222032
  1.337820e+01   1.377374e-18   7.369124e-03   6.866997e-22   6246818
  1.340371e+01   1.369137e-18   7.363974e-03   6.823636e-22   6268254
  1.342922e+01   1.358029e-18   7.364153e-03   6.776184e-22   6294554
  1.345472e+01   1.350087e-18   7.355777e-03   6.726956e-22   6309464
  1.348021e+01   1.342333e-18   7.365106e-03   6.685332e-22   6339666
  1.350573e+01   1.334132e-18   7.369440e-03   6.625683e-22   6368186
  1.353123e+01   1.324975e-18   7.353942e-03   6.597166e-22   6380882
  1.355672e+01   1.318322e-18   7.363610e-03   6.561412e-22   6413450
  1.358223e+01   1.310066e-18   7.361843e-03   6.532835e-22   6434724
  1.360774e+01   1.301347e-18   7.365450e-03   6.476584e-22   6461474
  1.363324e+01   1.292861e-18   7.364122e-03   6.426378e-22   6485474
  1.365875e+01   1.285616e-18   7.362534e-03   6.393452e-22   6508890
  1.368425e+01   1.275375e-18   7.356621e-03   6.334033e-22   6528602
  1.370977e+01   1.271355e-18   7.373802e-03   6.321965e-22   6568424
  1.373529e+01   1.263453e-18   7.360519e-03   6.301065e-22   6579162
  1.376079e+01   1.253171e-18   7.359495e-03   6.230035e-22   6603218
  1.378631e+01   1.244793e-18   7.372150e-03   6.185670e-22   6641054
  1.381181e+01   1.238801e-18   7.346730e-03   6.176086e-22   6641912
  1.383730e+01   1.232008e-18   7.374212e-03   6.135785e-22   6688722
  1.386282e+01   1.222766e-18   7.359472e-03   6.095100e-22   6700898
  1.388831e+01   1.216355e-18   7.359551e-03   6.066775e-22   6727946
  1.391382e+01   1.207988e-18   7.362069e-03   6.013093e-22   6755274
  1.393934e+01   1.201217e-18   7.367642e-03   5.976094e-22   6784424
  1.396485e+01   1.192790e-18   7.361152e-03   5.944561e-22   6801806
  1.399035e+01   1.185598e-18   7.358943e-03   5.909020e-22   6825698
  1.401587e+01   1.178007e-18   7.372377e-03   5.869518e-22   6863514
  1.404138e+01   1.170822e-18   7.355192e-03   5.851035e-22   6871520
  1.406687e+01   1.165796e-18   7.359434e-03   5.828740e-22   6900482
  1.409238e+01   1.158759e-18   7.371023e-03   5.776035e-22   6936570
  1.411789e+01   1.149100e-18   7.357534e-03   5.743369e-22   6949610
  1.414338e+01   1.140351e-18   7.351558e-03   5.692980e-22   6970166
  1.416887e+01   1.135763e-18   7.363810e-03   5.682422e-22   7006560
  1.419440e+01   1.129075e-18   7.371064e-03   5.647151e-22   7036850
  1.421990e+01   1.119526e-18   7.355844e-03   5.605461e-22   7047602
  1.424540e+01   1.111557e-18   7.365844e-03   5.568214e-22   7084130
  1.427091e+01   1.104575e-18   7.358968e-03   5.529787e-22   7103250
  1.429642e+01   1.097843e-18   7.365504e-03   5.513757e-22   7132808
  1.432193e+01   1.091301e-18   7.367556e-03   5.478322e-22   7159430
  1.434744e+01   1.083364e-18   7.357573e-03   5.463410e-22   7176954
  1.437295e+01   1.074322e-18   7.367516e-03   5.395273e-22   7212698
  1.439846e+01   1.066659e-18   7.361724e-03   5.373467e-22   7231208
  1.442396e+01   1.061072e-18   7.362341e-03   5.352155e-22   7256874
  1.444946e+01   1.050625e-18   7.363130e-03   5.310046e-22   7284314
  1.447498e+01   1.042954e-18   7.368689e-03   5.276018e-22   7315058
  1.450050e+01   1.034901e-18   7.366464e-03   5.242989e-22   7338758
  1.452600e+01   1.027236e-18   7.359164e-03   5.221443e-22   7357008
  1.455150e+01   1.017833e-18   7.367042e-03   5.169720e-22   7389506
  1.457701e+01   1.009001e-18   7.362832e-03   5.145561e-22   7412042
  1.460251e+01   9.991197e-19   7.356940e-03   5.094154e-22   7433994
  1.462800e+01   9.898880e-19   7.359469e-03   5.064831e-22   7462256
  1.465350e+01   9.817175e-19   7.365169e-03   5.039391e-22   7492106
  1.467902e+01   9.700198e-19   7.370617e-03   4.991742e-22   7523602
  1.470454e+01   9.588120e-19   7.367107e-03   4.938448e-22   7547422
  1.473006e+01   9.481130e-19   7.364744e-03   4.910143e-22   7572218
  1.475558e+01   9.357026e-19   7.371346e-03   4.861460e-22   7603424
  1.478109e+01   9.240178e-19   7.359050e-03   4.828797e-22   7616802
  1.480659e+01   9.087227e-19   7.362658e-03   4.769504e-22   7649330
  1.483208e+01   8.949517e-19   7.352521e-03   4.724549e-22   7664930
  1.485757e+01   8.779480e-19   7.365392e-03   4.648408e-22   7703616
  1.488308e+01   8.638572e-19   7.365807e-03   4.616933e-22   7730054
  1.490860e+01   8.448245e-19   7.365842e-03   4.559223e-22   7757186
  1.493411e+01   8.229899e-19   7.365056e-03   4.467066e-22   7783034
  1.495960e+01   8.007940e-19   7.353264e-03   4.393907e-22   7797762
  1.498510e+01   7.751964e-19   7.367356e-03   4.299421e-22   7838864
  1.501060e+01   7.487149e-19   7.358532e-03   4.233348e-22   7854218
  1.503612e+01   7.196663e-19   7.376203e-03   4.132350e-22   7900890
  1.506163e+01   6.635937e-19   7.354089e-03   3.907432e-22   7906142
  1.508712e+01   6.137483e-19   7.357433e-03   3.686951e-22   7923347
  1.511263e+01   5.742961e-19   7.370254e-03   3.461824e-22   7924812
  1.513814e+01   5.360352e-19   7.360918e-03   3.240666e-22   7899788
  1.516364e+01   5.012568e-19   7.359931e-03   3.037901e-22   7886192
  1.518914e+01   4.705862e-19   7.362526e-03   2.863638e-22   7875224
  1.521466e+01   4.436743e-19   7.367555e-03   2.697467e-22   7864992
  1.524017e+01   4.182894e-19   7.363815e-03   2.545408e-22   7848128
  1.526569e+01   3.949894e-19   7.365639e-03   2.404370e-22   7838144
  1.529119e+01   3.752534e-19   7.356494e-03   2.281651e-22   7813752
  1.531668e+01   3.555454e-19   7.357571e-03   2.162350e-22   7800092
  1.534219e+01   3.383598e-19   7.368755e-03   2.049894e-22   7797992
  1.536769e+01   3.225958e-19   7.350868e-03   1.957853e-22   7764648
  1.539319e+01   3.077968e-19   7.370782e-03   1.865839e-22   7769852
  1.541871e+01   2.941576e-19   7.360152e-03   1.780472e-22   7744688
  1.544422e+01   2.814171e-19   7.365679e-03   1.700570e-22   7736588
  1.546972e+01   2.694838e-19   7.358180e-03   1.623309e-22   7713312
  1.549524e+01   2.587012e-19   7.373389e-03   1.553877e-22   7713944
  1.552075e+01   2.483672e-19   7.350912e-03   1.492033e-22   7676276
  1.554624e+01   2.389050e-19   7.363264e-03   1.433298e-22   7675248
  1.557174e+01   2.297771e-19   7.357247e-03   1.375279e-22   7652180
  1.559724e+01   2.213026e-19   7.365471e-03   1.318822e-22   7645184
  1.562275e+01   2.134574e-19   7.360925e-03   1.268983e-22   7626080
  1.564826e+01   2.058263e-19   7.366056e-03   1.222917e-22   7615392
  1.567378e+01   1.988101e-19   7.370367e-03   1.174672e-22   7603052
  1.569929e+01   1.919143e-19   7.356256e-03   1.134142e-22   7573520
  1.572479e+01   1.856260e-19   7.365219e-03   1.092770e-22   7567620
  1.575029e+01   1.795934e-19   7.358287e-03   1.056156e-22   7543724
  1.577579e+01   1.737691e-19   7.366900e-03   1.017664e-22   7537580
  1.580130e+01   1.683108e-19   7.360085e-03   9.823380e-23   7515276
  1.582682e+01   1.626873e-19   7.368584e-03   9.475248e-23   7508024
  1.585232e+01   1.580336e-19   7.356465e-03   9.175415e-23   7478168
  1.587782e+01   1.532205e-19   7.366698e-03   8.852627e-23   7471568
  1.590333e+01   1.487044e-19   7.361988e-03   8.596789e-23   7451580
  1.592884e+01   1.443013e-19   7.364933e-03   8.292940e-23   7437332
  1.595435e+01   1.403398e-19   7.366683e-03   8.057123e-23   7422200
  1.597987e+01   1.363435e-19   7.368560e-03   7.804997e-23   7408464
  1.600537e+01   1.324016e-19   7.357152e-03   7.572297e-23   7381436
  1.603087e+01   1.287320e-19   7.361393e-03   7.320625e-23   7368068
  1.605637e+01   1.254244e-19   7.365998e-03   7.120523e-23   7355760
  1.608189e+01   1.219104e-19   7.368054e-03   6.881280e-23   7341512
  1.610740e+01   1.186291e-19   7.354934e-03   6.704512e-23   7310384
  1.613289e+01   1.155992e-19   7.369710e-03   6.502827e-23   7306904
  1.615839e+01   1.127692e-19   7.350512e-03   6.335725e-23   7271520
  1.618389e+01   1.097201e-19   7.374702e-03   6.129848e-23   7279508
  1.620941e+01   1.068770e-19   7.357344e-03   5.953715e-23   7244240
  1.623493e+01   1.043258e-19   7.376406e-03   5.807292e-23   7244700
  1.626044e+01   1.017040e-19   7.355374e-03   5.627071e-23   7207652
  1.628593e+01   9.921808e-20   7.361057e-03   5.487479e-23   7196144
  1.631143e+01   9.672426e-20   7.362174e-03   5.334161e-23   7177356
  1.633693e+01   9.442133e-20   7.362825e-03   5.189889e-23   7160180
  1.636245e+01   9.216951e-20   7.370725e-03   5.052742e-23   7151288
  1.638795e+01   9.008222e-20   7.353531e-03   4.926628e-23   7115144
  1.641345e+01   8.798415e-20   7.373850e-03   4.795207e-23   7116408
  1.643897e+01   8.600575e-20   7.362977e-03   4.681471e-23   7089080
  1.646448e+01   8.390450e-20   7.363158e-03   4.555291e-23   7071440
  1.649000e+01   8.209317e-20   7.368165e-03   4.430884e-23   7057152
  1.651550e+01   8.027378e-20   7.360184e-03   4.334431e-23   7031192
  1.654100e+01   7.846916e-20   7.358334e-03   4.219131e-23   7011524
  1.656649e+01   7.669199e-20   7.357440e-03   4.122971e-23   6991508
  1.659200e+01   7.498910e-20   7.371649e-03   4.009504e-23   6985368
  1.661751e+01   7.357515e-20   7.360719e-03   3.933778e-23   6956864
  1.664303e+01   7.197168e-20   7.372565e-03   3.835600e-23   6950408
  1.666852e+01   7.043718e-20   7.345081e-03   3.748976e-23   6904704
  1.669402e+01   6.896487e-20   7.377135e-03   3.649934e-23   6915128
  1.671955e+01   6.744164e-20   7.361587e-03   3.560418e-23   6882644
  1.674506e+01   6.607076e-20   7.362339e-03   3.489340e-23   6864864
  1.677056e+01   6.477471e-20   7.358325e-03   3.415676e-23   6840020
  1.679606e+01   6.351351e-20   7.361850e-03   3.344482e-23   6823808
  1.682158e+01   6.219601e-20   7.370568e-03   3.256133e-23   6813512
  1.684709e+01   6.087384e-20   7.357165e-03   3.181897e-23   6780336
  1.687258e+01   5.976269e-20   7.363664e-03   3.115196e-23   6766004
  1.689808e+01   5.854212e-20   7.357090e-03   3.048035e-23   6740540
  1.692358e+01   5.747273e-20   7.366252e-03   2.979333e-23   6730704
  1.694910e+01   5.628819e-20   7.361983e-03   2.918049e-23   6706004
  1.697460e+01   5.528162e-20   7.361235e-03   2.857364e-23   6683744
  1.700011e+01   5.431148e-20   7.363257e-03   2.807521e-23   6667236
  1.702562e+01   5.319175e-20   7.365144e-03   2.740013e-23   6648788
  1.705114e+01   5.222358e-20   7.367921e-03   2.685559e-23   6628136
  1.707663e+01   5.126486e-20   7.351941e-03   2.634889e-23   6593768
  1.710212e+01   5.033873e-20   7.365092e-03   2.579094e-23   6588000
  1.712763e+01   4.944229e-20   7.356684e-03   2.532419e-23   6558152
  1.715313e+01   4.857788e-20   7.367216e-03   2.481834e-23   6545360
  1.717866e+01   4.767543e-20   7.370316e-03   2.433585e-23   6529080
  1.720418e+01   4.686984e-20   7.365012e-03   2.388354e-23   6504260
  1.722968e+01   4.605058e-20   7.354679e-03   2.345727e-23   6472376
  1.725517e+01   4.521750e-20   7.364913e-03   2.298768e-23   6459464
  1.728069e+01   4.441261e-20   7.364806e-03   2.251866e-23   6439404
  1.730620e+01   4.379498e-20   7.367021e-03   2.222548e-23   6419420
  1.733171e+01   4.299095e-20   7.359477e-03   2.179559e-23   6390248
  1.735722e+01   4.229626e-20   7.370209e-03   2.135743e-23   6379044
  1.738274e+01   4.157938e-20   7.364805e-03   2.101248e-23   6354716
  1.740825e+01   4.088715e-20   7.362326e-03   2.063582e-23   6329300
  1.743374e+01   4.023535e-20   7.354434e-03   2.033281e-23   6299340
  1.745924e+01   3.959716e-20   7.369008e-03   1.993139e-23   6292424
  1.748476e+01   3.897518e-20   7.361822e-03   1.959112e-23   6264092
  1.751025e+01   3.834187e-20   7.361303e-03   1.925992e-23   6239072
  1.753575e+01   3.773115e-20   7.364182e-03   1.895040e-23   6219636
  1.756126e+01   3.716652e-20   7.365459e-03   1.865165e-23   6200672
  1.758676e+01   3.659480e-20   7.354792e-03   1.837156e-23   6168488
  1.761225e+01   3.598441e-20   7.366868e-03   1.802652e-23   6155100
  1.763778e+01   3.546180e-20   7.374735e-03   1.773599e-23   6140564
  1.766330e+01   3.492256e-20   7.356736e-03   1.749180e-23   6104576
  1.768879e+01   3.445727e-20   7.356830e-03   1.727810e-23   6080268
  1.771426e+01   3.390308e-20   7.355752e-03   1.699311e-23   6055400
  1.773977e+01   3.338971e-20   7.374071e-03   1.673282e-23   6049688
  1.776530e+01   3.293662e-20   7.362019e-03   1.649020e-23   6015848
  1.779080e+01   3.251601e-20   7.363376e-03   1.627301e-23   5991420
  1.781630e+01   3.206421e-20   7.369316e-03   1.605289e-23   5974820
  1.784182e+01   3.155711e-20   7.360963e-03   1.580226e-23   5947448
  1.786732e+01   3.110404e-20   7.362250e-03   1.558316e-23   5923188
  1.789283e+01   3.071508e-20   7.368233e-03   1.538365e-23   5903792
  1.791834e+01   3.029052e-20   7.360679e-03   1.519525e-23   5876888
  1.794384e+01   2.986845e-20   7.359115e-03   1.499143e-23   5851548
  1.796934e+01   2.946354e-20   7.369521e-03   1.481270e-23   5833976
  1.799485e+01   2.905613e-20   7.362511e-03   1.460020e-23   5804648
  1.802036e+01   2.870685e-20   7.366394e-03   1.441876e-23   5785436
  1.804587e+01   2.830154e-20   7.362829e-03   1.423883e-23   5757924
  1.807137e+01   2.795348e-20   7.364266e-03   1.406759e-23   5734076
  1.809688e+01   2.758456e-20   7.362633e-03   1.390997e-23   5710904
  1.812238e+01   2.724214e-20   7.357815e-03   1.374656e-23   5684592
  1.814789e+01   2.693458e-20   7.369347e-03   1.360643e-23   5667008
  1.817339e+01   2.655491e-20   7.352004e-03   1.341539e-23   5628872
  1.819890e+01   2.624592e-20   7.376112e-03   1.327839e-23   5625296
  1.822443e+01   2.587398e-20   7.359811e-03   1.311828e-23   5586396
  1.824992e+01   2.558348e-20   7.363976e-03   1.300023e-23   5562752
  1.827543e+01   2.531880e-20   7.368307e-03   1.286520e-23   5543288
  1.830095e+01   2.499006e-20   7.361075e-03   1.271037e-23   5514936
  1.832645e+01   2.467084e-20   7.360427e-03   1.259183e-23   5488412
  1.835195e+01   2.439716e-20   7.356876e-03   1.246645e-23   5459912
  1.837745e+01   2.415255e-20   7.369207e-03   1.235101e-23   5445384
  1.840297e+01   2.387768e-20   7.355744e-03   1.226281e-23   5410448
  1.842847e+01   2.357629e-20   7.366238e-03   1.210209e-23   5390852
  1.845397e+01   2.332368e-20   7.361704e-03   1.200344e-23   5361824
  1.847949e+01   2.305140e-20   7.370949e-03   1.188325e-23   5345160
  1.850501e+01   2.278694e-20   7.359278e-03   1.176800e-23   5309888
  1.853050e+01   2.256744e-20   7.364417e-03   1.170607e-23   5286260
  1.855600e+01   2.233006e-20   7.359553e-03   1.162778e-23   5259756
  1.858151e+01   2.207582e-20   7.359778e-03   1.151099e-23   5235572
  1.860702e+01   2.186038e-20   7.364327e-03   1.142488e-23   5210384
  1.863251e+01   2.161516e-20   7.358248e-03   1.130598e-23   5179164
  1.865803e+01   2.139900e-20   7.376584e-03   1.122367e-23   5167808
  1.868355e+01   2.115701e-20   7.352310e-03   1.113810e-23   5123300
  1.870904e+01   2.094595e-20   7.369172e-03   1.105230e-23   5107160
  1.873456e+01   2.073872e-20   7.368357e-03   1.097228e-23   5081688
  1.876007e+01   2.054228e-20   7.360408e-03   1.089737e-23   5051384
  1.878558e+01   2.033012e-20   7.361240e-03   1.083206e-23   5024528
  1.881107e+01   2.013465e-20   7.360943e-03   1.076417e-23   4996908
  1.883658e+01   1.995904e-20   7.364190e-03   1.070996e-23   4974536
  1.886210e+01   1.975240e-20   7.361858e-03   1.063436e-23   4946240
  1.888760e+01   1.955688e-20   7.362011e-03   1.055564e-23   4916312
  1.891310e+01   1.935880e-20   7.365781e-03   1.048572e-23   4891872
  1.893861e+01   1.917402e-20   7.359935e-03   1.040139e-23   4863080
  1.896411e+01   1.902636e-20   7.363820e-03   1.037495e-23   4837184
  1.898962e+01   1.882254e-20   7.365154e-03   1.031524e-23   4809516
  1.901513e+01   1.865707e-20   7.367668e-03   1.025455e-23   4786016
  1.904066e+01   1.847984e-20   7.362936e-03   1.019370e-23   4756532
  1.906615e+01   1.833826e-20   7.355541e-03   1.016356e-23   4722672
  1.909164e+01   1.817228e-20   7.357278e-03   1.011667e-23   4695668
  1.911714e+01   1.802800e-20   7.367373e-03   1.003614e-23   4675412
  1.914266e+01   1.784694e-20   7.360950e-03   1.001338e-23   4642904
  1.916815e+01   1.767440e-20   7.361738e-03   9.946636e-24   4613208
  1.919364e+01   1.755979e-20   7.360267e-03   9.930738e-24   4585184
  1.921915e+01   1.737514e-20   7.368214e-03   9.839319e-24   4564448
  1.924468e+01   1.726801e-20   7.369038e-03   9.853742e-24   4535604
  1.927019e+01   1.710703e-20   7.360161e-03   9.793601e-24   4500320
  1.929568e+01   1.697024e-20   7.359546e-03   9.784453e-24   4473992
  1.932120e+01   1.683567e-20   7.369740e-03   9.741526e-24   4452456
  1.934671e+01   1.670360e-20   7.357914e-03   9.717893e-24   4413848
  1.937220e+01   1.655608e-20   7.362825e-03   9.675917e-24   4388180
  1.939771e+01   1.644087e-20   7.365077e-03   9.638299e-24   4362464
  1.942321e+01   1.631151e-20   7.355796e-03   9.634131e-24   4326744
  1.944872e+01   1.617361e-20   7.380752e-03   9.572560e-24   4311212
  1.947426e+01   1.603850e-20   7.366840e-03   9.549048e-24   4276172
  1.949977e+01   1.593844e-20   7.354915e-03   9.545062e-24   4241916
  1.952526e+01   1.580924e-20   7.362787e-03   9.522218e-24   4215584
  1.955075e+01   1.567850e-20   7.353834e-03   9.480658e-24   4180232
  1.957624e+01   1.558005e-20   7.362652e-03   9.477638e-24   4157928
  1.960176e+01   1.542984e-20   7.368259e-03   9.431473e-24   4130960
  1.962728e+01   1.531703e-20   7.365942e-03   9.413765e-24   4097120
  1.965278e+01   1.520107e-20   7.365192e-03   9.400906e-24   4068488
  1.967829e+01   1.510748e-20   7.360466e-03   9.386498e-24   4038360
  1.970381e+01   1.498985e-20   7.371094e-03   9.370200e-24   4012616
  1.972932e+01   1.490479e-20   7.361291e-03   9.390060e-24   3976556
  1.975481e+01   1.477361e-20   7.357987e-03   9.341508e-24   3947544
  1.978032e+01   1.467452e-20   7.362998e-03   9.323249e-24   3920432
  1.980583e+01   1.454346e-20   7.359438e-03   9.303028e-24   3885884
  1.983132e+01   1.444164e-20   7.360820e-03   9.325874e-24   3856280
  1.985682e+01   1.437799e-20   7.365713e-03   9.306805e-24   3829752
  1.988235e+01   1.425659e-20   7.371114e-03   9.281381e-24   3801356
  1.990787e+01   1.413358e-20   7.363721e-03   9.272361e-24   3765392
  1.993335e+01   1.402964e-20   7.353719e-03   9.258537e-24   3731424
  1.995886e+01   1.391695e-20   7.367192e-03   9.214358e-24   3709580
  1.998438e+01   1.382310e-20   7.361933e-03   9.244850e-24   3674216
  2.000987e+01   1.370922e-20   7.356510e-03   9.226140e-24   3639564
  2.003537e+01   1.363182e-20   7.364401e-03   9.250904e-24   3614840
  2.006090e+01   1.355135e-20   7.367408e-03   9.233054e-24   3584480
  2.008639e+01   1.344595e-20   7.353185e-03   9.251198e-24   3543536
  2.011189e+01   1.333511e-20   7.374777e-03   9.210628e-24   3524472
  2.013741e+01   1.327872e-20   7.356469e-03   9.244447e-24   3486212
  2.016292e+01   1.319215e-20   7.368358e-03   9.262884e-24   3458324
  2.018842e+01   1.305642e-20   7.359377e-03   9.206925e-24   3421488
  2.021391e+01   1.299029e-20   7.359374e-03   9.232147e-24   3392336
  2.023944e+01   1.288680e-20   7.367410e-03   9.229814e-24   3365456
  2.026495e+01   1.277605e-20   7.356390e-03   9.232760e-24   3326160
  2.029043e+01   1.266736e-20   7.362952e-03   9.210159e-24   3296720
  2.031593e+01   1.262028e-20   7.356687e-03   9.250837e-24   3263744
  2.034146e+01   1.251452e-20   7.379127e-03   9.209428e-24   3240128
  2.036697e+01   1.240156e-20   7.354400e-03   9.219100e-24   3194856
  2.039245e+01   1.231762e-20   7.363268e-03   9.228394e-24   3169232
  2.041798e+01   1.224058e-20   7.370164e-03   9.238117e-24   3141728
  2.044350e+01   1.213353e-20   7.359626e-03   9.247474e-24   3101772
  2.046897e+01   1.199733e-20   7.354183e-03   9.191503e-24   3066728
  2.049449e+01   1.196922e-20   7.376458e-03   9.262768e-24   3046004
  2.052003e+01   1.186082e-20   7.358193e-03   9.238930e-24   3004592
  2.054552e+01   1.173675e-20   7.363615e-03   9.211779e-24   2971608
  2.057101e+01   1.163440e-20   7.361977e-03   9.205886e-24   2939036
  2.059652e+01   1.156080e-20   7.370191e-03   9.219090e-24   2910536
  2.062204e+01   1.146104e-20   7.362511e-03   9.236349e-24   2873400
  2.064753e+01   1.134003e-20   7.355932e-03   9.218177e-24   2837216
  2.067303e+01   1.126647e-20   7.367558e-03   9.227538e-24   2810636
  2.069855e+01   1.114696e-20   7.359230e-03   9.216554e-24   2774580
  2.072405e+01   1.106242e-20   7.361180e-03   9.197651e-24   2739152
  2.074953e+01   1.094431e-20   7.356054e-03   9.202848e-24   2704292
  2.077505e+01   1.085536e-20   7.372093e-03   9.218413e-24   2678756
  2.080060e+01   1.073306e-20   7.372667e-03   9.181463e-24   2642748
  2.082609e+01   1.057733e-20   7.355862e-03   9.118206e-24   2600696
  2.085158e+01   1.049079e-20   7.371415e-03   9.095301e-24   2575352
  2.087712e+01   1.042144e-20   7.365344e-03   9.146472e-24   2541108
  2.090261e+01   1.028679e-20   7.347421e-03   9.115683e-24   2498504
  2.092809e+01   1.010911e-20   7.364501e-03   9.006673e-24   2469308
  2.095359e+01   1.006794e-20   7.358218e-03   9.081871e-24   2435388
  2.097910e+01   9.928317e-21   7.361621e-03   9.046178e-24   2402516
  2.100463e+01   9.740628e-21   7.372541e-03   8.890447e-24   2368496
  2.103013e+01   9.634289e-21   7.365274e-03   8.943215e-24   2330924
  2.105562e+01   9.533494e-21   7.357516e-03   8.892259e-24   2296560
  2.108114e+01   9.397454e-21   7.370522e-03   8.824430e-24   2265656
  2.110666e+01   9.208486e-21   7.364605e-03   8.702666e-24   2226968
  2.113214e+01   9.083114e-21   7.356650e-03   8.620368e-24   2191452
  2.115765e+01   8.936221e-21   7.359422e-03   8.535925e-24   2159024
  2.118315e+01   8.797250e-21   7.354652e-03   8.497999e-24   2120888
  2.120863e+01   8.603562e-21   7.360281e-03   8.304256e-24   2086840
  2.123414e+01   8.451707e-21   7.367404e-03   8.169513e-24   2053864
  2.125965e+01   8.290321e-21   7.362214e-03   8.074872e-24   2016296
  2.128517e+01   8.113194e-21   7.376346e-03   7.836122e-24   1984592
  2.131070e+01   7.899356e-21   7.366785e-03   7.646085e-24   1946748
  2.133620e+01   7.721961e-21   7.358336e-03   7.452282e-24   1909961
  2.136172e+01   7.572908e-21   7.369335e-03   7.263140e-24   1881074
  2.138723e+01   7.422963e-21   7.353272e-03   7.113550e-24   1846236
  2.141271e+01   7.299198e-21   7.353027e-03   7.029862e-24   1816016
  2.143821e+01   7.169539e-21   7.364414e-03   6.884879e-24   1789688
  2.146373e+01   7.044184e-21   7.367059e-03   6.760216e-24   1761398
  2.148924e+01   6.940571e-21   7.364203e-03   6.654518e-24   1732776
  2.151476e+01   6.837390e-21   7.378034e-03   6.540127e-24   1709114
  2.154028e+01   6.741270e-21   7.361373e-03   6.476300e-24   1678730
  2.156578e+01   6.630949e-21   7.360283e-03   6.373654e-24   1653240
  2.159128e+01   6.538045e-21   7.362665e-03   6.294764e-24   1628972
  2.161678e+01   6.445458e-21   7.354145e-03   6.211076e-24   1602134
  2.164226e+01   6.360452e-21   7.351852e-03   6.133925e-24   1577790
  2.166777e+01   6.291823e-21   7.365106e-03   6.085672e-24   1556390
  2.169328e+01   6.203397e-21   7.363741e-03   6.000459e-24   1531178
  2.171878e+01   6.112751e-21   7.367215e-03   5.933886e-24   1508624
  2.174432e+01   6.036877e-21   7.379867e-03   5.884802e-24   1488408
  2.176984e+01   5.973878e-21   7.360535e-03   5.829598e-24   1461536
  2.179533e+01   5.894450e-21   7.359978e-03   5.764602e-24   1439936
  2.182084e+01   5.823830e-21   7.368240e-03   5.681503e-24   1420236
  2.184635e+01   5.772195e-21   7.354083e-03   5.670978e-24   1395920
  2.187182e+01   5.701884e-21   7.348894e-03   5.621978e-24   1374290
  2.189733e+01   5.633535e-21   7.368260e-03   5.570245e-24   1356858
  2.192284e+01   5.563797e-21   7.353545e-03   5.530451e-24   1332536
  2.194835e+01   5.517876e-21   7.379252e-03   5.475760e-24   1316414
  2.197387e+01   5.454328e-21   7.366748e-03   5.441171e-24   1293962
  2.199937e+01   5.401585e-21   7.362470e-03   5.428809e-24   1273482
  2.202489e+01   5.347848e-21   7.375678e-03   5.369360e-24   1256762
  2.205041e+01   5.288450e-21   7.355512e-03   5.343063e-24   1234202
  2.207589e+01   5.237667e-21   7.355961e-03   5.326249e-24   1215660
  2.210140e+01   5.185421e-21   7.362722e-03   5.277868e-24   1198550
  2.212689e+01   5.136488e-21   7.345464e-03   5.255670e-24   1176740
  2.215237e+01   5.094970e-21   7.361360e-03   5.229805e-24   1160594
  2.217791e+01   5.050436e-21   7.383144e-03   5.203110e-24   1145724
  2.220344e+01   5.001652e-21   7.364325e-03   5.185956e-24   1124066
  2.222892e+01   4.947016e-21   7.360199e-03   5.141311e-24   1106036
  2.225444e+01   4.917331e-21   7.379911e-03   5.140536e-24   1092552
  2.227997e+01   4.875912e-21   7.356292e-03   5.123506e-24   1071674
  2.230546e+01   4.831199e-21   7.356182e-03   5.098229e-24   1054892
  2.233097e+01   4.799540e-21   7.362191e-03   5.095640e-24   1039716
  2.235646e+01   4.739267e-21   7.344170e-03   5.078172e-24   1020260
  2.238194e+01   4.698725e-21   7.363080e-03   5.042506e-24   1006052
  2.240746e+01   4.677561e-21   7.368590e-03   5.065644e-24   990320
  2.243298e+01   4.634992e-21   7.374664e-03   5.030697e-24   974484
  2.245849e+01   4.593462e-21   7.369296e-03   5.011737e-24   958076
  2.248401e+01   4.569898e-21   7.373538e-03   5.014488e-24   943556
  2.250952e+01   4.543196e-21   7.354611e-03   5.013922e-24   926022
  2.253501e+01   4.494119e-21   7.359085e-03   4.981855e-24   911804
  2.256052e+01   4.473331e-21   7.355702e-03   4.998632e-24   896528
  2.258600e+01   4.444024e-21   7.344635e-03   5.002157e-24   880212
  2.261149e+01   4.407945e-21   7.364479e-03   4.975319e-24   867710
  2.263701e+01   4.369544e-21   7.370589e-03   4.968074e-24   853388
  2.266252e+01   4.343842e-21   7.367301e-03   4.987275e-24   838166
  2.268805e+01   4.329004e-21   7.381192e-03   4.987142e-24   825540
  2.271357e+01   4.299918e-21   7.365295e-03   5.016189e-24   810080
  2.273908e+01   4.265963e-21   7.362407e-03   4.985072e-24   796262
  2.276457e+01   4.243142e-21   7.352413e-03   4.998246e-24   781884
  2.279007e+01   4.234955e-21   7.360578e-03   5.036542e-24   769622
  2.281556e+01   4.201322e-21   7.339853e-03   5.017671e-24   754166
  2.284103e+01   4.162026e-21   7.355328e-03   5.021884e-24   742100
  2.286654e+01   4.145084e-21   7.374452e-03   5.012801e-24   730446
  2.289209e+01   4.124507e-21   7.385778e-03   5.044327e-24   718304
  2.291762e+01   4.107478e-21   7.365776e-03   5.067504e-24   703454
  2.294311e+01   4.087091e-21   7.366068e-03   5.077648e-24   691062
  2.296863e+01   4.057495e-21   7.373610e-03   5.083477e-24   679814
  2.299415e+01   4.041481e-21   7.354244e-03   5.090778e-24   666260
  2.301963e+01   4.012428e-21   7.345385e-03   5.112684e-24   653550
  2.304511e+01   3.998708e-21   7.349203e-03   5.122290e-24   641942
  2.307060e+01   3.990230e-21   7.353105e-03   5.165751e-24   630194
  2.309610e+01   3.962916e-21   7.369121e-03   5.159228e-24   619172
  2.312162e+01   3.944521e-21   7.375923e-03   5.193496e-24   607758
  2.314716e+01   3.925679e-21   7.384041e-03   5.189341e-24   597014
  2.317270e+01   3.902799e-21   7.376712e-03   5.222979e-24   585206
  2.319820e+01   3.890652e-21   7.354974e-03   5.260079e-24   572598
  2.322367e+01   3.867455e-21   7.349032e-03   5.250840e-24   561686
  2.324917e+01   3.863056e-21   7.353239e-03   5.317740e-24   551558
  2.327468e+01   3.844374e-21   7.357285e-03   5.338953e-24   541098
  2.330014e+01   3.822540e-21   7.325793e-03   5.353224e-24   527966
  2.332562e+01   3.817352e-21   7.376852e-03   5.384428e-24   520622
  2.335117e+01   3.798520e-21   7.386148e-03   5.412096e-24   510302
  2.337672e+01   3.785562e-21   7.382565e-03   5.435341e-24   499614
  2.340224e+01   3.770814e-21   7.375292e-03   5.470100e-24   489302
  2.342778e+01   3.760891e-21   7.375236e-03   5.504917e-24   479678
  2.345329e+01   3.753771e-21   7.352971e-03   5.548265e-24   468666
  2.347875e+01   3.729329e-21   7.329761e-03   5.577666e-24   457910
  2.350421e+01   3.722814e-21   7.344495e-03   5.633878e-24   449510
  2.352971e+01   3.705136e-21   7.353075e-03   5.639050e-24   440310
  2.355521e+01   3.693579e-21   7.364334e-03   5.720081e-24   430934
  2.358073e+01   3.676172e-21   7.379513e-03   5.714452e-24   422024
  2.360625e+01   3.677688e-21   7.381391e-03   5.780045e-24   412886
  2.363179e+01   3.678056e-21   7.386646e-03   5.838801e-24   404310
  2.365734e+01   3.648176e-21   7.381267e-03   5.841296e-24   395438
  2.368286e+01   3.649019e-21   7.347485e-03   5.910663e-24   385298
  2.370833e+01   3.641940e-21   7.341789e-03   5.979629e-24   376776
  2.373377e+01   3.616626e-21   7.320960e-03   6.014371e-24   367430
  2.375924e+01   3.625232e-21   7.349948e-03   6.084142e-24   360302
  2.378474e+01   3.617868e-21   7.357710e-03   6.153857e-24   351830
  2.381028e+01   3.612185e-21   7.399637e-03   6.221324e-24   345024
  2.383584e+01   3.600515e-21   7.384100e-03   6.242009e-24   335918
  2.386136e+01   3.587982e-21   7.381599e-03   6.316725e-24   327878
  2.388688e+01   3.590961e-21   7.378710e-03   6.387399e-24   320250
  2.391241e+01   3.577688e-21   7.361769e-03   6.443839e-24   312296
  2.393791e+01   3.571404e-21   7.334340e-03   6.510506e-24   303926
  2.396337e+01   3.565967e-21   7.333206e-03   6.592139e-24   296502
  2.398881e+01   3.570073e-21   7.315382e-03   6.681256e-24   288248
  2.401426e+01   3.547279e-21   7.359470e-03   6.696468e-24   282206
  2.403980e+01   3.547444e-21   7.394961e-03   6.752654e-24   275822
  2.406537e+01   3.546411e-21   7.399099e-03   6.876370e-24   268560
  2.409092e+01   3.547453e-21   7.390828e-03   7.008104e-24   261206
  2.411646e+01   3.534929e-21   7.386125e-03   7.044713e-24   254360
  2.414200e+01   3.544497e-21   7.370012e-03   7.165372e-24   247506
  2.416750e+01   3.544725e-21   7.331579e-03   7.251073e-24   240086
  2.419295e+01   3.508115e-21   7.312198e-03   7.285731e-24   233168
  2.421838e+01   3.504960e-21   7.318970e-03   7.405198e-24   226806
  2.424380e+01   3.516645e-21   7.330089e-03   7.541667e-24   220280
  2.426931e+01   3.525010e-21   7.407244e-03   7.611768e-24   215702
  2.429491e+01   3.518539e-21   7.413551e-03   7.717832e-24   209408
  2.432046e+01   3.490672e-21   7.383828e-03   7.787484e-24   202518
  2.434601e+01   3.502693e-21   7.402521e-03   7.927606e-24   197222
  2.437157e+01   3.491890e-21   7.373169e-03   8.054986e-24   190880
  2.439709e+01   3.510667e-21   7.342463e-03   8.172008e-24   184794
  2.442253e+01   3.510118e-21   7.292030e-03   8.350833e-24   178328
  2.444792e+01   3.517344e-21   7.290434e-03   8.537131e-24   172838
  2.447328e+01   3.486509e-21   7.291834e-03   8.576405e-24   167016
  2.449879e+01   3.487242e-21   7.431836e-03   8.667718e-24   163976
  2.452446e+01   3.480712e-21   7.449486e-03   8.755298e-24   158486
  2.455006e+01   3.513710e-21   7.404019e-03   9.068142e-24   152384
  2.457560e+01   3.505991e-21   7.394682e-03   9.180251e-24   147462
  2.460114e+01   3.498783e-21   7.357903e-03   9.319518e-24   142112
  2.462663e+01   3.514343e-21   7.336378e-03   9.587745e-24   137102
  2.465211e+01   3.479105e-21   7.316252e-03   9.610182e-24   132144
  2.467752e+01   3.496549e-21   7.283118e-03   9.815500e-24   127010
  2.470284e+01   3.475599e-21   7.253132e-03   1.002263e-23   121832
  2.472829e+01   3.499542e-21   7.397873e-03   1.014153e-23   119096
  2.475392e+01   3.506957e-21   7.444805e-03   1.035375e-23   114702
  2.477956e+01   3.478526e-21   7.462789e-03   1.056438e-23   110312
  2.480517e+01   3.486296e-21   7.434308e-03   1.082648e-23   105734
  2.483076e+01   3.518738e-21   7.397566e-03   1.098537e-23   101544
  2.485627e+01   3.496760e-21   7.301752e-03   1.122632e-23   96824
  2.488168e+01   3.499347e-21   7.246997e-03   1.147785e-23   92582
  2.490698e+01   3.511968e-21   7.204423e-03   1.171556e-23   88248
  2.493224e+01   3.464419e-21   7.257535e-03   1.200613e-23   84728
  2.495776e+01   3.518658e-21   7.453949e-03   1.231959e-23   82454
  2.498353e+01   3.510146e-21   7.531963e-03   1.254726e-23   79076
  2.500921e+01   3.478165e-21   7.439378e-03   1.274350e-23   74568
  2.503475e+01   3.503997e-21   7.405401e-03   1.329512e-23   71054
  2.506026e+01   3.517469e-21   7.359057e-03   1.349673e-23   67544
  2.508578e+01   3.535912e-21   7.350851e-03   1.387858e-23   64440
  2.511127e+01   3.529826e-21   7.285050e-03   1.439865e-23   60902
  2.513667e+01   3.572449e-21   7.239842e-03   1.483350e-23   57656
  2.516188e+01   3.567362e-21   7.131070e-03   1.535155e-23   53976
  2.518711e+01   3.531585e-21   7.280183e-03   1.548492e-23   51806
  2.521267e+01   3.539289e-21   7.484844e-03   1.594580e-23   49688
  2.523842e+01   3.555034e-21   7.555911e-03   1.631167e-23   46856
  2.526422e+01   3.543468e-21   7.597859e-03   1.672612e-23   44256
  2.529008e+01   3.606782e-21   7.559996e-03   1.770909e-23   41654
  2.531583e+01   3.573901e-21   7.348482e-03   1.837388e-23   38612
  2.534123e+01   3.564263e-21   7.062272e-03   1.888145e-23   35496
  2.536623e+01   3.565705e-21   6.874760e-03   1.949831e-23   32768
  2.539091e+01   3.578179e-21   6.774850e-03   2.040221e-23   30254
  2.541583e+01   3.559844e-21   7.146931e-03   2.095867e-23   29024
  2.544166e+01   3.625398e-21   7.771822e-03   2.171493e-23   28176
  2.546816e+01   3.651627e-21   8.033691e-03   2.240023e-23   26336
  2.549464e+01   3.597258e-21   7.802484e-03   2.313056e-23   23822
  2.552058e+01   3.635935e-21   7.252601e-03   2.524517e-23   21096
  2.554587e+01   3.601140e-21   6.879531e-03   2.601903e-23   19016
  2.557068e+01   3.631641e-21   6.569579e-03   2.744803e-23   17024
  2.559507e+01   3.640058e-21   6.425255e-03   2.941885e-23   15360
  2.561919e+01   3.615780e-21   6.295402e-03   3.059869e-23   13814
  2.564393e+01   3.592866e-21   6.997366e-03   3.117345e-23   13112
  2.567113e+01   3.623507e-21   8.707019e-03   3.036813e-23   13520
  2.569910e+01   3.615402e-21   8.295570e-03   3.371298e-23   11124
  2.572577e+01   3.560944e-21   7.121835e-03   3.697855e-23   9080
  2.575089e+01   3.740059e-21   6.225623e-03   4.288860e-23   7526
  2.577504e+01   3.693956e-21   6.069238e-03   4.514590e-23   6504
  2.579905e+01   3.741011e-21   6.054644e-03   4.954301e-23   5624
  2.582307e+01   3.722694e-21   6.043297e-03   5.399682e-23   4808
  2.584710e+01   3.582895e-21   6.034656e-03   5.718295e-23   4056
  2.587276e+01   3.759318e-21   7.717166e-03   6.092847e-23   3704
  2.590170e+01   3.724563e-21   9.550888e-03   6.337762e-23   3560
  2.593119e+01   3.675629e-21   6.077834e-03   8.143327e-23   1934
  2.595529e+01   3.761763e-21   6.014157e-03   9.660577e-23   1464
  2.597932e+01   3.794448e-21   6.009183e-03   1.194111e-22   1064
  2.600334e+01   3.806274e-21   6.000632e-03   1.343941e-22   728
  2.602731e+01   3.841729e-21   5.983389e-03   1.813432e-22   456
  2.605118e+01   3.881093e-21   5.942607e-03   2.452483e-22   248
  2.607479e+01   3.616802e-21   5.817994e-03   3.184056e-22   104
  2.609756e+01   2.586951e-21   5.233565e-03   3.547129e-22   24
