# power spectrum of phi
# redshift z=1.000000
# k              Pk             sigma(k)       sigma(Pk)      count
  2.094395e-02   1.451373e-10   1.873193e-10   5.871135e-11   6
  4.041873e-02   5.520883e-11   7.123136e-03   8.931067e-12   50
  6.490740e-02   3.553970e-11   7.704015e-03   3.205565e-12   146
  8.919218e-02   1.793641e-11   6.515352e-03   1.143276e-12   258
  1.152383e-01   8.738140e-12   7.588046e-03   4.026365e-13   488
  1.414449e-01   6.033680e-12   7.538441e-03   2.436290e-13   698
  1.659742e-01   3.715889e-12   7.050465e-03   1.285255e-13   906
  1.914641e-01   2.609082e-12   7.471609e-03   7.360073e-14   1334
  2.173330e-01   1.872983e-12   6.995022e-03   4.550295e-14   1610
  2.424567e-01   1.431177e-12   7.345390e-03   3.339567e-14   2024
  2.678993e-01   1.133498e-12   7.580509e-03   2.211711e-14   2538
  2.938190e-01   8.893601e-13   7.447628e-03   1.622376e-14   3074
  3.195712e-01   6.940239e-13   7.220239e-03   1.156995e-14   3530
  3.446864e-01   5.764607e-13   7.270973e-03   8.841713e-15   4056
  3.699787e-01   4.797237e-13   7.428541e-03   7.143099e-15   4814
  3.958636e-01   4.034766e-13   7.424289e-03   5.510580e-15   5570
  4.214096e-01   3.483510e-13   7.192216e-03   4.580305e-15   6090
  4.461528e-01   3.155622e-13   7.017327e-03   3.923904e-15   6674
  4.716496e-01   2.688696e-13   7.522617e-03   2.958442e-15   8000
  4.976255e-01   2.363171e-13   7.432317e-03   2.571155e-15   8690
  5.234355e-01   2.105522e-13   7.563486e-03   2.155491e-15   9762
  5.488848e-01   1.895923e-13   7.139761e-03   1.864524e-15   10262
  5.740202e-01   1.698380e-13   7.208672e-03   1.600038e-15   11384
  5.998726e-01   1.565340e-13   7.605282e-03   1.361348e-15   12978
  6.254488e-01   1.405795e-13   7.225996e-03   1.250974e-15   13322
  6.507142e-01   1.267962e-13   7.369919e-03   1.031507e-15   14858
  6.762540e-01   1.166256e-13   7.250774e-03   9.291367e-16   15858
  7.016736e-01   1.072823e-13   7.353014e-03   8.287756e-16   17120
  7.269255e-01   9.978915e-14   7.307103e-03   7.361133e-16   18206
  7.526206e-01   9.204282e-14   7.525550e-03   6.455831e-16   20282
  7.783742e-01   8.507661e-14   7.276293e-03   5.831047e-16   20946
  8.037396e-01   7.912434e-14   7.373172e-03   5.262518e-16   22514
  8.292023e-01   7.361823e-14   7.345694e-03   4.780118e-16   23936
  8.546745e-01   6.838118e-14   7.347089e-03   4.318615e-16   25458
  8.800992e-01   6.520121e-14   7.329232e-03   3.996979e-16   26882
  9.054925e-01   6.180213e-14   7.338127e-03   3.671808e-16   28514
  9.311790e-01   5.747401e-14   7.460228e-03   3.263082e-16   30740
  9.568777e-01   5.483750e-14   7.357333e-03   3.086479e-16   31866
  9.821952e-01   5.200944e-14   7.331624e-03   2.871349e-16   33314
  1.007650e+00   4.776800e-14   7.414657e-03   2.545087e-16   35666
  1.033253e+00   4.643101e-14   7.318024e-03   2.410847e-16   37242
  1.058762e+00   4.373323e-14   7.338439e-03   2.224049e-16   39008
  1.084162e+00   4.177999e-14   7.377341e-03   2.071381e-16   40874
  1.109663e+00   3.918747e-14   7.384274e-03   1.913799e-16   43134
  1.135231e+00   3.758012e-14   7.323407e-03   1.774751e-16   44906
  1.160648e+00   3.557852e-14   7.324475e-03   1.632523e-16   46688
  1.186063e+00   3.378476e-14   7.393303e-03   1.531528e-16   49106
  1.211638e+00   3.243870e-14   7.403029e-03   1.437591e-16   51498
  1.237270e+00   3.132180e-14   7.385683e-03   1.362671e-16   53570
  1.262712e+00   2.962080e-14   7.321723e-03   1.252243e-16   55226
  1.288093e+00   2.841171e-14   7.341969e-03   1.179104e-16   57708
  1.313634e+00   2.751098e-14   7.407574e-03   1.124003e-16   60530
  1.339301e+00   2.601833e-14   7.432212e-03   1.031022e-16   63050
  1.364534e+00   2.517491e-14   7.161349e-03   9.978444e-17   63138
  1.389920e+00   2.409781e-14   7.475118e-03   9.272399e-17   68594
  1.415805e+00   2.313678e-14   7.439430e-03   8.694219e-17   70664
  1.441273e+00   2.250900e-14   7.308630e-03   8.476254e-17   71594
  1.466675e+00   2.145069e-14   7.411357e-03   7.842861e-17   75438
  1.492191e+00   2.079908e-14   7.301996e-03   7.505335e-17   77258
  1.517767e+00   1.990780e-14   7.436078e-03   7.019748e-17   81128
  1.543221e+00   1.929223e-14   7.296345e-03   6.749902e-17   82098
  1.568696e+00   1.861402e-14   7.424693e-03   6.359117e-17   86690
  1.594426e+00   1.783187e-14   7.389266e-03   5.985202e-17   89306
  1.619960e+00   1.715421e-14   7.318410e-03   5.701658e-17   91074
  1.645323e+00   1.674145e-14   7.332853e-03   5.484446e-17   93908
  1.670710e+00   1.604823e-14   7.343977e-03   5.158914e-17   97106
  1.696187e+00   1.549035e-14   7.356873e-03   4.910780e-17   100370
  1.721752e+00   1.503968e-14   7.394531e-03   4.684567e-17   103914
  1.747332e+00   1.454077e-14   7.360597e-03   4.467334e-17   106616
  1.772874e+00   1.401886e-14   7.362187e-03   4.232071e-17   109850
  1.798406e+00   1.357789e-14   7.360683e-03   4.038492e-17   112842
  1.823780e+00   1.309498e-14   7.293039e-03   3.876928e-17   114914
  1.849190e+00   1.277949e-14   7.358923e-03   3.700703e-17   119582
  1.874776e+00   1.232254e-14   7.367534e-03   3.523523e-17   122888
  1.900308e+00   1.200970e-14   7.385270e-03   3.392674e-17   126090
  1.925820e+00   1.163799e-14   7.366580e-03   3.249831e-17   129482
  1.951341e+00   1.124729e-14   7.334265e-03   3.099462e-17   132818
  1.976809e+00   1.093052e-14   7.322888e-03   2.961827e-17   135810
  2.002209e+00   1.058549e-14   7.346060e-03   2.841837e-17   139304
  2.027792e+00   1.031138e-14   7.442133e-03   2.707792e-17   145022
  2.053380e+00   1.001189e-14   7.308775e-03   2.623966e-17   146370
  2.078794e+00   9.673450e-15   7.334480e-03   2.485096e-17   150338
  2.104269e+00   9.422280e-15   7.371946e-03   2.412099e-17   154544
  2.129794e+00   9.107082e-15   7.373878e-03   2.300215e-17   158546
  2.155453e+00   8.869582e-15   7.427055e-03   2.187262e-17   163602
  2.180972e+00   8.618102e-15   7.309285e-03   2.133996e-17   164642
  2.206370e+00   8.330005e-15   7.351997e-03   2.024263e-17   169790
  2.231837e+00   8.166381e-15   7.324438e-03   1.967319e-17   173136
  2.257387e+00   7.911531e-15   7.423329e-03   1.873774e-17   179090
  2.282912e+00   7.689942e-15   7.329232e-03   1.805499e-17   180890
  2.308457e+00   7.485582e-15   7.404053e-03   1.727071e-17   187434
  2.333949e+00   7.275861e-15   7.276406e-03   1.692476e-17   188000
  2.359383e+00   7.100122e-15   7.426870e-03   1.604092e-17   195338
  2.384874e+00   6.890605e-15   7.330167e-03   1.550975e-17   197246
  2.410353e+00   6.720916e-15   7.377053e-03   1.490691e-17   203394
  2.435901e+00   6.529465e-15   7.347720e-03   1.446323e-17   206834
  2.461361e+00   6.379887e-15   7.352103e-03   1.396393e-17   210728
  2.486883e+00   6.163587e-15   7.408456e-03   1.326147e-17   216930
  2.512465e+00   6.076738e-15   7.356142e-03   1.299341e-17   220226
  2.537932e+00   5.931513e-15   7.338615e-03   1.247201e-17   224018
  2.563367e+00   5.774841e-15   7.347478e-03   1.205968e-17   228644
  2.588906e+00   5.599235e-15   7.404034e-03   1.153027e-17   235098
  2.614571e+00   5.470535e-15   7.419460e-03   1.113987e-17   240098
  2.640032e+00   5.316401e-15   7.303768e-03   1.084506e-17   240794
  2.665399e+00   5.198321e-15   7.353580e-03   1.043699e-17   247626
  2.690948e+00   5.049383e-15   7.383215e-03   1.006016e-17   253472
  2.716502e+00   4.930329e-15   7.379669e-03   9.735346e-18   257594
  2.741989e+00   4.805774e-15   7.366069e-03   9.333905e-18   261954
  2.767506e+00   4.705377e-15   7.373825e-03   9.092426e-18   267830
  2.793068e+00   4.583799e-15   7.364123e-03   8.805455e-18   272474
  2.818538e+00   4.472258e-15   7.347491e-03   8.529167e-18   276008
  2.843958e+00   4.359917e-15   7.368971e-03   8.213473e-18   281754
  2.869505e+00   4.265745e-15   7.394802e-03   7.954719e-18   288578
  2.895121e+00   4.140515e-15   7.386730e-03   7.695847e-18   293450
  2.920590e+00   4.017900e-15   7.325223e-03   7.396627e-18   295680
  2.946058e+00   3.947887e-15   7.393210e-03   7.154400e-18   304022
  2.971618e+00   3.860028e-15   7.353750e-03   6.979881e-18   307994
  2.997119e+00   3.763181e-15   7.361330e-03   6.746681e-18   313338
  3.022499e+00   3.678293e-15   7.291353e-03   6.539661e-18   315722
  3.048006e+00   3.611567e-15   7.422779e-03   6.322869e-18   327056
  3.073649e+00   3.501768e-15   7.377998e-03   6.109323e-18   330098
  3.099149e+00   3.428405e-15   7.360021e-03   5.947492e-18   334650
  3.124623e+00   3.344976e-15   7.344466e-03   5.723348e-18   340238
  3.150029e+00   3.280107e-15   7.295384e-03   5.613408e-18   343616
  3.175592e+00   3.193162e-15   7.449711e-03   5.369336e-18   355986
  3.201196e+00   3.126719e-15   7.341603e-03   5.224839e-18   356162
  3.226615e+00   3.052912e-15   7.337068e-03   5.076892e-18   362354
  3.252120e+00   2.988952e-15   7.358113e-03   4.908916e-18   369474
  3.277642e+00   2.916982e-15   7.364375e-03   4.762538e-18   374696
  3.303139e+00   2.850178e-15   7.372139e-03   4.618103e-18   380774
  3.328682e+00   2.790562e-15   7.376858e-03   4.494014e-18   387530
  3.354217e+00   2.722051e-15   7.353481e-03   4.331979e-18   392346
  3.379688e+00   2.673785e-15   7.345952e-03   4.235863e-18   397490
  3.405140e+00   2.603085e-15   7.351647e-03   4.097107e-18   404024
  3.430725e+00   2.560908e-15   7.408667e-03   3.987105e-18   413538
  3.456243e+00   2.509942e-15   7.315991e-03   3.889338e-18   414266
  3.481684e+00   2.441830e-15   7.363540e-03   3.754838e-18   423350
  3.507212e+00   2.387039e-15   7.356884e-03   3.646906e-18   429224
  3.532706e+00   2.339038e-15   7.357692e-03   3.546308e-18   434898
  3.558224e+00   2.287324e-15   7.391743e-03   3.443384e-18   442754
  3.583745e+00   2.236758e-15   7.358544e-03   3.333819e-18   447842
  3.609237e+00   2.188270e-15   7.340691e-03   3.263872e-18   453906
  3.634764e+00   2.138976e-15   7.379481e-03   3.155313e-18   462008
  3.660246e+00   2.095455e-15   7.346019e-03   3.069032e-18   465746
  3.685744e+00   2.058006e-15   7.382125e-03   2.993462e-18   475518
  3.711289e+00   2.022896e-15   7.343917e-03   2.922121e-18   480074
  3.736776e+00   1.969196e-15   7.361129e-03   2.831707e-18   486704
  3.762257e+00   1.937067e-15   7.371796e-03   2.764279e-18   493682
  3.787731e+00   1.885547e-15   7.348094e-03   2.670672e-18   499458
  3.813253e+00   1.849597e-15   7.384327e-03   2.594694e-18   508874
  3.838784e+00   1.811778e-15   7.356201e-03   2.529056e-18   513530
  3.864291e+00   1.774848e-15   7.371075e-03   2.457616e-18   521652
  3.889813e+00   1.741287e-15   7.360567e-03   2.393400e-18   527762
  3.915341e+00   1.706984e-15   7.382957e-03   2.337620e-18   535898
  3.940780e+00   1.669610e-15   7.313419e-03   2.271292e-18   538074
  3.966243e+00   1.642450e-15   7.379204e-03   2.214478e-18   550562
  3.991852e+00   1.605399e-15   7.396797e-03   2.147309e-18   558392
  4.017351e+00   1.570482e-15   7.345294e-03   2.095581e-18   560522
  4.042795e+00   1.542913e-15   7.371024e-03   2.041229e-18   570366
  4.068286e+00   1.513254e-15   7.342311e-03   1.995552e-18   576290
  4.093801e+00   1.479572e-15   7.381356e-03   1.934288e-18   586016
  4.119292e+00   1.445937e-15   7.350810e-03   1.889603e-18   590178
  4.144811e+00   1.422578e-15   7.396764e-03   1.835201e-18   602090
  4.170363e+00   1.394283e-15   7.345928e-03   1.788442e-18   605834
  4.195849e+00   1.368759e-15   7.364704e-03   1.751354e-18   614210
  4.221384e+00   1.339430e-15   7.384356e-03   1.697584e-18   623076
  4.246873e+00   1.313738e-15   7.343391e-03   1.666174e-18   627194
  4.272356e+00   1.288342e-15   7.375414e-03   1.614229e-18   637706
  4.297876e+00   1.262251e-15   7.362245e-03   1.575728e-18   644178
  4.323354e+00   1.237430e-15   7.348692e-03   1.538135e-18   651056
  4.348869e+00   1.212816e-15   7.374286e-03   1.488721e-18   661130
  4.374409e+00   1.192755e-15   7.373714e-03   1.458602e-18   668106
  4.399910e+00   1.169602e-15   7.359532e-03   1.424475e-18   674894
  4.425387e+00   1.147351e-15   7.342198e-03   1.390584e-18   682082
  4.450903e+00   1.128507e-15   7.375276e-03   1.359924e-18   692480
  4.476432e+00   1.107076e-15   7.375072e-03   1.321533e-18   699258
  4.501885e+00   1.079490e-15   7.336800e-03   1.288017e-18   704354
  4.527378e+00   1.060735e-15   7.372539e-03   1.256150e-18   716810
  4.552863e+00   1.042033e-15   7.328466e-03   1.229322e-18   720138
  4.578399e+00   1.020319e-15   7.414456e-03   1.184922e-18   736064
  4.603934e+00   1.000813e-15   7.335916e-03   1.164614e-18   736742
  4.629437e+00   9.851399e-16   7.381231e-03   1.138074e-18   750090
  4.654964e+00   9.653517e-16   7.349212e-03   1.111506e-18   754778
  4.680441e+00   9.482020e-16   7.358059e-03   1.084270e-18   763712
  4.705924e+00   9.313114e-16   7.355793e-03   1.061343e-18   771890
  4.731472e+00   9.149168e-16   7.394109e-03   1.032357e-18   784290
  4.756995e+00   8.986172e-16   7.346113e-03   1.014898e-18   787274
  4.782410e+00   8.827567e-16   7.329464e-03   9.918055e-19   794726
  4.807954e+00   8.664020e-16   7.402272e-03   9.625697e-19   811632
  4.833545e+00   8.506282e-16   7.368121e-03   9.405585e-19   815426
  4.859026e+00   8.362707e-16   7.349814e-03   9.241736e-19   822146
  4.884516e+00   8.224631e-16   7.358509e-03   9.027271e-19   832738
  4.910059e+00   8.072182e-16   7.375884e-03   8.811746e-19   842752
  4.935559e+00   7.898562e-16   7.355268e-03   8.590796e-19   848018
  4.961031e+00   7.769716e-16   7.365136e-03   8.395458e-19   858614
  4.986536e+00   7.621741e-16   7.354438e-03   8.218460e-19   867330
  5.012024e+00   7.489300e-16   7.346916e-03   8.000262e-19   875066
  5.037521e+00   7.367902e-16   7.371761e-03   7.841978e-19   886040
  5.063098e+00   7.247936e-16   7.401096e-03   7.661543e-19   899058
  5.088646e+00   7.110332e-16   7.339706e-03   7.484279e-19   901322
  5.114060e+00   6.994555e-16   7.325146e-03   7.333136e-19   907922
  5.139544e+00   6.870097e-16   7.388109e-03   7.142250e-19   924548
  5.165087e+00   6.759286e-16   7.360044e-03   7.009082e-19   930522
  5.190617e+00   6.627848e-16   7.378221e-03   6.849813e-19   941906
  5.216116e+00   6.537848e-16   7.347520e-03   6.731825e-19   946802
  5.241631e+00   6.429468e-16   7.385776e-03   6.565307e-19   961866
  5.267164e+00   6.306087e-16   7.346424e-03   6.411980e-19   966104
  5.292642e+00   6.189170e-16   7.367530e-03   6.273246e-19   977090
  5.318144e+00   6.096182e-16   7.368347e-03   6.127202e-19   987006
  5.343657e+00   6.001247e-16   7.358130e-03   6.017888e-19   996410
  5.369188e+00   5.876033e-16   7.367897e-03   5.849881e-19   1007018
  5.394677e+00   5.787127e-16   7.351679e-03   5.752219e-19   1012712
  5.420186e+00   5.696356e-16   7.395231e-03   5.628207e-19   1028394
  5.445709e+00   5.606837e-16   7.345496e-03   5.529985e-19   1032434
  5.471171e+00   5.513725e-16   7.349295e-03   5.406976e-19   1042658
  5.496689e+00   5.410630e-16   7.385049e-03   5.275153e-19   1056696
  5.522177e+00   5.332017e-16   7.337841e-03   5.193301e-19   1060142
  5.547700e+00   5.245349e-16   7.394181e-03   5.056539e-19   1078706
  5.573233e+00   5.154390e-16   7.345490e-03   4.974168e-19   1081002
  5.598698e+00   5.071721e-16   7.356737e-03   4.850848e-19   1092818
  5.624194e+00   4.981171e-16   7.359845e-03   4.746115e-19   1103072
  5.649718e+00   4.904087e-16   7.383227e-03   4.651802e-19   1115930
  5.675249e+00   4.815879e-16   7.366868e-03   4.550211e-19   1123602
  5.700727e+00   4.748372e-16   7.346065e-03   4.470110e-19   1131638
  5.726216e+00   4.659055e-16   7.358860e-03   4.371965e-19   1144112
  5.751763e+00   4.589246e-16   7.388963e-03   4.262778e-19   1157706
  5.777272e+00   4.528673e-16   7.350537e-03   4.210207e-19   1161674
  5.802757e+00   4.454893e-16   7.364804e-03   4.129482e-19   1175642
  5.828289e+00   4.370107e-16   7.364879e-03   4.012800e-19   1186250
  5.853783e+00   4.293611e-16   7.351825e-03   3.942374e-19   1192968
  5.879270e+00   4.228015e-16   7.377555e-03   3.854142e-19   1207214
  5.904809e+00   4.160951e-16   7.374073e-03   3.780209e-19   1218290
  5.930311e+00   4.089974e-16   7.347396e-03   3.708250e-19   1224522
  5.955783e+00   4.034054e-16   7.359483e-03   3.627739e-19   1236722
  5.981289e+00   3.960793e-16   7.367166e-03   3.544289e-19   1248896
  6.006817e+00   3.910886e-16   7.371668e-03   3.493395e-19   1260186
  6.032316e+00   3.853698e-16   7.353402e-03   3.424792e-19   1267634
  6.057797e+00   3.783340e-16   7.357581e-03   3.353441e-19   1279670
  6.083302e+00   3.725386e-16   7.362654e-03   3.283653e-19   1291400
  6.108840e+00   3.671279e-16   7.382392e-03   3.226229e-19   1304898
  6.134379e+00   3.610958e-16   7.372474e-03   3.161107e-19   1313426
  6.159855e+00   3.554501e-16   7.343986e-03   3.102492e-19   1320482
  6.185330e+00   3.499364e-16   7.353712e-03   3.034087e-19   1334370
  6.210891e+00   3.446887e-16   7.394115e-03   2.976946e-19   1351712
  6.236415e+00   3.394318e-16   7.346193e-03   2.923402e-19   1353278
  6.261886e+00   3.334671e-16   7.359241e-03   2.862605e-19   1368162
  6.287403e+00   3.282723e-16   7.358316e-03   2.806907e-19   1379666
  6.312867e+00   3.235615e-16   7.336863e-03   2.757661e-19   1385120
  6.338363e+00   3.190209e-16   7.390988e-03   2.699568e-19   1406378
  6.363941e+00   3.137252e-16   7.377138e-03   2.644417e-19   1415970
  6.389439e+00   3.089792e-16   7.340919e-03   2.598663e-19   1420394
  6.414933e+00   3.043987e-16   7.374625e-03   2.545366e-19   1438250
  6.440436e+00   2.996880e-16   7.345189e-03   2.502145e-19   1444116
  6.465918e+00   2.955027e-16   7.362911e-03   2.454932e-19   1458842
  6.491438e+00   2.907265e-16   7.371056e-03   2.399633e-19   1471610
  6.516921e+00   2.862092e-16   7.340542e-03   2.357783e-19   1477866
  6.542403e+00   2.816713e-16   7.359540e-03   2.307454e-19   1493810
  6.567923e+00   2.772897e-16   7.367977e-03   2.264937e-19   1506032
  6.593462e+00   2.735150e-16   7.384462e-03   2.222852e-19   1519802
  6.618983e+00   2.695863e-16   7.361122e-03   2.189680e-19   1527654
  6.644490e+00   2.659350e-16   7.360487e-03   2.151391e-19   1540874
  6.669967e+00   2.615999e-16   7.340671e-03   2.109232e-19   1547576
  6.695454e+00   2.580508e-16   7.378056e-03   2.071517e-19   1566738
  6.720978e+00   2.534930e-16   7.357950e-03   2.026371e-19   1575554
  6.746515e+00   2.499160e-16   7.375144e-03   1.986631e-19   1591874
  6.772051e+00   2.462977e-16   7.359599e-03   1.953743e-19   1599482
  6.797518e+00   2.424156e-16   7.347453e-03   1.919299e-19   1607916
  6.823032e+00   2.393593e-16   7.389035e-03   1.882404e-19   1629482
  6.848574e+00   2.359345e-16   7.359831e-03   1.852263e-19   1635530
  6.874038e+00   2.325324e-16   7.342653e-03   1.819172e-19   1644018
  6.899504e+00   2.287788e-16   7.357156e-03   1.781488e-19   1660064
  6.925011e+00   2.255548e-16   7.363592e-03   1.749638e-19   1673666
  6.950564e+00   2.223765e-16   7.390464e-03   1.714998e-19   1691178
  6.976082e+00   2.193186e-16   7.347487e-03   1.691300e-19   1694150
  7.001548e+00   2.163565e-16   7.350123e-03   1.659529e-19   1708466
  7.027045e+00   2.125840e-16   7.361935e-03   1.627251e-19   1722752
  7.052524e+00   2.098724e-16   7.354998e-03   1.601198e-19   1731882
  7.078022e+00   2.067447e-16   7.376293e-03   1.568603e-19   1750730
  7.103585e+00   2.034939e-16   7.376736e-03   1.540321e-19   1764962
  7.129099e+00   2.008236e-16   7.346959e-03   1.516429e-19   1769370
  7.154581e+00   1.980786e-16   7.369608e-03   1.488560e-19   1786676
  7.180090e+00   1.953065e-16   7.362830e-03   1.466319e-19   1798370
  7.205609e+00   1.921402e-16   7.369089e-03   1.433113e-19   1813482
  7.231123e+00   1.899856e-16   7.357571e-03   1.416053e-19   1822898
  7.256627e+00   1.872038e-16   7.370928e-03   1.388156e-19   1838432
  7.282155e+00   1.845727e-16   7.373386e-03   1.363496e-19   1852058
  7.307666e+00   1.819458e-16   7.361505e-03   1.342432e-19   1861794
  7.333149e+00   1.793738e-16   7.358806e-03   1.318732e-19   1874162
  7.358623e+00   1.768876e-16   7.351475e-03   1.294783e-19   1886534
  7.384164e+00   1.746289e-16   7.389981e-03   1.272285e-19   1909464
  7.409699e+00   1.716841e-16   7.358477e-03   1.248509e-19   1912946
  7.435162e+00   1.694550e-16   7.351519e-03   1.230702e-19   1925258
  7.460671e+00   1.671725e-16   7.371944e-03   1.205693e-19   1945418
  7.486184e+00   1.647090e-16   7.352028e-03   1.184393e-19   1952280
  7.511686e+00   1.625274e-16   7.379041e-03   1.164617e-19   1971218
  7.537194e+00   1.600022e-16   7.359560e-03   1.143910e-19   1980254
  7.562688e+00   1.579407e-16   7.358769e-03   1.125229e-19   1994922
  7.588210e+00   1.558747e-16   7.370704e-03   1.106966e-19   2011754
  7.613722e+00   1.538643e-16   7.354168e-03   1.088710e-19   2020208
  7.639221e+00   1.517983e-16   7.367104e-03   1.069088e-19   2037402
  7.664736e+00   1.492988e-16   7.359654e-03   1.048038e-19   2049602
  7.690250e+00   1.474807e-16   7.365832e-03   1.031352e-19   2064338
  7.715745e+00   1.452986e-16   7.353552e-03   1.015372e-19   2074316
  7.741258e+00   1.433558e-16   7.373699e-03   9.972833e-20   2094450
  7.766807e+00   1.415359e-16   7.374515e-03   9.827399e-20   2107706
  7.792299e+00   1.397602e-16   7.347257e-03   9.678639e-20   2113538
  7.817752e+00   1.376992e-16   7.344616e-03   9.505147e-20   2128170
  7.843265e+00   1.359531e-16   7.375784e-03   9.352782e-20   2150936
  7.868810e+00   1.340514e-16   7.372240e-03   9.193821e-20   2162258
  7.894314e+00   1.322823e-16   7.357042e-03   9.038070e-20   2172390
  7.919814e+00   1.302920e-16   7.359669e-03   8.871750e-20   2188754
  7.945318e+00   1.289140e-16   7.355894e-03   8.744866e-20   2201210
  7.970811e+00   1.269524e-16   7.361815e-03   8.585886e-20   2215424
  7.996321e+00   1.251996e-16   7.373640e-03   8.439877e-20   2233338
  8.021821e+00   1.236974e-16   7.348152e-03   8.323678e-20   2241386
  8.047325e+00   1.219707e-16   7.369047e-03   8.180982e-20   2262218
  8.072811e+00   1.206307e-16   7.340615e-03   8.063191e-20   2267196
  8.098334e+00   1.187438e-16   7.391919e-03   7.903620e-20   2297690
  8.123880e+00   1.171708e-16   7.353296e-03   7.794894e-20   2300042
  8.149358e+00   1.156045e-16   7.355116e-03   7.666580e-20   2314410
  8.174853e+00   1.139514e-16   7.364016e-03   7.529835e-20   2332226
  8.200370e+00   1.126907e-16   7.363783e-03   7.422863e-20   2346968
  8.225880e+00   1.111504e-16   7.363679e-03   7.313224e-20   2360762
  8.251385e+00   1.097304e-16   7.363335e-03   7.179833e-20   2375298
  8.276899e+00   1.080817e-16   7.364839e-03   7.040249e-20   2391758
  8.302392e+00   1.067222e-16   7.345323e-03   6.943647e-20   2400032
  8.327865e+00   1.052745e-16   7.360986e-03   6.827034e-20   2418330
  8.353397e+00   1.039379e-16   7.385056e-03   6.705295e-20   2441042
  8.378926e+00   1.024975e-16   7.355046e-03   6.615611e-20   2447330
  8.404430e+00   1.014190e-16   7.363966e-03   6.518881e-20   2465546
  8.429938e+00   1.001534e-16   7.362381e-03   6.419635e-20   2478000
  8.455444e+00   9.876355e-17   7.372873e-03   6.319701e-20   2496422
  8.480958e+00   9.744709e-17   7.359921e-03   6.214678e-20   2508626
  8.506457e+00   9.615544e-17   7.359874e-03   6.113882e-20   2523594
  8.531943e+00   9.482621e-17   7.354810e-03   6.013444e-20   2536610
  8.557440e+00   9.357744e-17   7.367062e-03   5.921675e-20   2555912
  8.582965e+00   9.243402e-17   7.373258e-03   5.828353e-20   2573226
  8.608463e+00   9.128534e-17   7.350246e-03   5.747559e-20   2580434
  8.633977e+00   9.006199e-17   7.382539e-03   5.631287e-20   2607638
  8.659504e+00   8.900558e-17   7.354705e-03   5.570358e-20   2613008
  8.685007e+00   8.774217e-17   7.374775e-03   5.471952e-20   2634234
  8.710521e+00   8.665318e-17   7.365901e-03   5.395161e-20   2646434
  8.736014e+00   8.548232e-17   7.357753e-03   5.300139e-20   2660666
  8.761523e+00   8.440070e-17   7.366036e-03   5.205997e-20   2680338
  8.787049e+00   8.317102e-17   7.368477e-03   5.125240e-20   2695256
  8.812547e+00   8.217898e-17   7.360019e-03   5.050871e-20   2707022
  8.838022e+00   8.119264e-17   7.351255e-03   4.992437e-20   2721162
  8.863511e+00   8.015143e-17   7.360651e-03   4.897423e-20   2740514
  8.889023e+00   7.910387e-17   7.370397e-03   4.818076e-20   2758280
  8.914550e+00   7.814610e-17   7.375473e-03   4.753338e-20   2776034
  8.940075e+00   7.722574e-17   7.364824e-03   4.681643e-20   2788938
  8.965571e+00   7.613604e-17   7.355281e-03   4.604306e-20   2801642
  8.991062e+00   7.518778e-17   7.359515e-03   4.528098e-20   2819726
  9.016572e+00   7.423615e-17   7.364020e-03   4.460709e-20   2837352
  9.042084e+00   7.336174e-17   7.365325e-03   4.403775e-20   2853026
  9.067570e+00   7.239409e-17   7.351217e-03   4.329760e-20   2863538
  9.093065e+00   7.148830e-17   7.368240e-03   4.262712e-20   2887418
  9.118561e+00   7.077820e-17   7.345507e-03   4.215436e-20   2895354
  9.144102e+00   6.966873e-17   7.396156e-03   4.118527e-20   2930456
  9.169632e+00   6.897986e-17   7.347558e-03   4.087622e-20   2925938
  9.195115e+00   6.803759e-17   7.369936e-03   4.021014e-20   2952582
  9.220649e+00   6.720291e-17   7.366998e-03   3.956170e-20   2969474
  9.246148e+00   6.623123e-17   7.348604e-03   3.895900e-20   2977016
  9.271627e+00   6.558718e-17   7.363963e-03   3.844910e-20   2999034
  9.297144e+00   6.472451e-17   7.367021e-03   3.779407e-20   3018434
  9.322671e+00   6.400282e-17   7.363225e-03   3.726402e-20   3033914
  9.348164e+00   6.306613e-17   7.350790e-03   3.672055e-20   3043922
  9.373674e+00   6.230195e-17   7.378658e-03   3.608135e-20   3071604
  9.399208e+00   6.153584e-17   7.364437e-03   3.557412e-20   3082658
  9.424683e+00   6.088632e-17   7.343930e-03   3.516358e-20   3091082
  9.450174e+00   6.005022e-17   7.370312e-03   3.444893e-20   3119970
  9.475668e+00   5.937122e-17   7.342076e-03   3.410239e-20   3124880
  9.501187e+00   5.863004e-17   7.387781e-03   3.351125e-20   3160466
  9.526720e+00   5.776975e-17   7.353834e-03   3.302353e-20   3161970
  9.552200e+00   5.715445e-17   7.358644e-03   3.251425e-20   3181886
  9.577710e+00   5.645689e-17   7.363037e-03   3.206065e-20   3202250
  9.603235e+00   5.574762e-17   7.367464e-03   3.159576e-20   3219800
  9.628740e+00   5.502422e-17   7.361386e-03   3.107501e-20   3232482
  9.654236e+00   5.440768e-17   7.363665e-03   3.069750e-20   3251810
  9.679757e+00   5.377458e-17   7.367017e-03   3.019932e-20   3272330
  9.705247e+00   5.309539e-17   7.343493e-03   2.981347e-20   3277920
  9.730748e+00   5.241815e-17   7.381314e-03   2.934323e-20   3311078
  9.756278e+00   5.188103e-17   7.359562e-03   2.896220e-20   3319466
  9.781786e+00   5.116206e-17   7.365569e-03   2.850830e-20   3340162
  9.807269e+00   5.057171e-17   7.343717e-03   2.814749e-20   3347074
  9.832748e+00   5.006015e-17   7.367839e-03   2.777044e-20   3374672
  9.858288e+00   4.939171e-17   7.381311e-03   2.731191e-20   3398114
  9.883813e+00   4.881720e-17   7.360458e-03   2.693746e-20   3405930
  9.909307e+00   4.818231e-17   7.362166e-03   2.652587e-20   3424982
  9.934811e+00   4.764953e-17   7.361617e-03   2.614720e-20   3443618
  9.960343e+00   4.715416e-17   7.376339e-03   2.581699e-20   3467568
  9.985863e+00   4.651883e-17   7.361737e-03   2.548939e-20   3476762
  1.001135e+01   4.593551e-17   7.355785e-03   2.508913e-20   3492818
  1.003685e+01   4.539220e-17   7.365884e-03   2.469522e-20   3517154
  1.006235e+01   4.484332e-17   7.353534e-03   2.438039e-20   3527568
  1.008784e+01   4.439177e-17   7.373687e-03   2.405935e-20   3553130
  1.011337e+01   4.381447e-17   7.371166e-03   2.367210e-20   3571094
  1.013889e+01   4.331229e-17   7.364397e-03   2.337286e-20   3587850
  1.016439e+01   4.274813e-17   7.355054e-03   2.305082e-20   3601106
  1.018988e+01   4.225808e-17   7.360039e-03   2.269013e-20   3620672
  1.021537e+01   4.183049e-17   7.361210e-03   2.243646e-20   3639354
  1.024088e+01   4.125771e-17   7.368257e-03   2.203024e-20   3661394
  1.026641e+01   4.081644e-17   7.368852e-03   2.174811e-20   3679610
  1.029192e+01   4.031987e-17   7.362580e-03   2.147667e-20   3695180
  1.031742e+01   3.983856e-17   7.359296e-03   2.112605e-20   3711954
  1.034292e+01   3.939440e-17   7.367860e-03   2.088635e-20   3733202
  1.036843e+01   3.889902e-17   7.365749e-03   2.052718e-20   3751322
  1.039394e+01   3.845729e-17   7.361539e-03   2.026168e-20   3769554
  1.041945e+01   3.800022e-17   7.359581e-03   1.997844e-20   3786200
  1.044496e+01   3.764390e-17   7.371530e-03   1.974274e-20   3808850
  1.047045e+01   3.715359e-17   7.353767e-03   1.948628e-20   3819702
  1.049595e+01   3.673014e-17   7.364517e-03   1.921491e-20   3845738
  1.052147e+01   3.625353e-17   7.364071e-03   1.891555e-20   3863258
  1.054698e+01   3.583968e-17   7.365668e-03   1.866056e-20   3881216
  1.057247e+01   3.541095e-17   7.357553e-03   1.843029e-20   3895314
  1.059797e+01   3.502414e-17   7.370497e-03   1.817166e-20   3922562
  1.062349e+01   3.460324e-17   7.355939e-03   1.792098e-20   3934418
  1.064898e+01   3.421682e-17   7.361556e-03   1.764916e-20   3956076
  1.067449e+01   3.383373e-17   7.362690e-03   1.744926e-20   3975842
  1.070001e+01   3.339262e-17   7.369647e-03   1.712667e-20   3998378
  1.072552e+01   3.306583e-17   7.360187e-03   1.696922e-20   4011746
  1.075102e+01   3.261337e-17   7.358748e-03   1.669809e-20   4030794
  1.077653e+01   3.230198e-17   7.368798e-03   1.648897e-20   4055528
  1.080205e+01   3.190626e-17   7.363030e-03   1.625859e-20   4069946
  1.082756e+01   3.153015e-17   7.367951e-03   1.603929e-20   4092678
  1.085306e+01   3.116985e-17   7.355822e-03   1.584679e-20   4107098
  1.087857e+01   3.082303e-17   7.362404e-03   1.562515e-20   4129736
  1.090407e+01   3.045465e-17   7.359481e-03   1.538624e-20   4145754
  1.092957e+01   3.010454e-17   7.369499e-03   1.517812e-20   4170842
  1.095508e+01   2.979784e-17   7.357224e-03   1.503033e-20   4184906
  1.098058e+01   2.944365e-17   7.358443e-03   1.480711e-20   4205450
  1.100608e+01   2.912278e-17   7.360823e-03   1.461406e-20   4224720
  1.103161e+01   2.878663e-17   7.380198e-03   1.438869e-20   4254854
  1.105711e+01   2.848347e-17   7.344334e-03   1.424128e-20   4254938
  1.108260e+01   2.819647e-17   7.371571e-03   1.404291e-20   4290330
  1.110811e+01   2.784329e-17   7.358208e-03   1.385654e-20   4302314
  1.113362e+01   2.750589e-17   7.364088e-03   1.366410e-20   4326032
  1.115915e+01   2.720750e-17   7.377284e-03   1.345909e-20   4353090
  1.118466e+01   2.690719e-17   7.349556e-03   1.334613e-20   4356146
  1.121013e+01   2.659526e-17   7.352742e-03   1.314154e-20   4378574
  1.123564e+01   2.630120e-17   7.377840e-03   1.294699e-20   4413248
  1.126118e+01   2.600400e-17   7.366166e-03   1.280679e-20   4424802
  1.128668e+01   2.573458e-17   7.364098e-03   1.264568e-20   4444034
  1.131219e+01   2.545510e-17   7.363642e-03   1.248502e-20   4465586
  1.133769e+01   2.518319e-17   7.353009e-03   1.233295e-20   4479666
  1.136318e+01   2.483858e-17   7.365560e-03   1.212105e-20   4505720
  1.138870e+01   2.461458e-17   7.370625e-03   1.201014e-20   4529126
  1.141421e+01   2.431580e-17   7.359704e-03   1.184397e-20   4544154
  1.143971e+01   2.405067e-17   7.357713e-03   1.169889e-20   4562906
  1.146519e+01   2.379437e-17   7.356098e-03   1.154027e-20   4580720
  1.149070e+01   2.353171e-17   7.377889e-03   1.138427e-20   4614554
  1.151625e+01   2.326569e-17   7.370249e-03   1.124334e-20   4631226
  1.154175e+01   2.302175e-17   7.354640e-03   1.111229e-20   4642154
  1.156724e+01   2.276405e-17   7.360155e-03   1.094731e-20   4667270
  1.159275e+01   2.252746e-17   7.366053e-03   1.081248e-20   4690992
  1.161824e+01   2.227173e-17   7.353419e-03   1.069355e-20   4702298
  1.164376e+01   2.206390e-17   7.379504e-03   1.056293e-20   4740218
  1.166926e+01   2.176587e-17   7.346684e-03   1.041347e-20   4740866
  1.169475e+01   2.152325e-17   7.367183e-03   1.025407e-20   4775322
  1.172027e+01   2.132006e-17   7.367339e-03   1.016085e-20   4794272
  1.174578e+01   2.105548e-17   7.365354e-03   1.001019e-20   4812758
  1.177128e+01   2.084497e-17   7.362022e-03   9.890523e-21   4833354
  1.179679e+01   2.064445e-17   7.361861e-03   9.786327e-21   4855682
  1.182230e+01   2.039809e-17   7.365173e-03   9.650999e-21   4877120
  1.184781e+01   2.021174e-17   7.365583e-03   9.540037e-21   4897602
  1.187332e+01   1.995166e-17   7.364961e-03   9.407933e-21   4920170
  1.189882e+01   1.974975e-17   7.357188e-03   9.301655e-21   4935938
  1.192432e+01   1.954471e-17   7.366829e-03   9.186270e-21   4962578
  1.194984e+01   1.935710e-17   7.367150e-03   9.077743e-21   4983252
  1.197533e+01   1.912974e-17   7.358547e-03   8.975053e-21   4998410
  1.200083e+01   1.889925e-17   7.363119e-03   8.843521e-21   5023826
  1.202634e+01   1.872213e-17   7.368453e-03   8.734573e-21   5050674
  1.205184e+01   1.852377e-17   7.349977e-03   8.649465e-21   5059520
  1.207735e+01   1.833259e-17   7.376343e-03   8.534285e-21   5097362
  1.210287e+01   1.814765e-17   7.359761e-03   8.448124e-21   5106546
  1.212837e+01   1.796064e-17   7.369257e-03   8.322750e-21   5136398
  1.215387e+01   1.777051e-17   7.350552e-03   8.236690e-21   5146346
  1.217939e+01   1.758909e-17   7.380991e-03   8.125355e-21   5187608
  1.220490e+01   1.739195e-17   7.351254e-03   8.065324e-21   5187162
  1.223039e+01   1.719159e-17   7.364954e-03   7.935913e-21   5220698
  1.225591e+01   1.702987e-17   7.362195e-03   7.847371e-21   5242010
  1.228140e+01   1.685762e-17   7.352108e-03   7.761830e-21   5255064
  1.230690e+01   1.668809e-17   7.370377e-03   7.648511e-21   5289398
  1.233242e+01   1.650408e-17   7.364557e-03   7.566939e-21   5307410
  1.235792e+01   1.634606e-17   7.356514e-03   7.504770e-21   5323754
  1.238344e+01   1.615815e-17   7.372115e-03   7.392175e-21   5357538
  1.240897e+01   1.601397e-17   7.367164e-03   7.318683e-21   5375144
  1.243447e+01   1.583535e-17   7.359861e-03   7.223022e-21   5391050
  1.245997e+01   1.568039e-17   7.365813e-03   7.143805e-21   5417274
  1.248547e+01   1.550369e-17   7.358548e-03   7.055776e-21   5436014
  1.251096e+01   1.534778e-17   7.352162e-03   6.969345e-21   5454842
  1.253647e+01   1.519594e-17   7.369982e-03   6.883653e-21   5489040
  1.256199e+01   1.505696e-17   7.364184e-03   6.824982e-21   5505674
  1.258748e+01   1.490498e-17   7.358601e-03   6.755998e-21   5524586
  1.261298e+01   1.474662e-17   7.359769e-03   6.665742e-21   5549594
  1.263849e+01   1.460178e-17   7.366034e-03   6.598641e-21   5575056
  1.266400e+01   1.444551e-17   7.364145e-03   6.510013e-21   5594414
  1.268953e+01   1.429475e-17   7.375176e-03   6.438428e-21   5626658
  1.271505e+01   1.415958e-17   7.360146e-03   6.370347e-21   5639490
  1.274055e+01   1.402386e-17   7.357793e-03   6.307239e-21   5660474
  1.276605e+01   1.388280e-17   7.360634e-03   6.241313e-21   5684504
  1.279154e+01   1.373669e-17   7.354965e-03   6.168156e-21   5702562
  1.281705e+01   1.360046e-17   7.376626e-03   6.088890e-21   5742026
  1.284255e+01   1.348512e-17   7.345672e-03   6.035363e-21   5740826
  1.286803e+01   1.332837e-17   7.360457e-03   5.957782e-21   5775308
  1.289354e+01   1.320770e-17   7.372581e-03   5.897536e-21   5807154
  1.291908e+01   1.307446e-17   7.371265e-03   5.832915e-21   5827970
  1.294459e+01   1.294778e-17   7.360656e-03   5.770112e-21   5844290
  1.297010e+01   1.282723e-17   7.362134e-03   5.711760e-21   5870442
  1.299560e+01   1.270244e-17   7.356552e-03   5.655469e-21   5887208
  1.302110e+01   1.259921e-17   7.370271e-03   5.597200e-21   5919842
  1.304660e+01   1.246895e-17   7.354747e-03   5.543815e-21   5932014
  1.307209e+01   1.233952e-17   7.357369e-03   5.478095e-21   5958818
  1.309759e+01   1.223480e-17   7.365999e-03   5.427333e-21   5987642
  1.312311e+01   1.211876e-17   7.366757e-03   5.364409e-21   6009728
  1.314863e+01   1.198977e-17   7.370476e-03   5.311774e-21   6035874
  1.317415e+01   1.188616e-17   7.369198e-03   5.261938e-21   6059690
  1.319966e+01   1.176362e-17   7.356915e-03   5.201718e-21   6073922
  1.322514e+01   1.166359e-17   7.356187e-03   5.151269e-21   6096372
  1.325063e+01   1.155517e-17   7.360768e-03   5.106034e-21   6123098
  1.327615e+01   1.145432e-17   7.374395e-03   5.049770e-21   6157658
  1.330167e+01   1.132140e-17   7.361831e-03   4.988160e-21   6171266
  1.332717e+01   1.123619e-17   7.362589e-03   4.940895e-21   6196482
  1.335268e+01   1.114121e-17   7.365698e-03   4.905329e-21   6222032
  1.337820e+01   1.103229e-17   7.369124e-03   4.855242e-21   6246818
  1.340371e+01   1.092621e-17   7.363974e-03   4.803814e-21   6268254
  1.342922e+01   1.082564e-17   7.364153e-03   4.763365e-21   6294554
  1.345472e+01   1.073319e-17   7.355777e-03   4.715071e-21   6309464
  1.348021e+01   1.064142e-17   7.365106e-03   4.675562e-21   6339666
  1.350573e+01   1.055200e-17   7.369440e-03   4.629360e-21   6368186
  1.353123e+01   1.045004e-17   7.353942e-03   4.590374e-21   6380882
  1.355672e+01   1.036709e-17   7.363610e-03   4.551831e-21   6413450
  1.358223e+01   1.027504e-17   7.361843e-03   4.506086e-21   6434724
  1.360774e+01   1.018968e-17   7.365450e-03   4.471747e-21   6461474
  1.363324e+01   1.009224e-17   7.364122e-03   4.429768e-21   6485474
  1.365875e+01   9.997151e-18   7.362534e-03   4.378918e-21   6508890
  1.368425e+01   9.918351e-18   7.356621e-03   4.348587e-21   6528602
  1.370977e+01   9.838369e-18   7.373802e-03   4.306774e-21   6568424
  1.373529e+01   9.751901e-18   7.360519e-03   4.273655e-21   6579162
  1.376079e+01   9.665121e-18   7.359495e-03   4.231961e-21   6603218
  1.378631e+01   9.584269e-18   7.372150e-03   4.195902e-21   6641054
  1.381181e+01   9.498227e-18   7.346730e-03   4.164559e-21   6641912
  1.383730e+01   9.445272e-18   7.374212e-03   4.139041e-21   6688722
  1.386282e+01   9.348922e-18   7.359472e-03   4.099324e-21   6700898
  1.388831e+01   9.284877e-18   7.359551e-03   4.076215e-21   6727946
  1.391382e+01   9.200804e-18   7.362069e-03   4.031160e-21   6755274
  1.393934e+01   9.120183e-18   7.367642e-03   3.998805e-21   6784424
  1.396485e+01   9.058208e-18   7.361152e-03   3.976161e-21   6801806
  1.399035e+01   8.986572e-18   7.358943e-03   3.950442e-21   6825698
  1.401587e+01   8.904766e-18   7.372377e-03   3.900720e-21   6863514
  1.404138e+01   8.833458e-18   7.355192e-03   3.878359e-21   6871520
  1.406687e+01   8.783556e-18   7.359434e-03   3.862104e-21   6900482
  1.409238e+01   8.701481e-18   7.371023e-03   3.817860e-21   6936570
  1.411789e+01   8.641686e-18   7.357534e-03   3.798291e-21   6949610
  1.414338e+01   8.570437e-18   7.351558e-03   3.773275e-21   6970166
  1.416887e+01   8.507200e-18   7.363810e-03   3.743933e-21   7006560
  1.419440e+01   8.455630e-18   7.371064e-03   3.727079e-21   7036850
  1.421990e+01   8.380277e-18   7.355844e-03   3.696655e-21   7047602
  1.424540e+01   8.319529e-18   7.365844e-03   3.670793e-21   7084130
  1.427091e+01   8.259900e-18   7.358968e-03   3.646434e-21   7103250
  1.429642e+01   8.208633e-18   7.365504e-03   3.634405e-21   7132808
  1.432193e+01   8.144494e-18   7.367556e-03   3.599830e-21   7159430
  1.434744e+01   8.090639e-18   7.357573e-03   3.583919e-21   7176954
  1.437295e+01   8.023955e-18   7.367516e-03   3.557262e-21   7212698
  1.439846e+01   7.972237e-18   7.361724e-03   3.539082e-21   7231208
  1.442396e+01   7.925621e-18   7.362341e-03   3.520370e-21   7256874
  1.444946e+01   7.858133e-18   7.363130e-03   3.497122e-21   7284314
  1.447498e+01   7.813187e-18   7.368689e-03   3.486878e-21   7315058
  1.450050e+01   7.754136e-18   7.366464e-03   3.459389e-21   7338758
  1.452600e+01   7.714868e-18   7.359164e-03   3.451417e-21   7357008
  1.455150e+01   7.672366e-18   7.367042e-03   3.435681e-21   7389506
  1.457701e+01   7.611629e-18   7.362832e-03   3.415629e-21   7412042
  1.460251e+01   7.567916e-18   7.356940e-03   3.399230e-21   7433994
  1.462800e+01   7.514447e-18   7.359469e-03   3.381820e-21   7462256
  1.465350e+01   7.479477e-18   7.365169e-03   3.370492e-21   7492106
  1.467902e+01   7.423715e-18   7.370617e-03   3.351414e-21   7523602
  1.470454e+01   7.384086e-18   7.367107e-03   3.335823e-21   7547422
  1.473006e+01   7.339711e-18   7.364744e-03   3.325999e-21   7572218
  1.475558e+01   7.307751e-18   7.371346e-03   3.319475e-21   7603424
  1.478109e+01   7.259869e-18   7.359050e-03   3.300815e-21   7616802
  1.480659e+01   7.219261e-18   7.362658e-03   3.294226e-21   7649330
  1.483208e+01   7.181806e-18   7.352521e-03   3.282392e-21   7664930
  1.485757e+01   7.140836e-18   7.365392e-03   3.262453e-21   7703616
  1.488308e+01   7.111205e-18   7.365807e-03   3.265910e-21   7730054
  1.490860e+01   7.070828e-18   7.365842e-03   3.256325e-21   7757186
  1.493411e+01   7.037591e-18   7.365056e-03   3.244612e-21   7783034
  1.495960e+01   7.003405e-18   7.353264e-03   3.244067e-21   7797762
  1.498510e+01   6.961965e-18   7.367356e-03   3.232228e-21   7838864
  1.501060e+01   6.939763e-18   7.358532e-03   3.229324e-21   7854218
  1.503612e+01   6.913274e-18   7.376203e-03   3.221965e-21   7900890
  1.506163e+01   6.869085e-18   7.354089e-03   3.216613e-21   7906142
  1.508712e+01   6.814906e-18   7.357433e-03   3.193739e-21   7923347
  1.511263e+01   6.719194e-18   7.370254e-03   3.135151e-21   7924812
  1.513814e+01   6.612950e-18   7.360918e-03   3.074868e-21   7899788
  1.516364e+01   6.506917e-18   7.359931e-03   3.025562e-21   7886192
  1.518914e+01   6.413765e-18   7.362526e-03   2.970119e-21   7875224
  1.521466e+01   6.313665e-18   7.367555e-03   2.911232e-21   7864992
  1.524017e+01   6.209060e-18   7.363815e-03   2.860391e-21   7848128
  1.526569e+01   6.119408e-18   7.365639e-03   2.808286e-21   7838144
  1.529119e+01   6.034129e-18   7.356494e-03   2.762787e-21   7813752
  1.531668e+01   5.939908e-18   7.357571e-03   2.712124e-21   7800092
  1.534219e+01   5.858384e-18   7.368755e-03   2.671891e-21   7797992
  1.536769e+01   5.767748e-18   7.350868e-03   2.624661e-21   7764648
  1.539319e+01   5.683990e-18   7.370782e-03   2.576664e-21   7769852
  1.541871e+01   5.604260e-18   7.360152e-03   2.539386e-21   7744688
  1.544422e+01   5.516087e-18   7.365679e-03   2.490333e-21   7736588
  1.546972e+01   5.439085e-18   7.358180e-03   2.451514e-21   7713312
  1.549524e+01   5.359912e-18   7.373389e-03   2.410335e-21   7713944
  1.552075e+01   5.285212e-18   7.350912e-03   2.371064e-21   7676276
  1.554624e+01   5.201961e-18   7.363264e-03   2.329765e-21   7675248
  1.557174e+01   5.128862e-18   7.357247e-03   2.291978e-21   7652180
  1.559724e+01   5.059217e-18   7.365471e-03   2.260171e-21   7645184
  1.562275e+01   4.990911e-18   7.360925e-03   2.222809e-21   7626080
  1.564826e+01   4.921001e-18   7.366056e-03   2.189357e-21   7615392
  1.567378e+01   4.844768e-18   7.370367e-03   2.150340e-21   7603052
  1.569929e+01   4.783830e-18   7.356256e-03   2.123226e-21   7573520
  1.572479e+01   4.720123e-18   7.365219e-03   2.089671e-21   7567620
  1.575029e+01   4.649455e-18   7.358287e-03   2.056999e-21   7543724
  1.577579e+01   4.587579e-18   7.366900e-03   2.025551e-21   7537580
  1.580130e+01   4.526104e-18   7.360085e-03   1.994165e-21   7515276
  1.582682e+01   4.460447e-18   7.368584e-03   1.962027e-21   7508024
  1.585232e+01   4.401994e-18   7.356465e-03   1.939082e-21   7478168
  1.587782e+01   4.342077e-18   7.366698e-03   1.904602e-21   7471568
  1.590333e+01   4.279967e-18   7.361988e-03   1.875149e-21   7451580
  1.592884e+01   4.224870e-18   7.364933e-03   1.849958e-21   7437332
  1.595435e+01   4.174331e-18   7.366683e-03   1.826504e-21   7422200
  1.597987e+01   4.113054e-18   7.368560e-03   1.793263e-21   7408464
  1.600537e+01   4.054753e-18   7.357152e-03   1.769269e-21   7381436
  1.603087e+01   4.008436e-18   7.361393e-03   1.747486e-21   7368068
  1.605637e+01   3.953373e-18   7.365998e-03   1.722557e-21   7355760
  1.608189e+01   3.903264e-18   7.368054e-03   1.698247e-21   7341512
  1.610740e+01   3.847354e-18   7.354934e-03   1.674054e-21   7310384
  1.613289e+01   3.795496e-18   7.369710e-03   1.649309e-21   7306904
  1.615839e+01   3.746736e-18   7.350512e-03   1.630828e-21   7271520
  1.618389e+01   3.701146e-18   7.374702e-03   1.605872e-21   7279508
  1.620941e+01   3.658177e-18   7.357344e-03   1.588722e-21   7244240
  1.623493e+01   3.609562e-18   7.376406e-03   1.563797e-21   7244700
  1.626044e+01   3.562298e-18   7.355374e-03   1.542027e-21   7207652
  1.628593e+01   3.514165e-18   7.361057e-03   1.522390e-21   7196144
  1.631143e+01   3.470327e-18   7.362174e-03   1.501426e-21   7177356
  1.633693e+01   3.429482e-18   7.362825e-03   1.483480e-21   7160180
  1.636245e+01   3.378241e-18   7.370725e-03   1.459959e-21   7151288
  1.638795e+01   3.338348e-18   7.353531e-03   1.443617e-21   7115144
  1.641345e+01   3.297978e-18   7.373850e-03   1.425867e-21   7116408
  1.643897e+01   3.257606e-18   7.362977e-03   1.404422e-21   7089080
  1.646448e+01   3.218403e-18   7.363158e-03   1.388365e-21   7071440
  1.649000e+01   3.180373e-18   7.368165e-03   1.371714e-21   7057152
  1.651550e+01   3.136497e-18   7.360184e-03   1.354151e-21   7031192
  1.654100e+01   3.101062e-18   7.358334e-03   1.338528e-21   7011524
  1.656649e+01   3.062455e-18   7.357440e-03   1.321162e-21   6991508
  1.659200e+01   3.022660e-18   7.371649e-03   1.300737e-21   6985368
  1.661751e+01   2.988142e-18   7.360719e-03   1.287472e-21   6956864
  1.664303e+01   2.951676e-18   7.372565e-03   1.270718e-21   6950408
  1.666852e+01   2.912728e-18   7.345081e-03   1.257834e-21   6904704
  1.669402e+01   2.877870e-18   7.377135e-03   1.239943e-21   6915128
  1.671955e+01   2.841428e-18   7.361587e-03   1.226290e-21   6882644
  1.674506e+01   2.806465e-18   7.362339e-03   1.208120e-21   6864864
  1.677056e+01   2.774873e-18   7.358325e-03   1.195184e-21   6840020
  1.679606e+01   2.742483e-18   7.361850e-03   1.183341e-21   6823808
  1.682158e+01   2.707625e-18   7.370568e-03   1.168429e-21   6813512
  1.684709e+01   2.676498e-18   7.357165e-03   1.156157e-21   6780336
  1.687258e+01   2.643770e-18   7.363664e-03   1.140471e-21   6766004
  1.689808e+01   2.611474e-18   7.357090e-03   1.128469e-21   6740540
  1.692358e+01   2.586344e-18   7.366252e-03   1.116678e-21   6730704
  1.694910e+01   2.553429e-18   7.361983e-03   1.103441e-21   6706004
  1.697460e+01   2.525271e-18   7.361235e-03   1.092999e-21   6683744
  1.700011e+01   2.495173e-18   7.363257e-03   1.077825e-21   6667236
  1.702562e+01   2.465094e-18   7.365144e-03   1.066059e-21   6648788
  1.705114e+01   2.434071e-18   7.367921e-03   1.053321e-21   6628136
  1.707663e+01   2.408049e-18   7.351941e-03   1.043059e-21   6593768
  1.710212e+01   2.384042e-18   7.365092e-03   1.032271e-21   6588000
  1.712763e+01   2.354880e-18   7.356684e-03   1.021899e-21   6558152
  1.715313e+01   2.324916e-18   7.367216e-03   1.007048e-21   6545360
  1.717866e+01   2.299359e-18   7.370316e-03   9.970004e-22   6529080
  1.720418e+01   2.274409e-18   7.365012e-03   9.881974e-22   6504260
  1.722968e+01   2.248654e-18   7.354679e-03   9.784376e-22   6472376
  1.725517e+01   2.223946e-18   7.364913e-03   9.673713e-22   6459464
  1.728069e+01   2.194545e-18   7.364806e-03   9.549800e-22   6439404
  1.730620e+01   2.174234e-18   7.367021e-03   9.465250e-22   6419420
  1.733171e+01   2.146895e-18   7.359477e-03   9.358414e-22   6390248
  1.735722e+01   2.122705e-18   7.370209e-03   9.264472e-22   6379044
  1.738274e+01   2.097658e-18   7.364805e-03   9.153989e-22   6354716
  1.740825e+01   2.077642e-18   7.362326e-03   9.062435e-22   6329300
  1.743374e+01   2.054302e-18   7.354434e-03   8.989073e-22   6299340
  1.745924e+01   2.031408e-18   7.369008e-03   8.899918e-22   6292424
  1.748476e+01   2.009629e-18   7.361822e-03   8.817912e-22   6264092
  1.751025e+01   1.987270e-18   7.361303e-03   8.720983e-22   6239072
  1.753575e+01   1.964669e-18   7.364182e-03   8.625370e-22   6219636
  1.756126e+01   1.944429e-18   7.365459e-03   8.539505e-22   6200672
  1.758676e+01   1.922355e-18   7.354792e-03   8.466293e-22   6168488
  1.761225e+01   1.898829e-18   7.366868e-03   8.370289e-22   6155100
  1.763778e+01   1.881141e-18   7.374735e-03   8.280973e-22   6140564
  1.766330e+01   1.859193e-18   7.356736e-03   8.200206e-22   6104576
  1.768879e+01   1.839339e-18   7.356830e-03   8.133845e-22   6080268
  1.771426e+01   1.822343e-18   7.355752e-03   8.077253e-22   6055400
  1.773977e+01   1.801739e-18   7.374071e-03   7.973062e-22   6049688
  1.776530e+01   1.782042e-18   7.362019e-03   7.898380e-22   6015848
  1.779080e+01   1.763047e-18   7.363376e-03   7.839821e-22   5991420
  1.781630e+01   1.745593e-18   7.369316e-03   7.758442e-22   5974820
  1.784182e+01   1.728060e-18   7.360963e-03   7.696217e-22   5947448
  1.786732e+01   1.708921e-18   7.362250e-03   7.617102e-22   5923188
  1.789283e+01   1.690791e-18   7.368233e-03   7.553495e-22   5903792
  1.791834e+01   1.672961e-18   7.360679e-03   7.485376e-22   5876888
  1.794384e+01   1.655879e-18   7.359115e-03   7.429977e-22   5851548
  1.796934e+01   1.639775e-18   7.369521e-03   7.361918e-22   5833976
  1.799485e+01   1.620124e-18   7.362511e-03   7.284166e-22   5804648
  1.802036e+01   1.604052e-18   7.366394e-03   7.220396e-22   5785436
  1.804587e+01   1.587999e-18   7.362829e-03   7.167373e-22   5757924
  1.807137e+01   1.572607e-18   7.364266e-03   7.107993e-22   5734076
  1.809688e+01   1.556023e-18   7.362633e-03   7.041614e-22   5710904
  1.812238e+01   1.540681e-18   7.357815e-03   6.987125e-22   5684592
  1.814789e+01   1.525618e-18   7.369347e-03   6.930722e-22   5667008
  1.817339e+01   1.509606e-18   7.352004e-03   6.872279e-22   5628872
  1.819890e+01   1.492890e-18   7.376112e-03   6.800758e-22   5625296
  1.822443e+01   1.478727e-18   7.359811e-03   6.759197e-22   5586396
  1.824992e+01   1.464379e-18   7.363976e-03   6.702043e-22   5562752
  1.827543e+01   1.450555e-18   7.368307e-03   6.646984e-22   5543288
  1.830095e+01   1.435393e-18   7.361075e-03   6.603435e-22   5514936
  1.832645e+01   1.420321e-18   7.360427e-03   6.530039e-22   5488412
  1.835195e+01   1.407774e-18   7.356876e-03   6.495149e-22   5459912
  1.837745e+01   1.393373e-18   7.369207e-03   6.424800e-22   5445384
  1.840297e+01   1.379532e-18   7.355744e-03   6.395980e-22   5410448
  1.842847e+01   1.366538e-18   7.366238e-03   6.340370e-22   5390852
  1.845397e+01   1.353356e-18   7.361704e-03   6.293100e-22   5361824
  1.847949e+01   1.340992e-18   7.370949e-03   6.251221e-22   5345160
  1.850501e+01   1.328750e-18   7.359278e-03   6.213573e-22   5309888
  1.853050e+01   1.315247e-18   7.364417e-03   6.161127e-22   5286260
  1.855600e+01   1.302360e-18   7.359553e-03   6.112124e-22   5259756
  1.858151e+01   1.289472e-18   7.359778e-03   6.064209e-22   5235572
  1.860702e+01   1.278725e-18   7.364327e-03   6.030372e-22   5210384
  1.863251e+01   1.265756e-18   7.358248e-03   5.989141e-22   5179164
  1.865803e+01   1.252946e-18   7.376584e-03   5.933138e-22   5167808
  1.868355e+01   1.241778e-18   7.352310e-03   5.899999e-22   5123300
  1.870904e+01   1.230463e-18   7.369172e-03   5.867271e-22   5107160
  1.873456e+01   1.219408e-18   7.368357e-03   5.823136e-22   5081688
  1.876007e+01   1.208229e-18   7.360408e-03   5.787646e-22   5051384
  1.878558e+01   1.195008e-18   7.361240e-03   5.731618e-22   5024528
  1.881107e+01   1.184644e-18   7.360943e-03   5.703922e-22   4996908
  1.883658e+01   1.174674e-18   7.364190e-03   5.663616e-22   4974536
  1.886210e+01   1.162697e-18   7.361858e-03   5.618880e-22   4946240
  1.888760e+01   1.152952e-18   7.362011e-03   5.600067e-22   4916312
  1.891310e+01   1.142734e-18   7.365781e-03   5.565156e-22   4891872
  1.893861e+01   1.132128e-18   7.359935e-03   5.531299e-22   4863080
  1.896411e+01   1.122521e-18   7.363820e-03   5.492877e-22   4837184
  1.898962e+01   1.111088e-18   7.365154e-03   5.445033e-22   4809516
  1.901513e+01   1.101639e-18   7.367668e-03   5.427514e-22   4786016
  1.904066e+01   1.092487e-18   7.362936e-03   5.398840e-22   4756532
  1.906615e+01   1.082169e-18   7.355541e-03   5.361570e-22   4722672
  1.909164e+01   1.073634e-18   7.357278e-03   5.341226e-22   4695668
  1.911714e+01   1.063218e-18   7.367373e-03   5.307600e-22   4675412
  1.914266e+01   1.056301e-18   7.360950e-03   5.289698e-22   4642904
  1.916815e+01   1.045182e-18   7.361738e-03   5.245063e-22   4613208
  1.919364e+01   1.036717e-18   7.360267e-03   5.230002e-22   4585184
  1.921915e+01   1.029493e-18   7.368214e-03   5.212806e-22   4564448
  1.924468e+01   1.017742e-18   7.369038e-03   5.159276e-22   4535604
  1.927019e+01   1.010998e-18   7.360161e-03   5.154366e-22   4500320
  1.929568e+01   1.000828e-18   7.359546e-03   5.111235e-22   4473992
  1.932120e+01   9.928529e-19   7.369740e-03   5.089692e-22   4452456
  1.934671e+01   9.835989e-19   7.357914e-03   5.068249e-22   4413848
  1.937220e+01   9.758421e-19   7.362825e-03   5.043910e-22   4388180
  1.939771e+01   9.676788e-19   7.365077e-03   5.018472e-22   4362464
  1.942321e+01   9.601359e-19   7.355796e-03   5.010955e-22   4326744
  1.944872e+01   9.512795e-19   7.380752e-03   4.969030e-22   4311212
  1.947426e+01   9.443673e-19   7.366840e-03   4.963609e-22   4276172
  1.949977e+01   9.359592e-19   7.354915e-03   4.948411e-22   4241916
  1.952526e+01   9.279561e-19   7.362787e-03   4.913132e-22   4215584
  1.955075e+01   9.206364e-19   7.353834e-03   4.900299e-22   4180232
  1.957624e+01   9.131500e-19   7.362652e-03   4.876850e-22   4157928
  1.960176e+01   9.041358e-19   7.368259e-03   4.845663e-22   4130960
  1.962728e+01   8.985689e-19   7.365942e-03   4.840562e-22   4097120
  1.965278e+01   8.907591e-19   7.365192e-03   4.821449e-22   4068488
  1.967829e+01   8.821892e-19   7.360466e-03   4.786839e-22   4038360
  1.970381e+01   8.762494e-19   7.371094e-03   4.780644e-22   4012616
  1.972932e+01   8.694766e-19   7.361291e-03   4.765988e-22   3976556
  1.975481e+01   8.612339e-19   7.357987e-03   4.736781e-22   3947544
  1.978032e+01   8.550606e-19   7.362998e-03   4.731154e-22   3920432
  1.980583e+01   8.481846e-19   7.359438e-03   4.719780e-22   3885884
  1.983132e+01   8.413874e-19   7.360820e-03   4.702605e-22   3856280
  1.985682e+01   8.351772e-19   7.365713e-03   4.686653e-22   3829752
  1.988235e+01   8.294335e-19   7.371114e-03   4.672762e-22   3801356
  1.990787e+01   8.206407e-19   7.363721e-03   4.656994e-22   3765392
  1.993335e+01   8.151981e-19   7.353719e-03   4.646641e-22   3731424
  1.995886e+01   8.091258e-19   7.367192e-03   4.631678e-22   3709580
  1.998438e+01   8.040072e-19   7.361933e-03   4.632090e-22   3674216
  2.000987e+01   7.969850e-19   7.356510e-03   4.608844e-22   3639564
  2.003537e+01   7.895826e-19   7.364401e-03   4.596081e-22   3614840
  2.006090e+01   7.838209e-19   7.367408e-03   4.585262e-22   3584480
  2.008639e+01   7.776289e-19   7.353185e-03   4.587142e-22   3543536
  2.011189e+01   7.714890e-19   7.374777e-03   4.568510e-22   3524472
  2.013741e+01   7.664684e-19   7.356469e-03   4.570020e-22   3486212
  2.016292e+01   7.598881e-19   7.368358e-03   4.544152e-22   3458324
  2.018842e+01   7.528391e-19   7.359377e-03   4.538467e-22   3421488
  2.021391e+01   7.490862e-19   7.359374e-03   4.536883e-22   3392336
  2.023944e+01   7.425699e-19   7.367410e-03   4.530149e-22   3365456
  2.026495e+01   7.367010e-19   7.356390e-03   4.524639e-22   3326160
  2.029043e+01   7.309997e-19   7.362952e-03   4.522769e-22   3296720
  2.031593e+01   7.243954e-19   7.356687e-03   4.509492e-22   3263744
  2.034146e+01   7.193284e-19   7.379127e-03   4.485019e-22   3240128
  2.036697e+01   7.125170e-19   7.354400e-03   4.491715e-22   3194856
  2.039245e+01   7.070055e-19   7.363268e-03   4.483070e-22   3169232
  2.041798e+01   7.035695e-19   7.370164e-03   4.484320e-22   3141728
  2.044350e+01   6.964615e-19   7.359626e-03   4.473246e-22   3101772
  2.046897e+01   6.907485e-19   7.354183e-03   4.466304e-22   3066728
  2.049449e+01   6.855146e-19   7.376458e-03   4.456066e-22   3046004
  2.052003e+01   6.794584e-19   7.358193e-03   4.461039e-22   3004592
  2.054552e+01   6.731810e-19   7.363615e-03   4.449886e-22   2971608
  2.057101e+01   6.670614e-19   7.361977e-03   4.427936e-22   2939036
  2.059652e+01   6.625441e-19   7.370191e-03   4.443116e-22   2910536
  2.062204e+01   6.569707e-19   7.362511e-03   4.424981e-22   2873400
  2.064753e+01   6.510222e-19   7.355932e-03   4.423145e-22   2837216
  2.067303e+01   6.473987e-19   7.367558e-03   4.434597e-22   2810636
  2.069855e+01   6.406154e-19   7.359230e-03   4.427024e-22   2774580
  2.072405e+01   6.355435e-19   7.361180e-03   4.423571e-22   2739152
  2.074953e+01   6.301301e-19   7.356054e-03   4.424302e-22   2704292
  2.077505e+01   6.251943e-19   7.372093e-03   4.421264e-22   2678756
  2.080060e+01   6.181479e-19   7.372667e-03   4.397454e-22   2642748
  2.082609e+01   6.112739e-19   7.355862e-03   4.383866e-22   2600696
  2.085158e+01   6.064820e-19   7.371415e-03   4.390364e-22   2575352
  2.087712e+01   6.021074e-19   7.365344e-03   4.391331e-22   2541108
  2.090261e+01   5.949047e-19   7.347421e-03   4.378655e-22   2498504
  2.092809e+01   5.864475e-19   7.364501e-03   4.352398e-22   2469308
  2.095359e+01   5.835842e-19   7.358218e-03   4.382076e-22   2435388
  2.097910e+01   5.772873e-19   7.361621e-03   4.360246e-22   2402516
  2.100463e+01   5.694975e-19   7.372541e-03   4.331635e-22   2368496
  2.103013e+01   5.621125e-19   7.365274e-03   4.307769e-22   2330924
  2.105562e+01   5.580111e-19   7.357516e-03   4.318046e-22   2296560
  2.108114e+01   5.514468e-19   7.370522e-03   4.302244e-22   2265656
  2.110666e+01   5.438965e-19   7.364605e-03   4.260305e-22   2226968
  2.113214e+01   5.372774e-19   7.356650e-03   4.246526e-22   2191452
  2.115765e+01   5.303547e-19   7.359422e-03   4.235957e-22   2159024
  2.118315e+01   5.237775e-19   7.354652e-03   4.207019e-22   2120888
  2.120863e+01   5.145671e-19   7.360281e-03   4.152769e-22   2086840
  2.123414e+01   5.083735e-19   7.367404e-03   4.124685e-22   2053864
  2.125965e+01   5.004712e-19   7.362214e-03   4.090381e-22   2016296
  2.128517e+01   4.932018e-19   7.376346e-03   4.045351e-22   1984592
  2.131070e+01   4.843206e-19   7.366785e-03   3.990914e-22   1946748
  2.133620e+01   4.771225e-19   7.358336e-03   3.960478e-22   1909961
  2.136172e+01   4.692364e-19   7.369335e-03   3.886952e-22   1881074
  2.138723e+01   4.627062e-19   7.353272e-03   3.858033e-22   1846236
  2.141271e+01   4.555916e-19   7.353027e-03   3.814935e-22   1816016
  2.143821e+01   4.497525e-19   7.364414e-03   3.775349e-22   1789688
  2.146373e+01   4.441598e-19   7.367059e-03   3.754521e-22   1761398
  2.148924e+01   4.367368e-19   7.364203e-03   3.718527e-22   1732776
  2.151476e+01   4.333446e-19   7.378034e-03   3.697505e-22   1709114
  2.154028e+01   4.272015e-19   7.361373e-03   3.673997e-22   1678730
  2.156578e+01   4.216320e-19   7.360283e-03   3.643321e-22   1653240
  2.159128e+01   4.167802e-19   7.362665e-03   3.611764e-22   1628972
  2.161678e+01   4.126444e-19   7.354145e-03   3.604701e-22   1602134
  2.164226e+01   4.072466e-19   7.351852e-03   3.573299e-22   1577790
  2.166777e+01   4.025920e-19   7.365106e-03   3.554461e-22   1556390
  2.169328e+01   3.992148e-19   7.363741e-03   3.551573e-22   1531178
  2.171878e+01   3.932924e-19   7.367215e-03   3.506341e-22   1508624
  2.174432e+01   3.892184e-19   7.379867e-03   3.486187e-22   1488408
  2.176984e+01   3.849959e-19   7.360535e-03   3.491059e-22   1461536
  2.179533e+01   3.809671e-19   7.359978e-03   3.459553e-22   1439936
  2.182084e+01   3.765230e-19   7.368240e-03   3.436402e-22   1420236
  2.184635e+01   3.727876e-19   7.354083e-03   3.433200e-22   1395920
  2.187182e+01   3.685707e-19   7.348894e-03   3.395354e-22   1374290
  2.189733e+01   3.649529e-19   7.368260e-03   3.379672e-22   1356858
  2.192284e+01   3.605509e-19   7.353545e-03   3.377050e-22   1332536
  2.194835e+01   3.573168e-19   7.379252e-03   3.356389e-22   1316414
  2.197387e+01   3.538112e-19   7.366748e-03   3.342454e-22   1293962
  2.199937e+01   3.494865e-19   7.362470e-03   3.326355e-22   1273482
  2.202489e+01   3.470088e-19   7.375678e-03   3.315623e-22   1256762
  2.205041e+01   3.426386e-19   7.355512e-03   3.297223e-22   1234202
  2.207589e+01   3.404874e-19   7.355961e-03   3.303574e-22   1215660
  2.210140e+01   3.366292e-19   7.362722e-03   3.266058e-22   1198550
  2.212689e+01   3.329993e-19   7.345464e-03   3.271559e-22   1176740
  2.215237e+01   3.286939e-19   7.361360e-03   3.240791e-22   1160594
  2.217791e+01   3.262214e-19   7.383144e-03   3.246875e-22   1145724
  2.220344e+01   3.219983e-19   7.364325e-03   3.222967e-22   1124066
  2.222892e+01   3.200396e-19   7.360199e-03   3.223931e-22   1106036
  2.225444e+01   3.181280e-19   7.379911e-03   3.220245e-22   1092552
  2.227997e+01   3.144076e-19   7.356292e-03   3.205299e-22   1071674
  2.230546e+01   3.117046e-19   7.356182e-03   3.194440e-22   1054892
  2.233097e+01   3.091338e-19   7.362191e-03   3.187770e-22   1039716
  2.235646e+01   3.059855e-19   7.344170e-03   3.186972e-22   1020260
  2.238194e+01   3.032270e-19   7.363080e-03   3.178143e-22   1006052
  2.240746e+01   3.008598e-19   7.368590e-03   3.183574e-22   990320
  2.243298e+01   2.974794e-19   7.374664e-03   3.166346e-22   974484
  2.245849e+01   2.945869e-19   7.369296e-03   3.155945e-22   958076
  2.248401e+01   2.923154e-19   7.373538e-03   3.146321e-22   943556
  2.250952e+01   2.900587e-19   7.354611e-03   3.153178e-22   926022
  2.253501e+01   2.879590e-19   7.359085e-03   3.153695e-22   911804
  2.256052e+01   2.848066e-19   7.355702e-03   3.130720e-22   896528
  2.258600e+01   2.819775e-19   7.344635e-03   3.138650e-22   880212
  2.261149e+01   2.802096e-19   7.364479e-03   3.135792e-22   867710
  2.263701e+01   2.776498e-19   7.370589e-03   3.137412e-22   853388
  2.266252e+01   2.746200e-19   7.367301e-03   3.110920e-22   838166
  2.268805e+01   2.726185e-19   7.381192e-03   3.115287e-22   825540
  2.271357e+01   2.701756e-19   7.365295e-03   3.113210e-22   810080
  2.273908e+01   2.685641e-19   7.362407e-03   3.113591e-22   796262
  2.276457e+01   2.664560e-19   7.352413e-03   3.122223e-22   781884
  2.279007e+01   2.638556e-19   7.360578e-03   3.106812e-22   769622
  2.281556e+01   2.618338e-19   7.339853e-03   3.106107e-22   754166
  2.284103e+01   2.605579e-19   7.355328e-03   3.122775e-22   742100
  2.286654e+01   2.580897e-19   7.374452e-03   3.117659e-22   730446
  2.289209e+01   2.564295e-19   7.385778e-03   3.120418e-22   718304
  2.291762e+01   2.541074e-19   7.365776e-03   3.123315e-22   703454
  2.294311e+01   2.512376e-19   7.366068e-03   3.106102e-22   691062
  2.296863e+01   2.505905e-19   7.373610e-03   3.123421e-22   679814
  2.299415e+01   2.481795e-19   7.354244e-03   3.129481e-22   666260
  2.301963e+01   2.471320e-19   7.345385e-03   3.145306e-22   653550
  2.304511e+01   2.454775e-19   7.349203e-03   3.144491e-22   641942
  2.307060e+01   2.440660e-19   7.353105e-03   3.141196e-22   630194
  2.309610e+01   2.413543e-19   7.369121e-03   3.139588e-22   619172
  2.312162e+01   2.394625e-19   7.375923e-03   3.138933e-22   607758
  2.314716e+01   2.385509e-19   7.384041e-03   3.159755e-22   597014
  2.317270e+01   2.359518e-19   7.376712e-03   3.144190e-22   585206
  2.319820e+01   2.348246e-19   7.354974e-03   3.169214e-22   572598
  2.322367e+01   2.329134e-19   7.349032e-03   3.184715e-22   561686
  2.324917e+01   2.316692e-19   7.353239e-03   3.177567e-22   551558
  2.327468e+01   2.300499e-19   7.357285e-03   3.182551e-22   541098
  2.330014e+01   2.279202e-19   7.325793e-03   3.187571e-22   527966
  2.332562e+01   2.273231e-19   7.376852e-03   3.205623e-22   520622
  2.335117e+01   2.258954e-19   7.386148e-03   3.219376e-22   510302
  2.337672e+01   2.242315e-19   7.382565e-03   3.210887e-22   499614
  2.340224e+01   2.234561e-19   7.375292e-03   3.240220e-22   489302
  2.342778e+01   2.219431e-19   7.375236e-03   3.254751e-22   479678
  2.345329e+01   2.197782e-19   7.352971e-03   3.262814e-22   468666
  2.347875e+01   2.189752e-19   7.329761e-03   3.268811e-22   457910
  2.350421e+01   2.173747e-19   7.344495e-03   3.279341e-22   449510
  2.352971e+01   2.163369e-19   7.353075e-03   3.307143e-22   440310
  2.355521e+01   2.149256e-19   7.364334e-03   3.323053e-22   430934
  2.358073e+01   2.129028e-19   7.379513e-03   3.314395e-22   422024
  2.360625e+01   2.121124e-19   7.381391e-03   3.338844e-22   412886
  2.363179e+01   2.120091e-19   7.386646e-03   3.377216e-22   404310
  2.365734e+01   2.102695e-19   7.381267e-03   3.385287e-22   395438
  2.368286e+01   2.081563e-19   7.347485e-03   3.386568e-22   385298
  2.370833e+01   2.074595e-19   7.341789e-03   3.408573e-22   376776
  2.373377e+01   2.057434e-19   7.320960e-03   3.438033e-22   367430
  2.375924e+01   2.046356e-19   7.349948e-03   3.428504e-22   360302
  2.378474e+01   2.050888e-19   7.357710e-03   3.489819e-22   351830
  2.381028e+01   2.036703e-19   7.399637e-03   3.505432e-22   345024
  2.383584e+01   2.021435e-19   7.384100e-03   3.507617e-22   335918
  2.386136e+01   2.011063e-19   7.381599e-03   3.532936e-22   327878
  2.388688e+01   2.006181e-19   7.378710e-03   3.562886e-22   320250
  2.391241e+01   1.996934e-19   7.361769e-03   3.595522e-22   312296
  2.393791e+01   1.982274e-19   7.334340e-03   3.619637e-22   303926
  2.396337e+01   1.963654e-19   7.333206e-03   3.643309e-22   296502
  2.398881e+01   1.972976e-19   7.315382e-03   3.691749e-22   288248
  2.401426e+01   1.956497e-19   7.359470e-03   3.720434e-22   282206
  2.403980e+01   1.955857e-19   7.394961e-03   3.744538e-22   275822
  2.406537e+01   1.947667e-19   7.399099e-03   3.777665e-22   268560
  2.409092e+01   1.935248e-19   7.390828e-03   3.818115e-22   261206
  2.411646e+01   1.935994e-19   7.386125e-03   3.864834e-22   254360
  2.414200e+01   1.918818e-19   7.370012e-03   3.882354e-22   247506
  2.416750e+01   1.911824e-19   7.331579e-03   3.910844e-22   240086
  2.419295e+01   1.902997e-19   7.312198e-03   3.970598e-22   233168
  2.421838e+01   1.898650e-19   7.318970e-03   4.021009e-22   226806
  2.424380e+01   1.890675e-19   7.330089e-03   4.054128e-22   220280
  2.426931e+01   1.875856e-19   7.407244e-03   4.066470e-22   215702
  2.429491e+01   1.864654e-19   7.413551e-03   4.093169e-22   209408
  2.432046e+01   1.864142e-19   7.383828e-03   4.142486e-22   202518
  2.434601e+01   1.851755e-19   7.402521e-03   4.183047e-22   197222
  2.437157e+01   1.854915e-19   7.373169e-03   4.240862e-22   190880
  2.439709e+01   1.843902e-19   7.342463e-03   4.295607e-22   184794
  2.442253e+01   1.839535e-19   7.292030e-03   4.387602e-22   178328
  2.444792e+01   1.828961e-19   7.290434e-03   4.393288e-22   172838
  2.447328e+01   1.821799e-19   7.291834e-03   4.452978e-22   167016
  2.449879e+01   1.822933e-19   7.431836e-03   4.507373e-22   163976
  2.452446e+01   1.811220e-19   7.449486e-03   4.551793e-22   158486
  2.455006e+01   1.818041e-19   7.404019e-03   4.646627e-22   152384
  2.457560e+01   1.811797e-19   7.394682e-03   4.732170e-22   147462
  2.460114e+01   1.802445e-19   7.357903e-03   4.770655e-22   142112
  2.462663e+01   1.790355e-19   7.336378e-03   4.820700e-22   137102
  2.465211e+01   1.779728e-19   7.316252e-03   4.893308e-22   132144
  2.467752e+01   1.777448e-19   7.283118e-03   4.977344e-22   127010
  2.470284e+01   1.780935e-19   7.253132e-03   5.079229e-22   121832
  2.472829e+01   1.780580e-19   7.397873e-03   5.138785e-22   119096
  2.475392e+01   1.778051e-19   7.444805e-03   5.254771e-22   114702
  2.477956e+01   1.774941e-19   7.462789e-03   5.358002e-22   110312
  2.480517e+01   1.776462e-19   7.434308e-03   5.449066e-22   105734
  2.483076e+01   1.764766e-19   7.397566e-03   5.530737e-22   101544
  2.485627e+01   1.760537e-19   7.301752e-03   5.672590e-22   96824
  2.488168e+01   1.749492e-19   7.246997e-03   5.757614e-22   92582
  2.490698e+01   1.766957e-19   7.204423e-03   5.931497e-22   88248
  2.493224e+01   1.756440e-19   7.257535e-03   6.037504e-22   84728
  2.495776e+01   1.759482e-19   7.453949e-03   6.144737e-22   82454
  2.498353e+01   1.741421e-19   7.531963e-03   6.143601e-22   79076
  2.500921e+01   1.751454e-19   7.439378e-03   6.415568e-22   74568
  2.503475e+01   1.743648e-19   7.405401e-03   6.477441e-22   71054
  2.506026e+01   1.760438e-19   7.359057e-03   6.755851e-22   67544
  2.508578e+01   1.752731e-19   7.350851e-03   6.843078e-22   64440
  2.511127e+01   1.756677e-19   7.285050e-03   7.074838e-22   60902
  2.513667e+01   1.755063e-19   7.239842e-03   7.252076e-22   57656
  2.516188e+01   1.740647e-19   7.131070e-03   7.463620e-22   53976
  2.518711e+01   1.754562e-19   7.280183e-03   7.650906e-22   51806
  2.521267e+01   1.748135e-19   7.484844e-03   7.801254e-22   49688
  2.523842e+01   1.726500e-19   7.555911e-03   7.938075e-22   46856
  2.526422e+01   1.746962e-19   7.597859e-03   8.333918e-22   44256
  2.529008e+01   1.729022e-19   7.559996e-03   8.391224e-22   41654
  2.531583e+01   1.743209e-19   7.348482e-03   8.910686e-22   38612
  2.534123e+01   1.720470e-19   7.062272e-03   9.213629e-22   35496
  2.536623e+01   1.744890e-19   6.874760e-03   9.717738e-22   32768
  2.539091e+01   1.739367e-19   6.774850e-03   9.999283e-22   30254
  2.541583e+01   1.745429e-19   7.146931e-03   1.013410e-21   29024
  2.544166e+01   1.746725e-19   7.771822e-03   1.035643e-21   28176
  2.546816e+01   1.731786e-19   8.033691e-03   1.084450e-21   26336
  2.549464e+01   1.731744e-19   7.802484e-03   1.116983e-21   23822
  2.552058e+01   1.757796e-19   7.252601e-03   1.215647e-21   21096
  2.554587e+01   1.744194e-19   6.879531e-03   1.261503e-21   19016
  2.557068e+01   1.749662e-19   6.569579e-03   1.332098e-21   17024
  2.559507e+01   1.755869e-19   6.425255e-03   1.418326e-21   15360
  2.561919e+01   1.766060e-19   6.295402e-03   1.495383e-21   13814
  2.564393e+01   1.776168e-19   6.997366e-03   1.556827e-21   13112
  2.567113e+01   1.714717e-19   8.707019e-03   1.480497e-21   13520
  2.569910e+01   1.768882e-19   8.295570e-03   1.644520e-21   11124
  2.572577e+01   1.744156e-19   7.121835e-03   1.852279e-21   9080
  2.575089e+01   1.772472e-19   6.225623e-03   2.084588e-21   7526
  2.577504e+01   1.775637e-19   6.069238e-03   2.142364e-21   6504
  2.579905e+01   1.773062e-19   6.054644e-03   2.407062e-21   5624
  2.582307e+01   1.757618e-19   6.043297e-03   2.582743e-21   4808
  2.584710e+01   1.780751e-19   6.034656e-03   2.820373e-21   4056
  2.587276e+01   1.764358e-19   7.717166e-03   2.746916e-21   3704
  2.590170e+01   1.767370e-19   9.550888e-03   2.874374e-21   3560
  2.593119e+01   1.791246e-19   6.077834e-03   4.039668e-21   1934
  2.595529e+01   1.802159e-19   6.014157e-03   4.726205e-21   1464
  2.597932e+01   1.781699e-19   6.009183e-03   5.340355e-21   1064
  2.600334e+01   1.772653e-19   6.000632e-03   6.852617e-21   728
  2.602731e+01   1.805411e-19   5.983389e-03   8.345272e-21   456
  2.605118e+01   1.981983e-19   5.942607e-03   1.345236e-20   248
  2.607479e+01   1.333041e-19   5.817994e-03   1.471460e-20   104
  2.609756e+01   2.037698e-19   5.233565e-03   3.003386e-20   24
