# power spectrum of delta
# redshift z=100.000000
# k              Pk             sigma(k)       sigma(Pk)      count
  2.094395e-02   1.064873e-06   0.000000e+00   4.639394e-07   6
  2.961922e-02   1.684885e-06   0.000000e+00   3.634646e-07   12
  3.627599e-02   2.145297e-06   3.973643e-10   4.721698e-07   8
  4.188790e-02   1.031770e-05   0.000000e+00   1.200037e-06   6
  4.683210e-02   9.676126e-06   0.000000e+00   3.333403e-06   24
  5.130199e-02   1.792081e-05   7.492773e-10   3.263914e-06   24
  5.923844e-02   1.233435e-05   0.000000e+00   5.996417e-06   12
  6.283185e-02   1.720892e-05   8.477105e-10   3.419415e-06   30
  6.623059e-02   2.531516e-05   0.000000e+00   6.027173e-06   24
  6.946323e-02   2.664054e-05   1.297786e-09   7.136339e-06   24
  7.255197e-02   3.525333e-05   7.947286e-10   7.706666e-06   8
  7.551449e-02   3.330340e-05   1.059638e-09   4.473466e-06   24
  7.836509e-02   3.449777e-05   0.000000e+00   5.237978e-06   48
  8.377580e-02   4.788600e-05   0.000000e+00   2.276281e-05   6
  8.635412e-02   4.106602e-05   1.498555e-09   6.232606e-06   48
  8.885766e-02   4.057537e-05   0.000000e+00   4.562005e-06   36
  9.129257e-02   6.199808e-05   1.059638e-09   1.400200e-05   24
  9.366420e-02   3.849074e-05   0.000000e+00   7.145859e-06   24
  9.597724e-02   3.642767e-05   0.000000e+00   5.342763e-06   48
  9.823584e-02   5.967011e-05   1.498555e-09   9.161997e-06   24
  1.026040e-01   5.320007e-05   1.498555e-09   9.018434e-06   24
  1.047198e-01   3.834058e-05   0.000000e+00   6.778016e-06   30
  1.067936e-01   4.341474e-05   0.000000e+00   5.174226e-06   72
  1.088280e-01   4.474163e-05   1.589457e-09   9.856198e-06   32
  1.127866e-01   6.713471e-05   0.000000e+00   8.403266e-06   72
  1.147147e-01   4.321513e-05   0.000000e+00   6.825193e-06   48
  1.184769e-01   2.569028e-05   0.000000e+00   8.244732e-06   12
  1.203138e-01   5.369353e-05   0.000000e+00   8.675563e-06   48
  1.221232e-01   4.998738e-05   0.000000e+00   5.347543e-06   48
  1.239061e-01   6.957745e-05   1.498555e-09   9.487116e-06   48
  1.256637e-01   8.797254e-05   1.695421e-09   1.663710e-05   30
  1.273971e-01   8.131151e-05   1.498555e-09   1.977887e-05   24
  1.291072e-01   8.789015e-05   3.159231e-09   9.542128e-06   72
  1.324612e-01   5.604618e-05   0.000000e+00   1.150430e-05   24
  1.341067e-01   8.926218e-05   0.000000e+00   9.530722e-06   96
  1.357323e-01   7.122551e-05   0.000000e+00   1.023173e-05   48
  1.373387e-01   6.151969e-05   2.595573e-09   1.624548e-05   24
  1.389265e-01   4.568421e-05   2.595573e-09   1.015008e-05   24
  1.404963e-01   1.129632e-04   0.000000e+00   1.484106e-05   72
  1.420488e-01   8.676052e-05   0.000000e+00   1.439674e-05   48
  1.451039e-01   7.932840e-05   1.589457e-09   2.542749e-05   8
  1.466077e-01   1.189859e-04   1.883801e-09   1.534666e-05   54
  1.480961e-01   8.199093e-05   0.000000e+00   1.542325e-05   84
  1.495697e-01   9.218328e-05   0.000000e+00   1.428056e-05   48
  1.510290e-01   5.840853e-05   2.119276e-09   1.120346e-05   24
  1.524743e-01   7.901002e-05   1.998073e-09   1.008792e-05   72
  1.539060e-01   1.060213e-04   0.000000e+00   1.304365e-05   96
  1.567302e-01   1.496026e-04   0.000000e+00   1.756918e-05   48
  1.581234e-01   8.354304e-05   0.000000e+00   8.470471e-06   48
  1.595044e-01   7.371434e-05   2.119276e-09   1.548450e-05   24
  1.608735e-01   8.539264e-05   0.000000e+00   9.922990e-06   72
  1.635775e-01   9.229768e-05   1.998073e-09   1.177406e-05   72
  1.649128e-01   9.149419e-05   0.000000e+00   1.124058e-05   96
  1.675516e-01   1.304686e-04   0.000000e+00   6.208204e-05   6
  1.688555e-01   1.097698e-04   0.000000e+00   1.147969e-05   96
  1.701495e-01   1.151468e-04   2.119276e-09   1.327999e-05   96
  1.714336e-01   7.835151e-05   0.000000e+00   2.008959e-05   24
  1.727082e-01   8.934512e-05   2.997109e-09   1.196398e-05   48
  1.739735e-01   9.186629e-05   0.000000e+00   1.002899e-05   96
  1.752297e-01   1.095098e-04   0.000000e+00   1.591246e-05   48
  1.777153e-01   1.008129e-04   0.000000e+00   2.024064e-05   36
  1.789452e-01   1.034501e-04   3.670694e-09   1.408589e-05   48
  1.801667e-01   1.168392e-04   4.152916e-09   1.128764e-05   120
  1.813799e-01   1.071215e-04   0.000000e+00   1.526117e-05   56
  1.825851e-01   6.118479e-05   2.119276e-09   1.156529e-05   24
  1.837824e-01   9.017486e-05   0.000000e+00   8.633480e-06   96
  1.849720e-01   9.762980e-05   0.000000e+00   1.352374e-05   48
  1.873284e-01   1.228410e-04   0.000000e+00   2.453574e-05   24
  1.884956e-01   1.361213e-04   0.000000e+00   1.469293e-05   102
  1.896555e-01   1.426580e-04   0.000000e+00   2.324370e-05   48
  1.908085e-01   1.331762e-04   0.000000e+00   1.425551e-05   72
  1.919545e-01   1.234305e-04   0.000000e+00   1.341264e-05   48
  1.930937e-01   1.341664e-04   0.000000e+00   2.684687e-05   48
  1.942262e-01   1.165752e-04   4.795375e-09   1.105898e-05   120
  1.964717e-01   1.900192e-04   2.997109e-09   3.392847e-05   24
  1.975848e-01   1.114171e-04   2.825702e-09   1.008735e-05   144
  1.986918e-01   1.159155e-04   3.390842e-09   1.202750e-05   120
  1.997926e-01   9.128323e-05   2.997109e-09   1.384921e-05   48
  2.019761e-01   1.406315e-04   2.997109e-09   2.021820e-05   48
  2.030591e-01   1.156086e-04   2.997109e-09   1.292838e-05   96
  2.059187e-01   1.576165e-04   5.025279e-04   2.075374e-05   72
  2.073345e-01   1.177703e-04   3.767602e-09   9.691321e-06   108
  2.083897e-01   1.408536e-04   0.000000e+00   1.613921e-05   72
  2.094395e-01   8.591137e-05   0.000000e+00   1.730720e-05   30
  2.104841e-01   1.463641e-04   0.000000e+00   1.248822e-05   168
  2.115235e-01   1.456389e-04   0.000000e+00   1.715097e-05   48
  2.135872e-01   1.019262e-04   0.000000e+00   1.285446e-05   72
  2.146116e-01   1.345962e-04   0.000000e+00   1.402922e-05   96
  2.156312e-01   1.331182e-04   5.651403e-09   2.200943e-05   72
  2.166459e-01   1.575380e-04   0.000000e+00   1.793911e-05   72
  2.183519e-01   1.431754e-04   4.640051e-04   1.132571e-05   104
  2.196620e-01   1.376276e-04   3.996146e-09   1.079655e-05   144
  2.226373e-01   9.818595e-05   6.701740e-09   9.944901e-06   96
  2.236202e-01   1.095366e-04   0.000000e+00   1.216690e-05   96
  2.251835e-01   1.508469e-04   4.773581e-04   1.501986e-05   120
  2.265435e-01   1.270293e-04   0.000000e+00   1.238168e-05   120
  2.275095e-01   1.541210e-04   0.000000e+00   1.800727e-05   72
  2.294295e-01   1.558002e-04   0.000000e+00   2.224512e-05   48
  2.303835e-01   1.686009e-04   4.517777e-09   2.072829e-05   78
  2.316038e-01   1.764661e-04   4.274285e-04   1.499245e-05   168
  2.341605e-01   1.669838e-04   3.996146e-09   1.546959e-05   144
  2.350953e-01   1.741912e-04   3.996146e-09   1.338556e-05   144
  2.378065e-01   1.617247e-04   2.461643e-04   1.482630e-05   156
  2.387978e-01   1.188665e-04   5.191145e-09   2.396286e-05   48
  2.397145e-01   1.492714e-04   3.390842e-09   1.570624e-05   120
  2.406277e-01   1.085676e-04   0.000000e+00   1.230472e-05   48
  2.422424e-01   1.640677e-04   3.767994e-04   1.197975e-05   216
  2.442463e-01   1.484362e-04   0.000000e+00   1.965502e-05   48
  2.451427e-01   1.382643e-04   2.997109e-09   1.301359e-05   96
  2.464171e-01   1.603778e-04   4.403490e-04   1.511935e-05   168
  2.478122e-01   1.303970e-04   2.997109e-09   2.002779e-05   48
  2.486956e-01   1.736412e-04   0.000000e+00   1.863221e-05   96
  2.495760e-01   1.704433e-04   0.000000e+00   3.322175e-05   48
  2.513274e-01   2.008816e-04   3.390842e-09   2.155607e-05   30
  2.521986e-01   1.288580e-04   2.997109e-09   1.124246e-05   96
  2.532398e-01   1.601995e-04   3.460752e-04   1.173643e-05   240
  2.545786e-01   2.241909e-04   3.733652e-04   3.336737e-05   32
  2.556535e-01   1.286403e-04   0.000000e+00   1.016990e-05   168
  2.565100e-01   1.536935e-04   0.000000e+00   1.620492e-05   120
  2.582144e-01   1.239158e-04   6.318461e-09   1.493759e-05   72
  2.590624e-01   2.044589e-04   3.996146e-09   2.010005e-05   144
  2.599076e-01   1.476635e-04   0.000000e+00   1.618015e-05   96
  2.607501e-01   1.973124e-04   0.000000e+00   1.692172e-05   96
  2.624270e-01   1.951869e-04   4.894259e-09   2.544723e-05   72
  2.632614e-01   1.652509e-04   4.238553e-09   1.724109e-05   96
  2.649224e-01   1.625444e-04   0.000000e+00   3.230801e-05   24
  2.657489e-01   1.906344e-04   0.000000e+00   1.507566e-05   192
  2.667223e-01   1.818755e-04   3.168444e-04   1.440132e-05   132
  2.682134e-01   1.964948e-04   0.000000e+00   1.891680e-05   96
  2.690299e-01   1.448342e-04   0.000000e+00   1.563284e-05   96
  2.698439e-01   1.920176e-04   3.390842e-09   1.739924e-05   120
  2.714646e-01   2.047942e-04   0.000000e+00   2.995695e-05   48
  2.727931e-01   1.332647e-04   3.839899e-04   9.320230e-06   222
  2.738777e-01   1.748576e-04   0.000000e+00   1.764856e-05   120
  2.746773e-01   1.963085e-04   5.191145e-09   4.251121e-05   24
  2.758416e-01   2.074468e-04   3.963334e-04   1.180230e-05   312
  2.783784e-01   2.327317e-04   3.715784e-04   2.775504e-05   72
  2.794272e-01   1.639149e-04   2.997109e-09   2.350390e-05   96
  2.805041e-01   2.000831e-04   3.784012e-04   1.625414e-05   192
  2.817720e-01   1.901438e-04   4.795375e-09   2.067995e-05   120
  2.825493e-01   1.895712e-04   0.000000e+00   2.078992e-05   144
  2.840976e-01   1.716696e-04   0.000000e+00   2.636072e-05   48
  2.851981e-01   1.711700e-04   3.804956e-04   1.073065e-05   336
  2.864042e-01   1.951916e-04   0.000000e+00   2.827532e-05   48
  2.879317e-01   1.790816e-04   0.000000e+00   1.679835e-05   192
  2.886924e-01   1.944061e-04   0.000000e+00   2.524549e-05   48
  2.908548e-01   1.971625e-04   2.641139e-04   2.551480e-05   56
  2.919300e-01   1.938966e-04   3.392119e-04   1.149241e-05   336
  2.932153e-01   1.937569e-04   3.767602e-09   2.971519e-05   54
  2.943349e-01   1.787499e-04   3.725765e-04   1.174455e-05   240
  2.966593e-01   1.832395e-04   3.567449e-04   1.460333e-05   228
  2.976695e-01   2.207558e-04   3.996146e-09   3.017690e-05   72
  2.986501e-01   2.192430e-04   3.460513e-04   1.740560e-05   144
  2.998717e-01   1.803673e-04   0.000000e+00   1.888244e-05   96
  3.006022e-01   1.878924e-04   4.795375e-09   1.263435e-05   240
  3.020580e-01   1.708550e-04   4.238553e-09   3.469764e-05   24
  3.029899e-01   2.040904e-04   3.268428e-04   1.298434e-05   336
  3.042285e-01   1.941885e-04   0.000000e+00   2.427760e-05   72
  3.053590e-01   2.336111e-04   3.555020e-04   1.804809e-05   168
  3.063836e-01   1.546116e-04   0.000000e+00   1.482201e-05   72
  3.078120e-01   2.424621e-04   0.000000e+00   2.390677e-05   96
  3.089181e-01   2.103615e-04   3.528351e-04   1.595885e-05   216
  3.099422e-01   1.597670e-04   4.238553e-09   1.275696e-05   96
  3.113542e-01   1.972125e-04   0.000000e+00   1.423082e-05   192
  3.120578e-01   1.941801e-04   3.996146e-09   1.618192e-05   144
  3.134604e-01   2.081369e-04   0.000000e+00   2.865918e-05   48
  3.144314e-01   2.179240e-04   3.401745e-04   1.582749e-05   246
  3.157508e-01   2.704321e-04   3.136463e-04   2.228414e-05   168
  3.169395e-01   2.133614e-04   5.873111e-09   2.287693e-05   120
  3.176307e-01   1.796431e-04   0.000000e+00   1.313200e-05   240
  3.190088e-01   1.293994e-04   4.238553e-09   2.831752e-05   24
  3.201067e-01   2.096943e-04   3.357307e-04   1.397365e-05   360
  3.214741e-01   1.976091e-04   3.343020e-04   1.584005e-05   120
  3.224280e-01   2.348083e-04   0.000000e+00   2.014713e-05   144
  3.231075e-01   2.315746e-04   0.000000e+00   2.170452e-05   96
  3.251376e-01   2.254123e-04   0.000000e+00   1.928606e-05   144
  3.258114e-01   2.437696e-04   0.000000e+00   2.224335e-05   132
  3.267584e-01   2.228559e-04   3.299511e-04   1.741519e-05   176
  3.281332e-01   2.231835e-04   3.331842e-04   1.213012e-05   312
  3.298257e-01   3.186570e-04   0.000000e+00   5.168408e-05   96
  3.304900e-01   2.171157e-04   0.000000e+00   2.023822e-05   144
  3.315092e-01   2.297366e-04   3.298422e-04   1.368066e-05   312
  3.331339e-01   2.749653e-04   0.000000e+00   2.918725e-05   48
  3.337917e-01   2.057139e-04   4.238553e-09   1.643555e-05   192
  3.351032e-01   6.900382e-05   0.000000e+00   2.315062e-05   6
  3.359746e-01   2.007184e-04   3.076337e-04   1.177476e-05   288
  3.373860e-01   1.961042e-04   3.250350e-04   1.492942e-05   192
  3.383599e-01   1.889439e-04   7.535204e-09   1.297300e-05   216
  3.390075e-01   2.386170e-04   0.000000e+00   3.457432e-05   72
  3.406209e-01   1.978648e-04   3.219482e-04   1.647124e-05   192
  3.416924e-01   2.607334e-04   2.390639e-04   1.647843e-05   288
  3.428673e-01   2.260914e-04   0.000000e+00   4.685259e-05   24
  3.437749e-01   2.447485e-04   3.149468e-04   1.134822e-05   456
  3.454165e-01   1.591658e-04   0.000000e+00   2.492144e-05   48
  3.464308e-01   2.277824e-04   3.102100e-04   1.780218e-05   240
  3.475965e-01   2.582788e-04   3.135021e-04   1.768420e-05   216
  3.485768e-01   2.051132e-04   0.000000e+00   2.695879e-05   72
  3.492054e-01   2.138609e-04   1.083165e-08   1.802987e-05   168
  3.509804e-01   2.526379e-04   2.330216e-04   1.630828e-05   288
  3.519758e-01   2.487485e-04   3.083274e-04   1.820050e-05   168
  3.535746e-01   2.861421e-04   0.000000e+00   2.119145e-05   192
  3.541944e-01   2.304772e-04   3.996146e-09   1.742506e-05   144
  3.554306e-01   2.865426e-04   0.000000e+00   3.790445e-05   36
  3.564791e-01   1.957902e-04   2.815685e-04   1.067716e-05   342
  3.574815e-01   2.338116e-04   2.891367e-04   1.893781e-05   144
  3.587701e-01   2.255078e-04   3.032320e-04   1.237587e-05   384
  3.603334e-01   2.688286e-04   8.305833e-09   2.623675e-05   120
  3.611071e-01   2.720347e-04   2.703947e-04   1.794810e-05   264
  3.621548e-01   2.349566e-04   1.340348e-08   1.827075e-05   192
  3.631414e-01   2.609162e-04   2.914020e-04   2.133325e-05   152
  3.639671e-01   2.399767e-04   3.996146e-09   2.311488e-05   144
  3.657037e-01   2.036875e-04   1.885982e-04   1.578037e-05   216
  3.665075e-01   2.650112e-04   2.520176e-04   1.543234e-05   312
  3.679226e-01   2.309673e-04   2.920833e-04   1.371835e-05   240
  3.687563e-01   2.821651e-04   4.238553e-09   3.093333e-05   96
  3.703389e-01   2.591646e-04   2.792528e-04   2.212439e-05   144
  3.713142e-01   2.494460e-04   2.744809e-04   1.280566e-05   456
  3.728964e-01   2.019380e-04   0.000000e+00   1.402340e-05   120
  3.734841e-01   2.225121e-04   0.000000e+00   2.192957e-05   144
  3.746568e-01   1.679452e-04   0.000000e+00   2.947503e-05   24
  3.754086e-01   2.614336e-04   2.638397e-04   1.405366e-05   336
  3.767088e-01   2.478025e-04   2.909793e-04   2.071367e-05   198
  3.779272e-01   2.468670e-04   2.829607e-04   1.382352e-05   432
  3.793111e-01   2.590813e-04   0.000000e+00   2.824124e-05   48
  3.800331e-01   2.919059e-04   2.498053e-04   1.608137e-05   384
  3.813294e-01   2.830034e-04   2.875789e-04   2.465246e-05   144
  3.825040e-01   2.789687e-04   2.855280e-04   1.726789e-05   264
  3.839090e-01   2.277150e-04   4.238553e-09   2.330332e-05   48
  3.848516e-01   2.661884e-04   2.714905e-04   1.712230e-05   276
  3.857611e-01   2.389612e-04   2.460988e-04   2.096452e-05   192
  3.869766e-01   2.549153e-04   2.765609e-04   1.138758e-05   552
  3.884524e-01   1.808890e-04   4.795375e-09   1.687522e-05   120
  3.893296e-01   2.858492e-04   2.799479e-04   2.042840e-05   216
  3.901426e-01   2.531567e-04   6.781684e-09   2.118160e-05   120
  3.915948e-01   2.955695e-04   2.756800e-04   1.605382e-05   408
  3.929434e-01   2.729372e-04   5.994218e-09   3.827004e-05   24
  3.937796e-01   2.438234e-04   2.784864e-04   1.468462e-05   384
  3.949475e-01   2.448553e-04   2.720912e-04   1.785818e-05   240
  3.959617e-01   2.403537e-04   2.740837e-04   1.741718e-05   168
  3.973835e-01   2.168037e-04   0.000000e+00   2.236093e-05   120
  3.983001e-01   2.660964e-04   2.857179e-04   1.437300e-05   350
  3.997906e-01   2.657150e-04   4.703469e-04   1.482603e-05   384
  4.006814e-01   2.884004e-04   0.000000e+00   2.761566e-05   144
  4.023202e-01   2.325009e-04   0.000000e+00   1.438657e-05   288
  4.031758e-01   2.426412e-04   2.692323e-04   1.239780e-05   336
  4.043399e-01   2.966930e-04   2.451137e-04   2.317139e-05   168
  4.050367e-01   2.640197e-04   1.083165e-08   1.669503e-05   336
  4.064781e-01   2.394948e-04   2.544134e-04   1.551622e-05   288
  4.073437e-01   2.446278e-04   2.397224e-04   1.591036e-05   264
  4.088096e-01   2.697106e-04   0.000000e+00   1.778834e-05   240
  4.093458e-01   2.659465e-04   5.994218e-09   2.355827e-05   96
  4.112700e-01   2.920390e-04   3.260064e-04   1.578362e-05   360
  4.121680e-01   2.853478e-04   2.403227e-04   2.561966e-05   168
  4.133027e-01   2.813680e-04   2.619767e-04   1.317250e-05   456
  4.146691e-01   2.607779e-04   5.328194e-09   2.496508e-05   108
  4.154376e-01   2.751904e-04   2.628599e-04   2.083608e-05   264
  4.163964e-01   2.595094e-04   2.345138e-04   1.762343e-05   264
  4.177093e-01   2.983304e-04   2.212980e-04   1.917358e-05   312
  4.193442e-01   2.947656e-04   1.644485e-04   1.992522e-05   270
  4.200293e-01   2.717203e-04   2.087881e-04   1.979960e-05   240
  4.212611e-01   2.790440e-04   2.582972e-04   1.443701e-05   384
  4.220089e-01   2.425485e-04   5.994218e-09   1.715488e-05   192
  4.234616e-01   2.962363e-04   2.072491e-04   2.230845e-05   240
  4.243042e-01   2.789444e-04   2.557789e-04   1.590220e-05   336
  4.258889e-01   2.928920e-04   2.574903e-04   1.381324e-05   480
  4.271745e-01   2.943819e-04   9.788518e-09   3.621729e-05   72
  4.278926e-01   3.030228e-04   2.510765e-04   2.020728e-05   240
  4.288693e-01   2.711369e-04   2.359775e-04   1.667315e-05   312
  4.299890e-01   2.618111e-04   2.550351e-04   1.926890e-05   240
  4.316809e-01   2.886354e-04   1.937606e-04   1.490256e-05   408
  4.323507e-01   2.723374e-04   1.774381e-04   1.656746e-05   336
  4.336597e-01   2.905013e-04   2.253026e-04   2.195168e-05   264
  4.343030e-01   3.530482e-04   0.000000e+00   3.097675e-05   144
  4.360928e-01   2.912841e-04   3.122828e-04   1.468683e-05   464
  4.370358e-01   2.268141e-04   2.483289e-04   1.720650e-05   168
  4.379668e-01   3.650794e-04   2.261734e-04   2.048564e-05   336
  4.396494e-01   2.856222e-04   2.376394e-04   1.540394e-05   414
  4.405979e-01   3.225767e-04   2.473686e-04   2.166740e-05   216
  4.418131e-01   2.898904e-04   5.994218e-09   3.115563e-05   96
  4.423093e-01   2.875311e-04   1.340348e-08   1.379551e-05   384
  4.440474e-01   3.093914e-04   2.468906e-04   1.621435e-05   492
  4.449788e-01   2.441373e-04   2.414379e-04   1.577849e-05   240
  4.460316e-01   2.496295e-04   2.451440e-04   1.505345e-05   312
  4.474855e-01   3.094313e-04   2.450633e-04   2.541590e-05   192
  4.484064e-01   3.061813e-04   2.374960e-04   1.477306e-05   504
  4.496283e-01   2.960675e-04   1.572264e-04   1.593088e-05   408
  4.505903e-01   3.405569e-04   4.816826e-04   2.810934e-05   168
  4.517942e-01   2.736421e-04   2.288035e-04   1.865943e-05   288
  4.528044e-01   2.835910e-04   2.387760e-04   2.012035e-05   288
  4.538392e-01   3.120260e-04   2.401504e-04   1.604138e-05   432
  4.553403e-01   3.305570e-04   2.271023e-04   2.337344e-05   216
  4.561423e-01   3.081356e-04   2.266232e-04   1.549905e-05   360
  4.575702e-01   3.307448e-04   2.211821e-04   1.970860e-05   312
  4.588590e-01   3.534162e-04   0.000000e+00   6.006444e-05   48
  4.596018e-01   3.064392e-04   2.371390e-04   1.605792e-05   432
  4.609323e-01   2.906460e-04   3.955503e-04   1.431772e-05   414
  4.617179e-01   2.967694e-04   0.000000e+00   1.743550e-05   312
  4.631837e-01   3.267505e-04   3.470734e-04   1.461742e-05   528
  4.641728e-01   3.270658e-04   1.821841e-04   2.169406e-05   264
  4.653612e-01   2.985951e-04   2.160204e-04   1.564985e-05   480
  4.669139e-01   3.111303e-04   0.000000e+00   1.751849e-05   288
  4.675844e-01   3.241012e-04   2.321072e-04   2.819939e-05   168
  4.688112e-01   3.186625e-04   3.674251e-04   1.414872e-05   504
  4.701905e-01   3.465983e-04   5.651403e-09   2.645449e-05   144
  4.710583e-01   3.029835e-04   2.359750e-04   1.471858e-05   464
  4.723622e-01   2.752750e-04   3.463066e-04   1.360784e-05   432
  4.729810e-01   3.611027e-04   0.000000e+00   2.662760e-05   192
  4.745801e-01   2.957683e-04   2.567288e-04   1.388014e-05   396
  4.755245e-01   3.180577e-04   2.306133e-04   2.009215e-05   288
  4.764789e-01   3.244108e-04   2.278065e-04   1.871692e-05   336
  4.780036e-01   3.043996e-04   1.442516e-04   1.399440e-05   432
  4.789711e-01   3.281102e-04   3.738801e-04   1.709559e-05   360
  4.800575e-01   3.260781e-04   2.211556e-04   1.647419e-05   384
  4.816004e-01   2.757492e-04   1.952123e-04   2.233988e-05   198
  4.823439e-01   3.211627e-04   2.218929e-04   1.300476e-05   552
  4.837301e-01   2.670383e-04   3.106349e-04   1.498562e-05   432
  4.848875e-01   3.518259e-04   6.850535e-09   2.798921e-05   168
  4.858589e-01   3.265202e-04   3.850736e-04   1.544057e-05   480
  4.871439e-01   2.460594e-04   6.781684e-09   2.372782e-05   120
  4.877223e-01   3.030752e-04   3.145115e-04   1.932547e-05   336
  4.891336e-01   3.329986e-04   2.218829e-04   1.235030e-05   672
  4.905292e-01   3.310483e-04   3.227590e-04   1.580812e-05   528
  4.911792e-01   3.152468e-04   0.000000e+00   2.113672e-05   168
  4.926809e-01   3.287764e-04   3.600355e-04   1.519552e-05   456
  4.935972e-01   3.656924e-04   2.198767e-04   3.496979e-05   168
  4.945484e-01   3.368255e-04   2.194819e-04   1.730959e-05   504
  4.961297e-01   3.222978e-04   2.824396e-04   1.887772e-05   336
  4.970859e-01   3.646291e-04   2.036055e-04   2.124922e-05   312
  4.981466e-01   3.456528e-04   1.989364e-04   1.607533e-05   504
  4.995424e-01   3.317930e-04   1.380276e-04   1.490886e-05   432
  5.001986e-01   3.033032e-04   2.132983e-04   1.840636e-05   312
  5.015628e-01   3.197041e-04   2.186412e-04   1.547289e-05   384
  5.029871e-01   3.662486e-04   1.857611e-04   3.568646e-05   126
  5.038665e-01   3.365778e-04   3.261522e-04   1.763745e-05   492
  5.049897e-01   3.440113e-04   2.089008e-04   1.501360e-05   528
  5.063933e-01   3.269623e-04   2.121984e-04   1.493246e-05   480
  5.072636e-01   3.477709e-04   2.931509e-04   1.719953e-05   432
  5.085229e-01   3.674231e-04   2.305243e-04   1.753258e-05   440
  5.099854e-01   3.268134e-04   1.146388e-04   1.993332e-05   312
  5.105343e-01   3.594226e-04   1.717959e-04   2.079991e-05   480
  5.116600e-01   3.300618e-04   3.363730e-04   1.805499e-05   408
  5.133048e-01   3.337313e-04   2.014494e-04   1.762219e-05   360
  5.139997e-01   3.262923e-04   1.943913e-04   1.711433e-05   408
  5.152875e-01   3.310839e-04   1.978178e-04   1.574817e-05   456
  5.167375e-01   3.545825e-04   1.890651e-04   2.217871e-05   264
  5.175423e-01   3.243612e-04   2.051830e-04   1.844254e-05   384
  5.187139e-01   3.454194e-04   3.454401e-04   1.435631e-05   672
  5.200682e-01   3.334069e-04   2.066178e-04   2.312730e-05   240
  5.208498e-01   3.517741e-04   2.096654e-04   2.140918e-05   264
  5.219528e-01   3.097141e-04   2.585876e-04   1.400210e-05   624
  5.235988e-01   3.824548e-04   0.000000e+00   3.084500e-05   150
  5.241848e-01   3.635519e-04   2.897679e-04   1.691443e-05   600
  5.254207e-01   3.142785e-04   1.999903e-04   1.386987e-05   672
  5.268202e-01   3.475508e-04   1.881050e-04   2.129233e-05   336
  5.275998e-01   3.512749e-04   2.046034e-04   1.870746e-05   408
  5.288454e-01   3.299955e-04   2.041215e-04   1.725649e-05   408
  5.302309e-01   3.155459e-04   1.032148e-04   1.709142e-05   360
  5.310849e-01   3.572672e-04   3.789714e-04   1.761478e-05   456
  5.321165e-01   3.295127e-04   2.060870e-04   1.574990e-05   384
  5.334296e-01   3.991286e-04   1.902444e-04   2.089217e-05   348
  5.341391e-01   3.424604e-04   2.345337e-04   1.513457e-05   576
  5.354720e-01   3.553839e-04   1.931077e-04   1.721771e-05   504
  5.368355e-01   3.467530e-04   2.723672e-04   1.677766e-05   432
  5.380257e-01   3.210766e-04   3.705542e-04   1.346145e-05   576
  5.388745e-01   3.463799e-04   8.718863e-09   2.084966e-05   264
  5.402209e-01   3.521728e-04   2.948686e-04   1.282054e-05   768
  5.413919e-01   4.174872e-04   3.969869e-04   2.923589e-05   240
  5.423229e-01   3.370020e-04   3.501048e-04   2.708465e-05   192
  5.436789e-01   3.389338e-04   2.577199e-04   1.483207e-05   504
  5.446846e-01   3.206990e-04   3.472873e-04   1.407522e-05   590
  5.456491e-01   3.330580e-04   3.891164e-04   1.735900e-05   384
  5.468584e-01   3.518505e-04   3.251867e-04   1.664357e-05   504
  5.483186e-01   3.729643e-04   3.129419e-04   1.445705e-05   648
  5.497348e-01   3.586202e-04   8.499089e-05   1.638511e-05   504
  5.503059e-01   3.693407e-04   1.938802e-04   1.992833e-05   312
  5.513141e-01   3.239337e-04   2.793337e-04   1.304292e-05   576
  5.526981e-01   3.434598e-04   1.943899e-04   2.300368e-05   240
  5.535050e-01   3.380505e-04   1.964216e-04   1.449598e-05   552
  5.546470e-01   3.703513e-04   1.844354e-04   1.561333e-05   600
  5.562738e-01   3.469451e-04   2.252732e-04   1.340886e-05   600
  5.572519e-01   3.828397e-04   3.607573e-04   2.369666e-05   312
  5.582259e-01   3.766526e-04   3.141839e-04   1.748567e-05   480
  5.594427e-01   3.895275e-04   1.960206e-04   1.668546e-05   576
  5.605139e-01   3.737011e-04   3.156357e-04   2.023434e-05   408
  5.614645e-01   3.783667e-04   3.682036e-04   2.423968e-05   216
  5.626926e-01   3.168878e-04   2.820025e-04   1.502162e-05   516
  5.640083e-01   3.827645e-04   2.690591e-04   1.573953e-05   744
  5.653657e-01   3.580619e-04   1.797077e-04   1.740714e-05   462
  5.661327e-01   3.861217e-04   1.826469e-04   1.968308e-05   432
  5.673224e-01   3.885855e-04   1.694450e-04   1.449402e-05   648
  5.687212e-01   3.961782e-04   2.479296e-04   1.724361e-05   528
  5.698448e-01   3.375403e-04   2.985691e-04   1.475362e-05   600
  5.709675e-01   3.384840e-04   3.764176e-04   2.781066e-05   240
  5.720549e-01   3.515559e-04   2.883323e-04   1.340346e-05   720
  5.733187e-01   3.988419e-04   2.281230e-04   1.476097e-05   720
  5.747197e-01   3.280412e-04   0.000000e+00   2.485409e-05   144
  5.754570e-01   3.470236e-04   2.941188e-04   1.309957e-05   720
  5.765058e-01   4.259822e-04   1.763594e-04   2.431961e-05   384
  5.778188e-01   3.681626e-04   1.955038e-04   1.489189e-05   672
  5.790646e-01   3.733399e-04   3.423056e-04   2.078284e-05   336
  5.796596e-01   4.201347e-04   7.992291e-09   2.718572e-05   288
  5.811165e-01   3.643848e-04   2.709120e-04   1.328122e-05   776
  5.824653e-01   4.027855e-04   2.318063e-04   1.596622e-05   720
  5.835980e-01   3.897467e-04   1.867370e-04   2.104145e-05   432
  5.845040e-01   3.772776e-04   2.662171e-04   2.142859e-05   504
  5.855119e-01   3.578228e-04   1.865229e-04   1.660213e-05   528
  5.869222e-01   3.831404e-04   2.541266e-04   1.865526e-05   438
  5.880825e-01   3.473709e-04   2.957801e-04   1.478084e-05   624
  5.889568e-01   4.094814e-04   3.622906e-04   2.323990e-05   312
  5.901587e-01   3.847388e-04   1.951931e-04   1.455726e-05   696
  5.914016e-01   3.729221e-04   1.766144e-04   1.668099e-05   552
  5.926943e-01   3.499398e-04   1.366406e-04   1.504676e-05   516
  5.934940e-01   3.658204e-04   2.729293e-04   1.587350e-05   528
  5.944675e-01   3.715605e-04   1.774934e-04   1.794122e-05   528
  5.958504e-01   3.750934e-04   2.340778e-04   1.390006e-05   864
  5.967890e-01   3.360289e-04   3.206384e-04   1.651114e-05   408
  5.977287e-01   3.714159e-04   3.176732e-04   2.623203e-05   192
  5.990604e-01   3.883039e-04   2.628898e-04   1.488876e-05   720
  6.001846e-01   3.424624e-04   2.423973e-04   1.269709e-05   696
  6.015205e-01   3.893385e-04   2.617914e-04   1.468275e-05   720
  6.027427e-01   3.666950e-04   3.548268e-04   1.832172e-05   432
  6.034554e-01   3.455418e-04   2.088649e-04   2.198006e-05   264
  6.047379e-01   3.908158e-04   2.884332e-04   1.507943e-05   672
  6.058849e-01   3.849127e-04   2.953113e-04   1.607888e-05   600
  6.072461e-01   3.801107e-04   1.729045e-04   2.531886e-05   270
  6.079323e-01   3.799984e-04   2.602694e-04   1.753640e-05   528
  6.090231e-01   4.205061e-04   1.782233e-04   1.666452e-05   840
  6.105187e-01   3.954907e-04   3.407949e-04   1.441081e-05   888
  6.119006e-01   3.876295e-04   2.539173e-04   1.571319e-05   744
  6.130685e-01   4.247412e-04   1.304764e-04   2.199330e-05   456
  6.136494e-01   3.688474e-04   1.783041e-04   1.851524e-05   360
  6.146434e-01   3.853429e-04   1.544904e-04   1.883883e-05   384
  6.161685e-01   4.098193e-04   2.478012e-04   1.518085e-05   816
  6.173129e-01   4.099790e-04   3.595249e-04   1.431116e-05   824
  6.187038e-01   4.011692e-04   1.671243e-04   2.277851e-05   360
  6.194487e-01   4.555216e-04   2.466127e-04   1.952039e-05   624
  6.204737e-01   3.549615e-04   1.666475e-04   1.829170e-05   360
  6.218393e-01   4.055801e-04   2.266896e-04   1.402890e-05   876
  6.230726e-01   3.826763e-04   2.692394e-04   1.650878e-05   696
  6.243164e-01   4.327405e-04   1.738571e-04   2.423602e-05   336
  6.249685e-01   4.331215e-04   1.736618e-04   2.119792e-05   504
  6.260455e-01   4.024344e-04   1.751666e-04   1.541794e-05   672
  6.276432e-01   3.800577e-04   3.487160e-04   1.465657e-05   720
  6.287513e-01   3.719312e-04   2.634177e-04   1.540044e-05   774
  6.299744e-01   4.075783e-04   1.507735e-04   2.063400e-05   384
  6.306149e-01   4.038359e-04   2.901529e-04   1.890301e-05   528
  6.316091e-01   4.139532e-04   2.765319e-04   1.558766e-05   744
  6.332082e-01   4.205714e-04   2.280801e-04   1.580945e-05   768
  6.342699e-01   4.116877e-04   2.560371e-04   1.776996e-05   552
  6.355947e-01   3.857762e-04   2.790515e-04   1.531745e-05   696
  6.365801e-01   4.302729e-04   3.390961e-04   2.374001e-05   408
  6.373624e-01   4.016014e-04   1.464922e-04   1.894334e-05   504
  6.386025e-01   3.914987e-04   2.631678e-04   1.465583e-05   888
  6.398228e-01   3.829911e-04   2.735074e-04   1.579602e-05   648
  6.410912e-01   3.948568e-04   2.711630e-04   1.693463e-05   648
  6.422845e-01   4.102518e-04   2.923802e-04   1.509863e-05   792
  6.435486e-01   3.982416e-04   4.277722e-04   1.681767e-05   600
  6.444800e-01   3.884101e-04   2.899046e-04   1.922181e-05   456
  6.454604e-01   4.211271e-04   1.412871e-04   1.694995e-05   648
  6.467196e-01   3.917088e-04   2.755305e-04   1.300507e-05   936
  6.480791e-01   3.998053e-04   1.692113e-04   1.999616e-05   384
  6.492625e-01   2.297050e-07   0.000000e+00   2.352253e-08   198
  6.501758e-01   2.123930e-07   4.293034e-04   9.134935e-09   1224
  6.511610e-01   1.562038e-07   3.126651e-04   1.216846e-08   420
  6.523261e-01   2.048820e-07   3.025944e-04   1.106382e-08   792
  6.534654e-01   2.175030e-07   2.502197e-04   1.126517e-08   680
  6.547656e-01   2.199986e-07   2.297635e-04   1.318095e-08   600
  6.558117e-01   2.161671e-07   3.332201e-04   1.069725e-08   840
  6.572086e-01   2.335778e-07   1.573311e-04   1.622227e-08   432
  6.577423e-01   2.082106e-07   1.474399e-04   1.067213e-08   720
  6.589028e-01   1.917631e-07   2.952964e-04   8.693402e-09   960
  6.603461e-01   2.345574e-07   2.632351e-04   1.508022e-08   528
  6.614009e-01   2.109465e-07   2.690765e-04   1.234307e-08   624
  6.626564e-01   1.939781e-07   2.114923e-04   1.003278e-08   816
  6.639025e-01   1.822386e-07   3.478036e-04   1.002138e-08   696
  6.652796e-01   2.011289e-07   9.590750e-09   2.017683e-08   240
  6.657974e-01   2.286786e-07   2.051081e-04   1.219608e-08   672
  6.669532e-01   1.888042e-07   3.665574e-04   8.772162e-09   864
  6.682496e-01   2.269682e-07   2.812733e-04   1.047381e-08   816
  6.694181e-01   2.074303e-07   1.609912e-04   1.096359e-08   648
  6.706767e-01   1.981678e-07   1.645623e-04   9.691192e-09   843
  6.717452e-01   2.205780e-07   2.960880e-04   1.188439e-08   780
  6.730185e-01   2.728314e-07   1.588753e-04   2.262050e-08   216
  6.738038e-01   1.865497e-07   3.831105e-04   8.016289e-09   1056
  6.750118e-01   2.504024e-07   3.134274e-04   2.049746e-08   228
  6.761301e-01   1.844443e-07   3.902249e-04   8.135331e-09   924
  6.772783e-01   1.687325e-07   1.447516e-04   8.958928e-09   696
  6.784941e-01   2.067698e-07   2.576163e-04   9.175699e-09   996
  6.797379e-01   2.070897e-07   1.520916e-04   1.138547e-08   576
  6.810320e-01   2.270286e-07   2.347432e-04   1.408323e-08   552
  6.819753e-01   1.938717e-07   2.802752e-04   1.263194e-08   516
  6.829327e-01   1.980572e-07   4.075783e-04   9.728592e-09   744
  6.840265e-01   2.568613e-07   1.999414e-04   1.642573e-08   576
  6.849781e-01   1.906744e-07   2.057904e-04   8.486925e-09   792
  6.863303e-01   1.784759e-07   2.352566e-04   8.365421e-09   792
  6.873212e-01   2.084683e-07   2.537217e-04   1.064333e-08   720
  6.886614e-01   1.800638e-07   2.891844e-04   9.024918e-09   656
  6.899172e-01   1.868732e-07   3.157744e-04   9.372919e-09   816
  6.912045e-01   1.969668e-07   1.702602e-04   1.127512e-08   492
  6.919363e-01   1.985144e-07   2.449314e-04   1.080774e-08   552
  6.933096e-01   2.169455e-07   4.259058e-04   1.182430e-08   780
  6.942015e-01   1.860301e-07   2.616289e-04   1.109624e-08   528
  6.951624e-01   1.856694e-07   3.054005e-04   8.798459e-09   600
  6.965787e-01   1.798529e-07   2.538120e-04   7.565199e-09   900
  6.975549e-01   2.022134e-07   1.405147e-04   9.454035e-09   696
  6.988979e-01   2.212493e-07   3.552967e-04   1.015996e-08   696
  7.001972e-01   2.204675e-07   1.441405e-04   1.113624e-08   552
  7.012898e-01   1.696042e-07   1.676221e-04   8.563875e-09   708
  7.024344e-01   2.139855e-07   2.767536e-04   1.009520e-08   876
  7.036253e-01   1.499294e-07   1.469507e-04   1.294306e-08   216
  7.044246e-01   1.675332e-07   4.019301e-04   6.931357e-09   1032
  7.056214e-01   2.078856e-07   4.475047e-04   1.117835e-08   600
  7.068637e-01   2.313131e-07   2.135326e-04   1.094169e-08   600
  7.078114e-01   1.803413e-07   3.770786e-04   1.163436e-08   528
  7.089316e-01   1.895578e-07   2.069996e-04   8.105836e-09   732
  7.101116e-01   1.472803e-07   1.528505e-04   9.153424e-09   336
  7.114699e-01   1.956293e-07   2.178422e-04   7.686308e-09   912
  7.124851e-01   1.919674e-07   2.186476e-04   8.684455e-09   624
  7.135942e-01   1.850094e-07   1.842497e-04   9.022954e-09   768
  7.148888e-01   2.056950e-07   3.324228e-04   9.540169e-09   792
  7.161595e-01   1.893907e-07   1.648015e-04   9.589506e-09   660
  7.170636e-01   1.873474e-07   2.428615e-04   1.029443e-08   504
  7.179987e-01   2.046212e-07   3.967892e-04   1.161331e-08   480
  7.194001e-01   1.695196e-07   3.669783e-04   7.119012e-09   912
  7.204975e-01   2.116111e-07   4.086872e-04   1.310279e-08   432
  7.215338e-01   1.672314e-07   2.426689e-04   9.278785e-09   564
  7.224540e-01   1.835772e-07   2.322675e-04   8.372328e-09   600
  7.237493e-01   1.722188e-07   3.237589e-04   6.777478e-09   876
  7.247223e-01   2.015609e-07   1.455718e-04   1.440364e-08   264
  7.260636e-01   2.174408e-07   2.824665e-04   1.153142e-08   560
  7.271417e-01   1.849714e-07   1.919421e-04   7.474226e-09   840
  7.284504e-01   2.043460e-07   2.959193e-04   8.388731e-09   1008
  7.296606e-01   2.452771e-07   1.323744e-04   1.208387e-08   456
  7.307658e-01   2.102413e-07   1.714724e-04   1.044150e-08   576
  7.317876e-01   2.008320e-07   2.634856e-04   1.017093e-08   612
  7.331349e-01   1.887918e-07   2.353354e-04   8.663941e-09   780
  7.342341e-01   1.903143e-07   2.696836e-04   8.838357e-09   648
  7.353591e-01   2.136107e-07   1.256760e-04   1.520305e-08   312
  7.360783e-01   2.120463e-07   3.193221e-04   1.179743e-08   528
  7.373241e-01   1.883820e-07   4.170188e-04   8.122733e-09   720
  7.385155e-01   1.855277e-07   4.183247e-04   8.254647e-09   576
  7.399599e-01   1.963766e-07   3.608590e-04   9.742429e-09   444
  7.408586e-01   1.994407e-07   3.538864e-04   7.307542e-09   996
  7.419599e-01   1.893039e-07   2.956016e-04   1.064959e-08   432
  7.430008e-01   1.925676e-07   3.236256e-04   1.012130e-08   504
  7.438999e-01   2.479681e-07   1.459075e-04   1.139271e-08   504
  7.451803e-01   2.025341e-07   2.871477e-04   8.553140e-09   876
  7.463388e-01   2.011994e-07   3.304796e-04   1.062785e-08   504
  7.475452e-01   1.881445e-07   2.107626e-04   7.593375e-09   696
  7.485421e-01   2.189022e-07   1.801799e-04   1.129265e-08   492
  7.498987e-01   1.966559e-07   2.579363e-04   1.053609e-08   432
  7.509034e-01   1.988533e-07   2.415290e-04   8.027338e-09   768
  7.520944e-01   1.880742e-07   3.008569e-04   9.021837e-09   648
  7.532317e-01   1.912444e-07   1.962768e-04   9.831775e-09   456
  7.545385e-01   1.870067e-07   2.699125e-04   9.128035e-09   552
  7.554460e-01   2.044834e-07   1.849982e-04   9.983505e-09   648
  7.566950e-01   1.955202e-07   3.015367e-04   7.509349e-09   840
  7.579151e-01   2.208538e-07   1.437965e-04   1.237266e-08   432
  7.591366e-01   1.866296e-07   1.761262e-04   8.098511e-09   600
  7.599862e-01   2.103067e-07   1.876509e-04   1.305662e-08   432
  7.614131e-01   1.920642e-07   1.868247e-04   1.017981e-08   560
  7.623795e-01   2.118931e-07   2.957239e-04   8.500801e-09   840
  7.635896e-01   2.245569e-07   1.751616e-04   1.027361e-08   504
  7.645506e-01   1.938976e-07   3.574943e-04   8.533228e-09   696
  7.659053e-01   2.135538e-07   1.952507e-04   1.205314e-08   384
  7.669605e-01   1.936123e-07   2.860193e-04   8.617681e-09   576
  7.682367e-01   1.881753e-07   1.765168e-04   1.238958e-08   360
  7.692654e-01   1.969790e-07   2.628763e-04   8.729691e-09   828
  7.703752e-01   2.033680e-07   2.341402e-04   1.134481e-08   372
  7.713920e-01   2.154862e-07   3.575770e-04   1.018618e-08   576
  7.727390e-01   2.102588e-07   1.497528e-04   9.368151e-09   636
  7.736987e-01   1.963217e-07   2.886848e-04   8.760523e-09   648
  7.749969e-01   2.335400e-07   2.346692e-04   1.146787e-08   576
  7.759289e-01   2.023138e-07   3.785461e-04   1.029218e-08   528
  7.771683e-01   1.918832e-07   1.618441e-04   1.082043e-08   360
  7.781942e-01   1.964967e-07   3.723021e-04   8.282069e-09   672
  7.795338e-01   1.907809e-07   1.906993e-04   7.384566e-09   804
  7.806488e-01   2.244991e-07   2.103641e-04   1.308746e-08   408
  7.818822e-01   1.774008e-07   1.300279e-04   8.870989e-09   384
  7.827127e-01   2.043278e-07   2.975538e-04   1.122394e-08   480
  7.838841e-01   2.133511e-07   1.922633e-04   1.049918e-08   432
  7.850075e-01   2.254028e-07   3.543003e-04   9.747551e-09   648
  7.863374e-01   2.124126e-07   2.198417e-04   1.017311e-08   624
  7.873102e-01   2.207050e-07   1.999645e-04   1.279480e-08   456
  7.886385e-01   1.970540e-07   2.731694e-04   1.030164e-08   588
  7.895286e-01   1.868199e-07   1.742809e-04   8.676018e-09   600
  7.908283e-01   1.997826e-07   2.718355e-04   8.235757e-09   708
  7.918549e-01   1.826404e-07   1.712511e-04   1.110429e-08   360
  7.929893e-01   2.123712e-07   1.968577e-04   1.062691e-08   552
  7.940768e-01   1.991151e-07   1.381003e-04   1.399744e-08   288
  7.951809e-01   1.840636e-07   2.596664e-04   8.500874e-09   528
  7.962181e-01   1.865896e-07   1.751829e-04   9.371625e-09   456
  7.973771e-01   2.008913e-07   3.106374e-04   8.732438e-09   608
  7.985427e-01   1.933168e-07   1.502898e-04   1.020904e-08   504
  7.998164e-01   2.025342e-07   3.226637e-04   1.100299e-08   540
  8.008151e-01   2.178200e-07   3.463704e-04   1.385477e-08   360
  8.018917e-01   2.249057e-07   1.568542e-04   1.060969e-08   540
  8.028439e-01   2.128410e-07   1.346780e-04   1.054683e-08   576
  8.042285e-01   2.007488e-07   3.122726e-04   8.726490e-09   588
  8.055450e-01   2.114003e-07   4.308419e-04   9.450446e-09   672
  8.066761e-01   2.213421e-07   3.292961e-04   1.169014e-08   552
  8.075877e-01   1.603298e-07   3.294626e-04   1.530124e-08   144
  8.087511e-01   2.074818e-07   2.799123e-04   9.647308e-09   600
  8.098542e-01   1.924677e-07   3.507912e-04   9.900255e-09   504
  8.110784e-01   2.131768e-07   3.603334e-04   1.445334e-08   336
  8.123661e-01   1.970510e-07   4.050163e-04   8.656381e-09   600
  8.135194e-01   2.037612e-07   2.613843e-04   9.454378e-09   636
  8.147641e-01   2.083998e-07   2.101554e-04   1.486159e-08   384
  8.156368e-01   2.092808e-07   2.931419e-04   1.263908e-08   504
  8.168946e-01   2.276124e-07   1.230275e-04   1.617153e-08   240
  8.178874e-01   2.183383e-07   2.890092e-04   8.589855e-09   744
  8.190784e-01   1.980582e-07   1.973493e-04   9.513055e-09   648
  8.201369e-01   2.796064e-07   1.310064e-04   2.584152e-08   120
  8.213775e-01   1.946537e-07   2.057940e-04   8.632722e-09   564
  8.223149e-01   2.299579e-07   3.232119e-04   1.278464e-08   432
  8.235661e-01   1.846581e-07   2.508763e-04   1.140500e-08   480
  8.245082e-01   1.800173e-07   1.846513e-04   1.048790e-08   456
  8.256202e-01   2.031865e-07   3.055706e-04   1.180261e-08   444
  8.268821e-01   2.074241e-07   4.675392e-04   9.865885e-09   528
  8.279907e-01   2.066453e-07   3.472317e-04   1.669706e-08   264
  8.290664e-01   2.015465e-07   3.558608e-04   1.122736e-08   444
  8.305136e-01   2.119109e-07   3.897932e-04   9.378569e-09   696
  8.317148e-01   2.110485e-07   2.084744e-04   1.178823e-08   384
  8.325934e-01   2.314175e-07   2.634249e-04   1.283529e-08   432
  8.339598e-01   2.640882e-07   1.820143e-04   1.760381e-08   488
  8.348470e-01   2.331521e-07   2.743182e-04   1.135110e-08   480
  8.361333e-01   2.032135e-07   3.059215e-04   1.140951e-08   480
  8.371295e-01   1.965366e-07   1.283553e-04   1.279717e-08   240
  8.382605e-01   2.145710e-07   2.998278e-04   1.052979e-08   600
  8.393273e-01   2.116045e-07   2.612693e-04   1.441629e-08   288
  8.404633e-01   2.166525e-07   2.513219e-04   1.268098e-08   480
  8.416137e-01   1.840679e-07   4.470568e-04   1.005021e-08   504
  8.427464e-01   2.566595e-07   1.918152e-04   1.820874e-08   216
  8.441910e-01   2.294911e-07   3.140320e-04   1.356136e-08   504
  8.453161e-01   2.059893e-07   2.525773e-04   1.198323e-08   456
  8.465476e-01   2.744067e-07   1.448574e-04   1.749668e-08   384
  8.473633e-01   2.551561e-07   2.940081e-04   1.454880e-08   480
  8.485224e-01   1.967394e-07   2.581721e-04   1.133126e-08   504
  8.495963e-01   2.301606e-07   1.637682e-04   1.660362e-08   312
  8.507536e-01   2.228711e-07   2.639069e-04   1.344855e-08   492
  8.517779e-01   2.266942e-07   2.473513e-04   1.326289e-08   312
  8.530964e-01   1.987728e-07   4.018026e-04   8.558887e-09   576
  8.542572e-01   2.437536e-07   3.708963e-04   1.834803e-08   336
  8.552213e-01   1.767262e-07   2.855730e-04   1.256474e-08   240
  8.565577e-01   2.112597e-07   3.785974e-04   1.191267e-08   468
  8.577117e-01   2.064971e-07   2.370567e-04   2.222429e-08   192
  8.589195e-01   1.785428e-07   2.377633e-04   1.285204e-08   324
  8.598047e-01   2.078959e-07   1.725647e-04   1.090022e-08   600
  8.610110e-01   2.049319e-07   2.799685e-04   1.109934e-08   456
  8.619069e-01   2.312995e-07   1.259298e-04   1.504000e-08   336
  8.633917e-01   2.069283e-07   3.770695e-04   1.007267e-08   612
  8.644719e-01   1.469267e-07   3.164532e-04   1.754226e-08   144
  8.654935e-01   2.278503e-07   3.693821e-04   1.248247e-08   552
  8.668827e-01   1.728489e-07   1.454672e-04   1.070019e-08   264
  8.676676e-01   1.990876e-07   3.367937e-04   1.365734e-08   336
  8.689058e-01   1.977374e-07   2.225417e-04   1.151922e-08   384
  8.699797e-01   1.842389e-07   1.252690e-04   1.696312e-08   216
  8.711683e-01   1.805015e-07   2.655962e-04   1.247600e-08   344
  8.722521e-01   1.682694e-07   3.962819e-04   1.033482e-08   408
  8.735729e-01   1.985488e-07   3.045168e-04   1.729671e-08   264
  8.747433e-01   1.941600e-07   4.245115e-04   9.767658e-09   612
  8.759127e-01   2.276228e-07   2.184861e-04   1.463135e-08   408
  8.771153e-01   1.859379e-07   2.188001e-04   1.340750e-08   444
  8.779988e-01   3.061548e-07   1.223733e-04   3.068540e-08   120
  8.791827e-01   2.207353e-07   3.380949e-04   1.590931e-08   336
  8.800614e-01   1.922796e-07   1.174866e-04   1.383958e-08   288
  8.812488e-01   1.945432e-07   3.656205e-04   1.003954e-08   552
  8.828813e-01   2.025736e-07   1.957704e-08   2.827133e-08   72
  8.837207e-01   1.974114e-07   3.631543e-04   1.131345e-08   504
  8.847012e-01   1.430271e-07   1.168595e-04   1.307487e-08   216
  8.859716e-01   1.873034e-07   2.086446e-04   1.369990e-08   312
  8.871120e-01   1.517825e-07   2.375747e-04   1.004406e-08   336
  8.881989e-01   1.877184e-07   3.293052e-04   1.664690e-08   204
  8.892814e-01   2.677801e-07   3.827027e-04   1.714679e-08   504
  8.904295e-01   2.481836e-07   3.644429e-04   1.585586e-08   396
  8.915335e-01   2.073737e-07   3.342132e-04   1.502438e-08   312
  8.928719e-01   2.616382e-07   2.042400e-04   2.325860e-08   216
  8.938150e-01   2.001710e-07   1.108450e-04   2.092019e-08   168
  8.949610e-01   2.061527e-07   2.798897e-04   1.040297e-08   588
  8.962689e-01   1.624430e-07   3.799175e-04   1.288871e-08   240
  8.972850e-01   1.647140e-07   3.355308e-04   1.462921e-08   264
  8.984767e-01   2.071800e-07   4.149529e-04   1.842760e-08   288
  8.995339e-01   2.205641e-07   2.072102e-04   1.886819e-08   288
  9.008740e-01   1.586863e-07   1.946034e-04   1.193421e-08   288
  9.017763e-01   1.962406e-07   2.254318e-04   1.543554e-08   192
  9.029115e-01   1.563028e-07   2.398820e-04   1.124558e-08   264
  9.039929e-01   2.919525e-07   3.945727e-04   2.075876e-08   372
  9.051567e-01   2.712920e-07   4.261555e-04   2.641769e-08   360
  9.065772e-01   2.534107e-07   1.803531e-04   3.706258e-08   144
  9.073113e-01   1.559201e-07   2.505025e-04   1.502391e-08   296
  9.084702e-01   1.859409e-07   2.699035e-04   1.730929e-08   288
  9.097970e-01   1.964685e-07   4.033639e-04   1.206402e-08   480
  9.109414e-01   1.811146e-07   3.351569e-04   2.941732e-08   192
  9.120543e-01   2.239014e-07   3.595015e-04   1.890735e-08   192
  9.130658e-01   1.637540e-07   2.291145e-04   1.247043e-08   288
  9.144726e-01   1.055320e-07   1.994411e-04   1.331078e-08   108
  9.151811e-01   1.751077e-07   1.917382e-04   1.547213e-08   240
  9.164324e-01   1.566489e-07   3.576920e-04   1.138966e-08   384
  9.177178e-01   2.160668e-07   4.363437e-04   2.319820e-08   108
  9.188545e-01   2.390203e-07   2.558364e-04   1.864279e-08   348
  9.200497e-01   1.567481e-07   2.670009e-04   1.536110e-08   312
  9.211172e-01   1.613729e-07   2.594474e-04   3.162677e-08   96
  9.220989e-01   1.998613e-07   3.454074e-04   1.491302e-08   384
  9.231983e-01   1.984976e-07   2.375703e-04   1.817651e-08   144
  9.242737e-01   2.034386e-07   3.650373e-04   1.451051e-08   408
  9.256105e-01   1.383636e-07   1.628324e-04   1.866707e-08   144
  9.268733e-01   1.946506e-07   3.130471e-04   2.228564e-08   192
  9.276223e-01   2.461072e-07   3.523403e-04   2.679858e-08   144
  9.288431e-01   1.572626e-07   2.864656e-04   1.544800e-08   144
  9.299949e-01   2.091454e-07   3.501074e-04   1.851352e-08   336
  9.314055e-01   1.221460e-07   2.590351e-04   9.257108e-09   240
  9.322999e-01   1.729992e-07   1.176255e-04   2.490680e-08   96
  9.335474e-01   2.037682e-07   3.449390e-04   1.634772e-08   372
  9.348094e-01   1.741904e-07   4.102976e-04   2.609079e-08   132
  9.359179e-01   1.351095e-07   2.538872e-04   1.036488e-08   264
  9.369095e-01   2.692968e-07   1.949738e-04   3.128254e-08   168
  9.379679e-01   2.050182e-07   3.117257e-04   1.706100e-08   216
  9.389028e-01   1.420175e-07   1.907177e-04   1.898479e-08   216
  9.402644e-01   1.051512e-07   3.498876e-04   1.273852e-08   96
  9.414999e-01   2.083042e-07   2.282697e-04   2.547581e-08   120
  9.426329e-01   1.598668e-07   2.901950e-04   1.603302e-08   216
  9.435662e-01   1.396981e-07   1.268162e-04   1.410180e-08   200
  9.448020e-01   1.801126e-07   3.282727e-04   2.300653e-08   288
  9.463870e-01   7.577063e-08   8.637492e-05   6.309993e-09   144
  9.470544e-01   1.865981e-07   2.687934e-04   3.290069e-08   168
  9.484173e-01   1.515546e-07   3.025020e-04   2.106006e-08   159
  9.494812e-01   1.345357e-07   3.173973e-04   1.020371e-08   174
  9.505108e-01   1.178909e-07   2.878048e-04   1.169112e-08   144
  9.518590e-01   1.745518e-07   1.661865e-04   1.571274e-08   222
  9.527607e-01   1.494218e-07   1.676969e-04   1.735632e-08   168
  9.543181e-01   1.996248e-07   3.678236e-04   4.239419e-08   30
  9.549614e-01   7.142683e-08   3.247612e-04   1.010883e-08   72
  9.561731e-01   1.525832e-07   2.898455e-04   1.525615e-08   258
  9.575053e-01   1.262752e-07   1.815377e-04   9.982165e-09   264
  9.581715e-01   1.460162e-07   0.000000e+00   2.337580e-08   72
  9.595596e-01   9.008392e-08   3.598154e-04   9.706976e-09   174
  9.608164e-01   1.636261e-07   3.831369e-04   2.312505e-08   168
  9.618269e-01   5.371060e-08   1.198844e-08   8.205632e-09   48
  9.629116e-01   9.270960e-08   2.163664e-04   1.027270e-08   150
  9.641694e-01   2.078748e-07   3.980216e-04   1.965399e-08   168
  9.654305e-01   1.041413e-07   2.424563e-04   1.164791e-08   144
  9.665902e-01   1.262608e-07   2.265094e-04   2.331664e-08   102
  9.674541e-01   6.320822e-08   3.352727e-04   5.507042e-09   96
  9.688246e-01   4.868665e-08   3.327357e-04   4.004639e-09   120
  9.698396e-01   4.987455e-08   3.568677e-04   3.967228e-09   168
  9.709374e-01   1.698674e-07   2.635186e-04   1.861523e-08   126
  9.718728e-01   1.047428e-07   1.987457e-04   1.412036e-08   168
  9.731615e-01   6.004148e-08   3.186890e-04   8.588300e-09   72
  9.742877e-01   7.075679e-08   3.990696e-04   6.391964e-09   168
  9.752743e-01   1.254691e-07   1.094046e-04   2.332150e-08   78
  9.766261e-01   6.930164e-08   1.796342e-04   9.369271e-09   60
  9.777146e-01   2.033147e-07   2.913957e-04   3.869072e-08   96
  9.788436e-01   8.162438e-08   3.535845e-04   7.021799e-09   168
  9.799046e-01   6.687249e-08   2.237345e-04   1.211225e-08   86
  9.810179e-01   6.023738e-08   1.999656e-04   8.723632e-09   120
  9.826135e-01   6.692805e-08   1.426020e-04   6.440849e-09   168
  9.834741e-01   4.463311e-08   0.000000e+00   5.410234e-09   48
  9.846330e-01   1.378370e-07   2.598054e-04   1.639484e-08   120
  9.852989e-01   9.060567e-08   1.895385e-04   1.268379e-08   126
  9.869246e-01   8.406891e-08   3.333454e-04   1.036799e-08   96
  9.879797e-01   8.106228e-08   9.612037e-05   8.638568e-09   96
  9.888118e-01   5.778124e-08   0.000000e+00   7.648455e-09   72
  9.905847e-01   6.988617e-08   1.198844e-08   1.325380e-08   24
  9.916911e-01   9.277953e-08   1.978134e-04   8.825759e-09   120
  9.925543e-01   6.854884e-08   2.885490e-04   9.098154e-09   126
  9.935140e-01   5.737991e-08   2.405447e-04   7.084317e-09   96
  9.946355e-01   3.729519e-08   4.157314e-04   4.458552e-09   72
  9.958843e-01   6.049028e-08   1.798178e-04   5.322152e-09   144
  9.969115e-01   6.596064e-08   1.037147e-04   9.032870e-09   72
  9.979377e-01   9.172291e-08   2.071553e-04   1.670259e-08   54
  9.988408e-01   8.164220e-08   1.825532e-04   9.296827e-09   108
  1.000718e+00   9.665669e-08   1.789493e-04   1.141060e-08   72
  1.001302e+00   7.326668e-08   1.032599e-04   8.633749e-09   72
  1.002688e+00   4.716912e-08   2.076458e-08   6.175316e-09   24
  1.004000e+00   2.984538e-08   2.184508e-04   4.720810e-09   48
  1.004796e+00   6.986845e-08   1.664031e-04   9.822399e-09   102
  1.005995e+00   4.989547e-08   3.763347e-04   3.931501e-09   168
  1.007561e+00   4.121377e-08   2.052441e-04   5.926714e-09   72
  1.008142e+00   4.685290e-08   0.000000e+00   8.154471e-09   48
  1.009359e+00   6.004638e-08   3.530324e-04   6.663498e-09   120
  1.010966e+00   6.090080e-08   2.169455e-04   5.359557e-09   96
  1.012484e+00   1.077916e-07   2.349244e-08   3.594588e-08   30
  1.014287e+00   7.784164e-08   1.019306e-04   1.155472e-08   72
  1.015080e+00   4.172918e-08   1.198844e-08   9.725357e-09   24
  1.016098e+00   2.263352e-08   1.510864e-04   4.123940e-09   56
  1.017238e+00   2.190131e-08   2.156079e-04   2.059338e-09   96
  1.018603e+00   4.637254e-08   2.380838e-04   4.377461e-09   144
  1.019655e+00   6.380864e-08   1.351747e-04   1.299602e-08   54
  1.021183e+00   4.618479e-08   2.025059e-04   4.952290e-09   108
  1.022721e+00   1.070257e-07   1.072260e-04   2.011252e-08   48
  1.024186e+00   5.050997e-08   4.037400e-04   5.166571e-09   72
  1.027699e+00   9.026227e-08   2.667523e-04   1.244768e-08   78
  1.028673e+00   2.410406e-08   2.010313e-04   3.050511e-09   72
  1.029809e+00   2.625393e-08   2.007817e-04   3.069545e-09   72
  1.030998e+00   4.823920e-08   4.845084e-04   4.608003e-09   96
  1.031937e+00   2.722847e-08   2.003678e-04   1.913509e-09   72
  1.033070e+00   3.671563e-08   0.000000e+00   6.315955e-09   24
  1.034201e+00   4.582970e-08   3.998310e-04   5.606177e-09   72
  1.036757e+00   5.515301e-08   2.539049e-04   1.246032e-08   30
  1.037307e+00   7.652923e-08   0.000000e+00   1.761702e-08   24
  1.040263e+00   2.170057e-08   2.108357e-04   3.268317e-09   48
  1.041190e+00   3.248211e-08   4.537181e-04   4.946273e-09   120
  1.042439e+00   2.053225e-08   1.983761e-04   2.973209e-09   72
  1.043701e+00   3.154294e-08   1.981363e-04   5.730916e-09   36
  1.044568e+00   3.376566e-08   3.916095e-04   4.039711e-09   78
  1.046988e+00   4.204232e-08   2.094814e-04   5.180922e-09   48
  1.050126e+00   5.433797e-08   1.695421e-08   7.919058e-09   24
  1.052361e+00   1.213061e-08   1.458786e-04   2.041058e-09   56
  1.053486e+00   1.499329e-08   2.244796e-04   1.600400e-09   102
  1.054918e+00   2.462921e-08   1.598458e-08   2.957391e-09   72
  1.055750e+00   2.866890e-08   0.000000e+00   5.157178e-09   24
  1.057203e+00   2.398683e-08   2.074574e-04   2.944097e-09   48
  1.059896e+00   2.778636e-08   0.000000e+00   6.699537e-09   24
  1.063202e+00   2.864049e-08   0.000000e+00   1.540269e-08   6
  1.064233e+00   8.095023e-09   0.000000e+00   1.747690e-09   24
  1.064920e+00   1.461514e-08   1.941879e-04   1.630474e-09   72
  1.066174e+00   1.251871e-08   3.622758e-04   1.229739e-09   84
  1.067525e+00   2.331333e-08   0.000000e+00   4.760413e-09   24
  1.067936e+00   2.378158e-08   1.695421e-08   3.261635e-09   24
  1.069988e+00   2.232325e-08   1.198844e-08   5.001801e-09   24
  1.072854e+00   2.276524e-08   0.000000e+00   6.385284e-09   6
  1.076527e+00   7.369799e-09   2.037334e-04   9.644306e-10   48
  1.077410e+00   1.148257e-08   3.838004e-04   1.280196e-09   72
  1.078563e+00   1.541919e-08   2.033489e-04   2.405292e-09   48
  1.080391e+00   3.118181e-08   0.000000e+00   4.814777e-09   24
  1.082825e+00   5.715849e-08   1.198844e-08   8.280412e-09   6
  1.088280e+00   3.929696e-09   0.000000e+00   9.872498e-10   8
  1.088683e+00   9.072367e-09   1.198844e-08   2.480315e-09   48
  1.089649e+00   1.117428e-08   1.972060e-04   1.832970e-09   60
  1.091097e+00   1.550691e-08   0.000000e+00   3.716642e-09   24
  1.093106e+00   1.773692e-08   0.000000e+00   5.582851e-09   6
  1.100504e+00   6.817241e-09   0.000000e+00   1.351863e-09   24
  1.101102e+00   6.866682e-09   1.991864e-04   7.953003e-10   48
  1.102098e+00   1.081600e-08   0.000000e+00   2.933211e-09   24
  1.103689e+00   2.289734e-09   1.198844e-08   7.056883e-10   6
  1.112726e+00   3.642470e-09   1.858219e-04   5.069580e-10   36
  1.113383e+00   7.186981e-09   0.000000e+00   1.807381e-09   24
  1.114565e+00   6.938575e-09   0.000000e+00   4.085931e-09   6
  1.124848e+00   4.705918e-09   1.688735e-04   8.068653e-10   32
  1.125725e+00   2.394147e-09   1.198844e-08   7.464542e-10   6
  1.136776e+00   1.899841e-09   0.000000e+00   5.032856e-10   12
  1.137162e+00   5.418676e-09   0.000000e+00   1.088642e-09   6
  1.148867e+00   1.120146e-09   1.695421e-08   9.929296e-11   6
