# power spectrum of delta
# redshift z=1.000000
# k              Pk             sigma(k)       sigma(Pk)      count
  2.094395e-02   2.397242e-03   0.000000e+00   9.702311e-04   6
  2.961922e-02   3.765346e-03   0.000000e+00   7.586762e-04   12
  3.627599e-02   4.701024e-03   3.973643e-10   1.032794e-03   8
  4.188790e-02   2.305180e-02   0.000000e+00   2.605329e-03   6
  4.683210e-02   2.149570e-02   0.000000e+00   6.799587e-03   24
  5.130199e-02   3.879517e-02   7.492773e-10   6.916193e-03   24
  5.923844e-02   2.458987e-02   0.000000e+00   1.069594e-02   12
  6.283185e-02   3.509173e-02   8.477105e-10   5.765928e-03   30
  6.623059e-02   5.532147e-02   0.000000e+00   1.143931e-02   24
  6.946323e-02   5.883541e-02   1.297786e-09   1.446432e-02   24
  7.255197e-02   6.844464e-02   7.947286e-10   1.286433e-02   8
  7.551449e-02   6.846350e-02   1.059638e-09   9.100720e-03   24
  7.836509e-02   7.038172e-02   0.000000e+00   1.035053e-02   48
  8.377580e-02   9.031541e-02   0.000000e+00   3.939273e-02   6
  8.635412e-02   8.274828e-02   1.498555e-09   1.227029e-02   48
  8.885766e-02   8.192148e-02   0.000000e+00   1.028383e-02   36
  9.129257e-02   1.294857e-01   1.059638e-09   2.856174e-02   24
  9.366420e-02   8.812675e-02   0.000000e+00   1.377391e-02   24
  9.597724e-02   8.022284e-02   0.000000e+00   9.985872e-03   48
  9.823584e-02   1.056522e-01   1.498555e-09   1.661462e-02   24
  1.026040e-01   1.183766e-01   1.498555e-09   1.590705e-02   24
  1.047198e-01   6.946255e-02   0.000000e+00   1.290241e-02   30
  1.067936e-01   9.862993e-02   0.000000e+00   1.066022e-02   72
  1.088280e-01   9.607945e-02   1.589457e-09   2.174144e-02   32
  1.127866e-01   1.381975e-01   0.000000e+00   1.630155e-02   72
  1.147147e-01   7.803049e-02   0.000000e+00   1.229220e-02   48
  1.184769e-01   5.888234e-02   0.000000e+00   2.113548e-02   12
  1.203138e-01   1.128888e-01   0.000000e+00   1.456654e-02   48
  1.221232e-01   1.091736e-01   0.000000e+00   1.030827e-02   48
  1.239061e-01   1.235996e-01   1.498555e-09   1.784364e-02   48
  1.256637e-01   1.639728e-01   1.695421e-09   3.059472e-02   30
  1.273971e-01   1.916346e-01   1.498555e-09   3.674125e-02   24
  1.291072e-01   2.040430e-01   3.159231e-09   2.197203e-02   72
  1.324612e-01   7.734064e-02   0.000000e+00   2.236495e-02   24
  1.341067e-01   1.614232e-01   0.000000e+00   1.555277e-02   96
  1.357323e-01   1.353755e-01   0.000000e+00   2.348559e-02   48
  1.373387e-01   1.042081e-01   2.595573e-09   1.850171e-02   24
  1.389265e-01   7.468027e-02   2.595573e-09   1.740765e-02   24
  1.404963e-01   1.973873e-01   0.000000e+00   2.146642e-02   72
  1.420488e-01   1.628991e-01   0.000000e+00   2.252997e-02   48
  1.451039e-01   1.176242e-01   1.589457e-09   2.740371e-02   8
  1.466077e-01   2.330059e-01   1.883801e-09   3.467151e-02   54
  1.480961e-01   1.529822e-01   0.000000e+00   2.032536e-02   84
  1.495697e-01   2.111274e-01   0.000000e+00   2.766687e-02   48
  1.510290e-01   1.296226e-01   2.119276e-09   1.763351e-02   24
  1.524743e-01   1.574228e-01   1.998073e-09   1.724614e-02   72
  1.539060e-01   1.871185e-01   0.000000e+00   2.162856e-02   96
  1.567302e-01   2.318570e-01   0.000000e+00   2.340727e-02   48
  1.581234e-01   1.785506e-01   0.000000e+00   2.312760e-02   48
  1.595044e-01   1.657895e-01   2.119276e-09   3.234693e-02   24
  1.608735e-01   1.769856e-01   0.000000e+00   1.690261e-02   72
  1.635775e-01   1.733299e-01   1.998073e-09   1.953307e-02   72
  1.649128e-01   1.624809e-01   0.000000e+00   1.621967e-02   96
  1.675516e-01   2.678259e-01   0.000000e+00   1.122328e-01   6
  1.688555e-01   2.020658e-01   0.000000e+00   2.166818e-02   96
  1.701495e-01   2.112783e-01   2.119276e-09   2.243344e-02   96
  1.714336e-01   1.084453e-01   0.000000e+00   2.408688e-02   24
  1.727082e-01   1.761769e-01   2.997109e-09   2.187564e-02   48
  1.739735e-01   1.624739e-01   0.000000e+00   1.698140e-02   96
  1.752297e-01   1.725390e-01   0.000000e+00   3.527554e-02   48
  1.777153e-01   1.599771e-01   0.000000e+00   2.985408e-02   36
  1.789452e-01   1.598685e-01   3.670694e-09   2.293517e-02   48
  1.801667e-01   1.927119e-01   4.152916e-09   1.779975e-02   120
  1.813799e-01   2.114307e-01   0.000000e+00   3.240927e-02   56
  1.825851e-01   1.098379e-01   2.119276e-09   2.057591e-02   24
  1.837824e-01   1.606411e-01   0.000000e+00   1.794289e-02   96
  1.849720e-01   1.916488e-01   0.000000e+00   2.363481e-02   48
  1.873284e-01   2.266591e-01   0.000000e+00   4.367104e-02   24
  1.884956e-01   2.616883e-01   0.000000e+00   2.962634e-02   102
  1.896555e-01   2.837307e-01   0.000000e+00   4.236619e-02   48
  1.908085e-01   2.369584e-01   0.000000e+00   2.107492e-02   72
  1.919545e-01   1.990323e-01   0.000000e+00   1.977629e-02   48
  1.930937e-01   2.675933e-01   0.000000e+00   4.641103e-02   48
  1.942262e-01   2.600043e-01   4.795375e-09   2.152337e-02   120
  1.964717e-01   2.543671e-01   2.997109e-09   2.889539e-02   24
  1.975848e-01   2.017588e-01   2.825702e-09   1.633158e-02   144
  1.986918e-01   1.828548e-01   3.390842e-09   2.344126e-02   120
  1.997926e-01   1.982818e-01   2.997109e-09   3.168168e-02   48
  2.019761e-01   2.522294e-01   2.997109e-09   3.999303e-02   48
  2.030591e-01   2.126589e-01   2.997109e-09   1.786594e-02   96
  2.059187e-01   2.154986e-01   5.025279e-04   2.301430e-02   72
  2.073345e-01   2.302136e-01   3.767602e-09   1.943410e-02   108
  2.083897e-01   2.218583e-01   0.000000e+00   2.433229e-02   72
  2.094395e-01   1.436316e-01   0.000000e+00   2.272957e-02   30
  2.104841e-01   2.368304e-01   0.000000e+00   1.659541e-02   168
  2.115235e-01   3.162061e-01   0.000000e+00   3.517968e-02   48
  2.135872e-01   2.004147e-01   0.000000e+00   2.364159e-02   72
  2.146116e-01   2.467751e-01   0.000000e+00   2.605487e-02   96
  2.156312e-01   2.055552e-01   5.651403e-09   2.435018e-02   72
  2.166459e-01   2.389548e-01   0.000000e+00   2.106333e-02   72
  2.183519e-01   2.644710e-01   4.640051e-04   2.553712e-02   104
  2.196620e-01   2.280150e-01   3.996146e-09   1.563862e-02   144
  2.226373e-01   1.714801e-01   6.701740e-09   1.745817e-02   96
  2.236202e-01   1.768193e-01   0.000000e+00   2.016637e-02   96
  2.251835e-01   2.395715e-01   4.773581e-04   2.346797e-02   120
  2.265435e-01   2.090239e-01   0.000000e+00   1.933606e-02   120
  2.275095e-01   3.027950e-01   0.000000e+00   3.150586e-02   72
  2.294295e-01   2.737338e-01   0.000000e+00   3.523388e-02   48
  2.303835e-01   2.811953e-01   4.517777e-09   3.392138e-02   78
  2.316038e-01   2.305030e-01   4.274285e-04   1.897065e-02   168
  2.341605e-01   2.453840e-01   3.996146e-09   1.826605e-02   144
  2.350953e-01   3.348917e-01   3.996146e-09   2.855041e-02   144
  2.378065e-01   2.545691e-01   2.461643e-04   2.194265e-02   156
  2.387978e-01   2.000602e-01   5.191145e-09   3.342815e-02   48
  2.397145e-01   2.376778e-01   3.390842e-09   2.508756e-02   120
  2.406277e-01   2.600255e-01   0.000000e+00   6.010163e-02   48
  2.422424e-01   2.758874e-01   3.767994e-04   2.105721e-02   216
  2.442463e-01   1.153662e-01   0.000000e+00   1.409903e-02   48
  2.451427e-01   2.497818e-01   2.997109e-09   2.140523e-02   96
  2.464171e-01   2.509435e-01   4.403490e-04   1.678188e-02   168
  2.478122e-01   2.186054e-01   2.997109e-09   2.227261e-02   48
  2.486956e-01   2.146465e-01   0.000000e+00   2.017810e-02   96
  2.495760e-01   2.466750e-01   0.000000e+00   3.224970e-02   48
  2.513274e-01   2.831966e-01   3.390842e-09   3.696269e-02   30
  2.521986e-01   2.855427e-01   2.997109e-09   2.571980e-02   96
  2.532398e-01   2.393263e-01   3.460752e-04   1.602343e-02   240
  2.545786e-01   2.426829e-01   3.733652e-04   3.011638e-02   32
  2.556535e-01   2.064201e-01   0.000000e+00   1.548438e-02   168
  2.565100e-01   2.366350e-01   0.000000e+00   2.283930e-02   120
  2.582144e-01   2.544497e-01   6.318461e-09   2.655353e-02   72
  2.590624e-01   3.308800e-01   3.996146e-09   2.865630e-02   144
  2.599076e-01   2.424773e-01   0.000000e+00   2.452000e-02   96
  2.607501e-01   2.842061e-01   0.000000e+00   2.414978e-02   96
  2.624270e-01   3.522705e-01   4.894259e-09   3.609249e-02   72
  2.632614e-01   2.062371e-01   4.238553e-09   2.197475e-02   96
  2.649224e-01   3.534859e-01   0.000000e+00   7.333157e-02   24
  2.657489e-01   2.905141e-01   0.000000e+00   2.115970e-02   192
  2.667223e-01   2.638413e-01   3.168444e-04   2.140669e-02   132
  2.682134e-01   2.361621e-01   0.000000e+00   2.436728e-02   96
  2.690299e-01   2.071285e-01   0.000000e+00   1.637342e-02   96
  2.698439e-01   3.224441e-01   3.390842e-09   2.747642e-02   120
  2.714646e-01   2.934732e-01   0.000000e+00   2.922902e-02   48
  2.727931e-01   2.611001e-01   3.839899e-04   1.662481e-02   222
  2.738777e-01   3.250247e-01   0.000000e+00   2.865557e-02   120
  2.746773e-01   1.861008e-01   5.191145e-09   4.389972e-02   24
  2.758416e-01   2.838322e-01   3.963334e-04   1.672071e-02   312
  2.783784e-01   2.931391e-01   3.715784e-04   2.948554e-02   72
  2.794272e-01   2.732123e-01   2.997109e-09   2.670214e-02   96
  2.805041e-01   2.530423e-01   3.784012e-04   1.951669e-02   192
  2.817720e-01   3.263654e-01   4.795375e-09   3.214045e-02   120
  2.825493e-01   2.209167e-01   0.000000e+00   1.600532e-02   144
  2.840976e-01   3.333074e-01   0.000000e+00   3.892672e-02   48
  2.851981e-01   2.636607e-01   3.804956e-04   1.517749e-02   336
  2.864042e-01   3.179882e-01   0.000000e+00   3.907102e-02   48
  2.879317e-01   2.861970e-01   0.000000e+00   2.052564e-02   192
  2.886924e-01   1.734142e-01   0.000000e+00   2.932990e-02   48
  2.908548e-01   1.841473e-01   2.641139e-04   2.186152e-02   56
  2.919300e-01   2.674965e-01   3.392119e-04   1.519936e-02   336
  2.932153e-01   2.427140e-01   3.767602e-09   3.859930e-02   54
  2.943349e-01   2.408762e-01   3.725765e-04   1.591990e-02   240
  2.966593e-01   2.782521e-01   3.567449e-04   1.952682e-02   228
  2.976695e-01   2.921805e-01   3.996146e-09   3.355204e-02   72
  2.986501e-01   3.047835e-01   3.460513e-04   2.390635e-02   144
  2.998717e-01   2.814159e-01   0.000000e+00   2.160084e-02   96
  3.006022e-01   2.998722e-01   4.795375e-09   2.432166e-02   240
  3.020580e-01   1.716201e-01   4.238553e-09   1.464611e-02   24
  3.029899e-01   3.205816e-01   3.268428e-04   1.796278e-02   336
  3.042285e-01   2.543724e-01   0.000000e+00   3.784633e-02   72
  3.053590e-01   3.342778e-01   3.555020e-04   3.027041e-02   168
  3.063836e-01   3.691191e-01   0.000000e+00   4.386562e-02   72
  3.078120e-01   3.568996e-01   0.000000e+00   3.750629e-02   96
  3.089181e-01   2.535061e-01   3.528351e-04   1.669422e-02   216
  3.099422e-01   2.108134e-01   4.238553e-09   1.712479e-02   96
  3.113542e-01   3.217974e-01   0.000000e+00   2.275463e-02   192
  3.120578e-01   2.216398e-01   3.996146e-09   1.762123e-02   144
  3.134604e-01   2.592759e-01   0.000000e+00   3.075304e-02   48
  3.144314e-01   2.685475e-01   3.401745e-04   1.948433e-02   246
  3.157508e-01   2.947468e-01   3.136463e-04   2.075777e-02   168
  3.169395e-01   2.846980e-01   5.873111e-09   2.346968e-02   120
  3.176307e-01   2.706334e-01   0.000000e+00   1.891138e-02   240
  3.190088e-01   4.455937e-01   4.238553e-09   8.893686e-02   24
  3.201067e-01   2.590930e-01   3.357307e-04   1.271027e-02   360
  3.214741e-01   3.257219e-01   3.343020e-04   3.223930e-02   120
  3.224280e-01   2.766722e-01   0.000000e+00   2.615854e-02   144
  3.231075e-01   3.756687e-01   0.000000e+00   3.383335e-02   96
  3.251376e-01   2.491400e-01   0.000000e+00   2.150147e-02   144
  3.258114e-01   3.358497e-01   0.000000e+00   3.521352e-02   132
  3.267584e-01   2.679419e-01   3.299511e-04   1.827817e-02   176
  3.281332e-01   2.843743e-01   3.331842e-04   1.830513e-02   312
  3.298257e-01   2.846688e-01   0.000000e+00   2.239844e-02   96
  3.304900e-01   2.418199e-01   0.000000e+00   2.213318e-02   144
  3.315092e-01   2.584344e-01   3.298422e-04   1.655858e-02   312
  3.331339e-01   3.247397e-01   0.000000e+00   4.902500e-02   48
  3.337917e-01   3.228374e-01   4.238553e-09   1.970791e-02   192
  3.351032e-01   2.108929e-01   0.000000e+00   5.407243e-02   6
  3.359746e-01   2.793695e-01   3.076337e-04   1.567626e-02   288
  3.373860e-01   2.783596e-01   3.250350e-04   2.171493e-02   192
  3.383599e-01   2.805816e-01   7.535204e-09   1.824661e-02   216
  3.390075e-01   2.976103e-01   0.000000e+00   3.450461e-02   72
  3.406209e-01   3.483595e-01   3.219482e-04   2.837035e-02   192
  3.416924e-01   2.880414e-01   2.390639e-04   1.927181e-02   288
  3.428673e-01   3.618199e-01   0.000000e+00   7.117771e-02   24
  3.437749e-01   2.605431e-01   3.149468e-04   1.219949e-02   456
  3.454165e-01   4.196488e-01   0.000000e+00   7.398564e-02   48
  3.464308e-01   3.217146e-01   3.102100e-04   1.998568e-02   240
  3.475965e-01   3.106766e-01   3.135021e-04   2.936794e-02   216
  3.485768e-01   2.862390e-01   0.000000e+00   3.147343e-02   72
  3.492054e-01   3.002478e-01   1.083165e-08   2.403663e-02   168
  3.509804e-01   2.976695e-01   2.330216e-04   1.867368e-02   288
  3.519758e-01   2.916727e-01   3.083274e-04   2.730164e-02   168
  3.535746e-01   2.654538e-01   0.000000e+00   1.858337e-02   192
  3.541944e-01   2.820279e-01   3.996146e-09   2.132746e-02   144
  3.554306e-01   3.404898e-01   0.000000e+00   4.352245e-02   36
  3.564791e-01   2.619545e-01   2.815685e-04   1.301848e-02   342
  3.574815e-01   3.418140e-01   2.891367e-04   3.030969e-02   144
  3.587701e-01   3.124045e-01   3.032320e-04   1.935664e-02   384
  3.603334e-01   2.633959e-01   8.305833e-09   2.123807e-02   120
  3.611071e-01   3.251627e-01   2.703947e-04   2.020692e-02   264
  3.621548e-01   2.946900e-01   1.340348e-08   2.379295e-02   192
  3.631414e-01   3.110487e-01   2.914020e-04   2.588998e-02   152
  3.639671e-01   3.142240e-01   3.996146e-09   2.466203e-02   144
  3.657037e-01   2.520565e-01   1.885982e-04   1.513025e-02   216
  3.665075e-01   2.740342e-01   2.520176e-04   1.578720e-02   312
  3.679226e-01   3.203141e-01   2.920833e-04   2.354550e-02   240
  3.687563e-01   2.481560e-01   4.238553e-09   2.189874e-02   96
  3.703389e-01   1.947937e-01   2.792528e-04   1.500001e-02   144
  3.713142e-01   3.004485e-01   2.744809e-04   1.452726e-02   456
  3.728964e-01   2.160578e-01   0.000000e+00   2.132036e-02   120
  3.734841e-01   2.924265e-01   0.000000e+00   2.431252e-02   144
  3.746568e-01   3.624888e-01   0.000000e+00   5.614365e-02   24
  3.754086e-01   2.765997e-01   2.638397e-04   1.495283e-02   336
  3.767088e-01   2.656925e-01   2.909793e-04   2.148544e-02   198
  3.779272e-01   2.955388e-01   2.829607e-04   1.698590e-02   432
  3.793111e-01   2.828591e-01   0.000000e+00   4.001232e-02   48
  3.800331e-01   2.920259e-01   2.498053e-04   1.643006e-02   384
  3.813294e-01   2.522230e-01   2.875789e-04   2.509259e-02   144
  3.825040e-01   3.440574e-01   2.855280e-04   2.863943e-02   264
  3.839090e-01   2.736520e-01   4.238553e-09   2.956020e-02   48
  3.848516e-01   2.705268e-01   2.714905e-04   1.986270e-02   276
  3.857611e-01   3.004392e-01   2.460988e-04   2.382815e-02   192
  3.869766e-01   2.699835e-01   2.765609e-04   1.352257e-02   552
  3.884524e-01   3.119993e-01   4.795375e-09   2.535207e-02   120
  3.893296e-01   2.653956e-01   2.799479e-04   2.060327e-02   216
  3.901426e-01   2.551697e-01   6.781684e-09   2.266582e-02   120
  3.915948e-01   2.983203e-01   2.756800e-04   1.792636e-02   408
  3.929434e-01   9.714185e-02   5.994218e-09   1.182973e-02   24
  3.937796e-01   2.972163e-01   2.784864e-04   1.720293e-02   384
  3.949475e-01   2.501360e-01   2.720912e-04   1.606671e-02   240
  3.959617e-01   2.456816e-01   2.740837e-04   2.320414e-02   168
  3.973835e-01   2.461069e-01   0.000000e+00   2.268379e-02   120
  3.983001e-01   2.869566e-01   2.857179e-04   1.665435e-02   350
  3.997906e-01   3.356234e-01   4.703469e-04   2.100292e-02   384
  4.006814e-01   3.041065e-01   0.000000e+00   3.137350e-02   144
  4.023202e-01   3.291018e-01   0.000000e+00   2.347518e-02   288
  4.031758e-01   2.991103e-01   2.692323e-04   1.910686e-02   336
  4.043399e-01   2.395162e-01   2.451137e-04   1.684974e-02   168
  4.050367e-01   3.376156e-01   1.083165e-08   1.760842e-02   336
  4.064781e-01   2.828125e-01   2.544134e-04   1.730861e-02   288
  4.073437e-01   3.062563e-01   2.397224e-04   2.084213e-02   264
  4.088096e-01   2.951431e-01   0.000000e+00   2.742106e-02   240
  4.093458e-01   2.579508e-01   5.994218e-09   2.006222e-02   96
  4.112700e-01   2.734025e-01   3.260064e-04   1.615774e-02   360
  4.121680e-01   3.009101e-01   2.403227e-04   2.399213e-02   168
  4.133027e-01   2.876414e-01   2.619767e-04   1.332021e-02   456
  4.146691e-01   2.998181e-01   5.328194e-09   2.681985e-02   108
  4.154376e-01   2.224578e-01   2.628599e-04   1.728449e-02   264
  4.163964e-01   2.779159e-01   2.345138e-04   1.584868e-02   264
  4.177093e-01   2.756591e-01   2.212980e-04   1.874013e-02   312
  4.193442e-01   3.129889e-01   1.644485e-04   1.992009e-02   270
  4.200293e-01   3.664254e-01   2.087881e-04   2.854426e-02   240
  4.212611e-01   3.056968e-01   2.582972e-04   1.950266e-02   384
  4.220089e-01   2.769595e-01   5.994218e-09   2.312354e-02   192
  4.234616e-01   2.869467e-01   2.072491e-04   2.396966e-02   240
  4.243042e-01   2.957077e-01   2.557789e-04   1.739851e-02   336
  4.258889e-01   3.107299e-01   2.574903e-04   1.433363e-02   480
  4.271745e-01   2.453503e-01   9.788518e-09   3.599752e-02   72
  4.278926e-01   2.869685e-01   2.510765e-04   1.961789e-02   240
  4.288693e-01   2.711140e-01   2.359775e-04   1.539263e-02   312
  4.299890e-01   2.766041e-01   2.550351e-04   2.012925e-02   240
  4.316809e-01   2.630963e-01   1.937606e-04   1.666547e-02   408
  4.323507e-01   2.762491e-01   1.774381e-04   1.797774e-02   336
  4.336597e-01   3.025556e-01   2.253026e-04   2.132598e-02   264
  4.343030e-01   2.359847e-01   0.000000e+00   1.774305e-02   144
  4.360928e-01   2.728416e-01   3.122828e-04   1.338636e-02   464
  4.370358e-01   2.881071e-01   2.483289e-04   2.138669e-02   168
  4.379668e-01   2.606968e-01   2.261734e-04   1.624712e-02   336
  4.396494e-01   2.869315e-01   2.376394e-04   1.551168e-02   414
  4.405979e-01   3.568026e-01   2.473686e-04   2.735123e-02   216
  4.418131e-01   5.019981e-01   5.994218e-09   5.566121e-02   96
  4.423093e-01   3.070231e-01   1.340348e-08   1.989509e-02   384
  4.440474e-01   3.135953e-01   2.468906e-04   1.892076e-02   492
  4.449788e-01   3.401709e-01   2.414379e-04   2.386235e-02   240
  4.460316e-01   3.122446e-01   2.451440e-04   1.961008e-02   312
  4.474855e-01   2.918264e-01   2.450633e-04   2.540839e-02   192
  4.484064e-01   2.918941e-01   2.374960e-04   1.728854e-02   504
  4.496283e-01   3.256973e-01   1.572264e-04   1.948932e-02   408
  4.505903e-01   2.645839e-01   4.816826e-04   2.453893e-02   168
  4.517942e-01   3.860333e-01   2.288035e-04   2.362346e-02   288
  4.528044e-01   3.263213e-01   2.387760e-04   2.327334e-02   288
  4.538392e-01   2.347313e-01   2.401504e-04   1.158152e-02   432
  4.553403e-01   2.853406e-01   2.271023e-04   2.056636e-02   216
  4.561423e-01   2.765776e-01   2.266232e-04   1.604473e-02   360
  4.575702e-01   2.643015e-01   2.211821e-04   1.702621e-02   312
  4.588590e-01   2.260773e-01   0.000000e+00   2.989010e-02   48
  4.596018e-01   2.697085e-01   2.371390e-04   1.562548e-02   432
  4.609323e-01   2.848680e-01   3.955503e-04   1.659105e-02   414
  4.617179e-01   2.784836e-01   0.000000e+00   1.633392e-02   312
  4.631837e-01   3.287228e-01   3.470734e-04   1.569434e-02   528
  4.641728e-01   2.958275e-01   1.821841e-04   2.110858e-02   264
  4.653612e-01   3.331622e-01   2.160204e-04   1.901186e-02   480
  4.669139e-01   2.913479e-01   0.000000e+00   1.732747e-02   288
  4.675844e-01   2.474315e-01   2.321072e-04   1.627508e-02   168
  4.688112e-01   3.457084e-01   3.674251e-04   1.913729e-02   504
  4.701905e-01   4.275398e-01   5.651403e-09   4.489028e-02   144
  4.710583e-01   2.532409e-01   2.359750e-04   1.307967e-02   464
  4.723622e-01   2.782623e-01   3.463066e-04   1.557244e-02   432
  4.729810e-01   2.998921e-01   0.000000e+00   2.639173e-02   192
  4.745801e-01   2.499609e-01   2.567288e-04   1.463232e-02   396
  4.755245e-01   3.059857e-01   2.306133e-04   2.012508e-02   288
  4.764789e-01   2.476005e-01   2.278065e-04   1.402674e-02   336
  4.780036e-01   2.721428e-01   1.442516e-04   1.313094e-02   432
  4.789711e-01   3.107410e-01   3.738801e-04   2.243685e-02   360
  4.800575e-01   2.850577e-01   2.211556e-04   1.351937e-02   384
  4.816004e-01   2.996380e-01   1.952123e-04   1.782031e-02   198
  4.823439e-01   2.639022e-01   2.218929e-04   1.327167e-02   552
  4.837301e-01   3.483692e-01   3.106349e-04   2.110071e-02   432
  4.848875e-01   2.763476e-01   6.850535e-09   2.176815e-02   168
  4.858589e-01   3.615420e-01   3.850736e-04   2.111014e-02   480
  4.871439e-01   2.951006e-01   6.781684e-09   2.913743e-02   120
  4.877223e-01   3.214203e-01   3.145115e-04   2.343865e-02   336
  4.891336e-01   2.834379e-01   2.218829e-04   1.292697e-02   672
  4.905292e-01   3.116541e-01   3.227590e-04   1.555064e-02   528
  4.911792e-01   2.367626e-01   0.000000e+00   1.943194e-02   168
  4.926809e-01   3.229559e-01   3.600355e-04   1.857214e-02   456
  4.935972e-01   3.443135e-01   2.198767e-04   2.689370e-02   168
  4.945484e-01   3.533065e-01   2.194819e-04   1.870391e-02   504
  4.961297e-01   2.593831e-01   2.824396e-04   1.713200e-02   336
  4.970859e-01   2.716142e-01   2.036055e-04   1.353820e-02   312
  4.981466e-01   2.532643e-01   1.989364e-04   1.402159e-02   504
  4.995424e-01   2.553093e-01   1.380276e-04   1.221057e-02   432
  5.001986e-01   2.782338e-01   2.132983e-04   2.139487e-02   312
  5.015628e-01   2.392928e-01   2.186412e-04   1.365190e-02   384
  5.029871e-01   3.695608e-01   1.857611e-04   4.532373e-02   126
  5.038665e-01   3.110869e-01   3.261522e-04   1.693750e-02   492
  5.049897e-01   3.270938e-01   2.089008e-04   1.741097e-02   528
  5.063933e-01   2.921118e-01   2.121984e-04   1.637953e-02   480
  5.072636e-01   3.301934e-01   2.931509e-04   2.003171e-02   432
  5.085229e-01   2.697272e-01   2.305243e-04   1.553003e-02   440
  5.099854e-01   2.938945e-01   1.146388e-04   2.060927e-02   312
  5.105343e-01   2.495402e-01   1.717959e-04   1.174939e-02   480
  5.116600e-01   2.544095e-01   3.363730e-04   1.290963e-02   408
  5.133048e-01   3.438505e-01   2.014494e-04   2.604164e-02   360
  5.139997e-01   3.075144e-01   1.943913e-04   1.902749e-02   408
  5.152875e-01   2.748144e-01   1.978178e-04   1.558921e-02   456
  5.167375e-01   3.603452e-01   1.890651e-04   2.246015e-02   264
  5.175423e-01   2.916956e-01   2.051830e-04   1.870123e-02   384
  5.187139e-01   2.695358e-01   3.454401e-04   1.210665e-02   672
  5.200682e-01   3.169539e-01   2.066178e-04   2.351870e-02   240
  5.208498e-01   2.293455e-01   2.096654e-04   1.503994e-02   264
  5.219528e-01   2.540970e-01   2.585876e-04   1.179227e-02   624
  5.235988e-01   2.848170e-01   0.000000e+00   3.194224e-02   150
  5.241848e-01   3.506279e-01   2.897679e-04   1.857049e-02   600
  5.254207e-01   3.190070e-01   1.999903e-04   1.471929e-02   672
  5.268202e-01   3.046473e-01   1.881050e-04   1.755839e-02   336
  5.275998e-01   3.505733e-01   2.046034e-04   2.441321e-02   408
  5.288454e-01   3.315422e-01   2.041215e-04   1.962150e-02   408
  5.302309e-01   3.113319e-01   1.032148e-04   1.592408e-02   360
  5.310849e-01   3.098796e-01   3.789714e-04   1.707010e-02   456
  5.321165e-01   3.098971e-01   2.060870e-04   1.782180e-02   384
  5.334296e-01   2.134052e-01   1.902444e-04   1.351331e-02   348
  5.341391e-01   3.283264e-01   2.345337e-04   2.197133e-02   576
  5.354720e-01   3.104535e-01   1.931077e-04   1.950488e-02   504
  5.368355e-01   2.624704e-01   2.723672e-04   1.430240e-02   432
  5.380257e-01   3.101313e-01   3.705542e-04   1.477839e-02   576
  5.388745e-01   2.895179e-01   8.718863e-09   2.166640e-02   264
  5.402209e-01   2.633654e-01   2.948686e-04   1.040058e-02   768
  5.413919e-01   1.995653e-01   3.969869e-04   1.167697e-02   240
  5.423229e-01   3.157143e-01   3.501048e-04   2.601820e-02   192
  5.436789e-01   2.656247e-01   2.577199e-04   1.344135e-02   504
  5.446846e-01   3.559268e-01   3.472873e-04   1.856392e-02   590
  5.456491e-01   3.508555e-01   3.891164e-04   1.939154e-02   384
  5.468584e-01   2.990856e-01   3.251867e-04   1.656197e-02   504
  5.483186e-01   3.400257e-01   3.129419e-04   1.787708e-02   648
  5.497348e-01   2.908331e-01   8.499089e-05   1.386539e-02   504
  5.503059e-01   3.003940e-01   1.938802e-04   1.908927e-02   312
  5.513141e-01   3.644838e-01   2.793337e-04   2.032192e-02   576
  5.526981e-01   3.565627e-01   1.943899e-04   2.784039e-02   240
  5.535050e-01   2.205401e-01   1.964216e-04   9.049389e-03   552
  5.546470e-01   3.546891e-01   1.844354e-04   2.178529e-02   600
  5.562738e-01   2.552526e-01   2.252732e-04   1.147996e-02   600
  5.572519e-01   2.713728e-01   3.607573e-04   1.848343e-02   312
  5.582259e-01   3.162678e-01   3.141839e-04   1.724261e-02   480
  5.594427e-01   2.480049e-01   1.960206e-04   1.159664e-02   576
  5.605139e-01   2.737813e-01   3.156357e-04   1.741490e-02   408
  5.614645e-01   1.656901e-01   3.682036e-04   1.066401e-02   216
  5.626926e-01   2.716274e-01   2.820025e-04   1.348257e-02   516
  5.640083e-01   2.593220e-01   2.690591e-04   1.156497e-02   744
  5.653657e-01   3.108492e-01   1.797077e-04   1.879050e-02   462
  5.661327e-01   2.745635e-01   1.826469e-04   2.138267e-02   432
  5.673224e-01   3.146121e-01   1.694450e-04   1.572003e-02   648
  5.687212e-01   3.061016e-01   2.479296e-04   1.761304e-02   528
  5.698448e-01   3.148663e-01   2.985691e-04   1.640404e-02   600
  5.709675e-01   3.583455e-01   3.764176e-04   2.432930e-02   240
  5.720549e-01   2.643809e-01   2.883323e-04   1.329995e-02   720
  5.733187e-01   2.951905e-01   2.281230e-04   1.280169e-02   720
  5.747197e-01   2.122407e-01   0.000000e+00   2.081190e-02   144
  5.754570e-01   3.243608e-01   2.941188e-04   1.527649e-02   720
  5.765058e-01   2.957589e-01   1.763594e-04   1.653909e-02   384
  5.778188e-01   2.680756e-01   1.955038e-04   1.143941e-02   672
  5.790646e-01   3.057442e-01   3.423056e-04   2.135300e-02   336
  5.796596e-01   2.746432e-01   7.992291e-09   1.879152e-02   288
  5.811165e-01   2.822359e-01   2.709120e-04   1.211593e-02   776
  5.824653e-01   2.286507e-01   2.318063e-04   9.954662e-03   720
  5.835980e-01   2.257773e-01   1.867370e-04   1.169065e-02   432
  5.845040e-01   3.346130e-01   2.662171e-04   1.792723e-02   504
  5.855119e-01   2.819330e-01   1.865229e-04   1.445468e-02   528
  5.869222e-01   3.961398e-01   2.541266e-04   3.119900e-02   438
  5.880825e-01   3.530543e-01   2.957801e-04   2.167426e-02   624
  5.889568e-01   3.305611e-01   3.622906e-04   2.652588e-02   312
  5.901587e-01   3.720858e-01   1.951931e-04   1.912298e-02   696
  5.914016e-01   2.817652e-01   1.766144e-04   1.377491e-02   552
  5.926943e-01   2.694706e-01   1.366406e-04   1.510324e-02   516
  5.934940e-01   4.088578e-01   2.729293e-04   2.486364e-02   528
  5.944675e-01   2.107153e-01   1.774934e-04   1.097525e-02   528
  5.958504e-01   2.746184e-01   2.340778e-04   1.256656e-02   864
  5.967890e-01   2.877238e-01   3.206384e-04   1.836124e-02   408
  5.977287e-01   3.894177e-01   3.176732e-04   3.861826e-02   192
  5.990604e-01   2.579607e-01   2.628898e-04   1.304702e-02   720
  6.001846e-01   2.698829e-01   2.423973e-04   1.194079e-02   696
  6.015205e-01   3.096002e-01   2.617914e-04   1.788488e-02   720
  6.027427e-01   3.363681e-01   3.548268e-04   2.097330e-02   432
  6.034554e-01   2.028476e-01   2.088649e-04   1.243569e-02   264
  6.047379e-01   3.092690e-01   2.884332e-04   1.588509e-02   672
  6.058849e-01   2.895494e-01   2.953113e-04   1.507215e-02   600
  6.072461e-01   1.758486e-01   1.729045e-04   1.012945e-02   270
  6.079323e-01   2.887339e-01   2.602694e-04   1.842278e-02   528
  6.090231e-01   3.075022e-01   1.782233e-04   1.614592e-02   840
  6.105187e-01   3.498543e-01   3.407949e-04   1.976831e-02   888
  6.119006e-01   2.728488e-01   2.539173e-04   1.256114e-02   744
  6.130685e-01   2.663567e-01   1.304764e-04   1.614535e-02   456
  6.136494e-01   5.055923e-01   1.783041e-04   3.919030e-02   360
  6.146434e-01   2.675545e-01   1.544904e-04   2.337878e-02   384
  6.161685e-01   3.218761e-01   2.478012e-04   1.616207e-02   816
  6.173129e-01   2.831580e-01   3.595249e-04   1.415619e-02   824
  6.187038e-01   2.831395e-01   1.671243e-04   1.866597e-02   360
  6.194487e-01   2.809953e-01   2.466127e-04   1.229871e-02   624
  6.204737e-01   3.552857e-01   1.666475e-04   2.963975e-02   360
  6.218393e-01   2.906277e-01   2.266896e-04   1.209989e-02   876
  6.230726e-01   2.775012e-01   2.692394e-04   1.451466e-02   696
  6.243164e-01   2.183002e-01   1.738571e-04   1.274557e-02   336
  6.249685e-01   3.441878e-01   1.736618e-04   2.504147e-02   504
  6.260455e-01   2.449611e-01   1.751666e-04   1.109040e-02   672
  6.276432e-01   2.547691e-01   3.487160e-04   1.225551e-02   720
  6.287513e-01   2.958074e-01   2.634177e-04   1.471488e-02   774
  6.299744e-01   3.812188e-01   1.507735e-04   2.862717e-02   384
  6.306149e-01   3.203381e-01   2.901529e-04   1.938864e-02   528
  6.316091e-01   3.657381e-01   2.765319e-04   2.285016e-02   744
  6.332082e-01   3.226831e-01   2.280801e-04   1.496815e-02   768
  6.342699e-01   2.931990e-01   2.560371e-04   1.986210e-02   552
  6.355947e-01   2.656672e-01   2.790515e-04   1.580131e-02   696
  6.365801e-01   3.282298e-01   3.390961e-04   2.834941e-02   408
  6.373624e-01   3.379160e-01   1.464922e-04   2.252007e-02   504
  6.386025e-01   2.826519e-01   2.631678e-04   1.381827e-02   888
  6.398228e-01   2.819811e-01   2.735074e-04   1.328242e-02   648
  6.410912e-01   3.110157e-01   2.711630e-04   1.829389e-02   648
  6.422845e-01   2.901060e-01   2.923802e-04   1.478598e-02   792
  6.435486e-01   2.636799e-01   4.277722e-04   1.456856e-02   600
  6.444800e-01   2.210453e-01   2.899046e-04   1.058231e-02   456
  6.454604e-01   2.873316e-01   1.412871e-04   1.502642e-02   648
  6.467196e-01   2.790427e-01   2.755305e-04   1.190899e-02   936
  6.480791e-01   3.003173e-01   1.692113e-04   1.748682e-02   384
  6.492625e-01   3.128783e-01   0.000000e+00   3.059825e-02   198
  6.501758e-01   3.173492e-01   4.293034e-04   1.516205e-02   1224
  6.511610e-01   4.024146e-01   3.126651e-04   2.811816e-02   420
  6.523261e-01   3.032473e-01   3.025944e-04   1.577572e-02   792
  6.534654e-01   3.411709e-01   2.502197e-04   1.814061e-02   680
  6.547656e-01   3.402760e-01   2.297635e-04   2.751129e-02   600
  6.558117e-01   2.601737e-01   3.332201e-04   1.273360e-02   840
  6.572086e-01   2.922472e-01   1.573311e-04   2.045406e-02   432
  6.577423e-01   3.790627e-01   1.474399e-04   2.309794e-02   720
  6.589028e-01   2.861761e-01   2.952964e-04   1.377209e-02   960
  6.603461e-01   2.418481e-01   2.632351e-04   1.375848e-02   528
  6.614009e-01   2.472697e-01   2.690765e-04   1.225344e-02   624
  6.626564e-01   2.820873e-01   2.114923e-04   1.561153e-02   816
  6.639025e-01   2.736069e-01   3.478036e-04   1.356809e-02   696
  6.652796e-01   2.301795e-01   9.590750e-09   1.708912e-02   240
  6.657974e-01   3.244392e-01   2.051081e-04   1.817468e-02   672
  6.669532e-01   2.864037e-01   3.665574e-04   1.503987e-02   864
  6.682496e-01   2.521285e-01   2.812733e-04   1.097799e-02   816
  6.694181e-01   2.711199e-01   1.609912e-04   1.365039e-02   648
  6.706767e-01   3.575829e-01   1.645623e-04   1.991142e-02   843
  6.717452e-01   2.574872e-01   2.960880e-04   1.324073e-02   780
  6.730185e-01   3.083335e-01   1.588753e-04   5.451824e-02   216
  6.738038e-01   2.772887e-01   3.831105e-04   1.125213e-02   1056
  6.750118e-01   2.259511e-01   3.134274e-04   1.644780e-02   228
  6.761301e-01   3.317922e-01   3.902249e-04   1.646798e-02   924
  6.772783e-01   3.140857e-01   1.447516e-04   1.371406e-02   696
  6.784941e-01   2.761113e-01   2.576163e-04   1.371978e-02   996
  6.797379e-01   2.097964e-01   1.520916e-04   1.070658e-02   576
  6.810320e-01   2.399434e-01   2.347432e-04   1.353344e-02   552
  6.819753e-01   3.126479e-01   2.802752e-04   1.790569e-02   516
  6.829327e-01   2.930590e-01   4.075783e-04   1.725161e-02   744
  6.840265e-01   2.362834e-01   1.999414e-04   1.350861e-02   576
  6.849781e-01   2.613010e-01   2.057904e-04   1.272113e-02   792
  6.863303e-01   2.457452e-01   2.352566e-04   1.237614e-02   792
  6.873212e-01   2.903631e-01   2.537217e-04   1.632802e-02   720
  6.886614e-01   2.521867e-01   2.891844e-04   1.156906e-02   656
  6.899172e-01   2.201136e-01   3.157744e-04   9.401519e-03   816
  6.912045e-01   3.031274e-01   1.702602e-04   2.162856e-02   492
  6.919363e-01   2.895518e-01   2.449314e-04   1.623142e-02   552
  6.933096e-01   2.102506e-01   4.259058e-04   1.182975e-02   780
  6.942015e-01   2.430451e-01   2.616289e-04   1.328028e-02   528
  6.951624e-01   2.098119e-01   3.054005e-04   1.069567e-02   600
  6.965787e-01   2.481414e-01   2.538120e-04   9.662157e-03   900
  6.975549e-01   2.642482e-01   1.405147e-04   1.380103e-02   696
  6.988979e-01   2.278753e-01   3.552967e-04   1.085026e-02   696
  7.001972e-01   2.125051e-01   1.441405e-04   9.778751e-03   552
  7.012898e-01   2.556347e-01   1.676221e-04   1.222369e-02   708
  7.024344e-01   2.292567e-01   2.767536e-04   1.067681e-02   876
  7.036253e-01   2.235851e-01   1.469507e-04   2.315409e-02   216
  7.044246e-01   2.479804e-01   4.019301e-04   8.841149e-03   1032
  7.056214e-01   2.190758e-01   4.475047e-04   9.974686e-03   600
  7.068637e-01   1.808466e-01   2.135326e-04   8.457031e-03   600
  7.078114e-01   2.239648e-01   3.770786e-04   1.236536e-02   528
  7.089316e-01   2.319349e-01   2.069996e-04   9.336175e-03   732
  7.101116e-01   2.459544e-01   1.528505e-04   1.455966e-02   336
  7.114699e-01   1.976829e-01   2.178422e-04   8.451383e-03   912
  7.124851e-01   1.997498e-01   2.186476e-04   9.326778e-03   624
  7.135942e-01   2.052471e-01   1.842497e-04   7.871356e-03   768
  7.148888e-01   2.322717e-01   3.324228e-04   9.687109e-03   792
  7.161595e-01   2.169468e-01   1.648015e-04   9.593176e-03   660
  7.170636e-01   1.974416e-01   2.428615e-04   1.054480e-02   504
  7.179987e-01   2.091533e-01   3.967892e-04   9.444351e-03   480
  7.194001e-01   1.768120e-01   3.669783e-04   6.328457e-03   912
  7.204975e-01   1.990618e-01   4.086872e-04   1.203858e-02   432
  7.215338e-01   2.228223e-01   2.426689e-04   1.140849e-02   564
  7.224540e-01   2.072001e-01   2.322675e-04   8.792361e-03   600
  7.237493e-01   2.080490e-01   3.237589e-04   8.223856e-03   876
  7.247223e-01   2.012788e-01   1.455718e-04   1.788551e-02   264
  7.260636e-01   1.866787e-01   2.824665e-04   9.542353e-03   560
  7.271417e-01   2.133302e-01   1.919421e-04   8.449540e-03   840
  7.284504e-01   1.857141e-01   2.959193e-04   6.707160e-03   1008
  7.296606e-01   1.570285e-01   1.323744e-04   8.557518e-03   456
  7.307658e-01   2.061348e-01   1.714724e-04   9.202159e-03   576
  7.317876e-01   2.238636e-01   2.634856e-04   1.143039e-02   612
  7.331349e-01   2.004265e-01   2.353354e-04   7.609904e-03   780
  7.342341e-01   2.130609e-01   2.696836e-04   1.168247e-02   648
  7.353591e-01   2.013263e-01   1.256760e-04   1.390951e-02   312
  7.360783e-01   1.726510e-01   3.193221e-04   8.865360e-03   528
  7.373241e-01   1.616708e-01   4.170188e-04   6.687666e-03   720
  7.385155e-01   2.018568e-01   4.183247e-04   1.070007e-02   576
  7.399599e-01   2.130242e-01   3.608590e-04   1.189522e-02   444
  7.408586e-01   1.910847e-01   3.538864e-04   7.033260e-03   996
  7.419599e-01   1.901906e-01   2.956016e-04   9.278834e-03   432
  7.430008e-01   2.046134e-01   3.236256e-04   9.660561e-03   504
  7.438999e-01   1.380509e-01   1.459075e-04   6.624153e-03   504
  7.451803e-01   1.976558e-01   2.871477e-04   6.963865e-03   876
  7.463388e-01   1.683179e-01   3.304796e-04   8.592696e-03   504
  7.475452e-01   1.877855e-01   2.107626e-04   8.232025e-03   696
  7.485421e-01   1.745326e-01   1.801799e-04   8.424630e-03   492
  7.498987e-01   1.847404e-01   2.579363e-04   9.473046e-03   432
  7.509034e-01   2.122344e-01   2.415290e-04   8.306535e-03   768
  7.520944e-01   1.740042e-01   3.008569e-04   1.032005e-02   648
  7.532317e-01   1.696241e-01   1.962768e-04   1.069693e-02   456
  7.545385e-01   2.062324e-01   2.699125e-04   9.985841e-03   552
  7.554460e-01   1.792770e-01   1.849982e-04   8.056322e-03   648
  7.566950e-01   1.633896e-01   3.015367e-04   5.738584e-03   840
  7.579151e-01   1.742065e-01   1.437965e-04   8.037658e-03   432
  7.591366e-01   1.997241e-01   1.761262e-04   9.681406e-03   600
  7.599862e-01   1.749764e-01   1.876509e-04   8.838383e-03   432
  7.614131e-01   1.832551e-01   1.868247e-04   7.848228e-03   560
  7.623795e-01   1.694904e-01   2.957239e-04   6.162297e-03   840
  7.635896e-01   2.013583e-01   1.751616e-04   9.456765e-03   504
  7.645506e-01   1.695218e-01   3.574943e-04   6.762407e-03   696
  7.659053e-01   2.214328e-01   1.952507e-04   1.425092e-02   384
  7.669605e-01   1.738281e-01   2.860193e-04   7.670253e-03   576
  7.682367e-01   1.810386e-01   1.765168e-04   1.008490e-02   360
  7.692654e-01   1.699724e-01   2.628763e-04   6.380008e-03   828
  7.703752e-01   1.737811e-01   2.341402e-04   9.358325e-03   372
  7.713920e-01   1.631860e-01   3.575770e-04   7.584297e-03   576
  7.727390e-01   1.856263e-01   1.497528e-04   8.525682e-03   636
  7.736987e-01   1.708113e-01   2.886848e-04   6.553365e-03   648
  7.749969e-01   1.652161e-01   2.346692e-04   7.493527e-03   576
  7.759289e-01   1.606954e-01   3.785461e-04   8.711077e-03   528
  7.771683e-01   1.890862e-01   1.618441e-04   1.355878e-02   360
  7.781942e-01   1.601237e-01   3.723021e-04   6.803089e-03   672
  7.795338e-01   1.938944e-01   1.906993e-04   6.855009e-03   804
  7.806488e-01   1.687309e-01   2.103641e-04   8.821222e-03   408
  7.818822e-01   1.714747e-01   1.300279e-04   9.382340e-03   384
  7.827127e-01   1.576722e-01   2.975538e-04   8.384182e-03   480
  7.838841e-01   1.896533e-01   1.922633e-04   9.208930e-03   432
  7.850075e-01   1.930235e-01   3.543003e-04   7.220349e-03   648
  7.863374e-01   1.634986e-01   2.198417e-04   6.720040e-03   624
  7.873102e-01   1.715728e-01   1.999645e-04   8.610369e-03   456
  7.886385e-01   1.610143e-01   2.731694e-04   6.931837e-03   588
  7.895286e-01   1.691454e-01   1.742809e-04   7.421084e-03   600
  7.908283e-01   1.689701e-01   2.718355e-04   7.604204e-03   708
  7.918549e-01   1.978674e-01   1.712511e-04   1.135954e-02   360
  7.929893e-01   1.619575e-01   1.968577e-04   6.922466e-03   552
  7.940768e-01   1.489850e-01   1.381003e-04   9.438894e-03   288
  7.951809e-01   1.519520e-01   2.596664e-04   7.568924e-03   528
  7.962181e-01   1.687173e-01   1.751829e-04   7.135455e-03   456
  7.973771e-01   1.642703e-01   3.106374e-04   6.966498e-03   608
  7.985427e-01   1.466911e-01   1.502898e-04   7.881138e-03   504
  7.998164e-01   1.487709e-01   3.226637e-04   6.407504e-03   540
  8.008151e-01   1.670076e-01   3.463704e-04   8.930639e-03   360
  8.018917e-01   1.694671e-01   1.568542e-04   7.658109e-03   540
  8.028439e-01   1.544974e-01   1.346780e-04   7.056993e-03   576
  8.042285e-01   1.682200e-01   3.122726e-04   7.511936e-03   588
  8.055450e-01   1.616104e-01   4.308419e-04   7.405131e-03   672
  8.066761e-01   1.567917e-01   3.292961e-04   7.529795e-03   552
  8.075877e-01   1.609313e-01   3.294626e-04   1.464538e-02   144
  8.087511e-01   1.902817e-01   2.799123e-04   9.422245e-03   600
  8.098542e-01   1.345074e-01   3.507912e-04   6.118583e-03   504
  8.110784e-01   1.997182e-01   3.603334e-04   1.140900e-02   336
  8.123661e-01   1.534443e-01   4.050163e-04   6.219936e-03   600
  8.135194e-01   1.553253e-01   2.613843e-04   7.032722e-03   636
  8.147641e-01   1.616410e-01   2.101554e-04   7.841416e-03   384
  8.156368e-01   1.807667e-01   2.931419e-04   8.344561e-03   504
  8.168946e-01   1.640391e-01   1.230275e-04   1.196709e-02   240
  8.178874e-01   1.780254e-01   2.890092e-04   7.083718e-03   744
  8.190784e-01   1.454294e-01   1.973493e-04   6.069926e-03   648
  8.201369e-01   1.831430e-01   1.310064e-04   1.769080e-02   120
  8.213775e-01   1.643964e-01   2.057940e-04   7.351175e-03   564
  8.223149e-01   1.717117e-01   3.232119e-04   8.484982e-03   432
  8.235661e-01   1.620713e-01   2.508763e-04   7.261074e-03   480
  8.245082e-01   1.476540e-01   1.846513e-04   7.540617e-03   456
  8.256202e-01   1.552646e-01   3.055706e-04   6.864731e-03   444
  8.268821e-01   1.430303e-01   4.675392e-04   6.902198e-03   528
  8.279907e-01   1.439500e-01   3.472317e-04   8.144597e-03   264
  8.290664e-01   1.639781e-01   3.558608e-04   8.052029e-03   444
  8.305136e-01   1.634782e-01   3.897932e-04   6.783228e-03   696
  8.317148e-01   1.687266e-01   2.084744e-04   9.692248e-03   384
  8.325934e-01   1.594164e-01   2.634249e-04   8.851436e-03   432
  8.339598e-01   1.518662e-01   1.820143e-04   6.978810e-03   488
  8.348470e-01   1.605155e-01   2.743182e-04   7.500462e-03   480
  8.361333e-01   1.491821e-01   3.059215e-04   6.685165e-03   480
  8.371295e-01   1.626755e-01   1.283553e-04   9.434132e-03   240
  8.382605e-01   1.579705e-01   2.998278e-04   7.752714e-03   600
  8.393273e-01   1.516417e-01   2.612693e-04   9.872396e-03   288
  8.404633e-01   1.680811e-01   2.513219e-04   9.100345e-03   480
  8.416137e-01   1.479007e-01   4.470568e-04   7.130844e-03   504
  8.427464e-01   1.614629e-01   1.918152e-04   1.147865e-02   216
  8.441910e-01   1.787615e-01   3.140320e-04   7.910520e-03   504
  8.453161e-01   1.744656e-01   2.525773e-04   9.659524e-03   456
  8.465476e-01   1.609957e-01   1.448574e-04   8.492511e-03   384
  8.473633e-01   1.770499e-01   2.940081e-04   8.517772e-03   480
  8.485224e-01   1.468818e-01   2.581721e-04   7.775699e-03   504
  8.495963e-01   1.592467e-01   1.637682e-04   9.306807e-03   312
  8.507536e-01   1.566895e-01   2.639069e-04   8.293078e-03   492
  8.517779e-01   1.840358e-01   2.473513e-04   1.161103e-02   312
  8.530964e-01   1.519905e-01   4.018026e-04   5.962044e-03   576
  8.542572e-01   1.814302e-01   3.708963e-04   1.333116e-02   336
  8.552213e-01   1.564020e-01   2.855730e-04   1.206119e-02   240
  8.565577e-01   1.896121e-01   3.785974e-04   9.034526e-03   468
  8.577117e-01   2.017401e-01   2.370567e-04   1.502716e-02   192
  8.589195e-01   1.786000e-01   2.377633e-04   1.163350e-02   324
  8.598047e-01   1.578905e-01   1.725647e-04   7.049683e-03   600
  8.610110e-01   1.935117e-01   2.799685e-04   9.374297e-03   456
  8.619069e-01   1.620867e-01   1.259298e-04   9.659922e-03   336
  8.633917e-01   1.631111e-01   3.770695e-04   7.802788e-03   612
  8.644719e-01   1.405038e-01   3.164532e-04   1.411901e-02   144
  8.654935e-01   1.874214e-01   3.693821e-04   8.035627e-03   552
  8.668827e-01   1.300042e-01   1.454672e-04   7.751521e-03   264
  8.676676e-01   1.683548e-01   3.367937e-04   9.104982e-03   336
  8.689058e-01   1.538057e-01   2.225417e-04   7.242183e-03   384
  8.699797e-01   1.667602e-01   1.252690e-04   1.081991e-02   216
  8.711683e-01   1.627734e-01   2.655962e-04   8.512876e-03   344
  8.722521e-01   1.612978e-01   3.962819e-04   8.976758e-03   408
  8.735729e-01   1.369552e-01   3.045168e-04   1.041383e-02   264
  8.747433e-01   1.731801e-01   4.245115e-04   8.601137e-03   612
  8.759127e-01   2.064422e-01   2.184861e-04   1.032175e-02   408
  8.771153e-01   1.790131e-01   2.188001e-04   1.076715e-02   444
  8.779988e-01   2.096992e-01   1.223733e-04   1.987748e-02   120
  8.791827e-01   1.913815e-01   3.380949e-04   1.148939e-02   336
  8.800614e-01   1.668880e-01   1.174866e-04   9.671004e-03   288
  8.812488e-01   1.695747e-01   3.656205e-04   8.575052e-03   552
  8.828813e-01   2.220609e-01   1.957704e-08   2.281386e-02   72
  8.837207e-01   1.547831e-01   3.631543e-04   7.840971e-03   504
  8.847012e-01   1.274856e-01   1.168595e-04   7.966766e-03   216
  8.859716e-01   1.702838e-01   2.086446e-04   1.164270e-02   312
  8.871120e-01   1.598981e-01   2.375747e-04   8.794194e-03   336
  8.881989e-01   1.343654e-01   3.293052e-04   1.039966e-02   204
  8.892814e-01   1.573590e-01   3.827027e-04   7.348993e-03   504
  8.904295e-01   2.047210e-01   3.644429e-04   1.106774e-02   396
  8.915335e-01   1.843686e-01   3.342132e-04   1.421375e-02   312
  8.928719e-01   1.849580e-01   2.042400e-04   1.251070e-02   216
  8.938150e-01   1.547783e-01   1.108450e-04   1.451041e-02   168
  8.949610e-01   1.812930e-01   2.798897e-04   7.778980e-03   588
  8.962689e-01   1.188376e-01   3.799175e-04   7.183386e-03   240
  8.972850e-01   1.518495e-01   3.355308e-04   1.140948e-02   264
  8.984767e-01   1.746874e-01   4.149529e-04   1.161361e-02   288
  8.995339e-01   1.578325e-01   2.072102e-04   1.077697e-02   288
  9.008740e-01   1.501088e-01   1.946034e-04   1.050446e-02   288
  9.017763e-01   1.489590e-01   2.254318e-04   1.181078e-02   192
  9.029115e-01   1.306933e-01   2.398820e-04   9.949710e-03   264
  9.039929e-01   2.201137e-01   3.945727e-04   1.295001e-02   372
  9.051567e-01   1.861038e-01   4.261555e-04   1.197323e-02   360
  9.065772e-01   1.793629e-01   1.803531e-04   1.814995e-02   144
  9.073113e-01   1.665677e-01   2.505025e-04   1.134182e-02   296
  9.084702e-01   1.433903e-01   2.699035e-04   9.169592e-03   288
  9.097970e-01   1.464366e-01   4.033639e-04   6.714361e-03   480
  9.109414e-01   1.422436e-01   3.351569e-04   1.084473e-02   192
  9.120543e-01   1.805991e-01   3.595015e-04   1.726543e-02   192
  9.130658e-01   1.463844e-01   2.291145e-04   9.137460e-03   288
  9.144726e-01   1.331037e-01   1.994411e-04   1.313691e-02   108
  9.151811e-01   1.988001e-01   1.917382e-04   1.155596e-02   240
  9.164324e-01   1.324989e-01   3.576920e-04   7.405216e-03   384
  9.177178e-01   1.552057e-01   4.363437e-04   1.637962e-02   108
  9.188545e-01   2.374752e-01   2.558364e-04   1.382455e-02   348
  9.200497e-01   1.797186e-01   2.670009e-04   1.322195e-02   312
  9.211172e-01   1.449980e-01   2.594474e-04   1.510274e-02   96
  9.220989e-01   1.619647e-01   3.454074e-04   9.185502e-03   384
  9.231983e-01   1.480897e-01   2.375703e-04   1.259948e-02   144
  9.242737e-01   1.764272e-01   3.650373e-04   8.823613e-03   408
  9.256105e-01   1.401002e-01   1.628324e-04   1.171875e-02   144
  9.268733e-01   1.718794e-01   3.130471e-04   1.609087e-02   192
  9.276223e-01   1.889404e-01   3.523403e-04   1.446421e-02   144
  9.288431e-01   1.378793e-01   2.864656e-04   1.226685e-02   144
  9.299949e-01   1.768752e-01   3.501074e-04   1.047895e-02   336
  9.314055e-01   1.224605e-01   2.590351e-04   9.646445e-03   240
  9.322999e-01   1.762812e-01   1.176255e-04   1.962169e-02   96
  9.335474e-01   2.066431e-01   3.449390e-04   1.392478e-02   372
  9.348094e-01   1.393828e-01   4.102976e-04   1.334656e-02   132
  9.359179e-01   1.456067e-01   2.538872e-04   9.313363e-03   264
  9.369095e-01   1.736920e-01   1.949738e-04   1.385422e-02   168
  9.379679e-01   1.767084e-01   3.117257e-04   1.299715e-02   216
  9.389028e-01   1.737130e-01   1.907177e-04   1.686055e-02   216
  9.402644e-01   1.655129e-01   3.498876e-04   1.796657e-02   96
  9.414999e-01   1.860980e-01   2.282697e-04   1.943972e-02   120
  9.426329e-01   1.380940e-01   2.901950e-04   8.297348e-03   216
  9.435662e-01   1.596338e-01   1.268162e-04   1.330995e-02   200
  9.448020e-01   1.592125e-01   3.282727e-04   1.155364e-02   288
  9.463870e-01   1.284923e-01   8.637492e-05   1.203310e-02   144
  9.470544e-01   1.839158e-01   2.687934e-04   1.388723e-02   168
  9.484173e-01   1.867952e-01   3.025020e-04   1.563678e-02   159
  9.494812e-01   1.431265e-01   3.173973e-04   9.916470e-03   174
  9.505108e-01   1.209202e-01   2.878048e-04   9.095137e-03   144
  9.518590e-01   1.751686e-01   1.661865e-04   1.298108e-02   222
  9.527607e-01   1.491473e-01   1.676969e-04   1.561628e-02   168
  9.543181e-01   3.659918e-01   3.678236e-04   5.181233e-02   30
  9.549614e-01   1.145171e-01   3.247612e-04   1.181243e-02   72
  9.561731e-01   1.627624e-01   2.898455e-04   1.047612e-02   258
  9.575053e-01   1.355863e-01   1.815377e-04   7.913672e-03   264
  9.581715e-01   1.525845e-01   0.000000e+00   1.831701e-02   72
  9.595596e-01   1.456213e-01   3.598154e-04   1.162464e-02   174
  9.608164e-01   1.337934e-01   3.831369e-04   1.010205e-02   168
  9.618269e-01   1.352426e-01   1.198844e-08   2.085568e-02   48
  9.629116e-01   1.362829e-01   2.163664e-04   1.101881e-02   150
  9.641694e-01   1.597393e-01   3.980216e-04   1.192433e-02   168
  9.654305e-01   1.255327e-01   2.424563e-04   1.125604e-02   144
  9.665902e-01   1.838378e-01   2.265094e-04   1.930724e-02   102
  9.674541e-01   1.049642e-01   3.352727e-04   1.068278e-02   96
  9.688246e-01   1.357116e-01   3.327357e-04   1.175732e-02   120
  9.698396e-01   1.211810e-01   3.568677e-04   8.431926e-03   168
  9.709374e-01   1.798437e-01   2.635186e-04   1.637096e-02   126
  9.718728e-01   1.519062e-01   1.987457e-04   1.197765e-02   168
  9.731615e-01   8.818844e-02   3.186890e-04   9.941906e-03   72
  9.742877e-01   1.413487e-01   3.990696e-04   1.044780e-02   168
  9.752743e-01   1.418765e-01   1.094046e-04   1.809661e-02   78
  9.766261e-01   1.041273e-01   1.796342e-04   1.208111e-02   60
  9.777146e-01   1.744973e-01   2.913957e-04   1.710063e-02   96
  9.788436e-01   1.499972e-01   3.535845e-04   1.210694e-02   168
  9.799046e-01   1.027814e-01   2.237345e-04   9.695602e-03   86
  9.810179e-01   8.916811e-02   1.999656e-04   8.083796e-03   120
  9.826135e-01   1.298312e-01   1.426020e-04   9.434321e-03   168
  9.834741e-01   1.043815e-01   0.000000e+00   1.198332e-02   48
  9.846330e-01   1.579681e-01   2.598054e-04   1.260505e-02   120
  9.852989e-01   1.423537e-01   1.895385e-04   1.048948e-02   126
  9.869246e-01   1.379719e-01   3.333454e-04   1.700699e-02   96
  9.879797e-01   1.498052e-01   9.612037e-05   1.483561e-02   96
  9.888118e-01   1.235279e-01   0.000000e+00   1.015158e-02   72
  9.905847e-01   1.753611e-01   1.198844e-08   3.030321e-02   24
  9.916911e-01   1.005878e-01   1.978134e-04   1.076786e-02   120
  9.925543e-01   1.572956e-01   2.885490e-04   1.466656e-02   126
  9.935140e-01   1.362917e-01   2.405447e-04   1.424960e-02   96
  9.946355e-01   7.546857e-02   4.157314e-04   8.331909e-03   72
  9.958843e-01   1.670472e-01   1.798178e-04   1.384310e-02   144
  9.969115e-01   1.037837e-01   1.037147e-04   1.072314e-02   72
  9.979377e-01   1.285807e-01   2.071553e-04   1.499864e-02   54
  9.988408e-01   1.378935e-01   1.825532e-04   1.190358e-02   108
  1.000718e+00   1.177623e-01   1.789493e-04   1.157862e-02   72
  1.001302e+00   1.364507e-01   1.032599e-04   1.630790e-02   72
  1.002688e+00   1.345906e-01   2.076458e-08   1.600043e-02   24
  1.004000e+00   1.339233e-01   2.184508e-04   1.746808e-02   48
  1.004796e+00   1.363742e-01   1.664031e-04   1.338524e-02   102
  1.005995e+00   1.349860e-01   3.763347e-04   1.086689e-02   168
  1.007561e+00   1.494532e-01   2.052441e-04   1.653800e-02   72
  1.008142e+00   1.376976e-01   0.000000e+00   2.152972e-02   48
  1.009359e+00   1.609217e-01   3.530324e-04   1.444679e-02   120
  1.010966e+00   1.362701e-01   2.169455e-04   1.244526e-02   96
  1.012484e+00   2.101533e-01   2.349244e-08   2.614593e-02   30
  1.014287e+00   1.337056e-01   1.019306e-04   1.375748e-02   72
  1.015080e+00   2.217309e-01   1.198844e-08   3.865812e-02   24
  1.016098e+00   1.274038e-01   1.510864e-04   1.626678e-02   56
  1.017238e+00   1.214676e-01   2.156079e-04   1.336106e-02   96
  1.018603e+00   1.778132e-01   2.380838e-04   1.452734e-02   144
  1.019655e+00   1.540809e-01   1.351747e-04   1.576953e-02   54
  1.021183e+00   1.794818e-01   2.025059e-04   1.650444e-02   108
  1.022721e+00   1.327775e-01   1.072260e-04   1.401683e-02   48
  1.024186e+00   1.537498e-01   4.037400e-04   1.913195e-02   72
  1.027699e+00   1.655932e-01   2.667523e-04   1.719417e-02   78
  1.028673e+00   1.258174e-01   2.010313e-04   1.352316e-02   72
  1.029809e+00   1.326014e-01   2.007817e-04   1.567711e-02   72
  1.030998e+00   1.868577e-01   4.845084e-04   1.725143e-02   96
  1.031937e+00   1.484692e-01   2.003678e-04   1.523255e-02   72
  1.033070e+00   1.380172e-01   0.000000e+00   2.619547e-02   24
  1.034201e+00   1.367719e-01   3.998310e-04   1.981308e-02   72
  1.036757e+00   1.443982e-01   2.539049e-04   2.474274e-02   30
  1.037307e+00   1.285105e-01   0.000000e+00   3.076358e-02   24
  1.040263e+00   1.388762e-01   2.108357e-04   2.095859e-02   48
  1.041190e+00   1.500437e-01   4.537181e-04   1.307745e-02   120
  1.042439e+00   1.371789e-01   1.983761e-04   1.562277e-02   72
  1.043701e+00   1.350940e-01   1.981363e-04   1.384572e-02   36
  1.044568e+00   1.191790e-01   3.916095e-04   1.489593e-02   78
  1.046988e+00   2.043191e-01   2.094814e-04   2.267799e-02   48
  1.050126e+00   1.921547e-01   1.695421e-08   3.660653e-02   24
  1.052361e+00   1.784578e-01   1.458786e-04   1.614381e-02   56
  1.053486e+00   1.419375e-01   2.244796e-04   1.413327e-02   102
  1.054918e+00   1.587754e-01   1.598458e-08   2.270956e-02   72
  1.055750e+00   2.783604e-01   0.000000e+00   5.077260e-02   24
  1.057203e+00   1.597042e-01   2.074574e-04   1.526801e-02   48
  1.059896e+00   1.289799e-01   0.000000e+00   2.170291e-02   24
  1.063202e+00   2.168387e-01   0.000000e+00   8.436404e-02   6
  1.064233e+00   1.142616e-01   0.000000e+00   2.117340e-02   24
  1.064920e+00   1.667822e-01   1.941879e-04   2.005527e-02   72
  1.066174e+00   2.062792e-01   3.622758e-04   2.247726e-02   84
  1.067525e+00   1.926408e-01   0.000000e+00   4.497171e-02   24
  1.067936e+00   1.414695e-01   1.695421e-08   2.154896e-02   24
  1.069988e+00   1.485917e-01   1.198844e-08   3.380447e-02   24
  1.072854e+00   2.171419e-01   0.000000e+00   6.314341e-02   6
  1.076527e+00   2.242327e-01   2.037334e-04   2.250294e-02   48
  1.077410e+00   1.681006e-01   3.838004e-04   1.801115e-02   72
  1.078563e+00   1.710527e-01   2.033489e-04   2.096089e-02   48
  1.080391e+00   2.476447e-01   0.000000e+00   4.181392e-02   24
  1.082825e+00   7.794279e-02   1.198844e-08   1.525925e-02   6
  1.088280e+00   6.752050e-02   0.000000e+00   1.872810e-02   8
  1.088683e+00   1.968527e-01   1.198844e-08   2.894977e-02   48
  1.089649e+00   2.153871e-01   1.972060e-04   3.815698e-02   60
  1.091097e+00   1.691285e-01   0.000000e+00   2.263746e-02   24
  1.093106e+00   1.744725e-01   0.000000e+00   3.203285e-02   6
  1.100504e+00   1.874379e-01   0.000000e+00   3.540213e-02   24
  1.101102e+00   2.570390e-01   1.991864e-04   3.752539e-02   48
  1.102098e+00   1.403015e-01   0.000000e+00   2.286956e-02   24
  1.103689e+00   2.429200e-01   1.198844e-08   3.767979e-02   6
  1.112726e+00   1.277015e-01   1.858219e-04   2.463217e-02   36
  1.113383e+00   1.824728e-01   0.000000e+00   2.180937e-02   24
  1.114565e+00   3.830377e-01   0.000000e+00   5.586042e-02   6
  1.124848e+00   1.301652e-01   1.688735e-04   2.165337e-02   32
  1.125725e+00   1.359842e-01   1.198844e-08   1.262037e-02   6
  1.136776e+00   2.670773e-01   0.000000e+00   6.536204e-02   12
  1.137162e+00   1.206801e-01   0.000000e+00   3.619693e-02   6
  1.148867e+00   3.755154e-01   1.695421e-08   9.159872e-02   6
