# power spectrum of delta
# redshift z=0.500000
# k              Pk             sigma(k)       sigma(Pk)      count
  2.094395e-02   3.830243e-03   0.000000e+00   1.626381e-03   6
  2.961922e-02   6.013178e-03   0.000000e+00   1.273074e-03   12
  3.627599e-02   7.484583e-03   3.973643e-10   1.756788e-03   8
  4.188790e-02   3.671907e-02   0.000000e+00   4.401391e-03   6
  4.683210e-02   3.426142e-02   0.000000e+00   1.133518e-02   24
  5.130199e-02   6.161122e-02   7.492773e-10   1.168634e-02   24
  5.923844e-02   3.843609e-02   0.000000e+00   1.712055e-02   12
  6.283185e-02   5.513839e-02   8.477105e-10   9.120754e-03   30
  6.623059e-02   8.781242e-02   0.000000e+00   1.858565e-02   24
  6.946323e-02   9.418041e-02   1.297786e-09   2.414643e-02   24
  7.255197e-02   1.062761e-01   7.947286e-10   2.041747e-02   8
  7.551449e-02   1.076157e-01   1.059638e-09   1.541886e-02   24
  7.836509e-02   1.110759e-01   0.000000e+00   1.731658e-02   48
  8.377580e-02   1.368117e-01   0.000000e+00   6.190706e-02   6
  8.635412e-02   1.295938e-01   1.498555e-09   2.028158e-02   48
  8.885766e-02   1.288803e-01   0.000000e+00   1.788335e-02   36
  9.129257e-02   2.055414e-01   1.059638e-09   4.854433e-02   24
  9.366420e-02   1.425459e-01   0.000000e+00   2.357236e-02   24
  9.597724e-02   1.306994e-01   0.000000e+00   1.687854e-02   48
  9.823584e-02   1.643812e-01   1.498555e-09   2.855000e-02   24
  1.026040e-01   1.918921e-01   1.498555e-09   2.613657e-02   24
  1.047198e-01   1.072656e-01   0.000000e+00   2.142181e-02   30
  1.067936e-01   1.620411e-01   0.000000e+00   1.835824e-02   72
  1.088280e-01   1.536114e-01   1.589457e-09   3.687742e-02   32
  1.127866e-01   2.226961e-01   0.000000e+00   2.742763e-02   72
  1.147147e-01   1.206329e-01   0.000000e+00   2.031598e-02   48
  1.184769e-01   1.021568e-01   0.000000e+00   4.089812e-02   12
  1.203138e-01   1.859144e-01   0.000000e+00   2.414357e-02   48
  1.221232e-01   1.806146e-01   0.000000e+00   1.904705e-02   48
  1.239061e-01   1.961174e-01   1.498555e-09   3.045799e-02   48
  1.256637e-01   2.591294e-01   1.695421e-09   5.127504e-02   30
  1.273971e-01   3.054824e-01   1.498555e-09   5.826861e-02   24
  1.291072e-01   3.352920e-01   3.159231e-09   3.739027e-02   72
  1.324612e-01   1.169760e-01   0.000000e+00   3.759059e-02   24
  1.341067e-01   2.535117e-01   0.000000e+00   2.551757e-02   96
  1.357323e-01   2.184548e-01   0.000000e+00   4.142117e-02   48
  1.373387e-01   1.645965e-01   2.595573e-09   2.539707e-02   24
  1.389265e-01   1.332688e-01   2.595573e-09   3.374984e-02   24
  1.404963e-01   3.105017e-01   0.000000e+00   3.435994e-02   72
  1.420488e-01   2.573035e-01   0.000000e+00   3.815496e-02   48
  1.451039e-01   1.885234e-01   1.589457e-09   4.301900e-02   8
  1.466077e-01   3.738249e-01   1.883801e-09   5.928544e-02   54
  1.480961e-01   2.567536e-01   0.000000e+00   3.265543e-02   84
  1.495697e-01   3.486106e-01   0.000000e+00   4.810463e-02   48
  1.510290e-01   2.201640e-01   2.119276e-09   2.858386e-02   24
  1.524743e-01   2.645591e-01   1.998073e-09   3.223604e-02   72
  1.539060e-01   2.911073e-01   0.000000e+00   3.415635e-02   96
  1.567302e-01   3.575194e-01   0.000000e+00   3.629473e-02   48
  1.581234e-01   2.951388e-01   0.000000e+00   4.215356e-02   48
  1.595044e-01   2.821229e-01   2.119276e-09   5.912164e-02   24
  1.608735e-01   2.979439e-01   0.000000e+00   2.856999e-02   72
  1.635775e-01   2.866061e-01   1.998073e-09   3.262144e-02   72
  1.649128e-01   2.642110e-01   0.000000e+00   2.693997e-02   96
  1.675516e-01   4.200007e-01   0.000000e+00   1.700256e-01   6
  1.688555e-01   3.297554e-01   0.000000e+00   3.671886e-02   96
  1.701495e-01   3.383160e-01   2.119276e-09   3.638719e-02   96
  1.714336e-01   2.000412e-01   0.000000e+00   4.476954e-02   24
  1.727082e-01   3.004235e-01   2.997109e-09   3.781072e-02   48
  1.739735e-01   2.635630e-01   0.000000e+00   2.901749e-02   96
  1.752297e-01   2.838336e-01   0.000000e+00   6.542808e-02   48
  1.777153e-01   2.561460e-01   0.000000e+00   5.323577e-02   36
  1.789452e-01   2.657333e-01   3.670694e-09   4.061101e-02   48
  1.801667e-01   3.105795e-01   4.152916e-09   2.998972e-02   120
  1.813799e-01   3.571762e-01   0.000000e+00   5.875424e-02   56
  1.825851e-01   1.883107e-01   2.119276e-09   3.434857e-02   24
  1.837824e-01   2.815001e-01   0.000000e+00   3.282720e-02   96
  1.849720e-01   3.198204e-01   0.000000e+00   4.381620e-02   48
  1.873284e-01   3.671889e-01   0.000000e+00   8.126931e-02   24
  1.884956e-01   4.308468e-01   0.000000e+00   4.984551e-02   102
  1.896555e-01   4.660226e-01   0.000000e+00   6.859992e-02   48
  1.908085e-01   3.919365e-01   0.000000e+00   3.815712e-02   72
  1.919545e-01   3.041468e-01   0.000000e+00   3.172278e-02   48
  1.930937e-01   4.741858e-01   0.000000e+00   8.203877e-02   48
  1.942262e-01   4.545046e-01   4.795375e-09   4.030674e-02   120
  1.964717e-01   4.116557e-01   2.997109e-09   5.935513e-02   24
  1.975848e-01   3.382019e-01   2.825702e-09   2.803560e-02   144
  1.986918e-01   2.963830e-01   3.390842e-09   3.819976e-02   120
  1.997926e-01   3.335417e-01   2.997109e-09   5.605552e-02   48
  2.019761e-01   4.203260e-01   2.997109e-09   7.113113e-02   48
  2.030591e-01   3.643189e-01   2.997109e-09   3.146091e-02   96
  2.059187e-01   3.657426e-01   5.025279e-04   4.034682e-02   72
  2.073345e-01   4.018430e-01   3.767602e-09   3.460426e-02   108
  2.083897e-01   3.730276e-01   0.000000e+00   4.621667e-02   72
  2.094395e-01   2.642910e-01   0.000000e+00   4.317291e-02   30
  2.104841e-01   3.932296e-01   0.000000e+00   2.948863e-02   168
  2.115235e-01   5.342770e-01   0.000000e+00   6.793438e-02   48
  2.135872e-01   3.541061e-01   0.000000e+00   4.188251e-02   72
  2.146116e-01   4.148894e-01   0.000000e+00   4.390510e-02   96
  2.156312e-01   3.508423e-01   5.651403e-09   4.351926e-02   72
  2.166459e-01   4.032090e-01   0.000000e+00   4.501314e-02   72
  2.183519e-01   4.505780e-01   4.640051e-04   4.911086e-02   104
  2.196620e-01   3.902424e-01   3.996146e-09   2.953985e-02   144
  2.226373e-01   3.208841e-01   6.701740e-09   3.415903e-02   96
  2.236202e-01   3.201318e-01   0.000000e+00   4.195087e-02   96
  2.251835e-01   4.147717e-01   4.773581e-04   4.384805e-02   120
  2.265435e-01   3.614035e-01   0.000000e+00   3.457592e-02   120
  2.275095e-01   5.143806e-01   0.000000e+00   5.284862e-02   72
  2.294295e-01   4.429023e-01   0.000000e+00   6.542084e-02   48
  2.303835e-01   4.864564e-01   4.517777e-09   6.042462e-02   78
  2.316038e-01   3.861845e-01   4.274285e-04   3.247141e-02   168
  2.341605e-01   4.314719e-01   3.996146e-09   3.468464e-02   144
  2.350953e-01   5.703726e-01   3.996146e-09   6.450538e-02   144
  2.378065e-01   4.304388e-01   2.461643e-04   3.606404e-02   156
  2.387978e-01   3.069670e-01   5.191145e-09   4.466099e-02   48
  2.397145e-01   3.940431e-01   3.390842e-09   4.272100e-02   120
  2.406277e-01   4.602196e-01   0.000000e+00   1.191515e-01   48
  2.422424e-01   4.632425e-01   3.767994e-04   3.632147e-02   216
  2.442463e-01   2.013279e-01   0.000000e+00   2.910414e-02   48
  2.451427e-01   4.712512e-01   2.997109e-09   4.194229e-02   96
  2.464171e-01   4.479544e-01   4.403490e-04   2.878315e-02   168
  2.478122e-01   3.941982e-01   2.997109e-09   4.360554e-02   48
  2.486956e-01   3.658835e-01   0.000000e+00   3.966641e-02   96
  2.495760e-01   4.256348e-01   0.000000e+00   5.029010e-02   48
  2.513274e-01   4.650768e-01   3.390842e-09   6.203004e-02   30
  2.521986e-01   5.084573e-01   2.997109e-09   5.189427e-02   96
  2.532398e-01   4.064204e-01   3.460752e-04   2.532734e-02   240
  2.545786e-01   3.450564e-01   3.733652e-04   4.319210e-02   32
  2.556535e-01   3.731660e-01   0.000000e+00   3.236998e-02   168
  2.565100e-01   4.464257e-01   0.000000e+00   4.268174e-02   120
  2.582144e-01   4.645576e-01   6.318461e-09   4.694413e-02   72
  2.590624e-01   5.804759e-01   3.996146e-09   5.213744e-02   144
  2.599076e-01   4.143193e-01   0.000000e+00   4.841265e-02   96
  2.607501e-01   4.929408e-01   0.000000e+00   4.930026e-02   96
  2.624270e-01   5.610391e-01   4.894259e-09   6.043586e-02   72
  2.632614e-01   3.614051e-01   4.238553e-09   3.692372e-02   96
  2.649224e-01   6.331188e-01   0.000000e+00   1.440573e-01   24
  2.657489e-01   5.113573e-01   0.000000e+00   3.976780e-02   192
  2.667223e-01   4.865833e-01   3.168444e-04   4.088639e-02   132
  2.682134e-01   4.042651e-01   0.000000e+00   4.842979e-02   96
  2.690299e-01   3.890246e-01   0.000000e+00   3.470554e-02   96
  2.698439e-01   5.904441e-01   3.390842e-09   5.437430e-02   120
  2.714646e-01   5.081217e-01   0.000000e+00   6.272341e-02   48
  2.727931e-01   4.806452e-01   3.839899e-04   3.241021e-02   222
  2.738777e-01   5.550671e-01   0.000000e+00   5.193298e-02   120
  2.746773e-01   3.300522e-01   5.191145e-09   7.450125e-02   24
  2.758416e-01   4.821373e-01   3.963334e-04   2.983060e-02   312
  2.783784e-01   5.090853e-01   3.715784e-04   5.827338e-02   72
  2.794272e-01   4.752928e-01   2.997109e-09   5.378860e-02   96
  2.805041e-01   4.401084e-01   3.784012e-04   3.579165e-02   192
  2.817720e-01   5.964154e-01   4.795375e-09   5.798039e-02   120
  2.825493e-01   4.025393e-01   0.000000e+00   3.045525e-02   144
  2.840976e-01   5.764211e-01   0.000000e+00   6.380753e-02   48
  2.851981e-01   4.880267e-01   3.804956e-04   2.731664e-02   336
  2.864042e-01   6.011880e-01   0.000000e+00   8.757681e-02   48
  2.879317e-01   4.976148e-01   0.000000e+00   3.796511e-02   192
  2.886924e-01   3.293796e-01   0.000000e+00   5.790108e-02   48
  2.908548e-01   3.761374e-01   2.641139e-04   4.876606e-02   56
  2.919300e-01   4.800252e-01   3.392119e-04   2.941729e-02   336
  2.932153e-01   5.226341e-01   3.767602e-09   8.765366e-02   54
  2.943349e-01   4.387752e-01   3.725765e-04   3.290242e-02   240
  2.966593e-01   5.218796e-01   3.567449e-04   4.028684e-02   228
  2.976695e-01   5.379296e-01   3.996146e-09   7.193825e-02   72
  2.986501e-01   5.628175e-01   3.460513e-04   4.816360e-02   144
  2.998717e-01   5.237589e-01   0.000000e+00   4.414215e-02   96
  3.006022e-01   5.694433e-01   4.795375e-09   4.763977e-02   240
  3.020580e-01   3.682775e-01   4.238553e-09   4.213966e-02   24
  3.029899e-01   5.963376e-01   3.268428e-04   3.442109e-02   336
  3.042285e-01   5.107699e-01   0.000000e+00   8.036834e-02   72
  3.053590e-01   6.098366e-01   3.555020e-04   6.033614e-02   168
  3.063836e-01   7.342126e-01   0.000000e+00   8.581257e-02   72
  3.078120e-01   6.194907e-01   0.000000e+00   6.570048e-02   96
  3.089181e-01   4.720171e-01   3.528351e-04   3.481312e-02   216
  3.099422e-01   3.710675e-01   4.238553e-09   3.352616e-02   96
  3.113542e-01   5.928234e-01   0.000000e+00   3.947202e-02   192
  3.120578e-01   4.249260e-01   3.996146e-09   3.578338e-02   144
  3.134604e-01   5.305971e-01   0.000000e+00   7.606634e-02   48
  3.144314e-01   4.713612e-01   3.401745e-04   3.654416e-02   246
  3.157508e-01   4.997198e-01   3.136463e-04   3.996492e-02   168
  3.169395e-01   5.166067e-01   5.873111e-09   4.322085e-02   120
  3.176307e-01   5.350958e-01   0.000000e+00   3.802314e-02   240
  3.190088e-01   7.764569e-01   4.238553e-09   1.322936e-01   24
  3.201067e-01   4.610298e-01   3.357307e-04   2.426162e-02   360
  3.214741e-01   5.685183e-01   3.343020e-04   6.272337e-02   120
  3.224280e-01   5.055446e-01   0.000000e+00   5.084342e-02   144
  3.231075e-01   6.718452e-01   0.000000e+00   6.575260e-02   96
  3.251376e-01   4.770789e-01   0.000000e+00   4.509855e-02   144
  3.258114e-01   5.782181e-01   0.000000e+00   6.335390e-02   132
  3.267584e-01   4.935443e-01   3.299511e-04   3.617468e-02   176
  3.281332e-01   5.271049e-01   3.331842e-04   3.805338e-02   312
  3.298257e-01   5.862934e-01   0.000000e+00   5.253053e-02   96
  3.304900e-01   4.862356e-01   0.000000e+00   4.451692e-02   144
  3.315092e-01   4.787182e-01   3.298422e-04   3.021086e-02   312
  3.331339e-01   6.033085e-01   0.000000e+00   7.402291e-02   48
  3.337917e-01   5.680201e-01   4.238553e-09   3.545789e-02   192
  3.351032e-01   3.533297e-01   0.000000e+00   8.200781e-02   6
  3.359746e-01   5.067648e-01   3.076337e-04   2.845079e-02   288
  3.373860e-01   5.301594e-01   3.250350e-04   4.371353e-02   192
  3.383599e-01   5.256596e-01   7.535204e-09   3.923708e-02   216
  3.390075e-01   4.985582e-01   0.000000e+00   6.312531e-02   72
  3.406209e-01   6.419335e-01   3.219482e-04   4.863811e-02   192
  3.416924e-01   5.455920e-01   2.390639e-04   3.682870e-02   288
  3.428673e-01   7.667760e-01   0.000000e+00   1.799726e-01   24
  3.437749e-01   5.078717e-01   3.149468e-04   2.424662e-02   456
  3.454165e-01   8.057575e-01   0.000000e+00   1.587369e-01   48
  3.464308e-01   6.060943e-01   3.102100e-04   4.215972e-02   240
  3.475965e-01   5.650154e-01   3.135021e-04   5.148080e-02   216
  3.485768e-01   4.929683e-01   0.000000e+00   5.083964e-02   72
  3.492054e-01   5.930267e-01   1.083165e-08   5.225544e-02   168
  3.509804e-01   5.529975e-01   2.330216e-04   3.727067e-02   288
  3.519758e-01   5.157557e-01   3.083274e-04   4.894949e-02   168
  3.535746e-01   4.882095e-01   0.000000e+00   3.225601e-02   192
  3.541944e-01   5.555771e-01   3.996146e-09   4.533006e-02   144
  3.554306e-01   6.898858e-01   0.000000e+00   1.176868e-01   36
  3.564791e-01   5.230324e-01   2.815685e-04   2.893163e-02   342
  3.574815e-01   6.474490e-01   2.891367e-04   6.048557e-02   144
  3.587701e-01   5.767405e-01   3.032320e-04   3.596831e-02   384
  3.603334e-01   4.447724e-01   8.305833e-09   3.841363e-02   120
  3.611071e-01   6.068385e-01   2.703947e-04   4.129190e-02   264
  3.621548e-01   5.591916e-01   1.340348e-08   4.604438e-02   192
  3.631414e-01   6.417230e-01   2.914020e-04   5.745461e-02   152
  3.639671e-01   5.616553e-01   3.996146e-09   4.448636e-02   144
  3.657037e-01   5.261640e-01   1.885982e-04   3.552126e-02   216
  3.665075e-01   4.950605e-01   2.520176e-04   3.081515e-02   312
  3.679226e-01   6.219687e-01   2.920833e-04   4.555170e-02   240
  3.687563e-01   4.878291e-01   4.238553e-09   5.059956e-02   96
  3.703389e-01   3.388981e-01   2.792528e-04   2.863405e-02   144
  3.713142e-01   6.009465e-01   2.744809e-04   3.139023e-02   456
  3.728964e-01   4.597745e-01   0.000000e+00   4.352293e-02   120
  3.734841e-01   5.791962e-01   0.000000e+00   5.161782e-02   144
  3.746568e-01   7.864541e-01   0.000000e+00   1.185702e-01   24
  3.754086e-01   5.628948e-01   2.638397e-04   3.295597e-02   336
  3.767088e-01   5.057411e-01   2.909793e-04   4.324552e-02   198
  3.779272e-01   5.700573e-01   2.829607e-04   3.169508e-02   432
  3.793111e-01   5.888640e-01   0.000000e+00   7.487601e-02   48
  3.800331e-01   5.286487e-01   2.498053e-04   3.174201e-02   384
  3.813294e-01   4.617567e-01   2.875789e-04   4.754705e-02   144
  3.825040e-01   6.376155e-01   2.855280e-04   4.936665e-02   264
  3.839090e-01   5.131817e-01   4.238553e-09   6.823037e-02   48
  3.848516e-01   5.592289e-01   2.714905e-04   3.895471e-02   276
  3.857611e-01   5.524879e-01   2.460988e-04   4.694763e-02   192
  3.869766e-01   5.744750e-01   2.765609e-04   2.891461e-02   552
  3.884524e-01   6.363174e-01   4.795375e-09   5.395638e-02   120
  3.893296e-01   5.535048e-01   2.799479e-04   4.438369e-02   216
  3.901426e-01   4.698261e-01   6.781684e-09   4.752023e-02   120
  3.915948e-01   5.724837e-01   2.756800e-04   3.473769e-02   408
  3.929434e-01   2.246468e-01   5.994218e-09   2.766600e-02   24
  3.937796e-01   5.857583e-01   2.784864e-04   3.506855e-02   384
  3.949475e-01   4.922265e-01   2.720912e-04   3.163270e-02   240
  3.959617e-01   5.037710e-01   2.740837e-04   5.180051e-02   168
  3.973835e-01   4.896765e-01   0.000000e+00   4.336221e-02   120
  3.983001e-01   5.377822e-01   2.857179e-04   3.022931e-02   350
  3.997906e-01   6.397164e-01   4.703469e-04   4.095694e-02   384
  4.006814e-01   5.169300e-01   0.000000e+00   4.523181e-02   144
  4.023202e-01   6.866054e-01   0.000000e+00   4.706788e-02   288
  4.031758e-01   5.488300e-01   2.692323e-04   3.684605e-02   336
  4.043399e-01   4.461674e-01   2.451137e-04   3.148855e-02   168
  4.050367e-01   6.405555e-01   1.083165e-08   3.332838e-02   336
  4.064781e-01   6.213246e-01   2.544134e-04   4.233929e-02   288
  4.073437e-01   6.296393e-01   2.397224e-04   4.517550e-02   264
  4.088096e-01   5.710623e-01   0.000000e+00   4.294694e-02   240
  4.093458e-01   5.199444e-01   5.994218e-09   5.372705e-02   96
  4.112700e-01   5.675907e-01   3.260064e-04   3.407148e-02   360
  4.121680e-01   6.457284e-01   2.403227e-04   5.799296e-02   168
  4.133027e-01   5.860578e-01   2.619767e-04   3.091292e-02   456
  4.146691e-01   5.983222e-01   5.328194e-09   5.650772e-02   108
  4.154376e-01   4.697975e-01   2.628599e-04   4.228022e-02   264
  4.163964e-01   6.101421e-01   2.345138e-04   3.843865e-02   264
  4.177093e-01   5.942396e-01   2.212980e-04   4.101471e-02   312
  4.193442e-01   6.425184e-01   1.644485e-04   3.997971e-02   270
  4.200293e-01   6.771349e-01   2.087881e-04   5.036117e-02   240
  4.212611e-01   6.137852e-01   2.582972e-04   3.693868e-02   384
  4.220089e-01   5.806628e-01   5.994218e-09   5.322726e-02   192
  4.234616e-01   5.869940e-01   2.072491e-04   4.997105e-02   240
  4.243042e-01   5.904492e-01   2.557789e-04   3.363999e-02   336
  4.258889e-01   5.981721e-01   2.574903e-04   2.775546e-02   480
  4.271745e-01   5.101069e-01   9.788518e-09   5.850651e-02   72
  4.278926e-01   6.053375e-01   2.510765e-04   4.183820e-02   240
  4.288693e-01   5.281579e-01   2.359775e-04   2.946272e-02   312
  4.299890e-01   5.283908e-01   2.550351e-04   3.923378e-02   240
  4.316809e-01   5.114896e-01   1.937606e-04   3.068374e-02   408
  4.323507e-01   5.759547e-01   1.774381e-04   4.233279e-02   336
  4.336597e-01   6.359405e-01   2.253026e-04   4.337384e-02   264
  4.343030e-01   5.044860e-01   0.000000e+00   4.388993e-02   144
  4.360928e-01   5.612043e-01   3.122828e-04   2.986835e-02   464
  4.370358e-01   6.141285e-01   2.483289e-04   4.810810e-02   168
  4.379668e-01   5.341389e-01   2.261734e-04   3.100788e-02   336
  4.396494e-01   5.831933e-01   2.376394e-04   3.642976e-02   414
  4.405979e-01   6.573232e-01   2.473686e-04   4.955635e-02   216
  4.418131e-01   9.892012e-01   5.994218e-09   1.046026e-01   96
  4.423093e-01   6.872545e-01   1.340348e-08   4.294785e-02   384
  4.440474e-01   6.218616e-01   2.468906e-04   3.574503e-02   492
  4.449788e-01   6.714776e-01   2.414379e-04   5.039675e-02   240
  4.460316e-01   6.291463e-01   2.451440e-04   3.805601e-02   312
  4.474855e-01   6.504348e-01   2.450633e-04   5.441753e-02   192
  4.484064e-01   5.910468e-01   2.374960e-04   3.198299e-02   504
  4.496283e-01   6.612085e-01   1.572264e-04   3.611843e-02   408
  4.505903e-01   5.184124e-01   4.816826e-04   4.025351e-02   168
  4.517942e-01   7.506180e-01   2.288035e-04   4.799593e-02   288
  4.528044e-01   6.939393e-01   2.387760e-04   5.087286e-02   288
  4.538392e-01   4.894749e-01   2.401504e-04   2.414769e-02   432
  4.553403e-01   5.788715e-01   2.271023e-04   3.800833e-02   216
  4.561423e-01   5.390785e-01   2.266232e-04   3.201028e-02   360
  4.575702e-01   5.269616e-01   2.211821e-04   3.297239e-02   312
  4.588590e-01   4.673986e-01   0.000000e+00   6.778285e-02   48
  4.596018e-01   5.650203e-01   2.371390e-04   3.283849e-02   432
  4.609323e-01   5.717696e-01   3.955503e-04   3.616866e-02   414
  4.617179e-01   5.615356e-01   0.000000e+00   3.235799e-02   312
  4.631837e-01   6.950959e-01   3.470734e-04   3.283396e-02   528
  4.641728e-01   5.491409e-01   1.821841e-04   3.995971e-02   264
  4.653612e-01   6.894677e-01   2.160204e-04   3.741420e-02   480
  4.669139e-01   6.156604e-01   0.000000e+00   3.876903e-02   288
  4.675844e-01   5.425597e-01   2.321072e-04   3.854227e-02   168
  4.688112e-01   7.293353e-01   3.674251e-04   4.053238e-02   504
  4.701905e-01   7.839610e-01   5.651403e-09   8.598291e-02   144
  4.710583e-01   5.470066e-01   2.359750e-04   2.798114e-02   464
  4.723622e-01   5.743954e-01   3.463066e-04   3.457451e-02   432
  4.729810e-01   5.936065e-01   0.000000e+00   4.619349e-02   192
  4.745801e-01   5.293967e-01   2.567288e-04   2.873322e-02   396
  4.755245e-01   5.985726e-01   2.306133e-04   4.109767e-02   288
  4.764789e-01   5.316032e-01   2.278065e-04   3.302282e-02   336
  4.780036e-01   5.485370e-01   1.442516e-04   2.788868e-02   432
  4.789711e-01   6.527304e-01   3.738801e-04   4.791551e-02   360
  4.800575e-01   6.197272e-01   2.211556e-04   2.981698e-02   384
  4.816004e-01   6.317004e-01   1.952123e-04   4.223932e-02   198
  4.823439e-01   5.488157e-01   2.218929e-04   2.540991e-02   552
  4.837301e-01   6.967889e-01   3.106349e-04   3.825981e-02   432
  4.848875e-01   5.849602e-01   6.850535e-09   3.857621e-02   168
  4.858589e-01   7.002074e-01   3.850736e-04   3.707218e-02   480
  4.871439e-01   6.402753e-01   6.781684e-09   6.904327e-02   120
  4.877223e-01   6.722909e-01   3.145115e-04   4.750790e-02   336
  4.891336e-01   5.882108e-01   2.218829e-04   2.677283e-02   672
  4.905292e-01   6.611667e-01   3.227590e-04   3.399098e-02   528
  4.911792e-01   5.548931e-01   0.000000e+00   4.969073e-02   168
  4.926809e-01   6.484496e-01   3.600355e-04   3.291084e-02   456
  4.935972e-01   6.835278e-01   2.198767e-04   6.007481e-02   168
  4.945484e-01   7.555371e-01   2.194819e-04   4.116489e-02   504
  4.961297e-01   5.530347e-01   2.824396e-04   3.636713e-02   336
  4.970859e-01   5.664462e-01   2.036055e-04   3.034961e-02   312
  4.981466e-01   5.484132e-01   1.989364e-04   2.742673e-02   504
  4.995424e-01   5.403314e-01   1.380276e-04   2.835737e-02   432
  5.001986e-01   6.027958e-01   2.132983e-04   4.095790e-02   312
  5.015628e-01   5.097616e-01   2.186412e-04   3.233602e-02   384
  5.029871e-01   7.769881e-01   1.857611e-04   1.051663e-01   126
  5.038665e-01   6.411809e-01   3.261522e-04   3.346387e-02   492
  5.049897e-01   6.846256e-01   2.089008e-04   3.558590e-02   528
  5.063933e-01   6.438850e-01   2.121984e-04   3.450483e-02   480
  5.072636e-01   6.812346e-01   2.931509e-04   4.096465e-02   432
  5.085229e-01   5.560606e-01   2.305243e-04   3.037037e-02   440
  5.099854e-01   5.966051e-01   1.146388e-04   3.454921e-02   312
  5.105343e-01   5.640504e-01   1.717959e-04   2.408112e-02   480
  5.116600e-01   5.898655e-01   3.363730e-04   3.387161e-02   408
  5.133048e-01   6.518450e-01   2.014494e-04   4.484110e-02   360
  5.139997e-01   6.446081e-01   1.943913e-04   3.688827e-02   408
  5.152875e-01   6.099764e-01   1.978178e-04   3.422356e-02   456
  5.167375e-01   7.717189e-01   1.890651e-04   5.083634e-02   264
  5.175423e-01   6.789423e-01   2.051830e-04   4.374790e-02   384
  5.187139e-01   6.109351e-01   3.454401e-04   2.574122e-02   672
  5.200682e-01   6.694752e-01   2.066178e-04   6.177403e-02   240
  5.208498e-01   5.183880e-01   2.096654e-04   3.531612e-02   264
  5.219528e-01   5.606107e-01   2.585876e-04   2.536405e-02   624
  5.235988e-01   5.863972e-01   0.000000e+00   6.412544e-02   150
  5.241848e-01   7.256533e-01   2.897679e-04   3.619944e-02   600
  5.254207e-01   6.726199e-01   1.999903e-04   2.886156e-02   672
  5.268202e-01   6.753398e-01   1.881050e-04   3.830585e-02   336
  5.275998e-01   7.459725e-01   2.046034e-04   4.350083e-02   408
  5.288454e-01   7.116159e-01   2.041215e-04   4.475416e-02   408
  5.302309e-01   6.785072e-01   1.032148e-04   3.659960e-02   360
  5.310849e-01   6.693455e-01   3.789714e-04   3.387842e-02   456
  5.321165e-01   6.521490e-01   2.060870e-04   3.784803e-02   384
  5.334296e-01   4.570527e-01   1.902444e-04   2.821536e-02   348
  5.341391e-01   7.228114e-01   2.345337e-04   4.562412e-02   576
  5.354720e-01   6.838241e-01   1.931077e-04   3.805672e-02   504
  5.368355e-01   5.842047e-01   2.723672e-04   3.312983e-02   432
  5.380257e-01   6.444415e-01   3.705542e-04   3.096814e-02   576
  5.388745e-01   6.458406e-01   8.718863e-09   5.976985e-02   264
  5.402209e-01   6.048352e-01   2.948686e-04   2.555580e-02   768
  5.413919e-01   4.755803e-01   3.969869e-04   3.249216e-02   240
  5.423229e-01   6.056850e-01   3.501048e-04   5.047669e-02   192
  5.436789e-01   5.869832e-01   2.577199e-04   3.053265e-02   504
  5.446846e-01   7.566972e-01   3.472873e-04   4.021525e-02   590
  5.456491e-01   6.965685e-01   3.891164e-04   4.165760e-02   384
  5.468584e-01   7.001401e-01   3.251867e-04   3.888533e-02   504
  5.483186e-01   6.930559e-01   3.129419e-04   3.953297e-02   648
  5.497348e-01   6.246040e-01   8.499089e-05   3.040106e-02   504
  5.503059e-01   6.581347e-01   1.938802e-04   4.379401e-02   312
  5.513141e-01   7.071849e-01   2.793337e-04   3.796627e-02   576
  5.526981e-01   7.376413e-01   1.943899e-04   5.856567e-02   240
  5.535050e-01   5.293923e-01   1.964216e-04   2.461375e-02   552
  5.546470e-01   7.245716e-01   1.844354e-04   3.765971e-02   600
  5.562738e-01   5.774619e-01   2.252732e-04   2.777195e-02   600
  5.572519e-01   5.817885e-01   3.607573e-04   3.889603e-02   312
  5.582259e-01   6.968440e-01   3.141839e-04   3.945399e-02   480
  5.594427e-01   5.899738e-01   1.960206e-04   2.856542e-02   576
  5.605139e-01   5.598311e-01   3.156357e-04   3.550274e-02   408
  5.614645e-01   4.279702e-01   3.682036e-04   3.087906e-02   216
  5.626926e-01   6.379642e-01   2.820025e-04   3.406282e-02   516
  5.640083e-01   6.065042e-01   2.690591e-04   2.717464e-02   744
  5.653657e-01   7.175664e-01   1.797077e-04   3.887004e-02   462
  5.661327e-01   6.632805e-01   1.826469e-04   4.194090e-02   432
  5.673224e-01   6.503161e-01   1.694450e-04   3.356377e-02   648
  5.687212e-01   6.830815e-01   2.479296e-04   4.117023e-02   528
  5.698448e-01   7.240408e-01   2.985691e-04   3.791110e-02   600
  5.709675e-01   8.013379e-01   3.764176e-04   5.830340e-02   240
  5.720549e-01   5.821103e-01   2.883323e-04   2.464050e-02   720
  5.733187e-01   6.785821e-01   2.281230e-04   3.061145e-02   720
  5.747197e-01   5.250323e-01   0.000000e+00   6.031211e-02   144
  5.754570e-01   6.665334e-01   2.941188e-04   3.080553e-02   720
  5.765058e-01   6.844709e-01   1.763594e-04   3.776803e-02   384
  5.778188e-01   6.172025e-01   1.955038e-04   2.833961e-02   672
  5.790646e-01   6.750644e-01   3.423056e-04   4.569786e-02   336
  5.796596e-01   6.082844e-01   7.992291e-09   4.670684e-02   288
  5.811165e-01   6.616705e-01   2.709120e-04   3.075044e-02   776
  5.824653e-01   5.342617e-01   2.318063e-04   2.401606e-02   720
  5.835980e-01   5.120347e-01   1.867370e-04   2.606914e-02   432
  5.845040e-01   6.756517e-01   2.662171e-04   3.547999e-02   504
  5.855119e-01   6.124154e-01   1.865229e-04   3.184472e-02   528
  5.869222e-01   8.597594e-01   2.541266e-04   6.247752e-02   438
  5.880825e-01   7.577219e-01   2.957801e-04   4.142811e-02   624
  5.889568e-01   7.552814e-01   3.622906e-04   7.752356e-02   312
  5.901587e-01   7.516120e-01   1.951931e-04   3.496665e-02   696
  5.914016e-01   6.405645e-01   1.766144e-04   3.400238e-02   552
  5.926943e-01   6.665578e-01   1.366406e-04   4.386067e-02   516
  5.934940e-01   8.525748e-01   2.729293e-04   4.674488e-02   528
  5.944675e-01   5.498831e-01   1.774934e-04   2.818201e-02   528
  5.958504e-01   6.066875e-01   2.340778e-04   2.640253e-02   864
  5.967890e-01   6.855169e-01   3.206384e-04   4.386332e-02   408
  5.977287e-01   8.295420e-01   3.176732e-04   7.961432e-02   192
  5.990604e-01   6.251926e-01   2.628898e-04   2.897022e-02   720
  6.001846e-01   6.424279e-01   2.423973e-04   3.025520e-02   696
  6.015205e-01   7.314958e-01   2.617914e-04   3.862653e-02   720
  6.027427e-01   7.802741e-01   3.548268e-04   4.481630e-02   432
  6.034554e-01   5.282400e-01   2.088649e-04   3.410563e-02   264
  6.047379e-01   6.719474e-01   2.884332e-04   3.163202e-02   672
  6.058849e-01   6.798862e-01   2.953113e-04   3.624530e-02   600
  6.072461e-01   4.563001e-01   1.729045e-04   2.820879e-02   270
  6.079323e-01   6.798835e-01   2.602694e-04   3.430451e-02   528
  6.090231e-01   7.035154e-01   1.782233e-04   3.453478e-02   840
  6.105187e-01   7.382101e-01   3.407949e-04   3.535851e-02   888
  6.119006e-01   6.607785e-01   2.539173e-04   3.159297e-02   744
  6.130685e-01   6.285163e-01   1.304764e-04   3.654968e-02   456
  6.136494e-01   9.848129e-01   1.783041e-04   6.983930e-02   360
  6.146434e-01   6.352584e-01   1.544904e-04   4.346937e-02   384
  6.161685e-01   7.256516e-01   2.478012e-04   3.479723e-02   816
  6.173129e-01   6.848713e-01   3.595249e-04   3.140698e-02   824
  6.187038e-01   7.187164e-01   1.671243e-04   4.725788e-02   360
  6.194487e-01   6.898904e-01   2.466127e-04   3.337290e-02   624
  6.204737e-01   8.196099e-01   1.666475e-04   6.842803e-02   360
  6.218393e-01   7.037049e-01   2.266896e-04   2.930069e-02   876
  6.230726e-01   7.500653e-01   2.692394e-04   3.934170e-02   696
  6.243164e-01   5.351307e-01   1.738571e-04   3.504895e-02   336
  6.249685e-01   7.490404e-01   1.736618e-04   4.403483e-02   504
  6.260455e-01   5.674085e-01   1.751666e-04   2.557358e-02   672
  6.276432e-01   6.323954e-01   3.487160e-04   2.894744e-02   720
  6.287513e-01   7.065877e-01   2.634177e-04   3.197267e-02   774
  6.299744e-01   7.950450e-01   1.507735e-04   5.897638e-02   384
  6.306149e-01   7.160483e-01   2.901529e-04   4.000146e-02   528
  6.316091e-01   8.340915e-01   2.765319e-04   4.376963e-02   744
  6.332082e-01   7.766154e-01   2.280801e-04   3.454430e-02   768
  6.342699e-01   6.313156e-01   2.560371e-04   3.983203e-02   552
  6.355947e-01   6.255876e-01   2.790515e-04   2.959866e-02   696
  6.365801e-01   8.336970e-01   3.390961e-04   6.547257e-02   408
  6.373624e-01   8.238383e-01   1.464922e-04   5.272435e-02   504
  6.386025e-01   6.704233e-01   2.631678e-04   2.921929e-02   888
  6.398228e-01   6.882644e-01   2.735074e-04   3.188620e-02   648
  6.410912e-01   7.552314e-01   2.711630e-04   4.181476e-02   648
  6.422845e-01   6.946804e-01   2.923802e-04   3.142812e-02   792
  6.435486e-01   6.462523e-01   4.277722e-04   3.661718e-02   600
  6.444800e-01   5.775978e-01   2.899046e-04   3.067635e-02   456
  6.454604e-01   6.984540e-01   1.412871e-04   3.980511e-02   648
  6.467196e-01   6.751486e-01   2.755305e-04   3.000822e-02   936
  6.480791e-01   8.136064e-01   1.692113e-04   5.604018e-02   384
  6.492625e-01   6.829763e-01   0.000000e+00   4.926725e-02   198
  6.501758e-01   7.807364e-01   4.293034e-04   3.483604e-02   1224
  6.511610e-01   8.461958e-01   3.126651e-04   5.375637e-02   420
  6.523261e-01   7.131384e-01   3.025944e-04   4.154612e-02   792
  6.534654e-01   8.210532e-01   2.502197e-04   4.309176e-02   680
  6.547656e-01   8.406431e-01   2.297635e-04   7.839497e-02   600
  6.558117e-01   7.247836e-01   3.332201e-04   3.351054e-02   840
  6.572086e-01   7.072300e-01   1.573311e-04   4.864881e-02   432
  6.577423e-01   8.656318e-01   1.474399e-04   4.559106e-02   720
  6.589028e-01   7.130757e-01   2.952964e-04   3.292909e-02   960
  6.603461e-01   6.262091e-01   2.632351e-04   3.220234e-02   528
  6.614009e-01   6.377114e-01   2.690765e-04   3.401040e-02   624
  6.626564e-01   6.950892e-01   2.114923e-04   3.142608e-02   816
  6.639025e-01   7.118019e-01   3.478036e-04   3.490088e-02   696
  6.652796e-01   6.426042e-01   9.590750e-09   5.271070e-02   240
  6.657974e-01   8.091948e-01   2.051081e-04   4.300205e-02   672
  6.669532e-01   6.973993e-01   3.665574e-04   3.478625e-02   864
  6.682496e-01   6.809751e-01   2.812733e-04   3.186899e-02   816
  6.694181e-01   6.850291e-01   1.609912e-04   3.417608e-02   648
  6.706767e-01   8.355274e-01   1.645623e-04   3.732687e-02   843
  6.717452e-01   6.721211e-01   2.960880e-04   3.230388e-02   780
  6.730185e-01   7.756607e-01   1.588753e-04   1.006827e-01   216
  6.738038e-01   6.773128e-01   3.831105e-04   2.654543e-02   1056
  6.750118e-01   7.740115e-01   3.134274e-04   8.049018e-02   228
  6.761301e-01   7.702656e-01   3.902249e-04   3.514537e-02   924
  6.772783e-01   8.056403e-01   1.447516e-04   4.129079e-02   696
  6.784941e-01   7.001320e-01   2.576163e-04   3.156880e-02   996
  6.797379e-01   5.849701e-01   1.520916e-04   3.031012e-02   576
  6.810320e-01   6.665016e-01   2.347432e-04   3.806151e-02   552
  6.819753e-01   8.161295e-01   2.802752e-04   4.664428e-02   516
  6.829327e-01   7.804289e-01   4.075783e-04   3.918791e-02   744
  6.840265e-01   6.739494e-01   1.999414e-04   3.812316e-02   576
  6.849781e-01   6.844005e-01   2.057904e-04   3.339895e-02   792
  6.863303e-01   7.017955e-01   2.352566e-04   3.585255e-02   792
  6.873212e-01   7.328351e-01   2.537217e-04   3.826602e-02   720
  6.886614e-01   6.334975e-01   2.891844e-04   3.288873e-02   656
  6.899172e-01   6.009965e-01   3.157744e-04   2.779284e-02   816
  6.912045e-01   6.552574e-01   1.702602e-04   4.772569e-02   492
  6.919363e-01   7.820349e-01   2.449314e-04   3.943719e-02   552
  6.933096e-01   5.843318e-01   4.259058e-04   2.965440e-02   780
  6.942015e-01   6.309850e-01   2.616289e-04   3.040051e-02   528
  6.951624e-01   5.776517e-01   3.054005e-04   2.613779e-02   600
  6.965787e-01   6.718071e-01   2.538120e-04   2.648237e-02   900
  6.975549e-01   7.177083e-01   1.405147e-04   4.039855e-02   696
  6.988979e-01   6.424188e-01   3.552967e-04   3.179801e-02   696
  7.001972e-01   6.457931e-01   1.441405e-04   3.432018e-02   552
  7.012898e-01   6.658046e-01   1.676221e-04   3.288167e-02   708
  7.024344e-01   6.280654e-01   2.767536e-04   2.658021e-02   876
  7.036253e-01   6.285643e-01   1.469507e-04   4.983089e-02   216
  7.044246e-01   6.761133e-01   4.019301e-04   2.480525e-02   1032
  7.056214e-01   5.929030e-01   4.475047e-04   2.841099e-02   600
  7.068637e-01   5.213043e-01   2.135326e-04   2.937880e-02   600
  7.078114e-01   6.324773e-01   3.770786e-04   3.579405e-02   528
  7.089316e-01   6.646738e-01   2.069996e-04   2.899508e-02   732
  7.101116e-01   6.598908e-01   1.528505e-04   3.887684e-02   336
  7.114699e-01   6.113917e-01   2.178422e-04   2.630428e-02   912
  7.124851e-01   5.727215e-01   2.186476e-04   2.626431e-02   624
  7.135942e-01   5.846337e-01   1.842497e-04   2.629525e-02   768
  7.148888e-01   6.416869e-01   3.324228e-04   2.759947e-02   792
  7.161595e-01   6.283520e-01   1.648015e-04   3.336430e-02   660
  7.170636e-01   5.634774e-01   2.428615e-04   3.074689e-02   504
  7.179987e-01   6.286458e-01   3.967892e-04   2.981420e-02   480
  7.194001e-01   5.300886e-01   3.669783e-04   2.191391e-02   912
  7.204975e-01   5.988429e-01   4.086872e-04   3.579900e-02   432
  7.215338e-01   6.753598e-01   2.426689e-04   3.679560e-02   564
  7.224540e-01   5.895287e-01   2.322675e-04   2.865722e-02   600
  7.237493e-01   5.899553e-01   3.237589e-04   2.538332e-02   876
  7.247223e-01   5.421065e-01   1.455718e-04   4.302904e-02   264
  7.260636e-01   5.711934e-01   2.824665e-04   2.823782e-02   560
  7.271417e-01   6.256438e-01   1.919421e-04   2.619779e-02   840
  7.284504e-01   5.648976e-01   2.959193e-04   2.280790e-02   1008
  7.296606e-01   5.020176e-01   1.323744e-04   2.859635e-02   456
  7.307658e-01   6.086787e-01   1.714724e-04   3.103376e-02   576
  7.317876e-01   6.034126e-01   2.634856e-04   2.735469e-02   612
  7.331349e-01   6.004531e-01   2.353354e-04   2.689433e-02   780
  7.342341e-01   6.267259e-01   2.696836e-04   3.022962e-02   648
  7.353591e-01   5.680411e-01   1.256760e-04   4.951621e-02   312
  7.360783e-01   5.800981e-01   3.193221e-04   3.332168e-02   528
  7.373241e-01   5.134255e-01   4.170188e-04   2.323412e-02   720
  7.385155e-01   6.178023e-01   4.183247e-04   3.656433e-02   576
  7.399599e-01   5.901866e-01   3.608590e-04   3.228799e-02   444
  7.408586e-01   6.007943e-01   3.538864e-04   2.197729e-02   996
  7.419599e-01   5.879643e-01   2.956016e-04   3.331274e-02   432
  7.430008e-01   6.570017e-01   3.236256e-04   3.232512e-02   504
  7.438999e-01   4.649321e-01   1.459075e-04   2.467107e-02   504
  7.451803e-01   6.227184e-01   2.871477e-04   2.371529e-02   876
  7.463388e-01   4.833102e-01   3.304796e-04   2.616891e-02   504
  7.475452e-01   5.820402e-01   2.107626e-04   2.568522e-02   696
  7.485421e-01   6.163374e-01   1.801799e-04   3.254392e-02   492
  7.498987e-01   5.813252e-01   2.579363e-04   3.385497e-02   432
  7.509034e-01   6.078497e-01   2.415290e-04   2.489455e-02   768
  7.520944e-01   5.675325e-01   3.008569e-04   3.376718e-02   648
  7.532317e-01   5.619880e-01   1.962768e-04   3.179184e-02   456
  7.545385e-01   6.665958e-01   2.699125e-04   3.668538e-02   552
  7.554460e-01   5.743145e-01   1.849982e-04   2.723187e-02   648
  7.566950e-01   5.169964e-01   3.015367e-04   2.161059e-02   840
  7.579151e-01   5.439426e-01   1.437965e-04   3.005498e-02   432
  7.591366e-01   5.931906e-01   1.761262e-04   2.983408e-02   600
  7.599862e-01   5.414303e-01   1.876509e-04   3.029653e-02   432
  7.614131e-01   5.836251e-01   1.868247e-04   2.919673e-02   560
  7.623795e-01   5.663695e-01   2.957239e-04   2.365581e-02   840
  7.635896e-01   6.043104e-01   1.751616e-04   3.186328e-02   504
  7.645506e-01   5.349970e-01   3.574943e-04   2.461549e-02   696
  7.659053e-01   6.939535e-01   1.952507e-04   4.293634e-02   384
  7.669605e-01   5.067432e-01   2.860193e-04   2.384073e-02   576
  7.682367e-01   5.692323e-01   1.765168e-04   3.194408e-02   360
  7.692654e-01   5.284303e-01   2.628763e-04   2.377207e-02   828
  7.703752e-01   5.583041e-01   2.341402e-04   3.534709e-02   372
  7.713920e-01   5.368249e-01   3.575770e-04   2.619963e-02   576
  7.727390e-01   5.832135e-01   1.497528e-04   2.885605e-02   636
  7.736987e-01   5.257824e-01   2.886848e-04   2.236074e-02   648
  7.749969e-01   5.428418e-01   2.346692e-04   2.639398e-02   576
  7.759289e-01   5.697384e-01   3.785461e-04   3.029513e-02   528
  7.771683e-01   6.159070e-01   1.618441e-04   4.465438e-02   360
  7.781942e-01   5.209783e-01   3.723021e-04   2.212639e-02   672
  7.795338e-01   6.030194e-01   1.906993e-04   2.357070e-02   804
  7.806488e-01   5.288905e-01   2.103641e-04   2.879035e-02   408
  7.818822e-01   5.366774e-01   1.300279e-04   2.956482e-02   384
  7.827127e-01   5.021282e-01   2.975538e-04   2.813979e-02   480
  7.838841e-01   5.827968e-01   1.922633e-04   3.242952e-02   432
  7.850075e-01   5.906631e-01   3.543003e-04   2.532012e-02   648
  7.863374e-01   5.399635e-01   2.198417e-04   2.699610e-02   624
  7.873102e-01   5.526575e-01   1.999645e-04   3.358024e-02   456
  7.886385e-01   5.652329e-01   2.731694e-04   2.733433e-02   588
  7.895286e-01   5.298629e-01   1.742809e-04   2.560201e-02   600
  7.908283e-01   5.257720e-01   2.718355e-04   2.525244e-02   708
  7.918549e-01   6.060819e-01   1.712511e-04   3.728720e-02   360
  7.929893e-01   5.831415e-01   1.968577e-04   2.716900e-02   552
  7.940768e-01   4.965647e-01   1.381003e-04   3.263857e-02   288
  7.951809e-01   5.463058e-01   2.596664e-04   3.059365e-02   528
  7.962181e-01   5.363760e-01   1.751829e-04   2.931054e-02   456
  7.973771e-01   5.728410e-01   3.106374e-04   2.774526e-02   608
  7.985427e-01   4.630927e-01   1.502898e-04   2.538394e-02   504
  7.998164e-01   4.939896e-01   3.226637e-04   2.166324e-02   540
  8.008151e-01   5.287799e-01   3.463704e-04   3.332685e-02   360
  8.018917e-01   5.511932e-01   1.568542e-04   2.988188e-02   540
  8.028439e-01   5.212857e-01   1.346780e-04   2.228881e-02   576
  8.042285e-01   5.578658e-01   3.122726e-04   2.639200e-02   588
  8.055450e-01   5.614423e-01   4.308419e-04   2.537736e-02   672
  8.066761e-01   5.789327e-01   3.292961e-04   2.848125e-02   552
  8.075877e-01   5.625668e-01   3.294626e-04   5.085533e-02   144
  8.087511e-01   6.435036e-01   2.799123e-04   3.204990e-02   600
  8.098542e-01   5.050023e-01   3.507912e-04   2.539431e-02   504
  8.110784e-01   6.380790e-01   3.603334e-04   3.570923e-02   336
  8.123661e-01   4.943373e-01   4.050163e-04   2.237117e-02   600
  8.135194e-01   5.182235e-01   2.613843e-04   2.591987e-02   636
  8.147641e-01   5.270982e-01   2.101554e-04   2.824199e-02   384
  8.156368e-01   6.248873e-01   2.931419e-04   3.102628e-02   504
  8.168946e-01   5.426970e-01   1.230275e-04   4.384398e-02   240
  8.178874e-01   5.743745e-01   2.890092e-04   2.487553e-02   744
  8.190784e-01   5.285496e-01   1.973493e-04   2.733303e-02   648
  8.201369e-01   6.390299e-01   1.310064e-04   5.603280e-02   120
  8.213775e-01   5.501548e-01   2.057940e-04   2.933498e-02   564
  8.223149e-01   6.065713e-01   3.232119e-04   3.492521e-02   432
  8.235661e-01   5.498121e-01   2.508763e-04   2.857395e-02   480
  8.245082e-01   4.990660e-01   1.846513e-04   2.641770e-02   456
  8.256202e-01   5.406827e-01   3.055706e-04   2.738248e-02   444
  8.268821e-01   5.089089e-01   4.675392e-04   2.896621e-02   528
  8.279907e-01   5.038362e-01   3.472317e-04   3.712951e-02   264
  8.290664e-01   5.850137e-01   3.558608e-04   3.574862e-02   444
  8.305136e-01   6.018701e-01   3.897932e-04   2.757769e-02   696
  8.317148e-01   6.526504e-01   2.084744e-04   4.238747e-02   384
  8.325934e-01   5.408468e-01   2.634249e-04   3.078299e-02   432
  8.339598e-01   5.490542e-01   1.820143e-04   3.248401e-02   488
  8.348470e-01   6.072394e-01   2.743182e-04   3.466398e-02   480
  8.361333e-01   6.008513e-01   3.059215e-04   3.316643e-02   480
  8.371295e-01   5.364454e-01   1.283553e-04   3.789087e-02   240
  8.382605e-01   5.524400e-01   2.998278e-04   2.995780e-02   600
  8.393273e-01   5.569764e-01   2.612693e-04   3.845009e-02   288
  8.404633e-01   5.448007e-01   2.513219e-04   3.304509e-02   480
  8.416137e-01   5.282302e-01   4.470568e-04   2.718109e-02   504
  8.427464e-01   5.319250e-01   1.918152e-04   4.536033e-02   216
  8.441910e-01   5.738955e-01   3.140320e-04   2.822236e-02   504
  8.453161e-01   5.783361e-01   2.525773e-04   3.333207e-02   456
  8.465476e-01   5.685481e-01   1.448574e-04   3.629112e-02   384
  8.473633e-01   5.718990e-01   2.940081e-04   3.261196e-02   480
  8.485224e-01   4.697604e-01   2.581721e-04   2.560808e-02   504
  8.495963e-01   5.572260e-01   1.637682e-04   4.069778e-02   312
  8.507536e-01   5.297118e-01   2.639069e-04   3.187964e-02   492
  8.517779e-01   6.286966e-01   2.473513e-04   4.626664e-02   312
  8.530964e-01   5.204726e-01   4.018026e-04   2.474177e-02   576
  8.542572e-01   5.358824e-01   3.708963e-04   3.479198e-02   336
  8.552213e-01   5.406177e-01   2.855730e-04   5.365465e-02   240
  8.565577e-01   6.168036e-01   3.785974e-04   3.769534e-02   468
  8.577117e-01   6.590053e-01   2.370567e-04   5.115732e-02   192
  8.589195e-01   6.488699e-01   2.377633e-04   4.718654e-02   324
  8.598047e-01   5.427549e-01   1.725647e-04   2.626050e-02   600
  8.610110e-01   6.776008e-01   2.799685e-04   3.877300e-02   456
  8.619069e-01   5.556639e-01   1.259298e-04   4.189356e-02   336
  8.633917e-01   5.956796e-01   3.770695e-04   3.157968e-02   612
  8.644719e-01   4.940132e-01   3.164532e-04   4.858305e-02   144
  8.654935e-01   6.232923e-01   3.693821e-04   3.025845e-02   552
  8.668827e-01   5.059968e-01   1.454672e-04   3.728899e-02   264
  8.676676e-01   6.338383e-01   3.367937e-04   3.832627e-02   336
  8.689058e-01   5.483332e-01   2.225417e-04   3.101378e-02   384
  8.699797e-01   5.711456e-01   1.252690e-04   4.755123e-02   216
  8.711683e-01   5.530814e-01   2.655962e-04   3.328341e-02   344
  8.722521e-01   5.587017e-01   3.962819e-04   3.067840e-02   408
  8.735729e-01   5.032429e-01   3.045168e-04   4.297985e-02   264
  8.747433e-01   6.049068e-01   4.245115e-04   3.273748e-02   612
  8.759127e-01   6.683916e-01   2.184861e-04   3.790195e-02   408
  8.771153e-01   5.962183e-01   2.188001e-04   3.234171e-02   444
  8.779988e-01   8.176961e-01   1.223733e-04   9.168644e-02   120
  8.791827e-01   6.850147e-01   3.380949e-04   4.758951e-02   336
  8.800614e-01   6.316574e-01   1.174866e-04   4.897519e-02   288
  8.812488e-01   5.781412e-01   3.656205e-04   3.067595e-02   552
  8.828813e-01   8.063561e-01   1.957704e-08   9.442548e-02   72
  8.837207e-01   5.078493e-01   3.631543e-04   2.636574e-02   504
  8.847012e-01   4.184227e-01   1.168595e-04   3.028048e-02   216
  8.859716e-01   5.405642e-01   2.086446e-04   3.950311e-02   312
  8.871120e-01   5.290057e-01   2.375747e-04   3.020526e-02   336
  8.881989e-01   4.264146e-01   3.293052e-04   3.274189e-02   204
  8.892814e-01   6.007150e-01   3.827027e-04   3.519985e-02   504
  8.904295e-01   6.671072e-01   3.644429e-04   3.826857e-02   396
  8.915335e-01   7.135258e-01   3.342132e-04   5.093389e-02   312
  8.928719e-01   6.209816e-01   2.042400e-04   5.433576e-02   216
  8.938150e-01   5.483989e-01   1.108450e-04   4.769040e-02   168
  8.949610e-01   6.429114e-01   2.798897e-04   3.352736e-02   588
  8.962689e-01   4.689699e-01   3.799175e-04   3.134366e-02   240
  8.972850e-01   4.598866e-01   3.355308e-04   3.273958e-02   264
  8.984767e-01   6.075188e-01   4.149529e-04   5.818754e-02   288
  8.995339e-01   5.932797e-01   2.072102e-04   4.046318e-02   288
  9.008740e-01   5.578812e-01   1.946034e-04   4.182246e-02   288
  9.017763e-01   5.392595e-01   2.254318e-04   5.098859e-02   192
  9.029115e-01   5.158339e-01   2.398820e-04   3.693126e-02   264
  9.039929e-01   8.406727e-01   3.945727e-04   5.218782e-02   372
  9.051567e-01   6.841761e-01   4.261555e-04   5.063970e-02   360
  9.065772e-01   6.277231e-01   1.803531e-04   6.531451e-02   144
  9.073113e-01   6.508613e-01   2.505025e-04   4.336360e-02   296
  9.084702e-01   4.959116e-01   2.699035e-04   2.931900e-02   288
  9.097970e-01   5.667644e-01   4.033639e-04   3.301106e-02   480
  9.109414e-01   5.707686e-01   3.351569e-04   5.963337e-02   192
  9.120543e-01   5.996165e-01   3.595015e-04   5.242562e-02   192
  9.130658e-01   4.960216e-01   2.291145e-04   3.570919e-02   288
  9.144726e-01   6.077052e-01   1.994411e-04   6.051747e-02   108
  9.151811e-01   7.222137e-01   1.917382e-04   5.756188e-02   240
  9.164324e-01   4.901372e-01   3.576920e-04   2.784641e-02   384
  9.177178e-01   6.445349e-01   4.363437e-04   8.789380e-02   108
  9.188545e-01   8.158460e-01   2.558364e-04   5.721120e-02   348
  9.200497e-01   6.802600e-01   2.670009e-04   5.654524e-02   312
  9.211172e-01   6.214254e-01   2.594474e-04   7.972238e-02   96
  9.220989e-01   5.670257e-01   3.454074e-04   3.526903e-02   384
  9.231983e-01   6.319814e-01   2.375703e-04   9.357736e-02   144
  9.242737e-01   6.127359e-01   3.650373e-04   3.874241e-02   408
  9.256105e-01   4.493815e-01   1.628324e-04   3.645281e-02   144
  9.268733e-01   6.029124e-01   3.130471e-04   5.454818e-02   192
  9.276223e-01   7.386214e-01   3.523403e-04   7.876082e-02   144
  9.288431e-01   5.012029e-01   2.864656e-04   5.394482e-02   144
  9.299949e-01   6.135619e-01   3.501074e-04   4.030098e-02   336
  9.314055e-01   5.363599e-01   2.590351e-04   4.125510e-02   240
  9.322999e-01   6.172977e-01   1.176255e-04   7.631224e-02   96
  9.335474e-01   7.001246e-01   3.449390e-04   4.466292e-02   372
  9.348094e-01   6.196283e-01   4.102976e-04   8.010589e-02   132
  9.359179e-01   5.439451e-01   2.538872e-04   3.334945e-02   264
  9.369095e-01   5.908640e-01   1.949738e-04   5.010102e-02   168
  9.379679e-01   6.088832e-01   3.117257e-04   4.745653e-02   216
  9.389028e-01   6.020795e-01   1.907177e-04   5.485544e-02   216
  9.402644e-01   4.309191e-01   3.498876e-04   4.585505e-02   96
  9.414999e-01   6.440995e-01   2.282697e-04   5.939613e-02   120
  9.426329e-01   5.653346e-01   2.901950e-04   4.471048e-02   216
  9.435662e-01   6.107358e-01   1.268162e-04   5.135579e-02   200
  9.448020e-01   5.780879e-01   3.282727e-04   4.486869e-02   288
  9.463870e-01   4.762923e-01   8.637492e-05   4.175216e-02   144
  9.470544e-01   6.188603e-01   2.687934e-04   5.079708e-02   168
  9.484173e-01   6.483507e-01   3.025020e-04   6.101437e-02   159
  9.494812e-01   5.834759e-01   3.173973e-04   4.510868e-02   174
  9.505108e-01   4.688906e-01   2.878048e-04   4.510347e-02   144
  9.518590e-01   7.691129e-01   1.661865e-04   6.855095e-02   222
  9.527607e-01   5.671027e-01   1.676969e-04   4.396964e-02   168
  9.543181e-01   1.168974e+00   3.678236e-04   2.649160e-01   30
  9.549614e-01   3.541750e-01   3.247612e-04   4.479238e-02   72
  9.561731e-01   5.327179e-01   2.898455e-04   3.265060e-02   258
  9.575053e-01   5.461289e-01   1.815377e-04   3.888985e-02   264
  9.581715e-01   5.414309e-01   0.000000e+00   8.389311e-02   72
  9.595596e-01   5.696367e-01   3.598154e-04   4.772108e-02   174
  9.608164e-01   5.826830e-01   3.831369e-04   5.328928e-02   168
  9.618269e-01   4.406139e-01   1.198844e-08   6.659090e-02   48
  9.629116e-01   5.346927e-01   2.163664e-04   4.634043e-02   150
  9.641694e-01   6.025184e-01   3.980216e-04   6.582636e-02   168
  9.654305e-01   4.441481e-01   2.424563e-04   4.815464e-02   144
  9.665902e-01   7.015456e-01   2.265094e-04   1.090302e-01   102
  9.674541e-01   3.979853e-01   3.352727e-04   4.715276e-02   96
  9.688246e-01   5.097942e-01   3.327357e-04   5.903966e-02   120
  9.698396e-01   5.098738e-01   3.568677e-04   3.774580e-02   168
  9.709374e-01   6.935557e-01   2.635186e-04   8.034377e-02   126
  9.718728e-01   5.246543e-01   1.987457e-04   4.580511e-02   168
  9.731615e-01   4.631383e-01   3.186890e-04   6.206717e-02   72
  9.742877e-01   5.606248e-01   3.990696e-04   5.505536e-02   168
  9.752743e-01   7.079676e-01   1.094046e-04   8.973443e-02   78
  9.766261e-01   4.611159e-01   1.796342e-04   8.067169e-02   60
  9.777146e-01   6.444287e-01   2.913957e-04   8.176238e-02   96
  9.788436e-01   5.765287e-01   3.535845e-04   5.879970e-02   168
  9.799046e-01   4.874448e-01   2.237345e-04   6.338076e-02   86
  9.810179e-01   3.793858e-01   1.999656e-04   4.285683e-02   120
  9.826135e-01   6.224011e-01   1.426020e-04   5.743726e-02   168
  9.834741e-01   5.315221e-01   0.000000e+00   7.125375e-02   48
  9.846330e-01   5.025699e-01   2.598054e-04   4.495403e-02   120
  9.852989e-01   4.989233e-01   1.895385e-04   6.045475e-02   126
  9.869246e-01   6.673408e-01   3.333454e-04   7.863367e-02   96
  9.879797e-01   6.524363e-01   9.612037e-05   6.441640e-02   96
  9.888118e-01   5.103733e-01   0.000000e+00   4.825629e-02   72
  9.905847e-01   5.155924e-01   1.198844e-08   8.948793e-02   24
  9.916911e-01   5.259499e-01   1.978134e-04   5.613879e-02   120
  9.925543e-01   5.492920e-01   2.885490e-04   6.248800e-02   126
  9.935140e-01   5.290843e-01   2.405447e-04   4.760203e-02   96
  9.946355e-01   4.291038e-01   4.157314e-04   5.968548e-02   72
  9.958843e-01   5.963306e-01   1.798178e-04   5.141397e-02   144
  9.969115e-01   3.795412e-01   1.037147e-04   4.004701e-02   72
  9.979377e-01   5.031562e-01   2.071553e-04   7.285061e-02   54
  9.988408e-01   5.049881e-01   1.825532e-04   5.343899e-02   108
  1.000718e+00   5.175322e-01   1.789493e-04   7.017966e-02   72
  1.001302e+00   6.564135e-01   1.032599e-04   6.913514e-02   72
  1.002688e+00   7.496307e-01   2.076458e-08   1.484853e-01   24
  1.004000e+00   4.660147e-01   2.184508e-04   7.427194e-02   48
  1.004796e+00   5.037074e-01   1.664031e-04   5.067973e-02   102
  1.005995e+00   5.861459e-01   3.763347e-04   4.741032e-02   168
  1.007561e+00   5.163951e-01   2.052441e-04   6.476793e-02   72
  1.008142e+00   4.804643e-01   0.000000e+00   7.117493e-02   48
  1.009359e+00   6.275525e-01   3.530324e-04   6.333790e-02   120
  1.010966e+00   4.941506e-01   2.169455e-04   6.445976e-02   96
  1.012484e+00   7.900231e-01   2.349244e-08   1.574284e-01   30
  1.014287e+00   6.054343e-01   1.019306e-04   7.307718e-02   72
  1.015080e+00   7.661725e-01   1.198844e-08   1.722723e-01   24
  1.016098e+00   4.070686e-01   1.510864e-04   5.594876e-02   56
  1.017238e+00   4.903233e-01   2.156079e-04   5.532345e-02   96
  1.018603e+00   6.081373e-01   2.380838e-04   5.730897e-02   144
  1.019655e+00   4.514788e-01   1.351747e-04   6.659949e-02   54
  1.021183e+00   5.600665e-01   2.025059e-04   6.978966e-02   108
  1.022721e+00   6.434766e-01   1.072260e-04   8.158135e-02   48
  1.024186e+00   5.026494e-01   4.037400e-04   5.685010e-02   72
  1.027699e+00   8.506761e-01   2.667523e-04   1.023356e-01   78
  1.028673e+00   4.271672e-01   2.010313e-04   5.164846e-02   72
  1.029809e+00   4.784692e-01   2.007817e-04   5.797016e-02   72
  1.030998e+00   7.899510e-01   4.845084e-04   8.604130e-02   96
  1.031937e+00   6.110801e-01   2.003678e-04   6.450255e-02   72
  1.033070e+00   5.356057e-01   0.000000e+00   1.185835e-01   24
  1.034201e+00   6.223003e-01   3.998310e-04   7.151796e-02   72
  1.036757e+00   4.998770e-01   2.539049e-04   1.075387e-01   30
  1.037307e+00   7.765575e-01   0.000000e+00   1.438950e-01   24
  1.040263e+00   4.843365e-01   2.108357e-04   8.276780e-02   48
  1.041190e+00   5.005199e-01   4.537181e-04   4.642449e-02   120
  1.042439e+00   4.449588e-01   1.983761e-04   5.607700e-02   72
  1.043701e+00   3.463641e-01   1.981363e-04   6.319098e-02   36
  1.044568e+00   5.613293e-01   3.916095e-04   6.911392e-02   78
  1.046988e+00   5.140778e-01   2.094814e-04   7.163382e-02   48
  1.050126e+00   7.540687e-01   1.695421e-08   1.678269e-01   24
  1.052361e+00   5.645811e-01   1.458786e-04   6.254816e-02   56
  1.053486e+00   5.076391e-01   2.244796e-04   6.029984e-02   102
  1.054918e+00   6.379212e-01   1.598458e-08   8.002291e-02   72
  1.055750e+00   6.654007e-01   0.000000e+00   1.134510e-01   24
  1.057203e+00   6.053860e-01   2.074574e-04   8.806224e-02   48
  1.059896e+00   3.909257e-01   0.000000e+00   8.730544e-02   24
  1.063202e+00   2.764707e-01   0.000000e+00   7.727846e-02   6
  1.064233e+00   6.668024e-01   0.000000e+00   1.682991e-01   24
  1.064920e+00   4.579584e-01   1.941879e-04   6.004998e-02   72
  1.066174e+00   5.858136e-01   3.622758e-04   5.953826e-02   84
  1.067525e+00   7.914387e-01   0.000000e+00   1.651238e-01   24
  1.067936e+00   5.373606e-01   1.695421e-08   1.248197e-01   24
  1.069988e+00   4.263002e-01   1.198844e-08   9.293238e-02   24
  1.072854e+00   1.675610e-01   0.000000e+00   5.542702e-02   6
  1.076527e+00   9.020068e-01   2.037334e-04   1.035486e-01   48
  1.077410e+00   6.691815e-01   3.838004e-04   6.722977e-02   72
  1.078563e+00   7.122609e-01   2.033489e-04   1.111160e-01   48
  1.080391e+00   9.537744e-01   0.000000e+00   1.390286e-01   24
  1.082825e+00   1.022737e+00   1.198844e-08   2.965824e-01   6
  1.088280e+00   1.280845e+00   0.000000e+00   1.575608e-01   8
  1.088683e+00   6.928352e-01   1.198844e-08   7.851423e-02   48
  1.089649e+00   8.641212e-01   1.972060e-04   1.326487e-01   60
  1.091097e+00   4.733061e-01   0.000000e+00   1.302890e-01   24
  1.093106e+00   6.573490e-01   0.000000e+00   1.460790e-01   6
  1.100504e+00   5.571028e-01   0.000000e+00   8.796364e-02   24
  1.101102e+00   6.094875e-01   1.991864e-04   6.677458e-02   48
  1.102098e+00   3.726349e-01   0.000000e+00   7.500016e-02   24
  1.103689e+00   5.142150e-01   1.198844e-08   1.108409e-01   6
  1.112726e+00   7.039327e-01   1.858219e-04   1.102032e-01   36
  1.113383e+00   9.516477e-01   0.000000e+00   1.582057e-01   24
  1.114565e+00   1.100868e+00   0.000000e+00   2.732124e-01   6
  1.124848e+00   8.296748e-01   1.688735e-04   1.341965e-01   32
  1.125725e+00   2.005369e+00   1.198844e-08   7.834373e-02   6
  1.136776e+00   6.568851e-01   0.000000e+00   1.673168e-01   12
  1.137162e+00   5.979648e-01   0.000000e+00   1.449811e-01   6
  1.148867e+00   5.902135e-01   1.695421e-08   1.904445e-01   6
